dbx_v3_0_0_0										
Time	Cx	Cy	Cz	Fx	Fy	Fz	Mx	My	Mz	
0.000000000000	0.000000000000	0.000000000000	0.000000000000	0.000000000000	0.000000000000	0.000000000000	0.000000000000	0.000000000000	0.000000000000	
0.000862068966	2.728361592687	-11.475733902558	-7.646290897204	1074.021582593486	-4517.431238031075	-3009.968133402110	191.346168996299	2049.160375500046	-3416.086071090477	
0.001724137931	0.190106796609	-1.651708207790	-0.899233724067	74.835682742114	-650.196171969440	-353.984028375317	146.792796784095	267.878559493000	-485.218770282196	
0.002586206897	-0.051956976460	-0.420600176980	-1.099410574276	-20.452902662843	-165.569574403294	-432.783795252311	-53.432237235573	381.297012560214	-242.829743574910	
0.003448275862	-0.103827932490	-0.889047883453	-1.047302465465	-40.871943319108	-349.974364595753	-412.271399226534	1.779860184141	321.847661737973	-382.523148862233	
0.004310344828	-0.066858927397	-1.263668331422	-1.167406934487	-26.319066800282	-497.443984267108	-459.550613331276	-7.419354204031	362.830561572800	-465.453313819261	
0.005172413793	-0.070040938729	-1.288006753943	-1.366296962631	-27.571667942279	-507.024822504812	-537.843821739244	47.404275164239	415.332498136566	-471.119555590638	
0.006034482759	-0.078075240734	-1.204233411604	-1.456224996198	-30.734376938737	-474.047383605465	-573.244059446085	35.870338336373	435.192193652645	-445.005926529790	
0.006896551724	-0.055448145550	-1.234838070155	-1.475178641830	-21.827203987554	-486.094930345589	-580.705176232309	38.008891015302	448.954708420248	-459.111776611730	
0.007758620690	-0.022551692474	-1.187913690555	-1.463475343842	-8.877490617968	-467.623113202390	-576.098164221861	43.328437926626	442.830122672918	-448.041606124981	
0.008620689655	0.003564334342	-1.166938505919	-1.472263112444	1.403102880936	-459.366216074911	-579.557475907729	34.194067339364	438.433350474885	-441.003823599941	
0.009482758621	0.010862000653	-1.141549371080	-1.486893453871	4.275834684899	-449.371764146748	-585.316720758362	45.836713564011	434.224734024606	-428.328295226000	
0.010344827586	0.017730897542	-1.119214921937	-1.456556807894	6.979781085580	-440.579791528763	-573.374677368679	52.773378218925	417.392797457228	-414.289757920957	
0.011206896552	0.032860063217	-1.089354148283	-1.421862032240	12.935388474551	-428.825075635025	-559.717052970152	46.553469026461	401.357329712034	-401.319578805123	
0.012068965517	0.044744125522	-1.072148711409	-1.395151981992	17.613558493654	-422.052142534810	-549.202621703138	43.843889015216	391.708209494789	-394.066177318755	
0.012931034483	0.054528740896	-1.091123766548	-1.362501060361	21.465279657702	-429.521687189410	-536.349561970319	44.224198360619	380.803722335334	-395.455159511755	
0.013793103448	0.066072803591	-1.069124020849	-1.330010267114	26.009608575813	-420.861470832290	-523.559536895986	42.498005691339	367.995671043381	-389.070763607605	
0.014655172414	0.070182505049	-1.034429643661	-1.287988153462	27.627395629940	-407.204003290446	-507.017500411572	39.614161973979	350.561550733596	-377.217109639965	
0.015517241379	0.068385190957	-1.043350600400	-1.249701777796	26.919881592985	-410.715744586388	-491.946039981064	37.052664821980	334.139442051663	-376.268138224038	
0.016379310345	0.065388547976	-1.061429651360	-1.225735924465	25.740250841175	-417.832576525318	-482.511863883643	35.443734767806	322.804494217381	-379.477742107939	
0.017241379310	0.065369466196	-1.072672220942	-1.215679512207	25.732739284033	-422.258222454106	-478.553149672946	33.535161262075	318.425260651823	-384.471176991524	
0.018103448276	0.066425880562	-1.077428354025	-1.207356387744	26.148597589581	-424.130477801270	-475.276745500052	30.551108922344	315.761139763233	-388.964787191858	
0.018965517241	0.066764697346	-1.079479580666	-1.201230887674	26.281973070333	-424.937944703680	-472.865437813805	26.754722703873	315.265877730992	-394.350535000228	
0.019827586207	0.065578853880	-1.080645138165	-1.190661063620	25.815164902357	-425.396767285357	-468.704618665513	23.656944643349	312.526957742996	-397.468933220737	
0.020689655172	0.062344584540	-1.079486084788	-1.177499309349	24.541992356511	-424.940505055843	-463.523484247595	20.644406250221	310.756937413281	-396.035789367520	
0.021551724138	0.057466224791	-1.078961691261	-1.172298177298	22.621622390926	-424.734077151733	-461.476054723981	19.034643951107	312.828962011990	-392.063553237352	
0.022413793103	0.050195692301	-1.077224238676	-1.173671529140	19.759571835648	-424.050127641552	-462.016675704168	17.505644499195	315.879381344269	-390.635573221499	
0.023275862069	0.045472294632	-1.076646619755	-1.177264107713	17.900202808651	-423.822747520992	-463.430896947659	15.649483873882	319.067320302766	-393.014466894871	
0.024137931034	0.042622240753	-1.079293857480	-1.174587402082	16.778276966653	-424.864834632193	-462.377209773239	12.808997550048	319.983401743288	-397.003629668657	
0.025000000000	0.041399698717	-1.083940703897	-1.163589401445	16.297022379322	-426.694069201762	-458.047838592390	8.420009794329	318.948951051267	-401.956888972729	
0.025862068966	0.045415305024	-1.082620432446	-1.147920481566	17.877768806903	-426.174343357071	-451.879756556934	4.542546065766	316.606083806126	-402.709063428582	
0.026724137931	0.051382180986	-1.076655223621	-1.122576937654	20.226633994385	-423.826134439459	-441.903251531480	1.463415687473	311.395666174958	-399.220325786479	
0.027586206897	0.048676738470	-1.071916250305	-1.089427957042	19.161634523581	-421.960634047127	-428.854130508384	-2.437817544257	303.310060230893	-395.690369627677	
0.028448275862	0.051083630130	-1.062407067741	-1.054805627342	20.109109226513	-418.217337215207	-415.225024514002	-9.565748022533	295.002065077531	-389.588605013295	
0.029310344828	0.054693308072	-1.060246537849	-1.038563603979	21.530061649542	-417.366843006544	-408.831339863335	-15.270397397782	292.981408924968	-386.527958929287	
0.030172413793	0.058578234162	-1.061446515030	-1.044077682107	23.059365711783	-417.839214921821	-411.001960844715	-15.067229109991	296.602082246110	-384.990535555635	
0.031034482759	0.059138909393	-1.054070027398	-1.062599794163	23.280075936111	-414.935455045412	-418.293204115452	-12.320173036209	304.513122983457	-383.751851655866	
0.031896551724	0.059351158238	-1.051690200228	-1.063510239592	23.363627852820	-413.998634299269	-418.651601639898	-13.304162109756	306.018215228593	-384.100395963944	
0.032758620690	0.065723015038	-1.054113112279	-1.060619830095	25.871914050251	-414.952415441081	-417.513789778420	-13.801978662196	305.280479664214	-383.360027068423	
0.033620689655	0.070493492369	-1.062733024201	-1.045478528238	27.749816021368	-418.345650219715	-411.553404972277	-14.819978858011	299.485155025349	-383.598857215861	
0.034482758621	0.073489344069	-1.066582564525	-1.031867738927	28.929135284730	-419.861024648795	-406.195507575095	-15.866296290754	295.043750259304	-382.563078004994	
0.035344827586	0.072589371963	-1.056609218045	-1.032560029884	28.574860591756	-415.935009343673	-406.468028428118	-14.521600346478	296.078717365573	-379.044966820432	
0.036206896552	0.076385806364	-1.051609538594	-1.041925816323	30.069329834828	-413.966881786649	-410.154877268301	-10.751071536406	299.465622607245	-376.862950897572	
0.037068965517	0.082922531300	-1.059717924183	-1.046863423535	32.642516497256	-417.158753841322	-412.098570042154	-8.783540072935	302.084936406085	-378.749679898783	
0.037931034483	0.087130407762	-1.058696070941	-1.043542925788	34.298950215281	-416.756500548152	-410.791453619580	-8.367597274925	301.984324932830	-379.340507951208	
0.038793103448	0.092553544567	-1.055488267283	-1.042908667994	36.433772076620	-415.493746237404	-410.541777564111	-6.470333815691	301.906658518843	-379.385353952769	
0.039655172414	0.098317061458	-1.057245317201	-1.038943369810	38.702584813449	-416.185410252460	-408.980834966636	-3.650186383354	300.604619701531	-380.021647398179	
0.040517241379	0.100813822229	-1.053023636129	-1.027393338463	39.685436559309	-414.523542339733	-404.434156484031	-2.577342995351	295.967101184008	-377.852712383182	
0.041379310345	0.101258043770	-1.051141264945	-1.014431310548	39.860304701580	-413.782545514374	-399.331644496139	-1.681086939327	290.241470475877	-376.096646898063	
0.042241379310	0.101236985426	-1.047643665743	-1.000876450934	39.852015068421	-412.405712971178	-393.995763865793	-2.053826736662	284.414232133556	-373.961662352711	
0.043103448276	0.103280330259	-1.044381031523	-0.988450774225	40.656379291192	-411.121374569018	-389.104386931056	-3.188754531399	280.369709890181	-372.571382545356	
0.043965517241	0.105428044480	-1.043691290076	-0.983846476269	41.501828601399	-410.849857332576	-387.291901595265	-3.515154474489	278.980714498687	-372.940792765222	
0.044827586207	0.106414585644	-1.043965952709	-0.979923066500	41.890181268948	-410.957978483423	-385.747448404006	-3.955144140420	277.651580766971	-374.018229663809	
0.045689655172	0.106520395778	-1.043381712365	-0.979728084580	41.931833507110	-410.727991834923	-385.670693625331	-3.816588907242	278.474755512578	-375.817363348433	
0.046551724138	0.107196157351	-1.043684971330	-0.970766326398	42.197847555980	-410.847369953106	-382.142890810938	-5.784680164135	276.891388617279	-376.726990713849	
0.047413793103	0.107602746838	-1.043558884893	-0.959823576489	42.357901811724	-410.797735933188	-377.835269120663	-7.118096318058	274.488901318287	-376.147757790255	
0.048275862069	0.109669412517	-1.043326002019	-0.950647839147	43.171446303104	-410.706061415382	-374.223233249729	-7.365684429533	272.256877199027	-376.253902181299	
0.049137931034	0.110902657413	-1.042366421898	-0.944095363921	43.656914078897	-410.328321982758	-371.643846473892	-6.735295654566	270.902615100640	-376.439113310442	
0.050000000000	0.112978077173	-1.040242375938	-0.941176743647	44.473904620644	-409.492189701224	-370.494929418898	-5.598068874230	269.851075572904	-376.054752811457	
0.050862068966	0.116932467652	-1.039229064557	-0.938104417279	46.030553391554	-409.093298917691	-369.285505845027	-4.803766914830	269.606765009931	-375.657222279571	
0.051724137931	0.119528127586	-1.036961659966	-0.931273194538	47.052336867287	-408.200733403861	-366.596389901404	-4.789398752285	268.615084650806	-374.908632168310	
0.052586206897	0.121765263986	-1.034436063195	-0.922233465594	47.932987285143	-407.206530345148	-363.037893838256	-5.062843392389	266.890251927093	-374.796430574006	
0.053448275862	0.124225941239	-1.036873277304	-0.913771243255	48.901634727016	-408.165941502807	-359.706733682134	-4.973561834738	265.336798104447	-376.149482523687	
0.054310344828	0.124961709082	-1.037570361085	-0.899570145715	49.191270289024	-408.440349054670	-354.116461008757	-6.292399432671	261.669963294222	-375.669776353813	
0.055172413793	0.127941212152	-1.036636339634	-0.884447405520	50.364153901823	-408.072670811860	-348.163383014602	-8.250668412586	258.102724675363	-374.799814149098	
0.056034482759	0.130049284055	-1.032605698644	-0.873504570938	51.193997984183	-406.486005969677	-343.855727993172	-9.101391602426	254.677824469001	-373.210258902235	
0.056896551724	0.130239631261	-1.032485113315	-0.864575115517	51.268928304315	-406.438537465023	-340.340641184667	-10.367585265611	252.554490785586	-373.433922079422	
0.057758620690	0.128335523509	-1.029055579558	-0.856171665431	50.519374862855	-405.088498935242	-337.032616769978	-10.745352765189	249.633270600806	-373.716466526509	
0.058620689655	0.126396201516	-1.023129231919	-0.845096461202	49.755959309192	-402.755587752381	-332.672854337829	-11.932216793184	246.535460985210	-372.672156775104	
0.059482758621	0.127491272551	-1.020052716726	-0.832199843486	50.187034841549	-401.544515244412	-327.596091123155	-12.948028366667	242.057519897515	-371.739054792812	
0.060344827586	0.129390566937	-1.022667950111	-0.816757840167	50.934693497772	-402.574003823339	-321.517334961361	-14.545148287231	237.242918038825	-372.240479175486	
0.061206896552	0.133307672248	-1.028830083810	-0.802182901177	52.476664934583	-404.999732365268	-315.779899321421	-16.322301478604	233.196574748136	-373.801464204086	
0.062068965517	0.138033115640	-1.030142066414	-0.794875489699	54.336839261783	-405.516195298778	-312.903331325331	-16.129218288689	231.069547277267	-374.025068431058	
0.062931034483	0.142575884949	-1.027310935595	-0.793352618615	56.125103799715	-404.401718533446	-312.303851983412	-14.844549556609	230.189801210238	-373.054085074094	
0.063793103448	0.144636067801	-1.027669161408	-0.793028300754	56.936096320824	-404.542734392897	-312.176184014766	-13.995457901884	229.891479554596	-373.426784901376	
0.064655172414	0.146442962547	-1.030018769359	-0.785172061466	57.647381789974	-405.467659321115	-309.083569540105	-14.892190858967	227.061680286776	-374.201813132215	
0.065517241379	0.146222969226	-1.034785876605	-0.771714412784	57.560781254357	-407.344234655497	-303.785956066236	-17.220388266952	222.516816182282	-375.109801588180	
0.066379310345	0.148060034578	-1.038533766341	-0.760017931907	58.283943404777	-408.819594254637	-299.181627616565	-18.192515509543	217.835675277131	-375.813778608355	
0.067241379310	0.149504521185	-1.040822070562	-0.748526505635	58.852566638563	-409.720386923735	-294.658019065459	-18.680983711659	213.205470282309	-375.905587399577	
0.068103448276	0.150330328767	-1.037135368701	-0.743604149623	59.177646411420	-408.269113977263	-292.720329937820	-17.961692676679	211.568232326492	-374.500932999896	
0.068965517241	0.149644025043	-1.036500211887	-0.737693289505	58.907482436712	-408.019084022088	-290.393515429440	-17.580674903743	209.281786243118	-374.666451251035	
0.069827586207	0.151557181867	-1.037522318252	-0.736853328302	59.660598052055	-408.421436957590	-290.062864073288	-15.685852407411	209.312813236283	-375.095679705623	
0.070689655172	0.150771715883	-1.033017771596	-0.736447269746	59.351398779772	-406.648218795560	-289.903018818898	-14.394339206380	209.633435496958	-374.626285337843	
0.071551724138	0.148111353110	-1.026274717074	-0.736101346295	58.304144983630	-403.993810337336	-289.766845793329	-13.447630547165	210.500408241443	-372.662940044292	
0.072413793103	0.145406362313	-1.024348111750	-0.738928786216	57.239323332056	-403.235400710013	-290.879869634145	-12.488226886470	211.968818678178	-372.658371482439	
0.073275862069	0.150643354755	-1.021932521417	-0.743219184124	59.300869325628	-402.284501767549	-292.568787981352	-11.019856817342	213.247563922258	-371.039981781603	
0.074137931034	0.152318572164	-1.021795313442	-0.743110063454	59.960319912379	-402.230489745770	-292.525832547728	-10.128795082090	213.595137711278	-371.231069817194	
0.075000000000	0.152681252972	-1.014234026947	-0.734916723940	60.103089483629	-399.253983658872	-289.300518316984	-10.713380237233	210.593130461948	-367.886241420912	
0.075862068966	0.148798503775	-1.015030618032	-0.724798096017	58.574642356814	-399.567562335337	-285.317312863531	-11.750847778569	207.592209744045	-368.475829360146	
0.076724137931	0.147627660458	-1.013022570600	-0.717334331162	58.113739009095	-398.777092961249	-282.379196243192	-12.410998171810	204.692244224488	-368.448201950219	
0.077586206897	0.148325681063	-1.017103174113	-0.713519984218	58.388515342537	-400.383425587608	-280.877675714208	-12.555431866832	203.431644242859	-370.633212156643	
0.078448275862	0.149504338903	-1.018674619808	-0.715271179642	58.852494883217	-401.002026361500	-281.567035103241	-12.006961208436	204.568002584425	-371.748834585361	
0.079310344828	0.149871639224	-1.021668134126	-0.717845536932	58.997082929521	-402.180425512732	-282.580432776921	-11.215219429202	205.642781459228	-373.648113164197	
0.080172413793	0.149559497382	-1.020976384854	-0.719526516314	58.874208059650	-401.908117894215	-283.242151568601	-10.147943822314	205.815825442103	-374.331118541033	
0.081034482759	0.150135482197	-1.017047616960	-0.719610236906	59.100944913348	-400.361555472848	-283.275108242202	-9.550588329581	205.126958936246	-374.107261929937	
0.081896551724	0.153041933758	-1.015166732516	-0.717902570224	60.245071745278	-399.621143903808	-282.602883975069	-9.003155414653	204.006744946733	-373.284470449337	
0.082758620690	0.153776638368	-1.018375148348	-0.707793131477	60.534288764453	-400.884139196902	-278.623295847213	-10.035150089790	199.860231268441	-374.338424906550	
0.083620689655	0.152891479353	-1.021465076164	-0.692825282879	60.185845255983	-402.100491594023	-272.731191046283	-11.514387520909	194.562497229157	-375.897139539332	
0.084482758621	0.152312492932	-1.022106927999	-0.681960411371	59.957926818064	-402.353157049136	-268.454226247121	-11.215509241316	190.869113618540	-376.244076891900	
0.085344827586	0.152714595259	-1.022562793888	-0.675999271623	60.116214700037	-402.532608997525	-266.107619124686	-9.559849112664	188.826411444581	-376.444834081062	
0.086206896552	0.154048344544	-1.028241000659	-0.668783356975	60.641246103907	-404.767839341969	-263.267068923531	-8.650512420602	186.724855303455	-377.989049805589	
0.087068965517	0.155527914858	-1.034250245517	-0.660425052816	61.223680065330	-407.133383077028	-259.976816236998	-8.519742467883	184.246235143052	-379.549733025801	
0.087931034483	0.155659050358	-1.039660685197	-0.657123561568	61.275301653035	-409.263206705549	-258.677181736520	-7.613235531965	183.273393040903	-380.931411659096	
0.088793103448	0.156618556942	-1.036398906242	-0.664304336687	61.653012138029	-407.979204979369	-261.503899235465	-4.797659312817	185.512184921071	-379.578862541642	
0.089655172414	0.159605076828	-1.031281153193	-0.677221892723	62.828657925684	-405.964597661918	-266.588904835438	-1.503685196502	189.098436147926	-377.459601882120	
0.090517241379	0.162546303887	-1.031936587076	-0.689367999537	63.986474158480	-406.222609700585	-271.370228871840	0.572568327046	192.390212611336	-376.705207276902	
0.091379310345	0.166704430785	-1.030307661185	-0.704177719143	65.623323923470	-405.581381804353	-277.200086076693	2.872819148509	195.803712316847	-375.243515734003	
0.092241379310	0.169992246292	-1.025530075883	-0.712041212432	66.917574958057	-403.700681775308	-280.295556094158	4.201382470957	196.853535348853	-373.347901772491	
0.093103448276	0.171567283193	-1.021313257477	-0.706195048036	67.537589412838	-402.040728054349	-277.994209104899	2.520141234861	194.602796231128	-372.561776698613	
0.093965517241	0.172510548154	-1.011321462918	-0.687287789681	67.908906370594	-398.107450649205	-270.551352705218	-1.727396542966	189.340539808525	-369.620499423027	
0.094827586207	0.172802575393	-1.002659396224	-0.672616605904	68.023863111543	-394.697621613222	-264.776030233018	-3.498851969199	185.670804470158	-366.993909074808	
0.095689655172	0.173248935661	-1.003224567521	-0.658830901731	68.199573165171	-394.920101717461	-259.349277469259	-2.832557573572	182.860406504805	-367.783223193557	
0.096551724138	0.172291951919	-1.004772453245	-0.648279801568	67.822855798834	-395.529428090892	-255.195828995038	-1.881574108293	181.212337386108	-368.812940684974	
0.097413793103	0.170636728887	-1.009371581257	-0.639491690441	67.171276013874	-397.339878274235	-251.736382473761	-1.657185712674	179.890876062027	-371.040004518563	
0.098275862069	0.169911612857	-1.007837960657	-0.636791026868	66.885833546036	-396.736167377446	-250.673264237075	-1.369443330038	179.300666561697	-370.980367148870	
0.099137931034	0.167373191155	-1.009925509041	-0.633771061678	65.886581943579	-397.557932361156	-249.484452680104	-2.433331381680	178.359759250571	-372.228970759870	
0.100000000000	0.162956743254	-1.011548733433	-0.622183010010	64.148043922263	-398.196915857768	-244.922807469758	-5.426608830210	175.213301133872	-373.452188891048	
0.100862068966	0.163562272532	-1.008540853676	-0.617630357049	64.386410975867	-397.012861740535	-243.130652225195	-6.393273447923	174.742305134543	-371.888474128797	
0.101724137931	0.162765769471	-1.001676400475	-0.628361483962	64.072866949786	-394.310664601368	-247.354968364400	-3.425574360473	177.443807025658	-369.903799933400	
0.102586206897	0.164113654322	-1.002775024903	-0.637892430357	64.603462829876	-394.743138929419	-251.106832544670	-1.641852301776	179.250536879576	-369.812121832319	
0.103448275862	0.161586527287	-1.003974360525	-0.642698842522	63.608657381762	-395.215258294353	-252.998880290285	-1.459790576927	179.354968453012	-369.885217778458	
0.104310344828	0.155350988528	-1.008088279226	-0.639264906573	61.154032883311	-396.834705469442	-251.647108834232	-3.153457269795	176.959621013373	-371.502729276533	
0.105172413793	0.152995229841	-1.003628688557	-0.632346274550	60.226686713019	-395.079184265536	-248.923584161279	-4.480428359809	173.423212237720	-370.588586663267	
0.106034482759	0.158540298366	-0.997852236769	-0.619344558001	62.409507087572	-392.805279696685	-243.805448712639	-7.047988170026	169.755729313778	-367.153280566176	
0.106896551724	0.164965756149	-0.987887570133	-0.615320120565	64.938893351724	-388.882681218738	-242.221225904379	-6.554655055080	169.177699965194	-362.585833358128	
0.107758620690	0.162972780928	-0.982296052799	-0.612487264339	64.154357164807	-386.681576236235	-241.106069931214	-5.593965014276	170.186414433602	-360.774005496971	
0.108620689655	0.165521282992	-0.975396654493	-0.609829959714	65.157576909533	-383.965622930439	-240.060019977214	-4.616788274585	171.280325062303	-357.742331264382	
0.109482758621	0.168255615826	-0.982311974233	-0.598563640283	66.233949075387	-386.687843720741	-235.625024902380	-6.195743975253	168.468996033162	-359.937535741992	
0.110344827586	0.167243482291	-0.987725779225	-0.592619262447	65.835521952148	-388.818992107031	-233.285016119249	-6.951137131960	166.821602434088	-361.920002927383	
0.111206896552	0.161919697747	-0.984946212747	-0.592687357230	63.739810182722	-387.724813682838	-233.311821681541	-6.348056819324	166.086352379647	-362.398585437632	
0.112068965517	0.158406256484	-0.986440738003	-0.598673885105	62.356741400306	-388.313134668433	-235.668422859020	-5.306582964655	167.396135171418	-363.925899973076	
0.112931034483	0.156360882119	-0.989492138644	-0.605773329162	61.551578250842	-389.514320813953	-238.463124324558	-3.887522544708	169.179141645393	-365.660201581749	
0.113793103448	0.154579996471	-0.989938149364	-0.613889845085	60.850531283055	-389.689893267519	-241.658196891152	-1.767231327148	170.949038443857	-365.959181201735	
0.114655172414	0.155804292423	-0.986806663215	-0.626122516701	61.332476300680	-388.457181401742	-246.473597226774	1.357380663532	173.394205901718	-364.394100520348	
0.115517241379	0.158864587308	-0.980518925537	-0.628273033876	62.537163672026	-385.982008759625	-247.320149921936	1.816252030373	173.917163758162	-361.736505557171	
0.116379310345	0.160236297759	-0.977003124536	-0.619116180813	63.077138517624	-384.598011064758	-243.715547861366	-0.357379551809	171.648200390823	-360.173655019452	
0.117241379310	0.159532613181	-0.974966204894	-0.606115484720	62.800132556882	-383.796176123453	-238.597814116295	-2.913323192190	168.270656489876	-360.456640173299	
0.118103448276	0.159018786749	-0.972252803354	-0.593157784437	62.597864397591	-382.728043576744	-233.497005703439	-5.627642409018	165.382711298809	-360.224407168486	
0.118965517241	0.158200083152	-0.973407586572	-0.586548765110	62.275581114056	-383.182624854782	-230.895360299909	-6.325586360038	163.853365108344	-360.617761365554	
0.119827586207	0.156050122624	-0.979513454343	-0.582071098930	61.429247543089	-385.586204271743	-229.132723657619	-6.547690694475	163.799403708271	-362.720040474240	
0.120689655172	0.153954579822	-0.983422987351	-0.589752111421	60.604335551127	-387.125194866023	-232.156359972102	-4.850788848864	167.473829078707	-364.178015571039	
0.121551724138	0.153266613710	-0.985812847116	-0.608494392927	60.333517176228	-388.065964950625	-239.534273111977	-0.410481349688	173.196549730938	-364.743561761690	
0.122413793103	0.154350409873	-1.000110263334	-0.620570623240	60.760154347069	-393.694153543688	-244.288090211238	1.207092029786	177.756937385281	-368.831676140053	
0.123275862069	0.155057818085	-1.005421937093	-0.634461106990	61.038626119034	-395.785097893691	-249.756089533723	3.107861468169	182.308590855536	-370.982147218069	
0.124137931034	0.157844517814	-1.005921817797	-0.658627572606	62.135612552659	-395.981876306674	-259.269236807140	7.750240793414	189.591736716623	-371.023269917911	
0.125000000000	0.161010664924	-1.002253835141	-0.675582335532	63.381968731503	-394.537972189777	-265.943491920221	10.586823965710	194.533257770370	-369.432139279288	
0.125862068966	0.165398691185	-1.000924599752	-0.679242959417	65.109318552645	-394.014717684223	-267.384499251772	11.471055691681	195.487753269980	-368.262283733273	
0.126724137931	0.167547736133	-0.996049043396	-0.675227226691	65.955291704887	-392.095451276253	-265.803703059370	11.510423429820	194.164000665770	-366.374021072330	
0.127586206897	0.169318521694	-0.991972192804	-0.667863991714	66.652362765749	-390.490595989808	-262.905160100672	11.123560219898	192.002220848240	-364.592035530391	
0.128448275862	0.170275126006	-0.989975692539	-0.649276368172	67.028930768911	-389.704672166452	-255.588128184442	8.856888645077	187.023285488704	-363.023888917221	
0.129310344828	0.174518495016	-0.994027513169	-0.622446176433	68.699336155361	-391.299674389664	-245.026403129060	5.110667405445	180.149156756227	-363.126601277693	
0.130172413793	0.172140605594	-0.995695637392	-0.596076069404	67.763278204713	-391.956332738333	-234.645790764447	1.575551641994	173.017011769661	-364.073462537402	
0.131034482759	0.164618325367	-0.994632573968	-0.583408604201	64.802126964434	-391.537857025702	-229.659233608312	0.623818886064	168.628378772190	-365.437671078956	
0.131896551724	0.157273600680	-0.999018696038	-0.584104479687	61.910870595639	-393.264457260929	-229.933165514155	1.428863858371	168.308097684662	-368.575451407080	
0.132758620690	0.151970708230	-1.001180325029	-0.585466293276	59.823383014399	-394.115384130633	-230.469244452500	2.176955673344	168.000667411684	-370.094603189317	
0.133620689655	0.151309471732	-1.006089395285	-0.587216302910	59.563086772029	-396.047843310556	-231.158137054358	2.368717951789	168.666858326199	-372.246722832482	
0.134482758621	0.150788566855	-1.003959875877	-0.589891703090	59.358032177491	-395.209556402006	-232.211310337261	3.542048095046	169.260109140732	-371.833727665771	
0.135344827586	0.150210242984	-0.997709832555	-0.597896812220	59.130374553109	-392.749222171253	-235.362527536396	5.991239011679	170.551129142557	-370.724647104936	
0.136206896552	0.152558436273	-1.001111499920	-0.590835087744	60.054742598502	-394.088291074845	-232.582674412038	5.034189080879	167.447112576267	-371.957510873117	
0.137068965517	0.157317356195	-1.003515885446	-0.567403968074	61.928094986587	-395.034779236646	-223.358996620403	0.469910600546	160.784974561542	-371.625473531429	
0.137931034483	0.158434354725	-1.000145165863	-0.546312910768	62.367802294046	-393.707892950489	-215.056486129735	-2.242302380636	155.020365085068	-370.213783318672	
0.138793103448	0.159398735632	-1.002401781947	-0.528463377682	62.747431559724	-394.596211560627	-208.030004073688	-3.634757484048	150.010411795179	-370.864510235437	
0.139655172414	0.159691475469	-1.010234384844	-0.515472027871	62.862668815279	-397.679521551930	-202.915949499005	-5.765918561643	146.753257509018	-373.380324668974	
0.140517241379	0.159203065239	-1.017835634468	-0.503096031712	62.670405762787	-400.671759154671	-198.044129350000	-8.062158370281	142.996908165002	-374.717830789816	
0.141379310345	0.154751708533	-1.025970336671	-0.501498148566	60.918125864540	-403.873990763871	-197.415121454043	-8.690823853774	142.379131859916	-377.786540328219	
0.142241379310	0.152157691976	-1.028620794530	-0.504805510986	59.896989306058	-404.917345483375	-198.717067145514	-8.824269186331	143.247261288573	-378.511296323371	
0.143103448276	0.151449963450	-1.027379632824	-0.517051883364	59.618391441922	-404.428761249263	-203.537860796029	-6.941710089377	146.328646459726	-378.049001485812	
0.143965517241	0.149248070485	-1.033187737112	-0.519613032556	58.751614628660	-406.715125848202	-204.546059092028	-7.896396965269	147.336751599054	-380.441296579913	
0.144827586207	0.150526868973	-1.035859164665	-0.522835710107	59.255014610501	-407.766735303574	-205.814668521294	-8.202121654885	148.084922788279	-381.705664747552	
0.145689655172	0.151114496221	-1.030388953156	-0.515973331123	59.486334516225	-405.613382449500	-203.113287899188	-8.958205014829	145.884739852602	-380.901909241481	
0.146551724138	0.151357381755	-1.026189277656	-0.504597433511	59.581946588403	-403.960177046651	-198.635157291826	-10.834212277988	142.830905757058	-380.462296610188	
0.147413793103	0.158649588424	-1.029032765625	-0.495828013877	62.452529200745	-405.079518213266	-195.183068690782	-12.272595109232	140.833499159844	-380.189081292399	
0.148275862069	0.165107794299	-1.028671475426	-0.495284669150	64.994806776029	-404.937296055901	-194.969180632406	-11.080123225147	140.928252690597	-379.148618717173	
0.149137931034	0.167118698685	-1.026640819568	-0.500170440493	65.786400792202	-404.137926858217	-196.892468177673	-9.020537538014	142.438451244608	-377.765318352081	
0.150000000000	0.167927575424	-1.032521690562	-0.510130739499	66.104815725840	-406.452936125445	-200.813347334677	-6.440940936626	145.203602972455	-379.528266299958	
0.150862068966	0.164562868713	-1.034255810087	-0.516726869617	64.780296411263	-407.135573573977	-203.409918891211	-5.655116383537	147.003268046506	-380.544804032366	
0.151724137931	0.160929691421	-1.040505814350	-0.522673367383	63.350093451386	-409.595892429174	-205.750762186820	-6.193222586552	149.485777567839	-382.631924409182	
0.152586206897	0.162452860809	-1.045318194672	-0.547253181777	63.949690221077	-411.490289544190	-215.426624515972	-2.659771171949	156.668287605057	-383.659168902561	
0.153448275862	0.161852556258	-1.045480637897	-0.568067378505	63.713379885220	-411.554235441206	-223.620148633322	0.129500620180	162.579790798040	-383.875678149179	
0.154310344828	0.164746929043	-1.045670353145	-0.586484057166	64.852751897682	-411.628916990397	-230.869887969164	3.870244322308	167.834364901963	-383.612749653826	
0.155172413793	0.165225161870	-1.040988057586	-0.584261772397	65.041008608193	-409.785727839800	-229.995083907049	4.644743705782	167.021532772022	-381.487643201780	
0.156034482759	0.164745712387	-1.034927001253	-0.573660569602	64.852272960292	-407.399788478815	-225.821912494010	4.612454350112	164.266659507466	-379.397608000671	
0.156896551724	0.166407651812	-1.027473921310	-0.567180560236	65.506496658549	-404.465877982286	-223.271051957980	4.788611764874	162.843284473395	-376.874625016689	
0.157758620690	0.168989772907	-1.025303774664	-0.563465399340	66.522950559963	-403.611598131151	-221.808576091342	5.778227632635	161.219081518841	-374.815622193595	
0.158620689655	0.169753780581	-1.024979743801	-0.560995941990	66.823702752594	-403.484043139230	-220.836472357370	6.642278278568	160.361427310403	-373.282828696831	
0.159482758621	0.170432018112	-1.028950706467	-0.561783559079	67.090691464058	-405.047215564202	-221.146518414022	7.956617782550	160.891643848987	-373.952123326719	
0.160344827586	0.171233043814	-1.031178091361	-0.559382109183	67.406015831223	-405.924027294510	-220.201185865459	7.860458323262	160.842438478326	-374.090329716038	
0.161206896552	0.168936051579	-1.035629165002	-0.551933964570	66.501803118790	-407.676195764179	-217.269218165119	6.586244151877	158.527345213823	-376.382036559743	
0.162068965517	0.166037036389	-1.040900209244	-0.547052722488	65.360603620106	-409.751146274233	-215.347713566654	5.791859173567	156.194557711849	-379.991510926916	
0.162931034483	0.162055580669	-1.043891525566	-0.532943497018	63.793300596489	-410.928680182824	-209.793606402795	4.381202280230	150.784047038241	-382.590969571554	
0.163793103448	0.160383727085	-1.042460138270	-0.513942528899	63.135174182155	-410.365213502826	-202.313861084208	2.458854611529	144.235139980817	-383.710621933433	
0.164655172414	0.160528732245	-1.040930164024	-0.498394169816	63.192255571670	-409.762937996057	-196.193237896211	2.569131464092	138.654859628108	-383.288887461868	
0.165517241379	0.164229511104	-1.043815187550	-0.480839629294	64.649069939038	-410.898629665690	-189.282879883844	1.961738857369	133.681017082241	-383.465113963960	
0.166379310345	0.168274489631	-1.039122530448	-0.464939586147	66.241378762871	-409.051361686176	-183.023816000848	0.116168485492	129.586230542040	-381.232929113785	
0.167241379310	0.169656210164	-1.033335804677	-0.452675474794	66.785294084726	-406.773412756074	-178.196039389748	-2.280662474187	125.892672293160	-378.504030289826	
0.168103448276	0.169847859104	-1.041179448409	-0.438353329087	66.860736833502	-409.861068980391	-172.558116014841	-5.580382463127	120.748477175360	-379.619684335404	
0.168965517241	0.165551029145	-1.048648597127	-0.428470314014	65.169286504835	-412.801304962514	-168.667659735860	-7.994131421104	117.383063764841	-382.003008398677	
0.169827586207	0.157271432440	-1.051906414847	-0.433773732834	61.910017066191	-414.083747345981	-170.755354522927	-7.134039963737	119.003354375947	-384.050598601138	
0.170689655172	0.151765635707	-1.055191450230	-0.448015013198	59.742656062254	-415.376903982549	-176.361445194738	-5.358968210651	123.487999593966	-386.141176031333	
0.171551724138	0.151393199674	-1.058613915126	-0.463803378332	59.596046339025	-416.724159849784	-182.576546944470	-4.211519331406	128.663453838617	-387.070775045048	
0.172413793103	0.152628072229	-1.062957418258	-0.470410913798	60.082154844428	-418.433983107900	-185.177608224847	-5.106379344733	131.675038509299	-387.566644744603	
0.173275862069	0.153272465119	-1.058763470289	-0.470817612487	60.335820587655	-416.783032351927	-185.337705468176	-5.640136984363	132.374729607368	-386.042029676705	
0.174137931034	0.156077155949	-1.055512247946	-0.465657382361	61.439889231842	-415.503186243535	-183.306377017613	-5.500101708852	131.193667154119	-384.747159370915	
0.175000000000	0.162651517117	-1.053748187921	-0.462310769709	64.027891425239	-414.808762694636	-181.988980443168	-5.378679157418	131.159252379756	-383.075521376233	
0.175862068966	0.168020930522	-1.050935513859	-0.459279134035	66.141565030077	-413.701551445556	-180.795574791417	-5.666787199373	130.839361687750	-380.915595556287	
0.176724137931	0.170064909143	-1.048667517558	-0.460729516125	66.946178743705	-412.808753004301	-181.366518786578	-5.687785887164	131.904521610565	-379.289238600528	
0.177586206897	0.166426625403	-1.044234853772	-0.468014483624	65.513965627012	-411.063831588096	-184.234251693787	-4.859032194109	133.985491937401	-377.868747937583	
0.178448275862	0.165101549503	-1.047298360469	-0.482936006034	64.992348507335	-412.269783291719	-190.108120156132	-1.764712589676	138.696518139497	-379.250758462507	
0.179310344828	0.166218893093	-1.049601829032	-0.498041283210	65.432191647581	-413.176545415418	-196.054323819774	0.391291762268	143.635234797699	-380.624677069336	
0.180172413793	0.168443612785	-1.050832127405	-0.512438903353	66.307954219005	-413.660853290604	-201.721957762782	1.937301793147	148.684127999482	-381.040758625214	
0.181034482759	0.165758261454	-1.053310755151	-0.523056219257	65.250863658214	-414.636566957375	-205.901472113183	2.519451998250	152.837101244641	-382.594987477681	
0.181896551724	0.164421219025	-1.047788073893	-0.533318489074	64.724535905359	-412.462559347470	-209.941222306090	3.134072616411	156.860529746073	-381.173409140408	
0.182758620690	0.164050991826	-1.037761754612	-0.536629249793	64.578795691784	-408.515691260000	-211.244505740546	3.134404512212	158.792409200139	-377.478030488684	
0.183620689655	0.166534641750	-1.033221282448	-0.530327061542	65.556486342583	-406.728330994800	-208.763644619448	1.640702519765	158.333940660070	-375.249922828700	
0.184482758621	0.169342462472	-1.027990006747	-0.517691050725	66.661787070915	-404.669035400851	-203.789469505937	-1.212126808665	156.101208770907	-372.665441947505	
0.185344827586	0.167315609871	-1.018966311935	-0.511023733221	65.863915027936	-401.116851185307	-201.164874981560	-2.393572109023	154.203472835217	-368.887752887185	
0.186206896552	0.162529620972	-1.017838652566	-0.511110092164	63.979906916386	-400.672947231100	-201.198870244121	-2.944658953306	154.863529297089	-368.164630508272	
0.187068965517	0.162232841074	-1.026242919412	-0.510816697403	63.863079287716	-403.981293164005	-201.083375176594	-4.559619861005	154.926372077271	-369.478349017849	
0.187931034483	0.163112150547	-1.031476885597	-0.524601850263	64.209220119502	-406.041647869180	-206.509910915496	-3.105136672978	158.785693234158	-370.422771166430	
0.188793103448	0.162531384061	-1.037222645271	-0.544369490784	63.980600957663	-408.303470464411	-214.291457398606	-0.720646748160	164.627571511632	-372.900505039637	
0.189655172414	0.162276045686	-1.033440219086	-0.565252939193	63.880086815416	-406.814515566323	-222.512242491847	1.803654054278	169.926747254505	-372.433953034669	
0.190517241379	0.163073564527	-1.034751399498	-0.574980073973	64.194030703864	-407.330662716682	-226.341336376991	3.116517398208	172.983560499016	-372.884756238165	
0.191379310345	0.165381029395	-1.030475783662	-0.574917835283	65.102365976079	-405.647563343212	-226.316836069991	2.320596735311	173.840647714425	-371.554601787195	
0.192241379310	0.168622187502	-1.024212320927	-0.574125122152	66.378250290203	-403.181946550644	-226.004783952981	1.704916216450	174.290145881966	-369.603146107492	
0.193103448276	0.171213054211	-1.015999805782	-0.577120481177	67.398146908952	-399.949083818374	-227.183909274430	3.441396833792	175.358928265122	-365.871390466348	
0.193965517241	0.172926695214	-1.010836747126	-0.585335057796	68.072722971981	-397.916641914927	-230.417583507549	5.547175808782	178.388604023477	-362.975650050240	
0.194827586207	0.172150311600	-1.007866385769	-0.593621126569	67.767098981435	-396.747356944305	-233.679400680276	6.034144569127	181.763735377987	-361.647509725243	
0.195689655172	0.170553538618	-1.007794801852	-0.606537325232	67.138528102261	-396.719177881537	-238.763871949353	8.438903018966	186.341250492536	-360.812249820553	
0.196551724138	0.168809635466	-1.010001663569	-0.614622778420	66.452039321333	-397.587910648139	-241.946716647174	8.803492205860	189.287507759876	-361.929281421283	
0.197413793103	0.166360188903	-1.015749222505	-0.617958551370	65.487812849007	-399.850441524180	-243.259846164929	9.530679326387	190.114830920363	-364.950342335137	
0.198275862069	0.162053386222	-1.018355128785	-0.617802117348	63.792436750614	-400.876258481067	-243.198265795069	10.041699833029	189.484998801715	-368.009559997934	
0.199137931034	0.159354138074	-1.021215775079	-0.616303380697	62.729875697632	-402.002354035345	-242.608286991050	10.035143751313	188.923789474245	-371.177216471168	
0.200000000000	0.158591849077	-1.026241736737	-0.603560502773	62.429800063569	-403.980827603147	-237.592043560938	8.339025530294	184.825145361622	-374.928140920577	
0.200862068966	0.160430065536	-1.028087587102	-0.589434751565	63.153415347991	-404.707447980477	-232.031431027327	6.924638987569	180.396385402699	-376.733959067856	
0.201724137931	0.161777530325	-1.028482718261	-0.581420158856	63.683845870460	-404.862991656837	-228.876480610365	8.157511901912	177.591605115986	-377.788486304667	
0.202586206897	0.165117536243	-1.023967291500	-0.569656190728	64.998641699652	-403.085490533564	-224.245585753601	8.676231834946	173.518463581657	-375.862086019493	
0.203448275862	0.168146046434	-1.026978665448	-0.552514874821	66.190817002278	-404.270920141507	-217.497893919928	6.470335287516	167.970440159234	-376.365582891989	
0.204310344828	0.167936328064	-1.030978410367	-0.542314716681	66.108261209171	-405.845422721745	-213.482594035608	4.722049240086	164.555005798571	-377.489847862994	
0.205172413793	0.164945298598	-1.034544142429	-0.536413716909	64.930840221754	-407.249075816177	-211.159661059326	3.580797488676	161.137800803476	-379.103645472253	
0.206034482759	0.162037985032	-1.042631800113	-0.532158050456	63.786374060652	-410.432788315759	-209.484414775634	3.195629070272	157.310733756824	-382.158493372320	
0.206896551724	0.154453529132	-1.047799424788	-0.529019570723	60.800747320546	-412.467027635984	-208.248949880184	3.319425197565	153.400614446409	-384.593547832910	
0.207758620690	0.153269378827	-1.057232545015	-0.522238446761	60.334605666574	-416.180382472093	-205.579555358443	2.253521689051	149.679894489368	-387.999090313072	
0.208620689655	0.151952861389	-1.058536871692	-0.518344522740	59.816357592179	-416.693831644422	-204.046709253788	1.843964862073	147.168310704138	-388.623135420653	
0.209482758621	0.151656734142	-1.061225949290	-0.503383871417	59.699786879660	-417.752389052983	-198.157437665224	0.151569029534	141.769568156903	-389.953492461393	
0.210344827586	0.153029202692	-1.051336464377	-0.494220289019	60.240060151517	-413.859385916806	-194.550186597333	1.003204101987	137.920360059558	-387.216545420505	
0.211206896552	0.155317558890	-1.047035522282	-0.485473832650	61.140873281097	-412.166316842738	-191.107137502543	2.315710848786	134.352262663642	-385.685741611137	
0.212068965517	0.157186396947	-1.051125025765	-0.472537482245	61.876542780855	-413.776152949086	-186.014733485583	2.696239576498	129.181200450773	-386.062432477803	
0.212931034483	0.157573349089	-1.056376726009	-0.465505689424	62.028866781144	-415.843488679834	-183.246662979511	2.958375507464	125.858836841092	-386.554003120548	
0.213793103448	0.156669427034	-1.059012916978	-0.459795799258	61.673037187811	-416.881227227341	-180.998960442850	2.159294208522	122.852089529496	-386.112368142000	
0.214655172414	0.156797717678	-1.066721198786	-0.446685085019	61.723538895786	-419.915598129381	-175.837917971925	-1.896595437906	118.659238932022	-387.841741400169	
0.215517241379	0.156345332475	-1.066419431661	-0.446227963892	61.545457121845	-419.796807274628	-175.657971898395	-4.551204885370	119.048730346512	-388.210056089475	
0.216379310345	0.150501336580	-1.061564956423	-0.450391754706	59.244963764716	-417.885839464834	-177.297051267933	-5.570567568692	120.240945062063	-387.320302810183	
0.217241379310	0.146783731905	-1.062638024551	-0.472472416462	57.781525902659	-418.308253536158	-185.989120291399	-2.651197170744	126.665221551382	-388.594826210325	
0.218103448276	0.144024552235	-1.066792221958	-0.496793336876	56.695372761029	-419.943556454281	-195.563068811628	1.885249549689	133.439292535373	-389.697659550674	
0.218965517241	0.144642218551	-1.060384998328	-0.515311675339	56.938517568286	-417.421348077587	-202.852826604788	6.904366824036	139.444453341286	-387.902036245663	
0.219827586207	0.150060709614	-1.055746824361	-0.516879805584	59.071510629969	-415.595527424777	-203.470122249281	9.087993060859	142.100646217134	-386.619199287625	
0.220689655172	0.155486898539	-1.050332928615	-0.502953773556	61.207533960542	-413.464343313103	-197.988129320425	8.368496954956	140.931087115493	-384.577158181415	
0.221551724138	0.158964712579	-1.043320240827	-0.481195248384	62.576578059906	-410.703793517784	-189.422869604791	4.850066564012	137.062397620799	-381.557823638827	
0.222413793103	0.162025275131	-1.041221842283	-0.468161667896	63.781370798795	-409.877757360865	-184.292190892452	2.523309835119	134.832267963474	-380.007128665917	
0.223275862069	0.164388642340	-1.046952104944	-0.465372810007	64.711712068966	-412.133479545088	-183.194354897617	2.032052918903	133.800899696924	-380.074769327257	
0.224137931034	0.162365988856	-1.056684632454	-0.463059754207	63.915493011761	-415.964696282475	-182.283818750974	1.162314604363	132.800461168185	-381.742166263022	
0.225000000000	0.157519891068	-1.065558023663	-0.476830503099	62.007822991179	-419.457713371685	-187.704684356923	3.686057695799	135.860959583064	-384.755409785755	
0.225862068966	0.154491037064	-1.073137184266	-0.485185233682	60.815512345918	-422.441255614480	-190.993530302762	4.977966531793	138.025833955796	-387.374692258710	
0.226724137931	0.153142583412	-1.073014116972	-0.493866342732	60.284692556501	-422.392810082173	-194.410855376406	5.565579137414	140.772003797773	-387.516334760241	
0.227586206897	0.154808739592	-1.078210898242	-0.503174595627	60.940576183712	-424.438526918110	-198.075056093974	7.328909838715	143.304075212834	-389.412716648402	
0.228448275862	0.157026613799	-1.080718316682	-0.503360293774	61.813644025090	-425.425574063073	-198.148156308530	8.882711833978	143.819323013018	-390.548187913440	
0.229310344828	0.159275878158	-1.067843436302	-0.497640613634	62.699068622967	-420.357367767398	-195.896599941520	11.052541748231	143.054605040183	-387.124671390364	
0.230172413793	0.161347857422	-1.062139179332	-0.478679182619	63.514704810725	-418.111882742466	-188.432418433559	9.864824852231	139.178428378404	-385.368534570679	
0.231034482759	0.162598645621	-1.062327208035	-0.466292682203	64.007078521076	-418.185900382142	-183.556463276060	9.360550284739	136.661876645534	-384.787353409652	
0.231896551724	0.164051903966	-1.066823117497	-0.449117602514	64.579154756189	-419.955718506034	-176.795480304307	7.048031204474	132.384208654384	-385.146020837568	
0.232758620690	0.165505830794	-1.068739664492	-0.435479781938	65.151494140077	-420.710168664860	-171.426942029477	4.336532202013	128.852365979297	-384.908274105783	
0.233620689655	0.167307313857	-1.072943116635	-0.431930608044	65.860649295743	-422.364860746505	-170.029807070057	3.266656275561	126.664075605219	-385.201316625035	
0.234482758621	0.166420684358	-1.080575579532	-0.435314754536	65.511626930066	-425.369385477186	-171.361978869140	3.974714238134	125.340086156214	-386.876848970800	
0.235344827586	0.162166308731	-1.085590314294	-0.439053112804	63.836888781017	-427.343439568883	-172.833586398462	3.489452028339	124.175665262089	-389.036052703612	
0.236206896552	0.155932470705	-1.083106706265	-0.449984297613	61.382933777330	-426.365765409620	-177.136655478628	4.599517663006	125.283689877887	-389.895590443528	
0.237068965517	0.151181762595	-1.079995770842	-0.467363329731	59.512813974617	-425.141143352682	-183.977924476654	6.703711641694	129.590654719541	-389.760869051622	
0.237931034483	0.151877866029	-1.070035912502	-0.483392676731	59.786835612570	-421.220437663995	-190.287888917601	9.935144387257	134.812864228521	-386.503745809562	
0.238793103448	0.155820545171	-1.060966451744	-0.476056121644	61.338874207229	-417.650237650029	-187.399848517970	10.308780434388	134.581102819741	-383.663115796037	
0.239655172414	0.158461524715	-1.052632565277	-0.451141272376	62.378497780960	-414.369597005873	-177.592099459704	6.539619555253	130.094496145156	-381.448616785241	
0.240517241379	0.160260382441	-1.045129751299	-0.428392105851	63.086619470572	-411.416108669039	-168.636873034107	2.437434558324	125.825190623409	-378.081799881328	
0.241379310345	0.160992018452	-1.045335415606	-0.415316565517	63.374628533765	-411.497068577666	-163.489676796959	-0.893571962909	123.610073292533	-377.131788047363	
0.242241379310	0.163067861906	-1.047646515515	-0.408856862978	64.191785863044	-412.406834785987	-160.946810058988	-3.042727901570	121.982315117410	-375.860991262762	
0.243103448276	0.162153080282	-1.057662596897	-0.424659025673	63.831681392022	-416.349672717149	-167.167343228511	-1.119781995885	126.652793075145	-378.154362031850	
0.243965517241	0.158002700645	-1.063722257934	-0.450154893559	62.197881342487	-418.735062818934	-177.203810700498	1.335569543778	133.396650279570	-380.148690045276	
0.244827586207	0.153241700506	-1.075940641690	-0.478848133627	60.323710074990	-423.544838727454	-188.498926124397	3.284381140948	140.924210440033	-383.795544013856	
0.245689655172	0.152879747368	-1.075431734391	-0.512948554875	60.181226951477	-423.344506988393	-201.922582465919	6.865196150558	149.823455192015	-383.416495846838	
0.246551724138	0.154823921153	-1.075106991307	-0.534011724992	60.946552416456	-423.216671630346	-210.214115143897	9.419734008188	155.469351292820	-383.371177138792	
0.247413793103	0.157942066407	-1.067660625399	-0.535086123759	62.174012628974	-420.285404118581	-210.637053022454	9.937731177636	156.385784408770	-381.367904933538	
0.248275862069	0.159783405773	-1.056609340084	-0.518991792720	62.898857248513	-415.935057384428	-204.301507565714	7.864697226267	153.264339805136	-379.293205331177	
0.249137931034	0.162085517751	-1.047774755299	-0.500017390140	63.805085351402	-412.457316472932	-196.832219791635	5.769424970870	149.815424742852	-377.035146824179	
0.250000000000	0.162883080379	-1.039743574408	-0.480594092528	64.119046476664	-409.295836105467	-189.186224152260	4.011883579480	145.790342627112	-374.332891364540	
0.250862068966	0.165608673989	-1.042573742973	-0.465438745926	65.191978440511	-410.409934078959	-183.220310621671	2.235173535268	142.920190864550	-374.508361571423	
0.251724137931	0.168427541773	-1.054183355349	-0.452508900842	66.301627853266	-414.980066678493	-178.130467428807	-0.065597050438	139.619542731493	-377.441019854687	
0.252586206897	0.169647743527	-1.066039499510	-0.437228770023	66.781961186967	-419.647246699130	-172.115432497802	-2.228915642649	134.429168144291	-381.306427067770	
0.253448275862	0.163591245851	-1.073298435207	-0.434370184898	64.397816344505	-422.504732168109	-170.990148324046	-2.362538575585	132.182470450226	-384.726989154487	
0.254310344828	0.155683211173	-1.080830820001	-0.445973719572	61.284812575931	-425.469861079028	-175.557888431467	-0.382407589173	133.454718436747	-388.501909452308	
0.255172413793	0.151303503095	-1.094780834506	-0.464451912389	59.560737213554	-430.961294727522	-182.831842861039	2.540976124803	136.457877298839	-393.835173567570	
0.256034482759	0.149879433605	-1.106475491603	-0.473864477471	59.000151193527	-435.564905244853	-186.537106149268	4.237752808553	137.087298660540	-398.011240538510	
0.256896551724	0.152591534864	-1.103357737812	-0.480594663840	60.067771883548	-434.337599131935	-189.186449049437	6.477735941641	137.615696504481	-396.977657775563	
0.257758620690	0.158277565811	-1.089617794884	-0.472361499352	62.306082220383	-428.928860316673	-185.945457688080	6.595831492855	135.407275312253	-392.763110961025	
0.258620689655	0.164362706771	-1.072212085665	-0.453508137056	64.701502513038	-422.077089858080	-178.523817511948	5.176529306271	130.991676857094	-386.821612843667	
0.259482758621	0.168055727296	-1.060318927915	-0.427836345505	66.155262806328	-417.395339409999	-168.418097557877	2.374617550704	124.738725409651	-382.662837552792	
0.260344827586	0.168403701666	-1.055369688927	-0.411551771092	66.292243177363	-415.447067778904	-162.007662654426	0.371401451691	121.357811024273	-380.819391562434	
0.261206896552	0.167637157221	-1.055266228156	-0.406954588362	65.990492382845	-415.406340368999	-160.197978232819	-0.267041317020	120.508188027949	-380.125068745562	
0.262068965517	0.167660043680	-1.062880561363	-0.406005294022	65.999501654453	-418.403728333975	-159.824287805316	-1.336960251268	120.435121333253	-381.960332856810	
0.262931034483	0.165162892623	-1.065548870271	-0.410419819323	65.016496272364	-419.454110132067	-161.562068993458	-1.507151704125	121.641246192774	-382.156710911040	
0.263793103448	0.163416800995	-1.068497576620	-0.419698625372	64.329145996450	-420.614870592984	-165.214677938063	-0.026419914828	123.265186802610	-382.828453096860	
0.264655172414	0.161153786811	-1.071817384435	-0.431259817660	63.438308769378	-421.921715423660	-169.765749933462	1.841095732557	125.471775900062	-382.916119407975	
0.265517241379	0.158613622332	-1.075855422668	-0.437771625367	62.438371121682	-423.511292195490	-172.329127909948	2.636933557857	126.177635312474	-383.526612440824	
0.266379310345	0.159148842518	-1.085525849638	-0.443088662309	62.649060948201	-427.318063008773	-174.422183481230	3.412015012986	126.832860076569	-386.865019008364	
0.267241379310	0.157850941375	-1.088930490590	-0.436393560287	62.138141192081	-428.658302467077	-171.786651560240	2.661634903017	123.428488139751	-388.329674524152	
0.268103448276	0.156262577024	-1.085768912604	-0.423989507172	61.512880376830	-427.413744927234	-166.903786769410	1.043183534455	119.332823139307	-388.433004397198	
0.268965517241	0.152100377739	-1.073870217853	-0.410098396955	59.874427513640	-422.729814834500	-161.435540837957	-0.154867951761	115.632871725124	-386.529529255085	
0.269827586207	0.150764448740	-1.060835533908	-0.403856139398	59.348538063664	-417.598701745900	-158.978271479525	-0.769247510469	114.997658598605	-383.203252821705	
0.270689655172	0.153502812293	-1.055354689576	-0.401996578873	60.426496925298	-415.441163273227	-158.246254087433	-0.826520777544	115.401828658515	-381.472291853748	
0.271551724138	0.157886171808	-1.059411934692	-0.400480585150	62.152009678441	-417.038300849084	-157.649482023745	-1.322482067339	115.690685409837	-381.183586882835	
0.272413793103	0.161116145102	-1.066776493425	-0.401944080834	63.423491082406	-419.937364905370	-158.225588194861	-1.450496695237	116.768455516018	-382.691143758413	
0.273275862069	0.160237375704	-1.075173127824	-0.393039336215	63.077562851333	-423.242706319691	-154.720228812256	-4.328479341281	114.830023152375	-384.794631906112	
0.274137931034	0.158462176530	-1.082611592452	-0.395614855978	62.378754368246	-426.170863486727	-155.734084094332	-5.091366304484	115.205629155982	-387.301054814012	
0.275000000000	0.150903319448	-1.086287939751	-0.402252958305	59.403204621484	-427.618060352101	-158.347178042376	-3.406719766467	116.005181011789	-389.634020264887	
0.275862068966	0.143717624853	-1.084843399013	-0.413257106356	56.574550567272	-427.049415809707	-162.678969157418	1.002542343019	117.601996847701	-390.618691125586	
0.276724137931	0.144304837533	-1.085258239764	-0.429177183180	56.805707278334	-427.212718181565	-168.945919312046	5.924624469438	121.404326739813	-390.694315898256	
0.277586206897	0.147975746468	-1.092093688873	-0.432228283846	58.250763327175	-429.903497838419	-170.146987372412	6.727688367399	122.541528805169	-391.803962571254	
0.278448275862	0.147262170217	-1.081520539360	-0.428322810424	57.969863502155	-425.741369620799	-168.609594837149	5.295264047047	122.518093335496	-388.631264695539	
0.279310344828	0.145515359923	-1.072236649022	-0.418532232237	57.282230322836	-422.086759242091	-164.755526407519	2.247234267615	121.446119210041	-385.576497429980	
0.280172413793	0.148445755690	-1.070156045334	-0.412071056061	58.435782809251	-421.267728043216	-162.212079571194	0.106942112417	121.024950517843	-384.558404384423	
0.281034482759	0.152822950680	-1.070012590326	-0.410705400440	60.158868892601	-421.211256871842	-161.674488213800	-0.100841536465	120.955986786142	-383.399524084473	
0.281896551724	0.151901477488	-1.072549180533	-0.417881803581	59.796130281126	-422.209787505328	-164.499484680356	-0.177734095953	123.469707158744	-383.048012191197	
0.282758620690	0.150081963347	-1.073576035918	-0.434547096322	59.079877177653	-422.614009895902	-171.059789638619	0.747753934599	127.723902642395	-383.032438397114	
0.283620689655	0.145404394281	-1.076024791279	-0.451575070411	57.238548614598	-423.577964276063	-177.762864380812	1.344416376929	131.834056961494	-384.162318925535	
0.284482758621	0.142472790495	-1.073766945840	-0.470505305034	56.084520590763	-422.689161729508	-185.214765405486	3.553316057624	136.180011536326	-383.216659438260	
0.285344827586	0.144832517036	-1.066400859388	-0.487593592079	57.013428709244	-419.789496285783	-191.941582387929	6.389222834234	140.728619190712	-380.210107205482	
0.286206896552	0.149460500951	-1.070727313054	-0.490877768866	58.835238040759	-421.492608008677	-193.234401037691	7.367067572794	141.310926463935	-380.735381880481	
0.287068965517	0.151370826254	-1.073940530301	-0.487628811093	59.587239025512	-422.757493382282	-191.955446379225	6.443462754886	140.174004268504	-381.092724844875	
0.287931034483	0.151936934842	-1.069912820261	-0.488908735106	59.810088094912	-421.171982311139	-192.459289424834	6.685116433850	140.744092059667	-379.526186133806	
0.288793103448	0.151896673975	-1.062425040368	-0.491313520661	59.794239374498	-418.224412153362	-193.405935058021	6.958823693609	141.910646866516	-376.975903313379	
0.289655172414	0.154914124498	-1.058185584458	-0.489418030337	60.982061030778	-416.555547161893	-192.659773873616	7.572014435658	141.879058857213	-374.985405324500	
0.290517241379	0.158509096696	-1.053271784116	-0.482071252512	62.397224526710	-414.621225980329	-189.767709285053	6.717893259495	140.536367391994	-372.663393414131	
0.291379310345	0.158821136841	-1.050742748541	-0.473236951345	62.520059363194	-413.625669233908	-186.290080020238	4.119957304140	139.256669772576	-371.043325082075	
0.292241379310	0.155389257499	-1.057311791043	-0.458018020974	61.169097492185	-416.211577730251	-180.299136691152	0.949088384226	134.763140690424	-373.645559554171	
0.293103448276	0.152424769362	-1.062365687323	-0.457037634593	60.002124518909	-418.201047782589	-179.913206858877	1.782473206529	133.502229200033	-375.837353431597	
0.293965517241	0.153934287383	-1.075790141127	-0.451410851588	60.596347417319	-423.485594068100	-177.698219518354	1.384190394624	131.058607889284	-380.321826983416	
0.294827586207	0.155947219435	-1.081108095331	-0.442527798029	61.388739625841	-425.579010719918	-174.201398837712	0.042541804600	127.936857532529	-382.293758899143	
0.295689655172	0.153260878199	-1.079467058616	-0.434634005473	60.331259388164	-424.933015389166	-171.094001490915	-1.544196780749	125.626040455787	-383.119569456943	
0.296551724138	0.148417726926	-1.080172914119	-0.438946998649	58.424749265179	-425.210875936189	-172.791814481947	-0.841498105834	126.546052679501	-385.814145553507	
0.297413793103	0.149306238129	-1.081043262882	-0.452418973930	58.774512365222	-425.553489378133	-178.095067632611	2.378815216640	129.165019825385	-386.679831020621	
0.298275862069	0.151364414253	-1.091903170429	-0.459223160672	59.584714936480	-429.828500110314	-180.773540835067	3.724748923036	130.833052518648	-389.933701173020	
0.299137931034	0.152483509407	-1.089503463058	-0.461918438090	60.025247581405	-428.883853507948	-181.834538807711	5.301205137749	131.890536136308	-389.420517978146	
0.300000000000	0.152669638604	-1.085226450872	-0.461912674879	60.098517479109	-427.200204460430	-181.832270115355	6.251820089343	132.669754501266	-389.398252187785	
0.300862068966	0.153281655388	-1.078526577130	-0.459279990698	60.339438344271	-424.562794148574	-180.795912017208	6.090810430003	131.874119826707	-388.571112235007	
0.301724137931	0.153583713985	-1.076064871636	-0.448618645579	60.458343936753	-423.593741938679	-176.599065533578	5.777247744553	128.562350281331	-387.633820796151	
0.302586206897	0.153423768500	-1.079376555662	-0.440909008350	60.395381277111	-424.897388833715	-173.564161069187	5.643655430925	125.781613308773	-388.626378982951	
0.303448275862	0.152829362496	-1.088055963230	-0.435060976557	60.161392908604	-428.314044117522	-171.262078977781	5.641294375063	122.785477763011	-391.459601148566	
0.304310344828	0.149735441119	-1.093186449255	-0.425355028251	58.943468443677	-430.333663780333	-167.441325163903	4.423290869661	118.432176851353	-393.447618657799	
0.305172413793	0.145360697044	-1.093226367400	-0.418972609705	57.221347164924	-430.349377588193	-164.928881327373	3.926004180496	115.598770266311	-394.306368558961	
0.306034482759	0.139529288262	-1.090806855866	-0.425707984743	54.925808734076	-429.396935062011	-167.580266751090	5.757349127904	115.556485640807	-394.532951757385	
0.306896551724	0.133882247186	-1.095138948527	-0.438904868621	52.702846788955	-431.102266579829	-172.775229964913	7.854748089341	118.114608591298	-396.827073425988	
0.307758620690	0.134240244015	-1.101493731923	-0.443378093104	52.843772508577	-433.603831819059	-174.536118129964	7.846425492873	118.808742654394	-399.283394813351	
0.308620689655	0.139111186387	-1.102005756786	-0.447042415465	54.761222618053	-433.805390789350	-175.978581369692	7.408188380306	119.931321273368	-398.563615785751	
0.309482758621	0.143339780363	-1.086125208841	-0.456825606304	56.425811800913	-427.554001207340	-179.829741764032	8.749198511193	123.491523542138	-392.697956542433	
0.310344827586	0.148951586605	-1.076551789455	-0.459743349480	58.634903527621	-423.785417502355	-180.978313548710	8.837862802861	125.270853553158	-388.810403181618	
0.311206896552	0.150357874126	-1.073767727481	-0.461950009302	59.188489662363	-422.689469422977	-181.846966838920	8.686201737084	127.116921193450	-386.982881121785	
0.312068965517	0.151457760937	-1.072344624463	-0.463947776487	59.621460928828	-422.129263854993	-182.633389386114	7.845182002312	128.016575589449	-385.563322228580	
0.312931034483	0.151220646652	-1.073871622741	-0.462775460159	59.528120713044	-422.730367869736	-182.171906186433	7.970321935338	127.917984356185	-385.432778633990	
0.313793103448	0.150276415105	-1.068768758852	-0.453815051635	59.156423257751	-420.721621681456	-178.644634665874	7.322824978800	125.032304055122	-383.614863488851	
0.314655172414	0.145638437876	-1.064431082983	-0.438044974029	57.330680050953	-419.014092329652	-172.436731815505	5.117474582832	120.236006148722	-383.514823513574	
0.315517241379	0.140880048172	-1.059501835745	-0.439688286687	55.457536383456	-417.073690466005	-173.083623072937	5.627095355918	119.639947962128	-382.931144110435	
0.316379310345	0.137955892447	-1.067911085021	-0.442415065726	54.306440294030	-420.383997736143	-174.157021682257	4.782156624132	119.049169189321	-386.597648743254	
0.317241379310	0.139906307070	-1.071944158596	-0.447792559184	55.074222469770	-421.971620166718	-176.273876005815	5.026747337971	120.148878404752	-387.014250710762	
0.318103448276	0.142921063279	-1.071201430770	-0.460199668587	56.260983507630	-421.679244802549	-181.157943906442	7.424013921060	123.621591754064	-385.783031886004	
0.318965517241	0.150487046398	-1.063999003761	-0.477200224564	59.239338423964	-418.844004020889	-187.850225488588	10.774910656117	129.357914016924	-382.134017917187	
0.319827586207	0.154581260645	-1.064066363988	-0.480329161836	60.851028925882	-418.870520424463	-189.081933987054	11.124937144566	131.201378119072	-381.301747404758	
0.320689655172	0.154302493874	-1.064322608442	-0.477443761428	60.741292178085	-418.971391245660	-187.946093957038	9.348502191370	131.275818999662	-381.667010475164	
0.321551724138	0.151606925435	-1.064023974918	-0.486059950130	59.680179645068	-418.853833935538	-191.337863087195	9.752178222140	134.884287338202	-382.583815223005	
0.322413793103	0.150731748094	-1.059463294783	-0.493255133892	59.335665429713	-417.058518787285	-194.170252559183	10.422266365196	138.699382053820	-380.519938321274	
0.323275862069	0.152927640156	-1.056103563506	-0.497414174485	60.200079983168	-415.735958056337	-195.807462000970	10.634666366021	141.580582935490	-378.718642297602	
0.324137931034	0.152985235032	-1.051331896522	-0.495087305245	60.222752249332	-413.857587777459	-194.891488183527	8.607823430922	143.084134611827	-377.305492526199	
0.325000000000	0.151290663917	-1.046438614295	-0.496018427438	59.555683061754	-411.931343567038	-195.258025131588	7.276579972340	144.594784275827	-376.193394789765	
0.325862068966	0.146240379583	-1.044611409775	-0.511135719375	57.567634854433	-411.212063140249	-201.208958414802	8.810907886479	149.050934095061	-376.888314351688	
0.326724137931	0.142482940568	-1.047880702318	-0.528603618188	56.088516174628	-412.499022596219	-208.085209853617	10.371117295595	153.814675525114	-379.344091333542	
0.327586206897	0.143131017093	-1.047459755858	-0.540687542199	56.343631983726	-412.333316707545	-212.842055583147	11.882468625553	157.090551589119	-379.288044028799	
0.328448275862	0.144534021187	-1.047452422080	-0.549785632839	56.895925594864	-412.330429760146	-216.423525771507	12.243709095944	160.177035672941	-379.163363464648	
0.329310344828	0.148893610160	-1.043468014397	-0.549443966124	58.612081056627	-410.761964694112	-216.289028413505	10.818196276471	160.653827148721	-378.259434475181	
0.330172413793	0.153078920440	-1.039166382076	-0.543476420861	60.259631580123	-409.068623912144	-213.939899755391	8.889054586416	160.389945193422	-376.935132024686	
0.331034482759	0.156509910652	-1.038973324145	-0.541194557149	61.610243444661	-408.992626513198	-213.041642397602	7.963059278470	161.145734599236	-377.168331837867	
0.331896551724	0.160120300846	-1.042059728411	-0.538754918340	63.031476245946	-410.207591862067	-212.081276754792	7.641136070393	160.500935282527	-377.477756016401	
0.332758620690	0.158730692818	-1.046481002532	-0.525959873503	62.484456005768	-411.948029728126	-207.044497780293	5.936632786070	156.986550077033	-377.822421585977	
0.333620689655	0.155587497115	-1.041901553989	-0.516822037951	61.247134665419	-410.145326382482	-203.447381977119	6.088735948732	154.167229116769	-376.956378216042	
0.334482758621	0.151085641078	-1.041883118993	-0.506468165367	59.474975667756	-410.138069432569	-199.371572286713	4.801739622049	150.802389923864	-377.607491838589	
0.335344827586	0.146989463682	-1.045427777943	-0.506877611451	57.862512370693	-411.533427080775	-199.532751044172	4.440467813524	149.845704959410	-379.338190179804	
0.336206896552	0.147131530038	-1.050678799259	-0.518480586236	57.918436898082	-413.600495551213	-204.100270750722	5.503528908130	151.470326474452	-380.821562641541	
0.337068965517	0.150250241411	-1.061843095556	-0.522884786980	59.146119963531	-417.995329142405	-205.833987669403	6.176958082340	151.131374241593	-383.752815635036	
0.337931034483	0.153075667075	-1.059587542142	-0.532025002386	60.258350890584	-417.107428853258	-209.432040303482	9.231140737746	152.652795879776	-382.899864485168	
0.338793103448	0.155904470808	-1.057552746858	-0.542989385762	61.371911596774	-416.306430167009	-213.748178024019	12.137978868719	154.936833566033	-381.844767293174	
0.339655172414	0.156787685450	-1.063417444766	-0.534614037427	61.719589701675	-418.615072887243	-210.451215884556	11.956425312042	151.000933615570	-383.664068742865	
0.340517241379	0.155907666689	-1.063067131512	-0.512857104760	61.373169657792	-418.477171812482	-201.886583059527	10.152674381961	143.469202213860	-383.645681330781	
0.341379310345	0.155246932063	-1.064050280929	-0.491957042030	61.113070977995	-418.864189316372	-193.659257726603	8.730461747719	137.327976827394	-384.408371342388	
0.342241379310	0.155387746416	-1.070638186313	-0.466336897248	61.168502653371	-421.457523200457	-183.573868561490	5.186507435935	128.874009341015	-387.122627605652	
0.343103448276	0.152212122477	-1.070939224017	-0.436948255984	59.918415913234	-421.576026918005	-172.005007936500	-0.468819398663	119.767904747444	-388.301469181467	
0.343965517241	0.148382929715	-1.066775082763	-0.415826820233	58.411051317285	-419.936809597025	-163.690538947969	-3.093799109494	112.935718137201	-386.995998374378	
0.344827586207	0.146174610211	-1.068735828263	-0.414334055821	57.541744691949	-420.708658530595	-163.102911119938	-1.693939514806	111.533886169205	-387.738048837278	
0.345689655172	0.148400251688	-1.075318769873	-0.436304427418	58.417870124864	-423.300038421411	-171.751564339763	2.975933806663	116.003159943891	-389.046551882284	
0.346551724138	0.151728909064	-1.078084072490	-0.463281136191	59.728198591843	-424.388601865798	-182.370965934783	8.129328816637	121.219288468415	-389.182357573283	
0.347413793103	0.156358168279	-1.085106333975	-0.477444139472	61.550509945742	-427.152920354102	-187.946242774352	9.748044455718	124.426918719283	-390.935520329667	
0.348275862069	0.157289801555	-1.081370023556	-0.487969140060	61.917248081934	-425.682118961629	-192.089417131971	11.125792270216	127.162201397205	-389.803011375361	
0.349137931034	0.153745814459	-1.079259901065	-0.491430099483	60.522154909771	-424.851467664173	-193.451826398554	12.115195555380	128.816355453158	-389.329295104682	
0.350000000000	0.149993925080	-1.078287156618	-0.489067623881	59.045220848020	-424.468546084908	-192.521836110039	11.621813150712	129.375200949806	-389.275366740967	
0.350862068966	0.148883134633	-1.077019508146	-0.483727302592	58.607957357489	-423.969535315183	-190.419614638293	11.443569464922	129.314686164325	-388.614324056964	
0.351724137931	0.145440789605	-1.080367064747	-0.467829451063	57.252875661317	-425.287303476129	-184.161413487443	8.128351760023	126.392265312434	-390.709010376980	
0.352586206897	0.139750029537	-1.077040029908	-0.449246139312	55.012703702165	-423.977613721976	-176.846078910948	3.047225738059	121.797929116695	-391.732857386047	
0.353448275862	0.134864961781	-1.071857764759	-0.433292900721	53.089693124456	-421.937611168498	-170.566074601764	-0.399347318100	117.702741669807	-391.521132247198	
0.354310344828	0.133134539451	-1.068434443705	-0.436561735919	52.408511079550	-420.590018273619	-171.852854023684	0.062512322558	119.102329617599	-390.053430928762	
0.355172413793	0.136604237518	-1.071717160930	-0.468618957027	53.774360319800	-421.882262365651	-184.472203100950	5.742711738693	127.942325437357	-389.911883350571	
0.356034482759	0.142700329592	-1.081048877990	-0.498320974599	56.174091526555	-425.555699769599	-196.164424544379	9.955236337531	136.310436553814	-391.327781202406	
0.356896551724	0.148297619637	-1.078388286322	-0.516855459730	58.377468941331	-424.508355868457	-203.460538485472	11.923493699174	141.982055986294	-389.078446252277	
0.357758620690	0.147915888169	-1.073838274528	-0.519919639059	58.227200063141	-422.717240320734	-204.666754971466	12.377364447595	143.336902736289	-387.037870068648	
0.358620689655	0.146714231878	-1.069841619822	-0.509660505953	57.754167164859	-421.143954205363	-200.628239547082	11.038331341949	140.785833355611	-385.681556571688	
0.359482758621	0.149191069965	-1.075733362707	-0.499725786921	58.729176331486	-423.463243200716	-196.717429966145	10.513000729974	138.720257051700	-386.302026462920	
0.360344827586	0.150437504429	-1.084431920971	-0.493415251775	59.219836191024	-426.887437170347	-194.233283083825	11.533345716046	138.336147523259	-388.164646483750	
0.361206896552	0.152640283488	-1.087253504876	-0.491712187913	60.086961815778	-427.998155785829	-193.562870720162	13.124941742542	139.344814130943	-387.768069083401	
0.362068965517	0.150784508842	-1.084771433373	-0.476239384000	59.356434737566	-427.021086481694	-187.471989881379	10.676177687931	136.539358887586	-387.219446415604	
0.362931034483	0.147263170011	-1.081166706540	-0.458696040683	57.970257071801	-425.602083066476	-180.566039657039	8.330618678901	132.063515938235	-386.468994539093	
0.363793103448	0.146622263495	-1.083061885368	-0.457732875850	57.717963742030	-426.348121630190	-180.186889099720	8.435085828212	132.322792553792	-386.690551735256	
0.364655172414	0.149920112318	-1.091612785025	-0.472061897592	59.016164399344	-429.714189678748	-185.827519231051	10.820603230142	135.308591661381	-388.548018403333	
0.365517241379	0.156923500979	-1.100808773792	-0.479355648130	61.773053586241	-433.334197538234	-188.698709588090	11.243571109934	135.860494216638	-391.080220956435	
0.366379310345	0.161120513892	-1.097545423470	-0.485282098334	63.425210859890	-432.049577241778	-191.031661145549	11.823897013197	136.187942053453	-390.119742753346	
0.367241379310	0.160754360985	-1.091158387712	-0.485795688592	63.281074494045	-429.535315836280	-191.233836335068	12.669185964471	135.368529537341	-388.606053687294	
0.368103448276	0.163299596662	-1.094761170919	-0.480705728712	64.283008423165	-430.953554141775	-189.230169819436	13.316660812329	132.507576139722	-389.387234058104	
0.368965517241	0.160840426781	-1.100413724680	-0.474635641390	63.314954359281	-433.178686159829	-186.840675403041	14.800194864142	129.503472044245	-391.668586290127	
0.369827586207	0.155956152694	-1.103190526035	-0.465073385780	61.392256209884	-434.271776090831	-183.076486326644	15.220403442613	126.380891125672	-393.084003805319	
0.370689655172	0.156011167751	-1.102135604347	-0.461656251975	61.413912928222	-433.856505379184	-181.731329047322	15.653601060772	125.258043085099	-392.827501525857	
0.371551724138	0.154583970870	-1.101480156582	-0.458872013560	60.852095808241	-433.598487875859	-180.635311511632	15.978485870668	124.120602847151	-393.014961700567	
0.372413793103	0.151383817451	-1.098662379377	-0.466576893466	59.592353020239	-432.489267770409	-183.668343252216	18.759330315770	126.289602263077	-392.550188068691	
0.373275862069	0.145770791712	-1.100874042503	-0.476980509537	57.382781237611	-433.359890615028	-187.763734503726	20.578797104749	128.956541984018	-394.426787005127	
0.374137931034	0.144437098230	-1.096273715979	-0.486651298652	56.857771800536	-431.548968636504	-191.570647875597	20.831049929367	131.152124595228	-393.757004308301	
0.375000000000	0.143792775128	-1.093900842906	-0.491252374894	56.604133529332	-430.614885375723	-193.381864981198	21.492215789650	132.271673181162	-392.981447455659	
0.375862068966	0.144508831102	-1.091608407635	-0.489630068104	56.886009499198	-429.712466516017	-192.743242699399	20.243855278307	132.465177981350	-391.751208778554	
0.376724137931	0.142409478735	-1.089123621275	-0.477641546082	56.059597869100	-428.734328505764	-188.023952034165	17.113027336067	129.814519057939	-391.765998441147	
0.377586206897	0.142583119506	-1.086826525314	-0.477755216643	56.127951688394	-427.830074962071	-188.068698535718	15.945767663985	131.046692814171	-390.975895067135	
0.378448275862	0.141130104507	-1.090457443079	-0.478230868013	55.555971246877	-429.259388457281	-188.255939053328	14.091011448690	132.145305270914	-391.750117549823	
0.379310344828	0.143419601093	-1.087777088974	-0.481906772132	56.457233291035	-428.204265057800	-189.702961460623	12.470814837371	134.991078300199	-389.575123435186	
0.380172413793	0.144548981987	-1.088111529327	-0.483793036615	56.901814925246	-428.335917753178	-190.445490885908	10.121286722948	137.296062828525	-389.467141822895	
0.381034482759	0.143878350600	-1.084776216298	-0.477150095762	56.637820377767	-427.022969283428	-187.830492248143	7.021828315037	136.675315224582	-388.697372665697	
0.381896551724	0.140583655340	-1.077522920308	-0.484366821917	55.340861123303	-424.167703889430	-190.671361899097	7.359946231364	139.348163482214	-386.697370986614	
0.382758620690	0.136664887692	-1.067369720316	-0.499528755338	53.798235306421	-420.170889114786	-196.639868336147	9.620648517438	143.838932860971	-384.343620518798	
0.383620689655	0.136572977406	-1.064646918677	-0.504485125059	53.762054753328	-419.099056212063	-198.590946985399	9.510209524063	146.132039067727	-382.435160447194	
0.384482758621	0.140121111749	-1.064784531657	-0.520420549303	55.158780492441	-419.153227664884	-204.863938663558	12.137536458475	151.387729407944	-381.915359201861	
0.385344827586	0.147454281639	-1.060683740913	-0.530691403953	58.045488307015	-417.538948319932	-208.907068282432	13.568841044679	154.484280240058	-379.173680435285	
0.386206896552	0.154962437374	-1.057284540429	-0.522668313760	61.001079430804	-416.200850505764	-205.748772824190	12.087869118914	152.598954273434	-375.612689043126	
0.387068965517	0.158183958778	-1.051230856667	-0.510963553658	62.269233741872	-413.817813362677	-201.141185251275	10.047792753796	149.404125018640	-372.533887437014	
0.387931034483	0.157572413157	-1.053274013989	-0.509479177124	62.028498350568	-414.622103771570	-200.556859317830	10.441700674173	148.170585021272	-374.033182537134	
0.388793103448	0.159843721583	-1.061805526367	-0.519288464066	62.922600612249	-417.980540003176	-204.418292463061	13.122283079554	150.735391874636	-376.345563081820	
0.389655172414	0.159820193283	-1.066989186791	-0.519189556335	62.913338679388	-420.021091807900	-204.379357360742	13.843639347927	150.311203842776	-378.078285608042	
0.390517241379	0.159564962776	-1.066496426186	-0.511925972702	62.812866999393	-419.827116227235	-201.520042228378	12.756354312088	148.597662362241	-378.811540474417	
0.391379310345	0.157957640108	-1.061151739850	-0.509708752024	62.180143228067	-417.723176451381	-200.647231649252	13.103310264936	148.480040565298	-377.966724615155	
0.392241379310	0.157063665398	-1.061887582901	-0.514740089767	61.828229414667	-418.012841619345	-202.627821516514	14.663222734846	149.759152408977	-379.021669718000	
0.393103448276	0.158612007028	-1.070128929516	-0.517550053368	62.437735256033	-421.257053881263	-203.733965791095	15.562156802440	149.633584487150	-381.678315295457	
0.393965517241	0.158359365252	-1.077391805856	-0.519842676134	62.338282631880	-424.116090587405	-204.636458458348	17.152156729491	148.010154564028	-384.105488436244	
0.394827586207	0.155387196696	-1.073949167026	-0.515369655916	61.168286255487	-422.760893235722	-202.875650702484	17.155074509405	144.386598670909	-383.458327643700	
0.395689655172	0.154019959485	-1.072957643799	-0.507482985203	60.630072304411	-422.370579375499	-199.771056874589	15.277355130218	140.882921622596	-383.556174932426	
0.396551724138	0.154223061745	-1.075343627638	-0.501545458146	60.710023660863	-423.309823698990	-197.433744905634	14.287193822659	138.517612710054	-385.158734817381	
0.397413793103	0.152661778331	-1.070522329883	-0.496700256776	60.095423276683	-421.411916229926	-195.526427760757	13.963881361406	136.121895852602	-384.383960967014	
0.398275862069	0.151083018707	-1.071251098072	-0.493171776616	59.473943369491	-421.698796373183	-194.137438905173	14.021306913105	135.004815647973	-385.083207862263	
0.399137931034	0.153026635165	-1.070286297987	-0.487658246454	60.239049442500	-421.319002097474	-191.967033631178	12.645403954279	133.726204035717	-384.506955224214	
0.400000000000	0.152275726209	-1.067504127931	-0.473687186341	59.943453570074	-420.223798773113	-186.467315362970	9.986140025531	130.399342745335	-383.811436475669	
0.400862068966	0.146005244501	-1.062566026676	-0.470663691728	57.475073753341	-418.279911519092	-185.277114446073	9.080425795603	130.266621875524	-383.793930069042	
0.401724137931	0.141708590565	-1.066760837481	-0.480858677516	55.783692716485	-419.931201931179	-189.290378230531	9.698361831194	133.738907543141	-385.992361584481	
0.402586206897	0.138842044012	-1.071816379806	-0.505201751975	54.655274520744	-421.921319950506	-198.873047707497	11.297914281496	140.970589581130	-388.635790383990	
0.403448275862	0.139258986238	-1.077283103021	-0.529567445822	54.819404140254	-424.073299634982	-208.464621323024	13.696150892419	147.729826577323	-390.865283283861	
0.404310344828	0.141599428178	-1.083509706402	-0.526340754075	55.740720861245	-426.524406715178	-207.194431702447	10.375524702863	147.377785779215	-392.778364792566	
0.405172413793	0.141550926023	-1.073200968091	-0.519433382863	55.721627951440	-422.466364165130	-204.475339855778	6.782838054253	146.869233783072	-389.443061579437	
0.406034482759	0.143883011898	-1.068719680746	-0.516293608645	56.639655301288	-420.702302048519	-203.239365385653	5.783899179467	147.874599988667	-387.764057734377	
0.406896551724	0.146592669599	-1.077424712242	-0.515917262689	57.706314082953	-424.129044210892	-203.091216518451	5.326281690916	149.580592846352	-389.906297242478	
0.407758620690	0.147190102066	-1.072354323836	-0.520844300177	57.941493820551	-422.133082020485	-205.030748512372	5.826940405082	152.808391693394	-386.943119784300	
0.408620689655	0.146272667042	-1.066860736431	-0.528531104266	57.580344837083	-419.970527227526	-208.056664694083	6.724100015884	156.709145960029	-383.947944956357	
0.409482758621	0.145709448693	-1.060413069984	-0.522199432528	57.358633512314	-417.432398505980	-205.564197376348	3.679984356766	156.692297494451	-380.769824096066	
0.410344827586	0.143703702196	-1.053447701666	-0.515986910819	56.569069902917	-414.690476055392	-203.118633556962	1.067499957898	156.168668148068	-378.566554401079	
0.411206896552	0.142989334988	-1.052585556267	-0.512158137977	56.287858717003	-414.351091874203	-201.611434262323	-1.025655426669	155.124139437338	-378.119146734465	
0.412068965517	0.147224987243	-1.054816434037	-0.520235134156	57.955226396479	-415.229278577387	-204.790949852458	0.772726664031	156.427027374010	-377.319853946028	
0.412931034483	0.152719262902	-1.056816804206	-0.534004445923	60.118052121346	-416.016725791449	-210.211249732993	3.954474159561	159.663092729625	-376.607163785723	
0.413793103448	0.158588011467	-1.049301827197	-0.542640064217	62.428289385542	-413.058449468384	-213.610667336495	7.262935918974	161.099922791077	-372.878686522118	
0.414655172414	0.163004811095	-1.048973730588	-0.542198728277	64.166965864005	-412.929293992945	-213.436935113466	7.969495279378	160.515961650075	-371.995874050425	
0.415517241379	0.167692550011	-1.055628276566	-0.531575449787	66.012297796132	-415.548860996589	-209.255073586463	6.779231900784	156.481822198851	-373.972370710210	
0.416379310345	0.170086557401	-1.052787900535	-0.521987648886	66.954700596509	-414.430744846597	-205.480828587114	7.673491135930	152.352041902513	-373.448438083340	
0.417241379310	0.171512018841	-1.053439956564	-0.515465342068	67.515834558974	-414.687427190340	-202.913317627835	8.562243624380	150.355378125602	-373.945569338994	
0.418103448276	0.168834380436	-1.057095391111	-0.498726317316	66.461780197348	-416.126391735193	-196.323988008391	6.786268535873	145.108213131944	-375.534499725629	
0.418965517241	0.164886257593	-1.054565277154	-0.482889071064	64.907598685702	-415.130410482533	-190.089644170243	5.305606376706	140.894497387311	-375.689126330546	
0.419827586207	0.157790677293	-1.054334929563	-0.463441842363	62.114418191255	-415.039733981088	-182.434228039634	2.939801113534	135.009757602375	-376.909512716412	
0.420689655172	0.150984668884	-1.057270372733	-0.456659572835	59.435227888127	-416.195273381673	-179.764382564901	1.989539373135	132.560783688509	-379.428839493192	
0.421551724138	0.147782112422	-1.061619870409	-0.460620029094	58.174539140334	-417.907456396308	-181.323419134617	1.764670443415	133.047363572796	-381.442065317113	
0.422413793103	0.147856596081	-1.068171007613	-0.468619496612	58.203859688334	-420.486316458838	-184.472415509344	1.867821863463	134.452969964969	-383.456043356202	
0.423275862069	0.149747741286	-1.072666801862	-0.475187467104	58.948310413507	-422.256089229134	-187.057902008170	1.701866761211	135.618073930728	-385.036537258589	
0.424137931034	0.152961451996	-1.068410915008	-0.479201679728	60.213390039063	-420.580756184524	-188.638099811346	1.741157049745	136.595252018178	-384.355382906936	
0.425000000000	0.153493162079	-1.065572025111	-0.475907954101	60.422698111337	-419.463225052404	-187.341522253511	1.344603833741	135.756620632937	-384.731400252837	
0.425862068966	0.152957644018	-1.067340623688	-0.467608288599	60.211891025751	-420.159435205673	-184.074352718293	0.659080211092	133.252792176939	-385.730458359328	
0.426724137931	0.151776008698	-1.071271968828	-0.457103209644	59.746739397915	-421.707012161834	-179.939020526640	-0.008410625235	130.129228916513	-387.736255867335	
0.427586206897	0.150433808621	-1.071381111765	-0.450558187199	59.218381333272	-421.749976360555	-177.362567543582	0.261378311995	128.673235740934	-387.787703630228	
0.428448275862	0.147358635765	-1.073575523330	-0.445789620182	58.007837237388	-422.613808115110	-175.485417568849	1.552075962080	126.774299640568	-388.966969636746	
0.429310344828	0.142528767072	-1.079598302592	-0.433523037932	56.106555812104	-424.984679678491	-170.656668286990	0.308424779776	122.614542400371	-391.967607441850	
0.430172413793	0.137771107847	-1.083571560226	-0.425730111090	54.233699698002	-426.548755519375	-167.588976804207	-1.864144188192	119.759386623064	-394.824243012407	
0.431034482759	0.137072344518	-1.087655643405	-0.425304252847	53.958630990548	-428.156457918719	-167.421337388402	-3.518430964399	118.916025567746	-396.254106990226	
0.431896551724	0.140586784426	-1.092770215665	-0.439656338147	55.342092890383	-430.169813116165	-173.071046506446	-1.674938264919	122.869487604694	-396.745324323226	
0.432758620690	0.145651948428	-1.098599986584	-0.456860754537	57.335998490156	-432.464706800755	-179.843577892282	1.124876770093	128.130417603145	-397.076764057586	
0.433620689655	0.148787597191	-1.095419694710	-0.473325434490	58.570348972119	-431.212782524993	-186.324911476166	4.134287842318	133.808847348691	-394.777161051453	
0.434482758621	0.150570503200	-1.092453179989	-0.476956224867	59.272191256387	-430.045011785289	-187.754174825163	3.955511027281	136.129387175414	-392.587230603315	
0.435344827586	0.151788206574	-1.095172726379	-0.477112544205	59.751541100806	-431.115563256517	-187.815710049435	4.670004892917	136.665376721696	-393.040498294028	
0.436206896552	0.151735568672	-1.093826452097	-0.470757368177	59.730820151330	-430.585601378007	-185.313990250459	4.385460917341	135.778010264395	-391.265736555119	
0.437068965517	0.152082914791	-1.089884373310	-0.464225719423	59.867553210894	-429.033799113851	-182.742801830928	4.203072215040	134.743083643472	-389.296175446339	
0.437931034483	0.148191517997	-1.085483565603	-0.447528831243	58.335701951359	-427.301417866680	-176.170059304713	2.412952181031	129.138253832258	-387.883016111103	
0.438793103448	0.143440218778	-1.080145497792	-0.435414448862	56.465349458165	-425.200083478632	-171.401223615109	0.118663869334	125.031975868384	-387.529913885890	
0.439655172414	0.142506752649	-1.082112047085	-0.443245599142	56.097889817982	-425.974217079251	-174.483961782902	0.855311316479	126.777475467056	-388.520953895168	
0.440517241379	0.146670086149	-1.089141885450	-0.464263450462	57.736789165753	-428.741518211840	-182.757654682566	5.113621812558	132.074732960117	-389.647810592824	
0.441379310345	0.151411380902	-1.091304809257	-0.485196244435	59.603203393128	-429.592954787307	-190.997864693962	9.837216180624	137.372200646816	-389.319869311167	
0.442241379310	0.155776525576	-1.085765577723	-0.502068377253	61.321545860638	-427.412432148941	-197.639592403359	13.577899382436	142.133132077367	-386.954240026864	
0.443103448276	0.159204882283	-1.080927611589	-0.501508815447	62.671121043716	-425.507963160021	-197.419320479666	13.485743169464	141.903699422056	-385.928507300108	
0.443965517241	0.164520690427	-1.082906303890	-0.487180495560	64.763692897544	-426.286876864855	-191.778966634215	11.148653499074	138.302668192976	-386.434578815480	
0.444827586207	0.169741585582	-1.078497235188	-0.476295855928	66.818902181816	-424.551243670957	-187.494220098017	10.673801247776	135.717527187217	-384.842713229255	
0.445689655172	0.170391185220	-1.078293257090	-0.475859548316	67.074617565422	-424.470947540194	-187.322467280265	12.391356154663	135.332292097283	-385.316376592020	
0.446551724138	0.168963601350	-1.079371629824	-0.476715033236	66.512648106999	-424.895449773859	-187.659229559223	14.301616430501	134.839686572079	-385.950668093248	
0.447413793103	0.166542574182	-1.077650019246	-0.478763077632	65.559608950497	-424.217736481331	-188.465443768048	15.933640169768	135.070379892066	-385.704718404097	
0.448275862069	0.162754019996	-1.078314735137	-0.483448204120	64.068241760288	-424.479402389199	-190.309747315929	18.222100386147	135.591479299433	-386.827124011239	
0.449137931034	0.158944774078	-1.073697187009	-0.491461436765	62.568729254282	-422.661701113294	-193.464162343069	20.166091952736	136.666947073815	-385.655958583228	
0.450000000000	0.155600313373	-1.070100372826	-0.495898018331	61.252179795151	-421.245812518813	-195.210625996190	20.447194104205	137.439821484561	-385.769575971875	
0.450862068966	0.154577893848	-1.072564867695	-0.488028652540	60.849703584025	-422.215962767998	-192.112844264191	18.165212430952	135.022886651186	-387.395565495111	
0.451724137931	0.154880604186	-1.071578218348	-0.482724976145	60.968865734781	-421.827567514466	-190.025048082630	17.314769185501	134.151687218845	-387.424177955370	
0.452586206897	0.156377782860	-1.061083217619	-0.479414652884	61.558231240429	-417.696202624040	-188.721936853837	17.730248885399	134.133224599438	-383.923884503376	
0.453448275862	0.160843058222	-1.053771843492	-0.484436960207	63.315990227966	-414.818074727837	-190.698971889646	19.317678400929	137.334652241015	-380.476226237983	
0.454310344828	0.168397413424	-1.056150107156	-0.485479827636	66.289767806004	-415.754279998870	-191.109497433540	19.019245176249	139.367807361067	-379.497281526186	
0.455172413793	0.172079319257	-1.061691008509	-0.476810572834	67.739152792292	-417.935459962527	-187.696838793282	16.411365316184	138.230700459498	-380.798336725321	
0.456034482759	0.170040395226	-1.057921214609	-0.470552801754	66.936528821976	-416.451477773020	-185.233462524990	14.426865142842	138.146153181663	-380.285486983551	
0.456896551724	0.168488571428	-1.048497826953	-0.469040550830	66.325652222732	-412.741954170785	-184.638163817367	13.965009659970	138.861641814013	-377.436269773316	
0.457758620690	0.163613435273	-1.049749268941	-0.466328903862	64.406551227068	-413.234585245920	-183.570721959167	13.940703826126	138.859156906355	-378.256421185250	
0.458620689655	0.156772834843	-1.057087375835	-0.465250427234	61.713743749215	-416.123236515563	-183.146178827480	13.047047599574	139.820670122984	-381.621790552585	
0.459482758621	0.154406959545	-1.055638354901	-0.484650829187	60.782415167675	-415.552828340552	-190.783161573633	15.644621858203	146.189202364678	-381.693291979005	
0.460344827586	0.157964803769	-1.053437008542	-0.503275613957	62.182963208594	-414.686266699162	-198.114822035350	17.320859376228	150.702965383405	-380.253618905255	
0.461206896552	0.158313011375	-1.053947973527	-0.502359100227	62.320035393520	-414.887408448080	-197.754035719596	14.659214371619	149.771790659797	-379.386642335558	
0.462068965517	0.156165700044	-1.049641755557	-0.491188144910	61.474744680982	-413.192262521777	-193.356580799631	10.922584908367	146.197771378338	-378.153274814128	
0.462931034483	0.155114023906	-1.045411524810	-0.478916946831	61.060751582301	-411.527029022672	-188.526014493380	8.817648595307	142.115674009071	-377.426687782481	
0.463793103448	0.155737429107	-1.046874537752	-0.466172055420	61.306155506364	-412.102945162044	-183.508978452689	7.163683249690	138.676341282653	-377.662630718106	
0.464655172414	0.157801662955	-1.047238478494	-0.455646237424	62.118742704991	-412.246210707549	-179.365482321794	5.497717814490	136.506457141552	-376.906195795135	
0.465517241379	0.156588840830	-1.050880687619	-0.447264133855	61.641314368011	-413.679969055141	-176.065860979490	3.919935408085	134.329803898110	-377.423355036021	
0.466379310345	0.150649578017	-1.054604318926	-0.429424832393	59.303319117596	-415.145779305531	-169.043406610021	0.533250665959	128.315690308193	-379.089793215506	
0.467241379310	0.144804192361	-1.054167569857	-0.406790693232	57.002278679992	-414.973852707532	-160.133460791999	-4.459439739638	121.650974517570	-380.202961206398	
0.468103448276	0.141999563940	-1.048607794644	-0.398925768695	55.898234603117	-412.785243034597	-157.037427362740	-6.735123660046	119.362576642207	-378.598931883422	
0.468965517241	0.145600402096	-1.053068798958	-0.408872899129	57.315707237874	-414.541320720896	-160.953122701730	-5.694025278594	121.952578288396	-379.049093198478	
0.469827586207	0.152198611464	-1.062189660195	-0.428077398555	59.913097292966	-418.131754572201	-168.512988271595	-2.548224775323	126.398696067708	-380.155840550742	
0.470689655172	0.157835029619	-1.073598172970	-0.439067897897	62.131877517396	-422.622724162922	-172.839406561522	-0.897201556843	128.607539894371	-382.482600808215	
0.471551724138	0.159430876812	-1.083935490031	-0.441622850155	62.760083959049	-426.692016759546	-173.845165429957	-1.141186924212	127.845175676461	-384.863828981597	
0.472413793103	0.156878939744	-1.079535118941	-0.448663372309	61.755512022551	-424.959807387111	-176.616672244294	0.420911955560	129.520404284164	-384.329608587708	
0.473275862069	0.155175512791	-1.070380067496	-0.448338610356	61.084956727948	-421.355914535070	-176.488829458464	0.533115769890	130.500505055417	-381.652161068998	
0.474137931034	0.157904685847	-1.072498756955	-0.454446607832	62.159297743905	-422.189938225862	-178.893247235432	1.669406929379	132.898810363731	-381.869061226101	
0.475000000000	0.160283357262	-1.079374034280	-0.460886341998	63.095663526339	-424.896396289827	-181.428253408649	2.926564904865	135.587457446168	-383.710155588716	
0.475862068966	0.156467979255	-1.076985872560	-0.451178571110	61.593737118494	-423.956294641458	-177.606782134431	1.321220236970	133.399996698772	-383.921168932011	
0.476724137931	0.151040797434	-1.067851341089	-0.436534321727	59.457322933649	-420.360479492795	-171.842062406225	-0.367503506356	129.071341471655	-382.898524689094	
0.477586206897	0.147299188663	-1.065732392016	-0.424735811991	57.984435840990	-419.526353604510	-167.197570220037	-1.881672793654	124.838102728813	-383.468825067981	
0.478448275862	0.145171666251	-1.072337601214	-0.413406348572	57.146935051819	-422.126499148021	-162.737718467319	-4.622481844044	120.690743048789	-386.203801289452	
0.479310344828	0.145941485297	-1.081401355393	-0.411751818530	57.449974895211	-425.694452762832	-162.086411478273	-6.909450842108	119.450153258665	-389.281585693304	
0.480172413793	0.148875193445	-1.083941242001	-0.424596932267	58.604831302851	-426.694281026632	-167.142900112532	-5.978551445979	122.462958691995	-389.749403238129	
0.481034482759	0.150443312864	-1.082637728750	-0.440787694930	59.222122685714	-426.181152059887	-173.516405950474	-3.927851316958	126.479619317882	-389.514321821295	
0.481896551724	0.149740994178	-1.081995633242	-0.450710150424	58.945654409344	-425.928390682973	-177.422387980688	-3.023577730391	129.835653607477	-389.462880993898	
0.482758620690	0.151104369364	-1.083090558185	-0.454249764371	59.482348071360	-426.359408705772	-178.815759659762	-2.953279858022	131.298383137053	-389.744859600713	
0.483620689655	0.152692048997	-1.085225105287	-0.455758646623	60.107339347256	-427.199674769904	-179.409732287182	-2.249733752704	131.842943054127	-389.905232261883	
0.484482758621	0.152064811234	-1.087824133762	-0.453475294902	59.860426732169	-428.222784274104	-178.510889173797	-2.249225814859	131.805410142445	-390.311784716459	
0.485344827586	0.147309412701	-1.082118836130	-0.451008731433	57.988460541477	-425.976889591805	-177.539924618362	-3.364644443952	131.712379410626	-388.851705612364	
0.486206896552	0.143093334569	-1.074809415699	-0.448837890092	56.328798229638	-423.099530769497	-176.685371300189	-4.651802738030	131.792384997113	-387.577785982799	
0.487068965517	0.141769538711	-1.068407415582	-0.457983024920	55.807684999681	-420.579378633054	-180.285360468334	-4.053224815289	134.651226953935	-385.572337345619	
0.487931034483	0.143437688705	-1.072274450107	-0.473859616461	56.464353492947	-422.101639667473	-186.535192609048	-2.285576397571	138.708246816450	-386.244086846221	
0.488793103448	0.148351535472	-1.081855195334	-0.486228232332	58.398692949998	-425.873107195429	-191.404107502111	-0.572556617247	141.608809471551	-388.243437600465	
0.489655172414	0.154130286233	-1.083058587357	-0.488217881983	60.673502511368	-426.346823365702	-192.187334576104	-0.280608579871	141.299492461941	-387.674439508551	
0.490517241379	0.158261102377	-1.081471945358	-0.482239681276	62.299601377399	-425.722240555276	-189.834011394120	-1.580342591915	139.475605325011	-385.740004048810	
0.491379310345	0.160206699736	-1.077672406067	-0.473003071605	63.065487233652	-424.226549070344	-186.198013085592	-2.980392825166	136.658757256462	-384.129782750010	
0.492241379310	0.160928058615	-1.074682658622	-0.473829436068	63.349450696334	-423.049632751203	-186.523312074677	-1.423933159976	136.976121619346	-382.865113316089	
0.493103448276	0.161589256703	-1.079858953547	-0.483732818701	63.609731818272	-425.087285122192	-190.421786058853	1.836343329854	140.158573069209	-383.238957876712	
0.493965517241	0.162062653154	-1.088097564044	-0.492545324338	63.796084685337	-428.330420309029	-193.890835497073	2.742450075012	144.308906259780	-385.090422935831	
0.494827586207	0.161267110585	-1.081647635487	-0.498259941638	63.482918757846	-425.791401105993	-196.140398873773	3.211122422551	146.957030138496	-383.001242743208	
0.495689655172	0.161254074736	-1.075861146237	-0.505984819071	63.477787186273	-423.513545282808	-199.181302655450	4.946446941709	149.794729026319	-380.612838634170	
0.496551724138	0.159687224519	-1.075741043092	-0.513042452301	62.860995425766	-423.466266590119	-201.959545257947	5.696936639330	152.235413017649	-380.913999916704	
0.497413793103	0.156800628037	-1.074632247761	-0.525303319433	61.724684560483	-423.029788478055	-206.786044779178	8.938961100726	155.145010662318	-381.341739050105	
0.498275862069	0.151926863823	-1.071100228156	-0.519808532704	59.806123630909	-421.639406317672	-204.623017871628	9.312047272032	152.815767066957	-382.089347539025	
0.499137931034	0.148057331743	-1.062553703682	-0.508288900837	58.282879431719	-418.275060563072	-200.088306166920	8.965565160490	148.031276640012	-381.151586734488	
0.500000000000	0.150113945478	-1.068505164267	-0.492254793938	59.092466967812	-420.617857476011	-193.776467987831	8.112285463307	142.785271513823	-383.395668127693	
0.500862068966	0.154859960774	-1.069949968024	-0.479838458988	60.960739440262	-421.186605556131	-188.888768443698	7.885523456115	138.796222178295	-383.569027051979	
