dbx_v3_0_0_0										
Time	Cx	Cy	Cz	Fx	Fy	Fz	Mx	My	Mz	
0.000000000000	0.000000000000	0.000000000000	0.000000000000	0.000000000000	0.000000000000	0.000000000000	0.000000000000	0.000000000000	0.000000000000	
0.000862068966	-0.081454560997	-16.266988130909	-0.277343993222	-32.064613118083	-6403.504906632342	-109.176548672009	327.275850579095	78.364663730724	-4898.596226409560	
0.001724137931	-0.186176996751	-2.338499058803	-0.048063183970	-73.288632327188	-920.550877438940	-18.920087228341	260.768443850226	17.229203763265	-736.100558401208	
0.002586206897	-0.140211737231	-0.472266140240	-0.211595494542	-55.194393707260	-185.907712105260	-83.294631840690	-33.403434604240	37.795214324662	-341.699998058521	
0.003448275862	-0.147772812968	-1.142244409469	-0.163135625016	-58.170813508620	-449.644864909455	-64.218389220415	27.946803475338	42.455045726094	-509.758768073956	
0.004310344828	-0.130962478527	-1.596875658356	-0.243585439874	-51.553420158932	-628.610596582137	-95.887483710433	45.155160840293	52.465928270452	-600.945838928618	
0.005172413793	-0.131195052179	-1.633473684373	-0.155093598736	-51.644972848794	-643.017420837848	-61.052643089382	81.841352857409	37.263923914923	-608.085845365898	
0.006034482759	-0.138851993730	-1.435101770369	-0.105482141470	-54.659130257607	-564.928255564183	-41.523077599163	57.218507705694	26.074328980918	-555.233221201094	
0.006896551724	-0.139266968594	-1.461044867360	-0.127766844166	-54.822485240911	-575.140763714690	-50.295457704782	71.975924561006	24.618660792770	-557.181323580974	
0.007758620690	-0.136733876390	-1.399984149220	-0.099571452810	-53.825332711867	-551.104193142258	-39.196333180750	67.449005688424	23.817972213008	-539.998633045760	
0.008620689655	-0.132976234883	-1.370328538258	-0.071235737553	-52.346135970857	-539.430252719040	-28.041970110272	49.875174355592	10.875089071739	-530.167158588963	
0.009482758621	-0.135072110805	-1.353714719251	-0.072112653094	-53.171178175662	-532.890217730675	-28.387168184046	57.429142045360	6.922674062882	-525.870938633283	
0.010344827586	-0.133735738868	-1.345535892739	-0.048109092786	-52.645114949543	-529.670620145858	-18.938159247877	59.120437823973	-3.650539023652	-522.558499741824	
0.011206896552	-0.131908663778	-1.319610528549	-0.052024358694	-51.925886275420	-519.465092517536	-20.479404883061	48.560234838886	-5.262868060712	-517.366895657118	
0.012068965517	-0.127773715453	-1.294711397087	-0.045244181857	-50.298162589016	-509.663541720275	-17.810386175163	45.305406030982	-10.976174299902	-513.318093772556	
0.012931034483	-0.126549269002	-1.339016802884	-0.033766364321	-49.816158865055	-527.104378409035	-13.292139753571	49.887330467412	-18.534013705245	-525.672332015832	
0.013793103448	-0.127071047255	-1.321906148588	-0.029367615406	-50.021557035565	-520.368764055800	-11.560570883649	49.908045196233	-24.439933346774	-523.640554829318	
0.014655172414	-0.122388943867	-1.276427058906	-0.013928802555	-48.178445589644	-502.465906342716	-5.483077431802	45.253440268290	-32.206326126537	-514.156118655732	
0.015517241379	-0.120693161869	-1.280454935421	-0.009027687091	-47.510900481752	-504.051481177863	-3.553751814352	44.510478292480	-36.601523382794	-516.053714487914	
0.016379310345	-0.126386797527	-1.293101110386	-0.022440413155	-49.752201918758	-509.029651862549	-8.833675575976	44.665357224213	-37.707959543040	-520.656980658095	
0.017241379310	-0.132414784676	-1.298369026879	-0.042906200770	-52.125120923323	-511.103368818574	-16.890039197615	39.365921619824	-38.725293693390	-524.355842156008	
0.018103448276	-0.137638008757	-1.284559519110	-0.062930598675	-54.181244697842	-505.667251816061	-24.772649623291	34.316305405877	-36.916843306170	-523.343072628882	
0.018965517241	-0.141227032901	-1.265661612417	-0.049908471545	-55.594065161314	-498.228085004141	-19.646485252853	35.258353383000	-43.879912608345	-520.812595219471	
0.019827586207	-0.145391004826	-1.263700616902	-0.020331940130	-57.233213996865	-497.456138513354	-8.003674517926	38.052378808453	-54.434711184782	-523.329685923983	
0.020689655172	-0.149601014413	-1.275830237360	-0.006311277961	-58.890485572403	-502.230967356655	-2.484436520550	40.002518325727	-59.159206281026	-528.541817683533	
0.021551724138	-0.146322661332	-1.282441821352	-0.009343891194	-57.599960868528	-504.833619439181	-3.678225657179	40.388593229246	-60.688266520207	-531.331339527035	
0.022413793103	-0.137908212442	-1.272546228911	-0.021163252437	-54.287610461833	-500.938216415311	-8.330920864312	40.328410358223	-57.546637862464	-527.741246913182	
0.023275862069	-0.132583340669	-1.271098773386	-0.014910038084	-52.191473042086	-500.368425100495	-5.869341101094	40.509776420947	-58.169720936084	-526.754474902864	
0.024137931034	-0.126883139746	-1.266670391278	-0.002613273850	-49.947587186481	-498.625191114596	-1.028716058761	42.151337919395	-60.428621500987	-524.708336860589	
0.025000000000	-0.119758655113	-1.262444442451	0.000449422592	-47.143031608409	-496.961645052501	0.176915342096	43.400351410957	-59.461665422773	-521.372169258559	
0.025862068966	-0.111011660966	-1.257442066625	-0.003217750743	-43.699774658237	-494.992458261939	-1.266668574658	46.515854872915	-55.225117439615	-516.559857535331	
0.026724137931	-0.100155908494	-1.249682952076	-0.009295566023	-39.426404341442	-491.938080421032	-3.659202438630	48.268353216366	-49.782911779114	-511.103192582118	
0.027586206897	-0.094262839465	-1.245905717353	-0.022193435472	-37.106595896507	-490.451170804697	-8.736452734416	50.415735123918	-43.630199176170	-507.329654791742	
0.028448275862	-0.092901888432	-1.236495742155	-0.025614138418	-36.570857101804	-486.746931158986	-10.083013506852	53.547392775465	-40.797389256366	-503.213719533130	
0.029310344828	-0.092629863546	-1.223626044785	-0.025425800141	-36.463774420987	-481.680770810585	-10.008874085725	60.374755449996	-38.604253891259	-497.389927367566	
0.030172413793	-0.091807198693	-1.220197269982	-0.018849769704	-36.139932147395	-480.331032549541	-7.420217671483	63.267262596461	-40.659017031613	-495.396221448016	
0.031034482759	-0.091456332622	-1.217798631258	-0.033572114272	-36.001813610105	-479.386807674286	-13.215673161933	65.880440131128	-37.209653780311	-494.712446375825	
0.031896551724	-0.092639615400	-1.213667642264	-0.048949179191	-36.467613241429	-477.760642579463	-19.268859521094	66.733185808228	-36.198022365615	-493.636025331433	
0.032758620690	-0.089012059345	-1.212754595035	-0.056857331216	-35.039624679155	-477.401221255561	-22.381906010324	67.454725604073	-37.236134498411	-493.284706046293	
0.033620689655	-0.084350011318	-1.221004580867	-0.033704583324	-33.204408031863	-480.648830729061	-13.267819645089	68.183073590694	-44.959445068596	-495.772593058082	
0.034482758621	-0.075800032116	-1.224404638941	-0.009444971714	-29.838706075808	-481.987264640926	-3.718016034964	69.554919823106	-48.011994821457	-496.375172028272	
0.035344827586	-0.069054585741	-1.223404882142	-0.005927103039	-27.183359024863	-481.593710067900	-2.333205943815	70.313061244538	-45.737520228325	-494.482764190523	
0.036206896552	-0.067155259754	-1.222823053642	-0.000433411614	-26.435688762934	-481.364673098786	-0.170612615848	70.425174727597	-44.661178016121	-493.236855850755	
0.037068965517	-0.067462380675	-1.225248089277	0.014396139603	-26.556587008554	-482.319289126397	5.667044805131	69.419144594848	-47.833550913488	-493.310015686070	
0.037931034483	-0.069503657277	-1.221767896252	0.026336439709	-27.360136173887	-480.949310066277	10.367347633462	66.956345655356	-48.505515162009	-491.378709607683	
0.038793103448	-0.071728612889	-1.218153939784	0.044396127541	-28.235990638612	-479.526674985395	17.476549331408	64.444679554945	-50.502778612424	-489.834116177609	
0.039655172414	-0.073883082190	-1.212191239406	0.065159111989	-29.084098144725	-477.179456137984	25.649904578428	65.117941870266	-53.268875351938	-487.685802318273	
0.040517241379	-0.075947802721	-1.214264786514	0.081144034082	-29.896876020333	-477.995708598292	31.942374102011	65.870782998105	-54.553153015660	-487.720323077877	
0.041379310345	-0.075288292564	-1.207829483483	0.075550723314	-29.637259643017	-475.462449570739	29.740565588777	68.786759076525	-51.728362647344	-485.611893440341	
0.042241379310	-0.074181697248	-1.195110509818	0.058636018821	-29.201648054574	-470.455621655314	23.082086936265	69.834434349060	-45.229666876201	-481.567609947597	
0.043103448276	-0.074990866793	-1.183564731101	0.045394103684	-29.520177896261	-465.910622294268	17.869402948824	69.596869793214	-42.522432299304	-477.898705897757	
0.043965517241	-0.078941258252	-1.179540410184	0.037858770265	-31.075250715237	-464.326447121156	14.903116618822	70.081585758636	-41.811458865165	-477.162603484231	
0.044827586207	-0.079403559246	-1.178796332129	0.041248608342	-31.257235644568	-464.033540564642	16.237527425839	70.252957429275	-43.933573472824	-476.118318130362	
0.045689655172	-0.077015793403	-1.179624391605	0.036798946607	-30.317290882186	-464.359506433505	14.485916708014	69.342530522813	-43.057390573909	-475.313177716466	
0.046551724138	-0.076245612834	-1.181895380361	0.052210300552	-30.014109063337	-465.253481859379	20.552600953156	66.254706480720	-49.635839870394	-477.071408941527	
0.047413793103	-0.077492321824	-1.182468323707	0.075219637542	-30.504876442642	-465.479021184473	29.610233572381	64.508080896749	-54.920365959329	-477.062369243772	
0.048275862069	-0.073255997489	-1.184163879991	0.090045652580	-28.837246058419	-466.146477439776	35.446498975383	61.785631613006	-56.896562559975	-476.816282030669	
0.049137931034	-0.067956592926	-1.192447918373	0.093923167424	-26.751133813873	-469.407491709998	36.972883892450	60.526880887381	-55.399121300444	-477.701261034363	
0.050000000000	-0.066168942907	-1.202436005337	0.099477842367	-26.047424831255	-473.339305231068	39.159483400934	60.835632292150	-54.187942312277	-479.496812337443	
0.050862068966	-0.069526077238	-1.212216039614	0.109394659421	-27.368961798544	-477.189218747771	43.063241500102	60.822214073103	-55.822113360844	-482.100143410784	
0.051724137931	-0.071659540068	-1.215785704123	0.122504628558	-28.208800101063	-478.594418285319	48.223984903701	58.409794620457	-59.677817830168	-483.552305455534	
0.052586206897	-0.069368548039	-1.215619375228	0.143912722155	-27.306950380825	-478.528942864440	56.651287566597	56.500372692734	-66.963815538410	-484.866802147909	
0.053448275862	-0.067131295366	-1.213656964033	0.151101712404	-26.426255174384	-477.756439090809	59.481235800587	57.922007017179	-68.076239313021	-485.244239912157	
0.054310344828	-0.063081242497	-1.210972761252	0.149986126644	-24.831950610284	-476.699801836135	59.042085121268	59.044807472498	-65.326754209022	-483.639775226276	
0.055172413793	-0.059008479488	-1.205973288048	0.148079765976	-23.228706192671	-474.731757664003	58.291645655141	59.150684273555	-61.859969443613	-480.841880624775	
0.056034482759	-0.057592390061	-1.199636684499	0.151780717694	-22.671262152248	-472.237351717918	59.748526443016	58.002588291374	-61.825654024843	-479.187966477994	
0.056896551724	-0.058364242610	-1.198063635125	0.148351594382	-22.975102146539	-471.618120345527	58.398650991051	57.883471272681	-60.123444719189	-479.142403537238	
0.057758620690	-0.060152709350	-1.202629185270	0.139351064545	-23.679132631596	-473.415350571476	54.855589638211	59.965525847561	-56.753007870443	-480.853195183511	
0.058620689655	-0.059951388694	-1.199326963509	0.133595870692	-23.599882693392	-472.115429954395	52.590055798895	63.630577999326	-54.915526630223	-479.744331576577	
0.059482758621	-0.057578908935	-1.196919410777	0.133050070989	-22.665955302555	-471.167696077156	52.375201576810	66.072226750035	-55.599077625188	-478.863376128298	
0.060344827586	-0.056696320403	-1.196875716231	0.128749150831	-22.318524054127	-471.150495705369	50.682143027106	67.320287112113	-55.056780009526	-478.590986267065	
0.061206896552	-0.056638937613	-1.191565843694	0.125282413176	-22.295935301106	-469.060262739927	49.317460677607	68.671866904428	-53.821515657864	-476.712925424607	
0.062068965517	-0.054317211915	-1.190435375368	0.125818852028	-21.381987262215	-468.615253533882	49.528629997457	68.716773992430	-52.222640595075	-475.736591841447	
0.062931034483	-0.051699556800	-1.192298387912	0.124126729921	-20.351546517028	-469.348628997640	48.862525606831	66.822315214452	-50.317174957858	-476.126203011360	
0.063793103448	-0.050676599226	-1.189491537009	0.122044944252	-19.948858951879	-468.243711272028	48.043030034707	65.793102327212	-48.300185632261	-476.471777885253	
0.064655172414	-0.049176739001	-1.187531890593	0.117763151372	-19.358438510561	-467.472295854730	46.357500943819	69.163372609259	-45.846479184929	-476.214850254052	
0.065517241379	-0.048368126210	-1.186057638611	0.109772314754	-19.040127835333	-466.891956105880	43.211905638611	73.606027682393	-42.129226235247	-474.915117147055	
0.066379310345	-0.047600379726	-1.180108822468	0.104816166569	-18.737904194516	-464.550202792282	41.260916373549	77.814773858619	-41.819700795085	-472.621194253898	
0.067241379310	-0.049068615272	-1.177118115814	0.112486576439	-19.315875571453	-463.372910193207	44.280375590034	78.442272985451	-44.844957371610	-472.209906075838	
0.068103448276	-0.052556284652	-1.177945571050	0.111515274686	-20.688797700952	-463.698638202670	43.898022354758	78.280994798132	-43.979727239440	-472.417182493529	
0.068965517241	-0.053505964296	-1.174738076825	0.097870696747	-21.062639386247	-462.436007109746	38.526830030979	78.363630726300	-38.680422656279	-471.246922910207	
0.069827586207	-0.052946531646	-1.170136768787	0.100629280897	-20.842418550554	-460.624700778073	39.612747534366	79.944783643848	-39.703739341812	-469.603680513196	
0.070689655172	-0.049673089408	-1.171795356556	0.105206925429	-19.553827001794	-461.277604365781	41.414738719701	82.067210161596	-42.351358833619	-470.780948016167	
0.071551724138	-0.043170076929	-1.175097037396	0.110931053928	-16.993914129014	-462.577312049356	43.668043672844	84.265491964417	-44.550694115435	-471.661583235158	
0.072413793103	-0.038242289210	-1.177423085685	0.105269592579	-15.054088970149	-463.492961677338	41.439407662439	84.673554849171	-42.475859627951	-471.243538266764	
0.073275862069	-0.037700125328	-1.180580005306	0.096612675047	-14.840665990291	-464.735684062031	38.031609399978	83.888802157720	-39.685947168324	-470.724696066786	
0.074137931034	-0.040710827949	-1.179237667595	0.097846135236	-16.025830007960	-464.207272407197	38.517161384680	81.651171490083	-39.664498517192	-470.358272785898	
0.075000000000	-0.041738457723	-1.170002072863	0.113692993636	-16.430356785919	-460.571677685987	44.755282092673	81.247291815008	-44.055724033227	-468.502436376724	
0.075862068966	-0.038123054378	-1.158877348654	0.128442909152	-15.007152141597	-456.192426561805	50.561590895496	83.528116658650	-47.687950875383	-464.690251320176	
0.076724137931	-0.033007820211	-1.150778961213	0.140908691318	-12.993538630271	-453.004493841872	55.468749899076	84.952669256467	-50.805334147269	-461.756628913112	
0.077586206897	-0.030654793176	-1.142410487069	0.141392875020	-12.067268810646	-449.710241408125	55.659348962731	83.875918930437	-51.989977394068	-459.910231475208	
0.078448275862	-0.031030458447	-1.147905316222	0.137493823244	-12.215149560824	-451.873282603086	54.124486025706	79.806038274680	-51.782351379674	-461.885704490381	
0.079310344828	-0.034527250540	-1.152085489262	0.113473860430	-13.591662849036	-453.518809012524	44.669020238573	78.881094866381	-45.397447467709	-463.194430428669	
0.080172413793	-0.038731328342	-1.152396076745	0.101221006270	-15.246599375445	-453.641071871293	39.845680410601	80.978134599698	-42.849462525777	-463.146109719425	
0.081034482759	-0.040590481457	-1.150702458168	0.103218112862	-15.978455573913	-452.974378394891	40.631842037607	85.396695885311	-44.932534993448	-463.467677258216	
0.081896551724	-0.040699953051	-1.158169466493	0.115683572285	-16.021549100698	-455.913768530332	45.538873993229	87.050500144305	-47.753537174493	-465.944892148584	
0.082758620690	-0.040311409627	-1.152164696199	0.117491818353	-15.868598861952	-453.549988847745	46.250690617009	86.174264577357	-47.825212371017	-464.688451716756	
0.083620689655	-0.037485347058	-1.144241718428	0.104321826234	-14.756118457918	-450.431106198795	41.066319148015	83.778227417147	-44.790440036999	-462.221137098783	
0.084482758621	-0.038536894834	-1.145242594707	0.084727932564	-15.170060565184	-450.825101455429	33.353176847407	82.618986687374	-40.041404134081	-462.168050189083	
0.085344827586	-0.040279681444	-1.151250460375	0.068655964298	-15.856109052711	-453.190099632843	27.026441570695	85.165851406369	-36.274178288158	-463.327957382241	
0.086206896552	-0.042177568887	-1.140630021920	0.067349986045	-16.603213031434	-449.009360751863	26.512342827526	89.671439300006	-36.102569113347	-460.194279910835	
0.087068965517	-0.041485298890	-1.133152878413	0.082812407329	-16.330700733040	-446.065980898809	32.599129746507	92.696592984464	-40.376464332534	-458.094341195151	
0.087931034483	-0.036856206983	-1.124298328833	0.089181087215	-14.508457272714	-442.580384719149	35.106162552250	93.551015035534	-41.655901897453	-455.854153823590	
0.088793103448	-0.033517363739	-1.118753645608	0.085572658084	-13.194120597609	-440.397718453749	33.685703309328	90.813643907638	-39.682668043352	-454.937924663451	
0.089655172414	-0.032272643315	-1.112611719752	0.072833341799	-12.704136017818	-437.979947441749	28.670867515515	89.159145853985	-34.716161832123	-453.652690689824	
0.090517241379	-0.033064787750	-1.110287566855	0.062234529105	-13.015963919529	-437.065043935112	24.498641621975	88.481152941697	-31.087191630217	-452.489164323276	
0.091379310345	-0.034195084715	-1.105660356814	0.064604913391	-13.460905669222	-435.243541272230	25.431744128741	88.317164751027	-30.953176428462	-451.209104781372	
0.092241379310	-0.033834543647	-1.100285012910	0.072629334706	-13.318978566563	-433.127535482318	28.590560060124	90.601780449291	-32.855064551368	-450.232840441907	
0.093103448276	-0.029254401593	-1.098989882984	0.077097881492	-11.516004231121	-432.617707186747	30.349604883827	91.791131128042	-34.353184073486	-449.522368035116	
0.093965517241	-0.025533670802	-1.092659129566	0.066181980460	-10.051337404811	-430.125604146591	26.052557068249	91.991853298377	-32.257915484093	-447.278573786730	
0.094827586207	-0.024228283748	-1.095098414293	0.053142382486	-9.537471387684	-431.085829333400	20.919515294272	89.490075536137	-28.643946935191	-447.839242265177	
0.095689655172	-0.026960405714	-1.105646118652	0.040568482245	-10.612972043958	-435.237936415167	15.969795577262	88.795867823316	-24.413090616110	-450.112619381942	
0.096551724138	-0.029750401647	-1.110131410518	0.042355551417	-11.711254805607	-437.003572944906	16.673275909421	90.053248218697	-24.067158045117	-450.759775231196	
0.097413793103	-0.028865358868	-1.106178745196	0.060503441524	-11.362857441973	-435.447605018712	23.817198460446	92.725619654595	-29.167311509273	-449.477193167357	
0.098275862069	-0.025745243826	-1.108955298012	0.075525243787	-10.134623191271	-436.540595893072	29.730535565072	93.787427056854	-32.402935461855	-449.734634045843	
0.099137931034	-0.024556826328	-1.110804309142	0.079070569932	-9.666802275826	-437.268459696228	31.126154298211	92.094928489797	-32.114879014628	-449.693287600389	
0.100000000000	-0.024703917103	-1.109694765862	0.069504493341	-9.724704604642	-436.831687640907	27.360465290904	88.833200917835	-28.504882629825	-448.833815005792	
0.100862068966	-0.024340388092	-1.107285603020	0.058202403065	-9.581601297147	-435.883319943306	22.911393959688	86.728031104597	-25.005860799384	-447.930538550268	
0.101724137931	-0.022055130759	-1.106143002205	0.054957212935	-8.682009041622	-435.433534779543	21.633923861836	86.890862642374	-23.628473588620	-447.387411343086	
0.102586206897	-0.024013285894	-1.103168931093	0.053521914622	-9.452837415769	-434.262790766900	21.068918237102	89.015293851502	-22.699167039830	-445.858632374788	
0.103448275862	-0.026627002652	-1.096142060031	0.054044683330	-10.481727825612	-431.496660800940	21.274706300585	91.291097024288	-21.837128896770	-443.624132306290	
0.104310344828	-0.027368892156	-1.092828327151	0.053817499471	-10.773772858118	-430.192208828045	21.185275304371	90.699845405609	-21.529349005191	-442.467721924649	
0.105172413793	-0.024475340180	-1.092614840413	0.054301301140	-9.634725228509	-430.108169707706	21.375723980728	85.897004778320	-21.777373714318	-442.636840931406	
0.106034482759	-0.022710061699	-1.096877709397	0.047634771706	-8.939822808752	-431.786249401112	18.751442608220	81.036446842706	-19.685369278713	-444.461772315256	
0.106896551724	-0.025563581014	-1.103134402990	0.047449378681	-10.063111569035	-434.249198768376	18.678462586718	76.631734186027	-19.325087064689	-445.930427478745	
0.107758620690	-0.028374751342	-1.110299724270	0.056132456262	-11.169729637669	-437.069829705484	22.096558760679	75.672065349053	-22.485669139103	-447.124170451634	
0.108620689655	-0.027970437503	-1.116299804197	0.060074218498	-11.010571369977	-439.431763023561	23.648234683507	78.411849247277	-23.185457235350	-448.003509030245	
0.109482758621	-0.027905432314	-1.124579508980	0.062476663807	-10.984982057217	-442.691071371081	24.593958021964	80.118652922900	-22.958599363893	-450.424572227411	
0.110344827586	-0.026983586121	-1.124220843972	0.057504951283	-10.622097018323	-442.549882779595	22.636841850132	79.487256705336	-20.665526991917	-450.319792934189	
0.111206896552	-0.027308852006	-1.123521144831	0.046057628200	-10.750138034493	-442.274445996529	18.130599579423	76.498070744422	-17.485031661054	-449.260549094245	
0.112068965517	-0.028334014167	-1.122221675274	0.037056398971	-11.153693436077	-441.762909403708	14.587262910848	73.644069779985	-15.045818943524	-448.300275638148	
0.112931034483	-0.030077640426	-1.119418811269	0.036371259106	-11.840072451956	-440.659561121533	14.317557391205	72.448300533513	-15.118173536369	-446.617527386666	
0.113793103448	-0.032276686633	-1.111974323876	0.042108283234	-12.705727671449	-437.729036358149	16.575938712669	73.168484225698	-16.953966168609	-443.380424812170	
0.114655172414	-0.031379253380	-1.105960206474	0.055679952286	-12.352452793926	-435.361577183596	21.918430430840	75.359721465329	-21.228064428014	-440.976527469537	
0.115517241379	-0.031454711026	-1.110571230900	0.068813032318	-12.382156719549	-437.176708374058	27.088271445318	74.598255699912	-24.230861467736	-442.066411756654	
0.116379310345	-0.029914666375	-1.115369619794	0.062532146606	-11.775917666595	-439.065595645624	24.615798843222	74.072283054816	-21.216442648171	-443.151611913710	
0.117241379310	-0.030398621150	-1.119649610309	0.049591867387	-11.966426613275	-440.750415234908	19.521853928075	74.919826783961	-17.093077682018	-444.884664077819	
0.118103448276	-0.035988278802	-1.122479063029	0.049820769428	-14.166797075939	-441.864230173164	19.611961287459	75.942546968778	-16.740734417016	-445.533636140836	
0.118965517241	-0.039419578129	-1.124871231447	0.065746265549	-15.517529117113	-442.805908010309	25.881037758529	76.379461270352	-20.629277328988	-445.396558825765	
0.119827586207	-0.040207409603	-1.121059526802	0.092668924926	-15.827659220387	-441.305429298280	36.479150945509	75.987885161637	-25.469859636288	-443.231163695183	
0.120689655172	-0.040159899416	-1.122223849614	0.108210697474	-15.808956820464	-441.763765333229	42.597174513870	74.812965072584	-27.134460986591	-442.514954573784	
0.121551724138	-0.037620765301	-1.123216545026	0.106145847989	-14.809425891160	-442.154540189146	41.784345875432	73.386893236276	-26.241179125042	-442.310278172403	
0.122413793103	-0.032244632681	-1.127784133816	0.095979881916	-12.693109623116	-443.952572928547	37.782510188342	70.824471765394	-24.122597666549	-442.994046199115	
0.123275862069	-0.031873818252	-1.129688537825	0.084782431920	-12.547138408476	-444.702242155141	33.374630535411	69.012998846240	-20.814546144308	-443.121435281027	
0.124137931034	-0.032529459199	-1.134985058350	0.079857649311	-12.805231669975	-446.787219097299	31.435988339164	68.852255444765	-19.078433277510	-443.573264471544	
0.125000000000	-0.036318465345	-1.131191063732	0.089645177384	-14.296775110733	-445.293711943041	35.288851790988	69.794572946802	-22.515415787922	-442.449229018441	
0.125862068966	-0.038104134399	-1.128155879503	0.108454975774	-14.999704286163	-444.098910733168	42.693334742141	69.176652040777	-27.978426989269	-442.653813326927	
0.126724137931	-0.037208740638	-1.127552854480	0.114898387876	-14.647232255194	-443.861529746158	45.229785907966	66.029307441145	-29.722046731296	-443.100442612977	
0.127586206897	-0.034909030572	-1.130918857389	0.113854502955	-13.741950676681	-445.186557831824	44.818860286135	61.812884999643	-29.532646490074	-444.718485471082	
0.128448275862	-0.034446557541	-1.135924663399	0.109229350412	-13.559898025202	-447.157094915538	42.998167557770	58.618999718585	-28.501785070471	-446.002723007003	
0.129310344828	-0.039722760195	-1.132571326406	0.107312036986	-15.636876830786	-445.837052771396	42.243416534680	58.513935364211	-27.457554130912	-444.931983317122	
0.130172413793	-0.044809673251	-1.127564055352	0.111306432963	-17.639341728177	-443.865938972879	43.815811745985	60.945373562347	-28.439152472170	-443.138137569387	
0.131034482759	-0.044762655285	-1.118868581279	0.121544806321	-17.620833091337	-440.442962915875	47.846150583450	63.156947812177	-27.978174867700	-439.071584414243	
0.131896551724	-0.040527764628	-1.111729618635	0.123560799349	-15.953767074721	-437.632708064161	48.639746862425	65.616322080726	-25.854394697601	-434.989907509313	
0.132758620690	-0.035169139110	-1.112217878126	0.125956006164	-13.844342482987	-437.824911563598	49.582620765558	64.503152568599	-25.946293327913	-434.586435828260	
0.133620689655	-0.034917691479	-1.118975581000	0.119179027828	-13.745360045238	-440.485083389114	46.914861148579	62.166411795099	-25.163975361550	-437.142349628753	
0.134482758621	-0.039156976577	-1.121633640037	0.110720784886	-15.414155934767	-441.531429151014	43.585271199257	60.927812426723	-23.303281937389	-438.613120294700	
0.135344827586	-0.042590389598	-1.119781692196	0.112301542830	-16.765720031948	-440.802409310738	44.207537052804	62.965783892747	-25.334359467903	-438.189340533847	
0.136206896552	-0.044480629341	-1.117224248621	0.124509046864	-17.509813491264	-439.795670856630	49.013024789728	65.104361003866	-30.018184499476	-438.119782531745	
0.137068965517	-0.044103654706	-1.119089800759	0.135341385680	-17.361417309376	-440.530046032498	53.277178313410	67.498901632449	-34.198173276128	-438.942527410217	
0.137931034483	-0.044233661434	-1.122081995977	0.138440296216	-17.412594498400	-441.707924605465	54.497065403805	68.305173669861	-35.431599044629	-440.638338441032	
0.138793103448	-0.045155012624	-1.121337362738	0.125299387024	-17.775284679144	-441.414799500440	49.324142438037	69.774179126903	-32.435822100524	-440.906769746452	
0.139655172414	-0.049114291240	-1.118376332196	0.107098930776	-19.333855930237	-440.249188912148	42.159527209248	71.306834782446	-27.426211057372	-440.167491658712	
0.140517241379	-0.054898177397	-1.113422326916	0.100132050057	-21.610684503907	-438.299043202309	39.417012460375	72.787513848784	-25.096023616212	-438.752088358627	
0.141379310345	-0.057236859277	-1.111041705948	0.106708163482	-22.531307349032	-437.361911022264	42.005701543350	74.439470435955	-28.061818037162	-438.149578845844	
0.142241379310	-0.054684628531	-1.113697748663	0.120637480585	-21.526620927021	-438.407463058009	47.488981526885	76.954679493242	-32.884418372194	-437.865580156669	
0.143103448276	-0.047738969152	-1.114530458393	0.126287149986	-18.792459965257	-438.735259500965	49.712975633460	78.359853507790	-33.665914832809	-437.284098115659	
0.143965517241	-0.042670846336	-1.115575085581	0.115328822448	-16.797391851654	-439.146477316112	45.399226610325	78.648731249087	-29.988104977301	-437.476126929933	
0.144827586207	-0.041317534420	-1.114688946591	0.091596715784	-16.264660197750	-438.797648429016	36.057075485218	77.803702003440	-22.938790410106	-437.926258161296	
0.145689655172	-0.045023220241	-1.114019404711	0.074251453682	-17.723404566810	-438.534083060953	29.229107696537	79.011489645280	-18.183460337783	-438.452777787184	
0.146551724138	-0.047283098406	-1.109299336835	0.074291132841	-18.613006305048	-436.676026882396	29.244727409896	80.408318433249	-17.609378714555	-436.859653948051	
0.147413793103	-0.048116906514	-1.101608396593	0.080958874689	-18.941235124314	-433.648485878493	31.869486049523	82.758106653250	-19.741925517785	-435.015285020731	
0.148275862069	-0.048088158386	-1.098669757383	0.087794325762	-18.929918415023	-432.491689644772	34.560263477796	84.214078430946	-22.396176739091	-435.043988322503	
0.149137931034	-0.044223801514	-1.098937402547	0.091585635920	-17.408713137615	-432.597048246580	36.052713893215	84.258355302954	-25.026450567071	-435.715662424938	
0.150000000000	-0.043071856951	-1.101860955162	0.089842390942	-16.955249804307	-433.747905637247	35.366484968713	82.565102931204	-26.318729586426	-436.775354911267	
0.150862068966	-0.049065857828	-1.107464452083	0.081852389613	-19.314790102672	-435.953723932457	32.221218475444	80.367750702133	-24.995672741064	-438.422461079277	
0.151724137931	-0.055368745278	-1.107393771999	0.080373594274	-21.795923695901	-435.925900695390	31.639090233311	80.624911834614	-23.692424104913	-437.223196636015	
0.152586206897	-0.057739968136	-1.102960601515	0.087341000678	-22.729356306929	-434.180781763830	34.381811918077	82.673905798220	-23.514251631876	-434.312923945106	
0.153448275862	-0.054561001086	-1.100303972598	0.097265407405	-21.477954944897	-433.134998969316	38.288557694339	86.609545589739	-24.837760171118	-432.198132031373	
0.154310344828	-0.050212268545	-1.102441293569	0.102594783356	-19.766075035768	-433.976356030498	40.386468184964	87.073439276261	-26.314271268437	-433.042202037020	
0.155172413793	-0.045159407004	-1.103799663178	0.099118164523	-17.777014528001	-434.511078646839	39.017896106785	83.816578294183	-26.797924388738	-434.876635171194	
0.156034482759	-0.045035893493	-1.106205958989	0.082642356964	-17.728393396061	-435.458317737013	32.532189367642	79.830578616732	-24.706566944610	-436.933998968092	
0.156896551724	-0.049615409624	-1.097922063889	0.067013968847	-19.531121337011	-432.197359869942	26.380069553869	79.162044071005	-21.638009145474	-435.457845716676	
0.157758620690	-0.051902223725	-1.092409659106	0.064702092191	-20.431326414864	-430.027400022993	25.469998593646	79.824870402612	-20.603012684603	-433.790682156136	
0.158620689655	-0.052675666283	-1.092332213881	0.071025115999	-20.735792316822	-429.996913686078	27.959058870254	81.447589783420	-22.415598405932	-434.347669498039	
0.159482758621	-0.050829747995	-1.100457860971	0.082919390400	-20.009146012304	-433.195577175208	32.641243665436	80.987644134485	-25.135728579206	-436.883745306560	
0.160344827586	-0.048382963669	-1.105435781083	0.082871632998	-19.045968605673	-435.155136966221	32.622443949341	79.660242678879	-24.813046079170	-437.980059401164	
0.161206896552	-0.048290419550	-1.109366435401	0.066886253410	-19.009538584791	-436.702440253656	26.329794332432	78.406217441244	-19.184693747784	-438.854633278342	
0.162068965517	-0.052112143594	-1.114754519346	0.053448774156	-20.513961436038	-438.823461164345	21.040126469959	76.931483460097	-14.722943940818	-439.961433475981	
0.162931034483	-0.059448814569	-1.117208912852	0.057323942406	-23.402044233540	-439.789633926747	22.565587649835	77.002152857263	-15.666593230333	-440.354024723612	
0.163793103448	-0.062086723104	-1.111986943057	0.073195452261	-24.440457743785	-437.734003902536	28.813412410886	79.673289638195	-21.858716125138	-439.012680264921	
0.164655172414	-0.061387185236	-1.103539061971	0.085692142759	-24.165084445690	-434.408492901135	33.732738488458	82.960053644101	-26.860341102723	-437.324934045095	
0.165517241379	-0.059562624968	-1.099239590341	0.087216810936	-23.446845732169	-432.716004565053	34.332924587739	82.801766742198	-27.138902569186	-436.349575008486	
0.166379310345	-0.055605865665	-1.098786915196	0.071544107110	-21.889266209269	-432.537808854395	28.163359881421	81.451778934963	-23.069138919742	-436.387956722453	
0.167241379310	-0.055176600156	-1.094735469600	0.056246781284	-21.720285709252	-430.942956042725	22.141562841156	78.822151618693	-19.787777090913	-435.636649358242	
0.168103448276	-0.056357181376	-1.087974260196	0.046906907247	-22.185021871214	-428.281403870610	18.464918538746	77.369853504956	-16.341226806558	-433.561954826673	
0.168965517241	-0.058496445624	-1.084142732024	0.048912892409	-23.027143903770	-426.773121621438	19.254575217979	77.861712850926	-15.677324303808	-432.165668521429	
0.169827586207	-0.058676605603	-1.077099051820	0.050566143733	-23.098063935496	-424.000374731615	19.905378112866	80.770895892568	-14.942209051006	-430.540761728632	
0.170689655172	-0.056566522597	-1.078390615512	0.059159277011	-22.267429107777	-424.508799178244	23.288067684459	82.102304868402	-17.384095991640	-431.143439654280	
0.171551724138	-0.053222035820	-1.084301828701	0.059975257335	-20.950870853865	-426.835750077239	23.609278591141	81.381544296887	-18.092258664097	-432.489032265399	
0.172413793103	-0.050557603582	-1.089822909479	0.052706106663	-19.902016279752	-429.009125232545	20.747775181912	78.812336283049	-15.993952043481	-434.786635034898	
0.173275862069	-0.050203949858	-1.091731739224	0.044866664619	-19.762800382014	-429.760536651669	17.661776397655	77.432206615732	-13.860303488370	-435.696486764974	
0.174137931034	-0.051508013770	-1.091350802926	0.049991817234	-20.276145544289	-429.610580960307	19.679294308965	77.619674270097	-15.646099386394	-435.115783272336	
0.175000000000	-0.053734060736	-1.087739656539	0.062843160677	-21.152429620596	-428.189052068844	24.738229628232	80.309380647600	-19.990720390563	-433.773634274433	
0.175862068966	-0.056723452086	-1.086106012749	0.069132629469	-22.329204449392	-427.545967685708	27.214080962829	83.258524721051	-21.288647616069	-432.935632733814	
0.176724137931	-0.054724369288	-1.083673269417	0.069350549519	-21.542264888243	-426.588317520785	27.299865257713	82.886365494382	-21.269246408460	-431.584617462908	
0.177586206897	-0.049830172046	-1.079624842144	0.060542324432	-19.615662630975	-424.994652873387	23.832504728993	81.581972400566	-19.750043481577	-429.540727616639	
0.178448275862	-0.047126966716	-1.078129247956	0.045484151214	-18.551545017068	-424.405911758746	17.904850186783	80.159488916558	-16.156143778830	-428.930328899880	
0.179310344828	-0.048639544620	-1.077923716182	0.034559654436	-19.146971776365	-424.325004112552	13.604418652934	79.986758880023	-12.646655356824	-428.326110873015	
0.180172413793	-0.051623175832	-1.078966359438	0.033946999361	-20.321479125254	-424.735440952531	13.363246793163	81.967933320103	-12.281435387779	-428.653620591969	
0.181034482759	-0.051159251738	-1.079098182267	0.038714340475	-20.138855262419	-424.787333050060	15.239912096502	84.457352241856	-14.037037713567	-428.217760838632	
0.181896551724	-0.049407506369	-1.079801893803	0.039330028744	-19.449280156308	-425.064349313768	15.482277973942	86.709647090429	-15.676267009418	-427.815211464739	
0.182758620690	-0.045967081489	-1.083403051829	0.040866279685	-18.094955838704	-426.481946284068	16.087023631605	84.160726663975	-16.341137679788	-428.725565077422	
0.183620689655	-0.044981784279	-1.087257054538	0.036270707470	-17.707093287614	-427.999075641585	14.277975208609	79.694383595632	-14.924247071424	-429.662135003719	
0.184482758621	-0.046072311201	-1.085425049400	0.040197461900	-18.136379547571	-427.277906252845	15.823743303914	75.783513287970	-16.146954143655	-429.290034349354	
0.185344827586	-0.048103431829	-1.079905866295	0.060882233203	-18.935930810587	-425.105278117194	23.966309921929	74.376025243859	-21.639187510544	-427.574602227844	
0.186206896552	-0.048868382054	-1.074363696074	0.080245097367	-19.237053703277	-422.923601096544	31.588507386147	75.542821201176	-27.527415912306	-426.656424281869	
0.187068965517	-0.045337598179	-1.075687203403	0.095947544432	-17.847159539205	-423.444600165595	37.769780527794	77.314364482553	-30.561498903135	-427.274618067897	
0.187931034483	-0.044279387816	-1.078453431918	0.100011853196	-17.430594702725	-424.533526875843	39.369696928962	75.407431411572	-30.227644057610	-427.409556141551	
0.188793103448	-0.044156960711	-1.075637870917	0.089681342238	-17.382401234765	-423.425180417205	35.303088096590	73.236469016101	-26.280624498599	-426.997553242432	
0.189655172414	-0.044691502781	-1.077538469234	0.075612218372	-17.592823885996	-424.173351532332	29.764773137306	70.527335317339	-21.789967622675	-427.804105401065	
0.190517241379	-0.044199630665	-1.079619059806	0.061193614301	-17.399198275607	-424.992376654385	24.088885187574	71.407293239876	-17.154366209702	-428.087800338796	
0.191379310345	-0.045676844718	-1.078290784967	0.061082045466	-17.980704044292	-424.469500853353	24.044966081243	74.960062310543	-16.554638362205	-427.487407606914	
0.192241379310	-0.049197123807	-1.074955009297	0.073501858293	-19.366462995829	-423.156371729572	28.934029239789	77.391775751887	-20.143379219586	-426.817180727105	
0.193103448276	-0.051276533463	-1.074451111549	0.082622267064	-20.185023249827	-422.958012225169	32.524280972053	79.255422816938	-23.690689513269	-427.180099621384	
0.193965517241	-0.049800592582	-1.076727155611	0.087378894812	-19.604018665515	-423.853977674054	34.396728955803	78.300267605396	-26.007675931147	-428.512216415868	
0.194827586207	-0.048065914953	-1.080013949763	0.088264215903	-18.921162280590	-425.147825208039	34.745235876845	76.186683500687	-27.829785000710	-430.098668071880	
0.195689655172	-0.047260901703	-1.080779663531	0.088084627968	-18.604268565965	-425.449248669306	34.674541030634	75.551057287902	-29.527196193621	-431.225142772205	
0.196551724138	-0.046273170968	-1.081087419806	0.094399267232	-18.215448056722	-425.570397022307	37.160300729122	76.870620365065	-31.402745067558	-431.089036296439	
0.197413793103	-0.047156477253	-1.087697034532	0.102630568792	-18.563161848808	-428.172273902609	40.400555133007	79.836262688397	-32.120617226897	-432.425585209129	
0.198275862069	-0.051538596924	-1.090709017193	0.106654410130	-20.288184612064	-429.357941807976	41.984541519706	82.288575510374	-31.551737411523	-433.264202381784	
0.199137931034	-0.052057794078	-1.089351072937	0.098409909951	-20.492566732355	-428.823386631858	38.739091475307	82.797284060423	-28.706525435552	-432.837698902515	
0.200000000000	-0.051016837592	-1.090443376477	0.086273439922	-20.082793889856	-429.253372257942	33.961566296572	80.321484809225	-25.280736332828	-433.746606002025	
0.200862068966	-0.049448099580	-1.090285071430	0.074340284995	-19.465259686531	-429.191055427337	29.264076170269	77.109625197664	-20.643473491245	-433.943498569351	
0.201724137931	-0.048688675509	-1.088286290196	0.087885423935	-19.166312166039	-428.404234576531	34.596124301584	74.420624466944	-23.596170196677	-433.529732609366	
0.202586206897	-0.048092701670	-1.085308974904	0.115378390059	-18.931706880026	-427.232213491776	45.418738915600	72.673346116020	-31.210972421317	-432.585282350734	
0.203448275862	-0.047875969272	-1.082260267707	0.139462556752	-18.846390104729	-426.032088960984	54.899478580106	71.923258873049	-38.443266302954	-432.532911198034	
0.204310344828	-0.046429897968	-1.085370758865	0.152559899178	-18.277143688981	-427.256534766783	60.055251474996	71.007313127213	-43.167650085638	-434.046788065844	
0.205172413793	-0.045507868404	-1.093006171985	0.154081546769	-17.914186466059	-430.262217502262	60.654248519710	69.170037134374	-45.096675793075	-437.588336895889	
0.206034482759	-0.044796238257	-1.099300938204	0.148102078319	-17.634053038405	-432.740154170289	58.300428915547	67.214410136775	-44.800987499347	-440.113200881293	
0.206896551724	-0.045619290804	-1.102033370753	0.137482400477	-17.958047928128	-433.815777087977	54.119989449991	67.211021372717	-41.919319297038	-440.701306648493	
0.207758620690	-0.046538960421	-1.102468604295	0.132709701071	-18.320076157096	-433.987106906186	52.241214853491	69.527373955094	-40.897934872309	-439.749489712370	
0.208620689655	-0.047229605564	-1.100967465975	0.136082901453	-18.591948831046	-433.396183342441	53.569076226477	72.791998304366	-42.226769759453	-438.566201260630	
0.209482758621	-0.047706269327	-1.101493667181	0.146674363248	-18.779587668830	-433.603322609928	57.738408436723	75.707206940355	-45.550590892650	-439.052221161429	
0.210344827586	-0.048802877370	-1.100655280381	0.152054787128	-19.211267764077	-433.273291386900	59.856413960376	73.945665694980	-47.197639498319	-439.889407396540	
0.211206896552	-0.048369080754	-1.098450019892	0.145375769455	-19.040503592133	-432.405189913536	57.227216588518	70.747224738605	-44.098900362355	-440.050439345493	
0.212068965517	-0.046841498714	-1.098211667842	0.134857258774	-18.439170449796	-432.311362555353	53.086601607198	68.715765705221	-39.118916074460	-438.690028885180	
0.212931034483	-0.046289112012	-1.089422501584	0.136435137508	-18.221723253700	-428.851504540981	53.707734058701	69.224700137638	-37.512246216451	-434.793616975015	
0.213793103448	-0.045537865145	-1.086431005281	0.138107407653	-17.925994692327	-427.673901096257	54.366023718226	72.505216893530	-37.544961593412	-432.274082334399	
0.214655172414	-0.046271191452	-1.085936031303	0.146230108064	-18.214668819680	-427.479054437098	57.563527245918	75.601272470238	-40.604410118674	-431.837214378974	
0.215517241379	-0.047732600675	-1.087343024202	0.150980671264	-18.789953011996	-428.032917626620	59.433587918518	77.147716973204	-43.007298673003	-432.942206862678	
0.216379310345	-0.049107019309	-1.094429624509	0.147131605561	-19.330993332488	-430.822560028097	57.918402014652	76.159742321835	-43.672868669326	-436.474256843616	
0.217241379310	-0.048208206195	-1.099598507453	0.132243674356	-18.977175272059	-432.857292396897	52.057763293233	73.151186877625	-40.054264033183	-438.250925378811	
0.218103448276	-0.047692326613	-1.101637162225	0.119944456447	-18.774099115135	-433.659809478291	47.216172360949	71.339671613176	-35.763169814616	-438.503689178225	
0.218965517241	-0.050094548984	-1.106041926799	0.117979062468	-19.719734694002	-435.393746414706	46.442494413556	71.872453953299	-34.407128479140	-438.864560701474	
0.219827586207	-0.053211694878	-1.098146216570	0.121276883968	-20.946800139074	-432.285597642062	47.740682866578	75.253698060877	-34.961419162109	-436.441632746325	
0.220689655172	-0.054205356003	-1.095081814646	0.131528975484	-21.337955147966	-431.079294877406	51.776421861130	76.664862232554	-36.971977486690	-435.619393869736	
0.221551724138	-0.052575116270	-1.091723564940	0.132212860604	-20.696210773147	-429.757318842335	52.045633450089	75.428197873119	-36.276166400024	-434.292144150581	
0.222413793103	-0.051148579390	-1.082575787320	0.119825411743	-20.134654089430	-426.156293354342	47.169310376359	74.529677744025	-32.538328521598	-432.301435949450	
0.223275862069	-0.050261149383	-1.078052564024	0.105239482282	-19.785316992818	-424.375725105255	41.427554734886	74.523091197058	-28.641924028947	-430.817116754938	
0.224137931034	-0.048581024082	-1.076723496545	0.094319755864	-19.123935148550	-423.852537281345	37.129001054747	75.235333230062	-25.204568431858	-430.117066261249	
0.225000000000	-0.046489210307	-1.078212107911	0.099619259223	-18.300492009336	-424.438529605747	39.215152190356	74.989470846322	-26.320075132171	-430.264519454204	
0.225862068966	-0.043302791838	-1.076328216993	0.117837602087	-17.046157393864	-423.696935363604	46.386808490913	75.823892408280	-31.998213663297	-430.705758907268	
0.226724137931	-0.039294040876	-1.078286304553	0.134608603392	-15.468111338649	-424.467737136985	52.988718339214	76.753821587374	-37.818222062657	-432.728080145740	
0.227586206897	-0.036506781880	-1.082596701804	0.133571504737	-14.370905973215	-426.164526347269	52.580464133214	75.529289036755	-38.605975411361	-435.346168840974	
0.228448275862	-0.034104585534	-1.086189096390	0.125783307951	-13.425280638764	-427.578673586670	49.514638060691	70.805488760104	-36.031076500678	-436.501007093387	
0.229310344828	-0.033773546357	-1.091241413318	0.125091888064	-13.294966964590	-429.567519707420	49.242460408226	67.107684055422	-35.790399868628	-437.819838860338	
0.230172413793	-0.036095760042	-1.090569590105	0.135762013545	-14.209107099446	-429.303056291760	53.442758602355	66.590723449580	-38.995070174717	-437.146102407562	
0.231034482759	-0.038157949503	-1.081095091043	0.152356160594	-15.020888618479	-425.573416806952	59.975049718234	67.168502462903	-43.155666317234	-433.859898651550	
0.231896551724	-0.039391707130	-1.074916805876	0.164405434114	-15.506557689708	-423.141332941106	64.718249964665	68.251507036752	-45.268649853666	-431.773515606502	
0.232758620690	-0.038680717409	-1.074993185763	0.167569051125	-15.226676366007	-423.171399907298	65.963608778886	67.914716076084	-45.734187145663	-432.142948821880	
0.233620689655	-0.034347695844	-1.075805406675	0.162693933361	-13.520981087413	-423.491130920090	64.044517163987	65.824961338763	-44.288206727705	-432.649276369908	
0.234482758621	-0.033530388437	-1.081319655230	0.145115513354	-13.199247774102	-425.661816568658	57.124766694073	64.445989423675	-39.180629739792	-434.057036632607	
0.235344827586	-0.037022067826	-1.086334315232	0.126219200173	-14.573748444925	-427.635839028507	49.686227168283	65.235489432208	-33.359576565830	-435.535874522987	
0.236206896552	-0.041033280837	-1.088876658555	0.123787711799	-16.152763686636	-428.636633263842	48.729071018268	67.644560849728	-33.044352877896	-435.962481067425	
0.237068965517	-0.044576646313	-1.090742296250	0.130022818503	-17.547610602047	-429.371042118957	51.183522700090	71.065913805152	-35.821931335179	-436.430840467319	
0.237931034483	-0.045860095342	-1.094083841644	0.141139865316	-18.052840708962	-430.686442496512	55.559751614499	72.219860073096	-39.683854455450	-437.868103413221	
0.238793103448	-0.046136657709	-1.091858630639	0.135021047905	-18.161709570119	-429.810487496431	53.151077249375	71.348614477742	-38.129201875408	-437.940051127673	
0.239655172414	-0.046286760874	-1.087188695296	0.118354900097	-18.220797727462	-427.972166004852	46.590443012400	69.497073452883	-33.493616757969	-436.527759327099	
0.240517241379	-0.049567281020	-1.084004485417	0.102224876303	-19.512175497084	-426.718700801764	40.240854159337	69.910794377966	-28.819858963108	-434.967775259079	
0.241379310345	-0.053691653351	-1.078669155691	0.093494710533	-21.135735940304	-424.618446605563	36.804221705011	72.607794627530	-24.902377114912	-431.811707223914	
0.242241379310	-0.054636761487	-1.069437000693	0.100434443758	-21.507778050364	-420.984205936589	39.536049834533	74.671445894546	-25.884539004266	-428.648933297182	
0.243103448276	-0.049876304091	-1.061378425166	0.117808497991	-19.633822524576	-417.811945189113	46.375351654334	76.967543452544	-31.830254220953	-426.994808665905	
0.243965517241	-0.045379513639	-1.059683049445	0.130174092879	-17.863659573049	-417.144560012651	51.243071904663	77.090648041638	-36.707375015077	-427.497030272099	
0.244827586207	-0.043840876555	-1.059694598981	0.133044999140	-17.257974609252	-417.149106490747	52.373205042085	73.705583485516	-38.049778922163	-428.257688817164	
0.245689655172	-0.044529049167	-1.060489171662	0.118267716865	-17.528873970816	-417.461890272592	46.556123306153	71.521990091613	-34.365710366587	-429.089116977688	
0.246551724138	-0.046886449947	-1.063526746184	0.111980386688	-18.456865516425	-418.657632421914	44.081113838323	70.151049363569	-32.151722335020	-429.681931458926	
0.247413793103	-0.049616029315	-1.068214258360	0.111811567235	-19.531365278493	-420.502873039072	44.014658008244	72.418794060042	-32.115730469178	-430.546308069383	
0.248275862069	-0.051299005457	-1.072011872603	0.120394174625	-20.193869357230	-421.997805060166	47.393204060816	73.855077382078	-34.100961335139	-430.851719728508	
0.249137931034	-0.053127285532	-1.077270957352	0.124800268651	-20.913572373898	-424.068045397365	49.127664336185	72.957103516322	-35.012461780066	-431.859280379951	
0.250000000000	-0.052098191433	-1.077669906434	0.114834891260	-20.508469163680	-424.225091826957	45.204790445365	69.645383585716	-31.824579726330	-431.683218469137	
0.250862068966	-0.052314868388	-1.079286689528	0.096404961815	-20.593764114072	-424.861538991487	37.949843021891	67.081233184159	-27.214967666273	-431.913621924642	
0.251724137931	-0.052818831007	-1.078688461888	0.091875542789	-20.792149154718	-424.626046496306	36.166835822011	66.116774649258	-26.808428954015	-430.927818745195	
0.252586206897	-0.054972280088	-1.073510583253	0.091418659186	-21.639855051034	-422.587772970694	35.986983450366	67.895273466943	-26.686580812748	-428.495631839411	
0.253448275862	-0.056474138774	-1.069824848481	0.106059742038	-22.231062187359	-421.136882338307	41.750450241357	69.366546977746	-30.465131000722	-426.507197893464	
0.254310344828	-0.058259978786	-1.068100944709	0.127521331036	-22.934058660151	-420.458267085360	50.198811385130	70.185546432445	-35.534220929853	-425.974026153688	
0.255172413793	-0.057830569227	-1.065889122719	0.138370402947	-22.765021454520	-419.587582675454	54.469551896828	69.075453498913	-38.436991083414	-425.510053985062	
0.256034482759	-0.056923973391	-1.070240301178	0.131096334758	-22.408139723179	-421.300425420991	51.606112705719	66.628260886705	-36.319173492652	-427.296728334389	
0.256896551724	-0.058695382467	-1.070493995743	0.112611841853	-23.105455453856	-421.400292364965	44.329686359113	64.966476569173	-31.164687000585	-428.118978895485	
0.257758620690	-0.060939702444	-1.072013773884	0.099903520370	-23.988932706615	-421.998553499750	39.327051678732	66.530315740444	-27.508818715842	-428.801414394794	
0.258620689655	-0.063003219644	-1.074059737945	0.096994315551	-24.801236890272	-422.803947885150	38.181842302067	70.296292027468	-27.279526803205	-428.593845990603	
0.259482758621	-0.061235942687	-1.072151670241	0.103684423644	-24.105547769735	-422.052836443395	40.815405421187	72.415007854033	-28.577077443426	-427.583437795087	
0.260344827586	-0.060154961431	-1.074324787152	0.109503898028	-23.680019163883	-422.908284587301	43.106243311450	72.826020787466	-30.884348384189	-428.737875896147	
0.261206896552	-0.059835349390	-1.078055657784	0.109296305579	-23.554203785282	-424.376942964939	43.024524479669	70.061356663295	-31.188790353282	-430.493864765417	
0.262068965517	-0.061616165453	-1.079368877080	0.103843454587	-24.255222579155	-424.893892146773	40.878008000993	67.463250211890	-30.873860833102	-431.645768359462	
0.262931034483	-0.063557045847	-1.079355567783	0.100464483356	-25.019250746089	-424.888652937908	39.547874931353	66.787558161727	-30.190794117194	-431.871230280591	
0.263793103448	-0.066505190270	-1.078427192065	0.098236683212	-26.179788709835	-424.523197549623	38.670900715931	68.960874346601	-29.834648775404	-431.494488968015	
0.264655172414	-0.064719215591	-1.071424153465	0.104643454464	-25.476739225060	-421.766449239483	41.192928200155	72.373544492688	-31.547766740981	-428.886919723756	
0.265517241379	-0.061255187718	-1.071432496363	0.118384185996	-24.113123582156	-421.769733424011	46.601971415410	76.479474809210	-35.655956456509	-428.634143464011	
0.266379310345	-0.057177955227	-1.073439460960	0.128352776559	-22.508119751701	-422.559775658207	50.526110172448	75.192683316392	-38.548458090534	-429.420026185528	
0.267241379310	-0.055216198073	-1.078638786382	0.129006499927	-21.735873441355	-424.606491717941	50.783448578340	70.906419777907	-38.390389452511	-431.907565889847	
0.268103448276	-0.055132990993	-1.079269830655	0.118933136512	-21.703118948723	-424.854902491000	46.818065955775	67.860554991978	-35.470205015684	-432.536026347713	
0.268965517241	-0.055768881315	-1.080481999321	0.110223481647	-21.953437370579	-425.332073060926	43.389507625824	67.906118949100	-31.584397950602	-432.090257155967	
0.269827586207	-0.059343278387	-1.073042655854	0.103746435551	-23.360499882912	-422.403573205500	40.839816427704	69.794646505846	-27.571842902801	-428.344114549594	
0.270689655172	-0.063120634032	-1.065697467963	0.116428527828	-24.847457100155	-419.512137721412	45.832125973281	71.583544123498	-29.841994975774	-426.142439725692	
0.271551724138	-0.065236848913	-1.065798710387	0.132105831836	-25.680505742290	-419.551991833060	52.003501542443	71.424224147599	-34.698972325822	-425.934786491803	
0.272413793103	-0.064110946227	-1.070197200151	0.142524448474	-25.237293801984	-421.283458688318	56.104793202978	69.865528890019	-38.913059571124	-427.117151553635	
0.273275862069	-0.062209544896	-1.071644431600	0.137549047650	-24.488806580347	-421.853161795464	54.146225130293	67.831686243383	-38.394548838232	-427.859009844207	
0.274137931034	-0.060676287388	-1.074887868395	0.127647220429	-23.885239288297	-423.129941692586	50.248367783724	66.655440518795	-36.274197604874	-429.410880066718	
0.275000000000	-0.060739745435	-1.076162487305	0.123395579303	-23.910219568077	-423.631695820618	48.574707940231	68.987417167504	-35.934591027361	-429.191372809520	
0.275862068966	-0.059459333803	-1.079608574103	0.131123545390	-23.406185133179	-424.988248953858	51.616824179115	73.210941932519	-38.788875637768	-429.932689900891	
0.276724137931	-0.058358559325	-1.084811562766	0.137883041441	-22.972864919671	-427.036407049557	54.277701889529	76.048217504133	-40.150824961373	-431.671073921175	
0.277586206897	-0.058435436435	-1.084357021907	0.120760956952	-23.003127617809	-426.857476900158	47.537588036960	76.694553567471	-35.260735543717	-432.455313369156	
0.278448275862	-0.057054147961	-1.085904717138	0.102644375653	-22.459382983054	-427.466727606292	40.405990208066	76.558270515397	-31.104160049486	-433.561753272998	
0.279310344828	-0.056801224786	-1.090293490245	0.087884103513	-22.359819696842	-429.194369496478	34.595604516876	75.700594962420	-28.142794667113	-435.664873227975	
0.280172413793	-0.055113626366	-1.089251459192	0.084761348893	-21.695496057165	-428.784173650456	33.366331195527	75.105052279910	-27.669755708497	-435.252501443024	
0.281034482759	-0.052436144328	-1.082784635680	0.099301748894	-20.641504425270	-426.238506575575	39.090164151138	73.738983281870	-29.855571747115	-432.702280015287	
0.281896551724	-0.050909684995	-1.071949905358	0.118140211273	-20.040613236927	-421.973411634888	46.505930690274	73.641919072830	-34.078464663077	-429.026584432412	
0.282758620690	-0.048603606448	-1.071095426313	0.137041840921	-19.132824704131	-421.637045694860	53.946563044690	72.760008971863	-38.192501854878	-428.452466544108	
0.283620689655	-0.047058418424	-1.073467921494	0.143498294954	-18.524560960425	-422.570979156048	56.488148170793	70.411251913232	-39.651516890447	-429.501485195504	
0.284482758621	-0.046733438976	-1.070707680696	0.136021045451	-18.396632700466	-421.484409512604	53.544726592524	68.655196711362	-37.767047050420	-429.327723823037	
0.285344827586	-0.046368375890	-1.066870820019	0.129618211545	-18.252925503846	-419.974028121083	51.024249045946	68.940491864975	-36.408361129841	-428.068605848213	
0.286206896552	-0.049302227810	-1.072913118256	0.133004475953	-19.407837218922	-422.352580689908	52.357253076823	70.201460558776	-37.547599426386	-429.177627033066	
0.287068965517	-0.050758575060	-1.078212815548	0.134956984201	-19.981128764219	-424.438808167391	53.125858552225	74.554981341196	-38.500776205332	-431.006390175688	
0.287931034483	-0.051081491526	-1.079700595558	0.136916975756	-20.108244930811	-425.024473228192	53.897409833711	77.886531780153	-38.070433935933	-431.843370499946	
0.288793103448	-0.050789029591	-1.080174678757	0.129050011246	-19.993117199610	-425.211096226033	50.800576822573	78.069087596348	-35.494125583981	-432.192100328412	
0.289655172414	-0.050600837160	-1.080409937775	0.117857641621	-19.919035191259	-425.303706011126	46.394697059671	76.463519875847	-33.052108574530	-432.318749873322	
0.290517241379	-0.052598178507	-1.082819181922	0.108115442630	-20.705289229978	-426.252105714424	42.559677415110	74.554828259011	-32.119951874655	-432.915781288081	
0.291379310345	-0.052976503611	-1.081174895531	0.102787647437	-20.854217023869	-425.604831868448	40.462389190100	74.947947753430	-30.748870081557	-431.851405684478	
0.292241379310	-0.053456438183	-1.074583938160	0.114153780581	-21.043143416737	-423.010299461885	44.936671016110	76.494260761488	-34.423108460953	-428.742999786285	
0.293103448276	-0.054729293430	-1.067902261262	0.131979202449	-21.544203277988	-420.380055285084	51.953653845210	78.953616354791	-38.829817842125	-426.692922783674	
0.293965517241	-0.055514570972	-1.066330731882	0.138714888620	-21.853328025274	-419.761422259039	54.605158788737	80.305484745458	-39.943178036880	-425.897670688707	
0.294827586207	-0.054245102858	-1.064023560797	0.130196681756	-21.353601509963	-418.853203648205	51.251964023425	78.803224639999	-36.031770780740	-424.614104325457	
0.295689655172	-0.054460209256	-1.064578566659	0.112896204289	-21.438278209748	-419.071681877081	44.441625720084	76.464907259752	-31.606602526352	-424.928079069842	
0.296551724138	-0.056038340617	-1.067957306671	0.103898821428	-22.059510108159	-420.401723927398	40.899803175022	76.609454502006	-30.658718557812	-426.504912875488	
0.297413793103	-0.057815128003	-1.076339002087	0.108095672631	-22.758943011813	-423.701180918989	42.551894948796	78.599830047131	-33.940749509636	-429.451363114853	
0.298275862069	-0.060247260721	-1.076579134976	0.113352941283	-23.716352808098	-423.795709305020	44.621420378752	82.309466876976	-36.632275809258	-431.121399238221	
0.299137931034	-0.059795782905	-1.069410343048	0.117536436770	-23.538628426295	-420.973712146370	46.268254670564	85.480032706656	-38.109616767338	-429.787257300940	
0.300000000000	-0.057105797766	-1.064341082313	0.116216936900	-22.479714944708	-418.978196090870	45.748833138954	87.297969654216	-37.965686260147	-428.762474815660	
0.300862068966	-0.051660030712	-1.060820294923	0.112012357141	-20.335987060310	-417.592237046595	44.093699017072	85.996163747542	-36.554132960847	-427.851436686138	
0.301724137931	-0.048265575765	-1.065282932106	0.100080122376	-18.999758821029	-419.348955553013	39.396571112935	83.291234044794	-32.892898960537	-429.077551712808	
0.302586206897	-0.049218306201	-1.071132169822	0.095592102666	-19.374801451886	-421.651509788353	37.629860766437	80.296178422050	-31.099603662409	-430.178870071015	
0.303448275862	-0.051393182743	-1.071351968555	0.104216157906	-20.230942274943	-421.738033627503	41.024722777973	79.560011254428	-33.552910668778	-429.525158690696	
0.304310344828	-0.051860022362	-1.070945764374	0.121066943529	-20.414713835010	-421.578131226204	47.658039747649	78.434137394456	-37.578995201275	-429.272591494161	
0.305172413793	-0.050374889432	-1.073153543420	0.132335725596	-19.830090798177	-422.447224129964	52.093999292237	75.787385901231	-38.997507060722	-429.587453045508	
0.306034482759	-0.045289256610	-1.071106260484	0.134709457630	-17.828129865569	-421.641310569367	53.028419641312	73.663706826940	-39.130493580795	-429.036095316100	
0.306896551724	-0.041675226340	-1.067322163494	0.124678396158	-16.405465732555	-420.151699619593	49.079689191467	72.913787486075	-37.030462745754	-428.252257025425	
0.307758620690	-0.042721289216	-1.074630787492	0.114182774320	-16.817248707165	-423.028741715874	44.948084410482	74.259243114312	-35.412337524026	-430.946720610773	
0.308620689655	-0.046683572082	-1.086938735253	0.105208944737	-18.377002582263	-427.873769157014	41.415533620773	76.703552546237	-33.300644465068	-434.293855219603	
0.309482758621	-0.049294675610	-1.090189766950	0.099658448777	-19.404864293353	-429.153538789350	39.230579170368	81.657521404611	-31.328259166851	-434.321935021139	
0.310344827586	-0.048502643975	-1.084342577678	0.096748464301	-19.093080795415	-426.851790924694	38.085062881776	87.641683096604	-29.779260146883	-431.732953072456	
0.311206896552	-0.047512942018	-1.076185810891	0.094776416510	-18.703484314034	-423.640877157356	37.308765659060	89.375598110493	-28.446037685212	-429.396039942754	
0.312068965517	-0.045492458711	-1.069077408253	0.089162619600	-17.908120435373	-420.842652261385	35.098892769938	87.875292107456	-25.908159337407	-427.443696220359	
0.312931034483	-0.043205763728	-1.069772285056	0.089962500500	-17.007962248409	-421.116190729758	35.413766133344	83.987303978438	-24.953689260648	-427.508549637293	
0.313793103448	-0.043317210145	-1.068319042368	0.089528713738	-17.051833165182	-420.544121296600	35.243005840664	84.263772390795	-24.573566152917	-426.677819581930	
0.314655172414	-0.046608971134	-1.071396349773	0.093099743914	-18.347635896087	-421.755504307657	36.648742973167	86.207841897389	-27.050720353772	-427.466888240498	
0.315517241379	-0.047454526432	-1.073972990111	0.101064877159	-18.680489000225	-422.769799573502	39.784220137750	87.830529352215	-30.435632339689	-428.867189974452	
0.316379310345	-0.046185541894	-1.077490665217	0.104483707439	-18.180952844878	-424.154533466112	41.130043734418	87.019317376938	-31.887452890022	-430.328502129519	
0.317241379310	-0.045242882617	-1.077261311081	0.099769775259	-17.809874728875	-424.064248139737	39.274402874367	84.606155826634	-30.786194189150	-430.691471321568	
0.318103448276	-0.045255397812	-1.078454542651	0.093546713008	-17.814801339324	-424.533964116049	36.824692495436	81.744097134470	-29.410973408423	-431.443011098058	
0.318965517241	-0.047675323855	-1.081774758070	0.086751324263	-18.767405974416	-425.840967942341	34.149685615073	79.754260497542	-26.120674149118	-432.426849310642	
0.319827586207	-0.051936507029	-1.084946721233	0.082393214016	-20.444822047962	-427.089612222042	32.434114169213	79.421629713933	-23.314480332990	-432.612326451074	
0.320689655172	-0.052916570651	-1.086282172973	0.096078610416	-20.830624395751	-427.615313212222	37.821374692748	79.222260933573	-26.916388215453	-432.605608342398	
0.321551724138	-0.049824378363	-1.078656922361	0.116932504523	-19.613381945676	-424.613630951733	46.030516554952	79.665652789195	-33.334212064802	-430.380760896698	
0.322413793103	-0.047336170658	-1.074810420211	0.132220927572	-18.633898213464	-423.099454191015	52.048809014519	77.412546314207	-36.749476228140	-429.069657716179	
0.323275862069	-0.044283612374	-1.071066738484	0.138272335684	-17.432257701185	-421.625752721943	54.430947688685	73.162931363182	-38.100324789149	-428.363413157090	
0.324137931034	-0.041498056029	-1.069316134896	0.134314685202	-16.335722584668	-420.936627078348	52.873017352988	71.333197542895	-38.706704488455	-428.305959328213	
0.325000000000	-0.044890988580	-1.065904768628	0.129750246452	-17.671351532515	-419.593741692236	51.076224627900	73.976299978843	-39.390558559210	-428.089906026240	
0.325862068966	-0.051408848908	-1.068665493100	0.124624588555	-20.237109265622	-420.680501734044	49.058507812035	78.064109338605	-38.505737229339	-429.748567225843	
0.326724137931	-0.055860768383	-1.071898941857	0.120590972836	-21.989608743259	-421.953349836815	47.470673737325	82.780957659686	-37.797481172634	-431.802446148266	
0.327586206897	-0.057207944269	-1.084679569713	0.120353717596	-22.519924947058	-426.984447943653	47.377278138882	83.894938318221	-37.601805942204	-435.747601963379	
0.328448275862	-0.054694237979	-1.094033774582	0.109879758743	-21.530403688843	-430.666733581955	43.254200998181	83.015547886933	-34.575234181265	-438.431700099368	
0.329310344828	-0.049480577625	-1.100932629804	0.098988551043	-19.478044678853	-433.382470072848	38.966873720148	80.328014484235	-30.966262284056	-439.965399015568	
0.330172413793	-0.046547418986	-1.103581060216	0.080891127683	-18.323405873982	-434.425025523420	31.842817419602	81.123495101086	-25.150858741193	-439.914164474736	
0.331034482759	-0.047352401507	-1.104380223323	0.075640654551	-18.640287492159	-434.739616327513	29.775967048158	83.805415927036	-23.796106554884	-438.748836726467	
0.331896551724	-0.048287955998	-1.095013688399	0.080555205709	-19.008568806764	-431.052476958931	31.710581630662	88.448439147741	-25.953537419852	-435.678867067142	
0.332758620690	-0.048048581907	-1.082037750098	0.088217960919	-18.914339121972	-425.944494835433	34.727027588092	90.965297165472	-27.719935901681	-432.265005467387	
0.333620689655	-0.045511565226	-1.074218184785	0.086539480247	-17.915641721003	-422.866320532696	34.066293152763	90.003676337443	-26.571189347849	-430.011470857632	
0.334482758621	-0.041134878655	-1.073049772803	0.081443976823	-16.192757699163	-422.406374794529	32.060446654559	86.523058170301	-25.422430788261	-429.484018943913	
0.335344827586	-0.039777591216	-1.073627447584	0.071535576678	-15.658461079216	-422.633776650845	28.160001874414	83.733096242008	-23.560144300407	-429.711265979217	
0.336206896552	-0.043387610712	-1.076097482658	0.058988283225	-17.079546369908	-423.606106721285	23.220755927471	83.999001916078	-20.328089695254	-430.706455408332	
0.337068965517	-0.045341881105	-1.074999986966	0.053801653844	-17.848845514359	-423.174077202842	21.179037668427	86.062643149317	-18.898430204343	-430.729437458442	
0.337931034483	-0.044751513319	-1.074913186076	0.066647644562	-17.616447052907	-423.139908005548	26.235865885693	88.120154626665	-22.575903043592	-430.566420170594	
0.338793103448	-0.041751031352	-1.072038919292	0.077446597904	-16.435306399138	-422.008451997343	30.486877207443	88.098479896049	-25.306644861698	-429.347419401963	
0.339655172414	-0.039042074488	-1.073205444517	0.086160631630	-15.368924691914	-422.467655012893	33.917159277514	85.554864184426	-26.122976873486	-429.184453156537	
0.340517241379	-0.035553302581	-1.074196282606	0.077342312514	-13.995568552094	-422.857698732882	30.445825231372	84.030735476163	-23.501269803681	-429.341189356470	
0.341379310345	-0.035388033363	-1.074681692132	0.064447019664	-13.930510273316	-423.048780342953	25.369589214262	84.145191892664	-20.637313363471	-429.175035160381	
0.342241379310	-0.039268619177	-1.074468536273	0.067907081430	-15.458104078846	-422.964871473063	26.731643598067	85.452051095086	-22.612818068614	-428.183910488218	
0.343103448276	-0.041466798531	-1.072777683181	0.081462653151	-16.323418061159	-422.299266630805	32.067798597012	87.529960645846	-27.053216176137	-426.980271215103	
0.343965517241	-0.044493179776	-1.072277858548	0.081391075552	-17.514753973729	-422.102510509396	32.039622053066	90.511353505891	-26.120201295058	-427.035443643040	
0.344827586207	-0.043470282688	-1.076297328894	0.077307184304	-17.112090218993	-423.684776253689	30.431997000547	89.990277207132	-24.599517722809	-428.487482771568	
0.345689655172	-0.040628696299	-1.071636461605	0.067395404648	-15.993498858195	-421.850024404652	26.530221874657	87.203730382589	-22.123044764030	-427.112575088849	
0.346551724138	-0.043186245239	-1.073647321848	0.047442460003	-17.000278789138	-422.641600160850	18.675739046778	85.142526205502	-16.018907792920	-427.722309353495	
0.347413793103	-0.045788960457	-1.079718455588	0.035995061158	-18.024838439417	-425.031503834672	14.169466952628	84.580173429487	-12.329009405331	-429.465729892527	
0.348275862069	-0.047219533767	-1.082511944267	0.037898034671	-18.587984065123	-426.131161516609	14.918573064501	85.605180508950	-12.664086782631	-429.320601781032	
0.349137931034	-0.047255945066	-1.084503404478	0.047677187174	-18.602317384220	-426.915100444347	18.768139470365	87.557853796556	-15.733338687834	-428.916286957937	
0.350000000000	-0.047861119532	-1.084018171822	0.062453405024	-18.840544500047	-426.724088459158	24.584802195185	85.139063231368	-18.948551134853	-428.822698385236	
0.350862068966	-0.046566915859	-1.083934351022	0.068678429686	-18.331080823896	-426.691092375412	27.035285077745	80.901875808439	-20.079951320492	-429.680554256069	
0.351724137931	-0.043365034099	-1.083946148296	0.066506544544	-17.070659079315	-426.695736375952	26.180321820228	77.532036997701	-19.748924489213	-429.976826213877	
0.352586206897	-0.044033279962	-1.083667295310	0.071942638214	-17.333714269861	-426.585965811973	28.320241773745	75.200503230965	-22.053798276072	-430.515218951936	
0.353448275862	-0.046961350923	-1.082812832418	0.069259038980	-18.486350308778	-426.249606230447	27.263842105851	76.492814732856	-21.642664430883	-430.477485866245	
0.354310344828	-0.048421822829	-1.080031124142	0.073800712242	-19.061265525982	-425.154585907614	29.051673189303	77.208892636864	-22.264049230182	-430.307215065844	
0.355172413793	-0.046008001593	-1.076472736851	0.087561830993	-18.111064050390	-423.753825650164	34.468741839770	78.235068928438	-25.262731101030	-430.061102945622	
0.356034482759	-0.042287873061	-1.073993346993	0.095289192652	-16.646634303697	-422.777813066074	37.510620146031	76.451519821704	-26.436598449388	-430.166047451620	
0.356896551724	-0.038713080787	-1.071950429359	0.088564015027	-15.239416219913	-421.973617908202	34.863251894778	73.537350371448	-23.492655717533	-430.208116635000	
0.357758620690	-0.038864801600	-1.074626776457	0.069507202191	-15.299141164896	-423.027162770683	27.361531630426	70.886526998512	-16.914628255853	-431.204603019565	
0.358620689655	-0.042569859785	-1.079860750832	0.053978039862	-16.757638464813	-425.087518401462	21.248472078885	71.269225746783	-12.179696351614	-432.248416927870	
0.359482758621	-0.046576635410	-1.081989145405	0.058535385706	-18.334906928199	-425.925361582908	23.042472679225	72.914179021251	-14.396555769553	-432.557917754880	
0.360344827586	-0.048940900087	-1.080477628926	0.072335444761	-19.265600449146	-425.330352653873	28.474870192545	75.067615750738	-19.217731579814	-432.250531587313	
0.361206896552	-0.045218069192	-1.079839062705	0.083035131248	-17.800106916647	-425.078980863267	32.686805085797	75.210639753523	-22.281453453437	-431.989626301503	
0.362068965517	-0.038597602719	-1.078677841091	0.088912462261	-15.193958242624	-424.621865616188	35.000418256285	71.957419516791	-22.799060235877	-430.589085278063	
0.362931034483	-0.033145349565	-1.076592728211	0.088159800000	-13.047677103026	-423.801060286375	34.704132524341	68.883502882895	-22.032991755711	-428.927183724927	
0.363793103448	-0.032659295209	-1.076354969336	0.086456571539	-12.856341655368	-423.707466431615	34.033656114255	65.917351508165	-19.890862505602	-427.549171673265	
0.364655172414	-0.036323106302	-1.078069426278	0.086030085433	-14.298602025032	-424.382362936985	33.865769726751	66.162915507924	-18.183109643366	-427.013450515208	
0.365517241379	-0.036704147038	-1.079201075603	0.092406302731	-14.448598828385	-424.827837043505	36.375769637313	68.600212154702	-19.887190278446	-426.621446877105	
0.366379310345	-0.036829592783	-1.081342265859	0.110348044955	-14.497980584932	-425.670717249854	43.438542010233	70.070357842953	-25.824033026364	-427.410054720648	
0.367241379310	-0.034774385875	-1.086264471886	0.117128791398	-13.688947750222	-427.608345174109	46.107784943933	69.909109305421	-28.824227070415	-429.592190134067	
0.368103448276	-0.033683789567	-1.085854959403	0.108950696259	-13.259634176429	-427.447140458368	42.888475264174	67.197526455332	-26.868543853837	-430.797947276866	
0.368965517241	-0.035153945365	-1.085731152222	0.086608411455	-13.838361460795	-427.398403723442	34.093427944229	65.206879386510	-20.142310531399	-431.374787493127	
0.369827586207	-0.036756695010	-1.088611992641	0.076654556185	-14.469284353805	-428.532447445012	30.175089739791	66.315867338082	-17.510567034549	-432.054600023119	
0.370689655172	-0.038761983480	-1.083608936308	0.078919739796	-15.258666780184	-426.562992772833	31.066779968506	69.367589641144	-19.261032779499	-430.303918239291	
0.371551724138	-0.038726247933	-1.079006223450	0.085056343554	-15.244599471002	-424.751133433244	33.482455935051	72.273084887326	-21.351970467443	-429.010881592525	
0.372413793103	-0.035618055199	-1.075769010834	0.089384010371	-14.021058440378	-423.476803686152	35.186043315243	73.609295624809	-22.487752903753	-427.681585705196	
0.373275862069	-0.033476904724	-1.075422993102	0.090281887512	-13.178193894013	-423.340593699027	35.539492929617	72.900911323863	-22.484517471197	-427.281810348329	
0.374137931034	-0.035786809746	-1.074973853757	0.086740356609	-14.087488719932	-423.163789857081	34.145368194824	69.493198845169	-21.357183532541	-427.452206987856	
0.375000000000	-0.038568315821	-1.073293885693	0.079763151948	-15.182429446097	-422.502469909203	31.398789422939	67.983211990178	-19.470851453086	-427.723195065461	
0.375862068966	-0.042076311302	-1.072854888438	0.079367767220	-16.563352951883	-422.329658504292	31.243146102420	68.921887073590	-18.856444997807	-427.761874470626	
0.376724137931	-0.041823870231	-1.070611566077	0.084552957035	-16.463979446207	-421.446573963315	33.284297676129	72.771934907890	-20.798603012971	-427.252630597322	
0.377586206897	-0.040478250812	-1.066337995540	0.093029952876	-15.934275945790	-419.764281599963	36.621269709604	77.739802366198	-23.518836683025	-426.770397737509	
0.378448275862	-0.037952072870	-1.067277889443	0.096884788175	-14.939845218168	-420.134271125430	38.138726816698	76.565382148207	-24.031062540487	-426.845626835166	
0.379310344828	-0.038104023715	-1.071012149646	0.089787511051	-14.999660715342	-421.604263808820	35.344881482659	74.525853554277	-22.017106825889	-428.294768181375	
0.380172413793	-0.038717810522	-1.073241502615	0.080610800735	-15.241278081392	-422.481849294471	31.732466629999	73.470885271415	-20.812786226293	-429.239120065787	
0.381034482759	-0.041346626654	-1.074928638401	0.078706585437	-16.276112364572	-423.145990818252	30.982871689038	75.242793437496	-22.606229090459	-430.041429252702	
0.381896551724	-0.042869256242	-1.073967937863	0.084556267595	-16.875495972527	-422.767810754451	33.285600879310	77.208371609184	-25.398253996546	-429.436316551673	
0.382758620690	-0.045047062230	-1.070202345175	0.099333511556	-17.732789973190	-421.285484028441	39.102667532545	77.962807320111	-28.691970894273	-427.537904659408	
0.383620689655	-0.044650631025	-1.070509104669	0.114703790398	-17.576734706757	-421.406239998273	45.153182550641	76.311298850894	-31.616577027920	-426.205037956695	
0.384482758621	-0.041675931375	-1.069397539143	0.116196118021	-16.405743269663	-420.968671885199	45.740637780689	74.058787119847	-31.103586836694	-424.396338034250	
0.385344827586	-0.041394362131	-1.070705167147	0.101802844119	-16.294903449809	-421.483420053359	40.074721059521	71.542937375928	-26.198877460204	-424.076889534797	
0.386206896552	-0.040722396183	-1.073482081454	0.091314891744	-16.030383846747	-422.576553228749	35.946135364910	69.372939115436	-22.772242442805	-424.134029968298	
0.387068965517	-0.041425882523	-1.074756209418	0.093253911709	-16.307311461977	-423.078114095684	36.709431173398	69.739867252619	-24.133075323192	-423.445415268172	
0.387931034483	-0.046121555790	-1.078163600041	0.101535177873	-18.155764694919	-424.419434467815	39.969354159132	72.315110917494	-27.257994769962	-424.242477071202	
0.388793103448	-0.049638254051	-1.079042878837	0.106843411655	-19.540114052563	-424.765562837485	42.058942028550	75.159436904733	-29.372258897641	-425.190585115945	
0.389655172414	-0.050979231740	-1.078587598222	0.102344787437	-20.067990334745	-424.586341482986	40.288057214268	75.971023404661	-29.071355026347	-425.874780287561	
0.390517241379	-0.049975551613	-1.075530028878	0.091870091645	-19.672891342273	-423.382728365490	36.164689977332	75.969583075208	-28.461036697683	-425.654217236611	
0.391379310345	-0.048905456825	-1.077743361385	0.093362560299	-19.251648198315	-424.254007391110	36.752200724336	75.241184972035	-30.727472602986	-426.653236048511	
0.392241379310	-0.048670399218	-1.074058377166	0.094945449413	-19.159117698591	-422.803412214059	37.375305513650	75.650708934417	-31.021564558507	-425.128010982159	
0.393103448276	-0.050624955499	-1.068509479973	0.098646447669	-19.928529382814	-420.619087118388	38.832204621261	76.442315653646	-30.690321015106	-423.593629707592	
0.393965517241	-0.049662610295	-1.065662005941	0.104926606333	-19.549701895520	-419.498178085502	41.304391020720	79.257880998908	-32.097663553047	-423.229286172635	
0.394827586207	-0.046346620337	-1.071003712101	0.111608146085	-18.244361423763	-421.600942366647	43.934581209725	81.517396686880	-33.826698884354	-424.841419451465	
0.395689655172	-0.045871733675	-1.071897252916	0.100115774188	-18.057422142337	-421.952684984927	39.410605459713	81.310182862880	-29.232650924827	-425.201031882016	
0.396551724138	-0.045736064441	-1.072696222665	0.081795989181	-18.004015906567	-422.267199673535	32.199016428106	79.247464743807	-23.113929612236	-426.203934315379	
0.397413793103	-0.045724630772	-1.074886041164	0.075866827418	-17.999515038995	-423.129222402698	29.865000066982	77.864905379839	-21.809089345854	-427.306070410916	
0.398275862069	-0.048901844826	-1.079152211250	0.076446913368	-19.250226333589	-424.808601575978	30.093351080872	79.834217579558	-22.991744303666	-428.851521927952	
0.399137931034	-0.053309796770	-1.077678658361	0.085360775107	-20.985417979234	-424.228537025369	33.602295509784	82.434009161240	-25.787655527791	-428.958578953709	
0.400000000000	-0.056042952775	-1.074807878642	0.098903140234	-22.061325685466	-423.098453701713	38.933251728870	82.496297954861	-29.129129306088	-428.915455100270	
0.400862068966	-0.055397723452	-1.071818701495	0.102385657256	-21.807330963116	-421.921763193733	40.304145631220	80.552010189596	-30.118915339787	-427.896017736374	
0.401724137931	-0.052964925037	-1.071295835956	0.104202778971	-20.849659114960	-421.715937012584	41.019456156094	77.650403394823	-30.942608855169	-426.689624033976	
0.402586206897	-0.048891104053	-1.073906410142	0.100199843131	-19.245998225188	-422.743590347789	39.443699224961	76.490863182835	-29.848019317004	-427.118327236285	
0.403448275862	-0.049156264249	-1.070681970677	0.095156163773	-19.350378618161	-421.474288755555	37.458253286539	77.029202508354	-27.228652352146	-425.614083368056	
0.404310344828	-0.050168656282	-1.068915227083	0.101105400421	-19.748907055043	-420.778809593825	39.800172132360	76.978138996396	-28.001304487119	-423.914943764147	
0.405172413793	-0.050017665246	-1.070683254039	0.114920541960	-19.689469386962	-421.474793951546	45.238506869877	79.549887837719	-31.411500796800	-423.664369822988	
0.406034482759	-0.050025865589	-1.075662907278	0.124058415409	-19.692697454654	-423.435035988640	48.835633577924	80.215711715522	-33.568912175378	-424.374814629590	
0.406896551724	-0.048939805644	-1.078641856743	0.116659739368	-19.265169621577	-424.607700366499	45.923142467449	77.864207763619	-30.584953608472	-425.002104578890	
0.407758620690	-0.047394016259	-1.079874846257	0.101989236185	-18.656669152241	-425.093067069692	40.148094354037	74.040657971658	-26.301780745880	-425.448479696189	
0.408620689655	-0.047309244285	-1.079157399972	0.094025499466	-18.623298638390	-424.810644117712	37.013166932540	73.024524811588	-24.585816549178	-425.530029247473	
0.409482758621	-0.047768679758	-1.077692019192	0.098591427792	-18.804155554241	-424.233796520678	38.810546029768	74.147378879384	-26.440809740174	-425.162773105973	
0.410344827586	-0.048842640764	-1.072375352965	0.105622565911	-19.226920636225	-422.140889217102	41.578355723817	76.621396117769	-28.404471376375	-423.873174932657	
0.411206896552	-0.048801563870	-1.068638524109	0.121660673538	-19.210750704130	-420.669885382551	47.891761749433	77.702413379306	-32.681149935314	-423.359317430849	
0.412068965517	-0.049288541127	-1.066668242168	0.134033921712	-19.402449451951	-419.894283287328	52.762494718154	76.252395242226	-36.618387004004	-423.206643822483	
0.412931034483	-0.048417324293	-1.065997386865	0.144401447580	-19.059494675888	-419.630200890001	56.843674481193	73.220788885467	-40.194096032918	-424.021472703253	
0.413793103448	-0.047553880543	-1.063516498548	0.136027425326	-18.719599776940	-418.653598437080	53.547238032076	71.045315116071	-38.099303831149	-423.648502838890	
0.414655172414	-0.048116026130	-1.061912874405	0.118699193723	-18.940888561006	-418.022331297212	46.725974304784	72.664551128644	-32.817772974813	-422.678789215467	
0.415517241379	-0.048690449824	-1.061560821755	0.112468230534	-19.167010625870	-417.883745662687	44.273153719121	76.886977924368	-31.820114065728	-422.552606382393	
0.416379310345	-0.049652936732	-1.061509415077	0.118609481319	-19.545893894694	-417.863509408098	46.690658989048	80.149191450295	-33.633325560913	-423.454460423741	
0.417241379310	-0.050069455981	-1.065388522462	0.120042853108	-19.709856825592	-419.390521229380	47.254906237078	80.336294978898	-33.191034972235	-424.660100183361	
0.418103448276	-0.047979075594	-1.071703643558	0.115349295468	-18.886977940268	-421.876470601023	45.407285820810	77.779577929241	-31.611067943849	-427.131403219287	
0.418965517241	-0.044917709432	-1.076506188859	0.113742165793	-17.681870204161	-423.766994043533	44.774638727497	73.185311394643	-31.796006285887	-428.558177458068	
0.419827586207	-0.045927006058	-1.078305484221	0.115752465920	-18.079180132845	-424.475287219267	45.565993993989	69.832624269241	-33.019352265305	-429.786529970618	
0.420689655172	-0.049975509006	-1.078288629502	0.119210004589	-19.672874569891	-424.468652353931	46.927055159885	70.538084580966	-34.260024413177	-429.966779257567	
0.421551724138	-0.053032951287	-1.070699926540	0.128941165780	-20.876437669330	-421.481357086714	50.757729771308	73.175240689979	-36.950131048351	-427.990248800333	
0.422413793103	-0.054603191421	-1.064229790679	0.144910969138	-21.494563183419	-418.934386104723	57.044247799995	76.627129603012	-41.287759163870	-426.026393753001	
0.423275862069	-0.051988160121	-1.065241160891	0.145754913905	-20.465155303521	-419.332512301295	57.376466918426	79.182124503040	-41.194270479987	-425.475040439346	
0.424137931034	-0.047878261996	-1.065288642955	0.134375670186	-18.847292636154	-419.351203630457	52.897024110646	78.384344555066	-37.123410284650	-424.565169196591	
0.425000000000	-0.045724023246	-1.069257166159	0.112175656335	-17.999275886169	-420.913414016916	44.157981794940	76.774572557014	-29.889699820582	-424.973964705049	
0.425862068966	-0.047523343667	-1.071226139769	0.096425961396	-18.707578926341	-421.688501087166	37.958109513217	76.481209639331	-25.324947716390	-424.768832223944	
0.426724137931	-0.051166181124	-1.075252080742	0.092092179153	-20.141583017516	-423.273313995716	36.252114793469	77.740804212351	-24.591678748596	-425.533618347720	
0.427586206897	-0.053240198113	-1.076936807099	0.104447512162	-20.958020446296	-423.936507046832	41.115795452093	77.735595403637	-28.506411552397	-426.394281112079	
0.428448275862	-0.054331632806	-1.076380317898	0.118410798439	-21.387664050533	-423.717444900995	46.612447411920	76.650384114333	-32.269888896365	-426.734684835038	
0.429310344828	-0.053600146868	-1.073517114634	0.121651435518	-21.099714385037	-422.590344051068	47.888125199816	74.666977075044	-33.315252052752	-426.570863195822	
0.430172413793	-0.051499415997	-1.071015966359	0.116030302153	-20.272761028045	-421.605766259097	45.675364313018	72.585078011925	-32.576143081457	-426.273490289600	
0.431034482759	-0.051078823650	-1.068591965104	0.107150003568	-20.107194720665	-420.651557415957	42.179632029625	71.025238799926	-29.969339467806	-425.140475143463	
0.431896551724	-0.054658250142	-1.068239064600	0.105458492519	-21.516237065885	-420.512638023168	41.513768182400	70.662304158812	-28.518923765596	-424.284200171966	
0.432758620690	-0.054688281764	-1.063280814897	0.120505428318	-21.528059023323	-418.560821495051	47.436999111279	71.863375825049	-32.407930121755	-422.037142103908	
0.433620689655	-0.051672082250	-1.051284061167	0.136686055255	-20.340731152019	-413.838295680166	53.806507907213	75.687613083762	-37.163355313222	-418.862199921380	
0.434482758621	-0.047739633882	-1.048394141568	0.148124318320	-18.792721636221	-412.700677936598	58.309183698972	76.582088471758	-38.910181115013	-417.334566710890	
0.435344827586	-0.045017511968	-1.052764837823	0.147589548576	-17.721157503348	-414.421203868790	58.098671423783	75.852733032681	-38.046166802261	-418.535039287332	
0.436206896552	-0.043742646342	-1.055103559830	0.134006920890	-17.219306255607	-415.341842509766	52.751865836205	75.690213798458	-36.185458881779	-419.377653877400	
0.437068965517	-0.046800331654	-1.057464231432	0.120047765778	-18.422965023772	-416.271121615692	47.256840111063	77.638652939857	-34.254700206525	-420.434113775917	
0.437931034483	-0.052622341395	-1.061933206637	0.109902302865	-20.714800958307	-418.030335086606	43.263075498960	80.909765678470	-33.061620684953	-421.931742587393	
0.438793103448	-0.055135954905	-1.060459842291	0.111463930146	-21.704285693488	-417.450344756529	43.877810560693	83.019621327377	-33.310059596669	-421.343172488164	
0.439655172414	-0.053184601071	-1.058809074118	0.117722824967	-20.936134653460	-416.800519354841	46.341626442145	83.778529479240	-34.102315153194	-420.496104208530	
0.440517241379	-0.052381419901	-1.061384927836	0.118008018724	-20.619962137521	-417.814504967332	46.453893052443	82.080087009857	-33.286086939032	-420.739046712450	
0.441379310345	-0.051163103559	-1.063454077062	0.107223756918	-20.140371532846	-418.629026199777	42.208665058903	79.943520667289	-29.812274823981	-421.277057047057	
0.442241379310	-0.050748301643	-1.066890212273	0.093813345066	-19.977084630403	-419.981661887916	36.929652287595	77.384792702661	-25.592015351801	-422.090144925434	
0.443103448276	-0.052757249045	-1.068968666461	0.091678133496	-20.767907396164	-420.799846021528	36.089125592864	77.322890444983	-24.824439348478	-421.626023594456	
0.443965517241	-0.055561045388	-1.068756795799	0.104076731722	-21.871622693742	-420.716443069869	40.969837617548	78.790525191046	-28.235606068475	-420.889225239818	
0.444827586207	-0.055662636415	-1.064738315873	0.126780578098	-21.911614032913	-419.134567204634	49.907213762047	80.313565456188	-34.125310563771	-419.322295159015	
0.445689655172	-0.053762805974	-1.062304362227	0.139622018283	-21.163745192174	-418.176440599525	54.962250661084	78.195706225950	-36.816212314197	-418.540660957614	
0.446551724138	-0.050170928987	-1.060516085342	0.140510959802	-19.749801705965	-417.472484850740	55.312182764593	74.199585450110	-36.445790580717	-418.289150818907	
0.447413793103	-0.047920351259	-1.061442275383	0.136796364965	-18.863861087731	-417.837079846649	53.849931358639	69.750127390111	-34.877130052936	-418.955969664753	
0.448275862069	-0.048914154326	-1.059636947276	0.124410879185	-19.255071972294	-417.126411879303	48.974381052448	68.238143094404	-29.974524487770	-418.414412321212	
0.449137931034	-0.051167885794	-1.063040564027	0.117152262887	-20.142254061309	-418.466246665827	46.117024502812	67.975923722696	-26.333022679598	-419.049637111376	
0.450000000000	-0.052028949964	-1.062813893660	0.120165954653	-20.481212237895	-418.377017805437	47.303365198198	69.491486818513	-26.263493400772	-418.825221683518	
0.450862068966	-0.051775293350	-1.060484213870	0.128986970959	-20.381360233412	-417.459938636117	50.775760993981	71.267594543844	-28.675759923761	-417.782159924386	
0.451724137931	-0.051258797886	-1.059350635058	0.130758141419	-20.178041634310	-417.013704986399	51.472982793136	70.962224704565	-29.137800677734	-417.370843954360	
0.452586206897	-0.050135591770	-1.062209908065	0.124976270651	-19.735891199488	-418.139258689351	49.196947577872	67.487395181549	-26.977566985261	-417.524264659626	
0.453448275862	-0.051438768234	-1.061774583112	0.116039098324	-20.248887017486	-417.967892886977	45.678826928470	64.438351452520	-24.274937788301	-417.027979536085	
0.454310344828	-0.056351930603	-1.062517562389	0.115938690737	-22.182954902846	-418.260366908996	45.639301450708	64.939548674658	-25.062388755956	-416.759920591607	
0.455172413793	-0.060133359090	-1.058789683813	0.124705923807	-23.671515395943	-416.792886355389	49.090525459090	67.710514827067	-28.696138185978	-415.425869895912	
0.456034482759	-0.060739555925	-1.057969095739	0.138004363915	-23.910144967268	-416.469861606078	54.325460519014	70.594132772800	-33.044443957501	-415.866955787833	
0.456896551724	-0.058448157821	-1.055349673065	0.139547535428	-23.008135395461	-415.438725060989	54.932930462173	70.500872391880	-32.948060161929	-415.886848018486	
0.457758620690	-0.054514565268	-1.056004958163	0.131246361895	-21.459675470690	-415.696678242374	51.665170934600	69.402284655817	-30.337462035493	-416.925696311935	
0.458620689655	-0.050618508416	-1.058789628951	0.110619465198	-19.925991486657	-416.792864758970	43.545386672814	69.279958546319	-24.030712553016	-417.567147121160	
0.459482758621	-0.049628697911	-1.061787298993	0.088480582565	-19.536352275314	-417.972898497372	34.830408680186	69.388971361884	-16.955721550493	-417.710268786953	
0.460344827586	-0.054835409304	-1.058850086284	0.070626719586	-21.585975824900	-416.816663806770	27.802229999255	71.828607369660	-11.586339665164	-416.114125612446	
0.461206896552	-0.058166413327	-1.051082065431	0.076631042876	-22.897226588119	-413.758779996572	30.165833718521	74.940238982121	-14.512234005637	-413.175599654322	
0.462068965517	-0.061237548293	-1.047161902114	0.082098163964	-24.106179816989	-412.215606494735	32.317967624932	78.689182894394	-16.705153023513	-412.173388460505	
0.462931034483	-0.058590414649	-1.047038071261	0.087934708579	-23.064134839706	-412.166860441235	34.615525216823	77.786816690855	-17.457487361424	-411.953010631725	
0.463793103448	-0.053533362780	-1.048441412026	0.089865972927	-21.073424808216	-412.719285967010	35.375768024444	73.670333189110	-18.062967335939	-412.308148467540	
0.464655172414	-0.048942356751	-1.048122958718	0.090424708888	-19.266173865411	-412.593926724146	35.595714608531	70.613235234658	-18.480929676479	-412.178307470356	
0.465517241379	-0.047564875529	-1.049528954096	0.096287174808	-18.723927956727	-413.147397239264	37.903476129949	70.753737770445	-20.320638809397	-412.754445588484	
0.466379310345	-0.048624571663	-1.049218092911	0.103132404316	-19.141077667368	-413.025026637614	40.598102842187	74.024489452139	-22.211731874073	-412.790148406731	
0.467241379310	-0.052389026030	-1.050232265441	0.106723858308	-20.622956292829	-413.424255967664	42.011879816349	78.308871080994	-23.111591929283	-414.141333149664	
0.468103448276	-0.054858761740	-1.049564969856	0.098089783200	-21.595168518402	-413.161574854143	38.613073480880	81.455454601541	-19.262487794478	-414.290060212501	
0.468965517241	-0.054457676112	-1.051268688023	0.083125892205	-21.437281036822	-413.832244037417	32.722533164540	82.706113866729	-16.240134519007	-415.491002451981	
0.469827586207	-0.057082314291	-1.058205262772	0.063492781928	-22.470470667571	-416.562828831686	24.993953234590	82.875190050464	-12.839359025808	-418.954563667184	
0.470689655172	-0.057238879054	-1.060891884854	0.047335652495	-22.532102434857	-417.620418444790	18.633694238224	83.221812506400	-10.216916505593	-421.141093128219	
0.471551724138	-0.055452383590	-1.055174188999	0.051829940234	-21.828847943106	-415.369645704038	20.402871996144	83.149424328657	-12.396503269783	-419.555182126950	
0.472413793103	-0.052914761310	-1.047787309898	0.065209193980	-20.829912148264	-412.461798462090	25.669619369568	84.177767144102	-16.394805535599	-417.294502876426	
0.473275862069	-0.050694009493	-1.047928735750	0.082563085678	-19.955712508829	-412.517470792503	32.500984201365	83.982580946663	-20.400465363459	-416.947031160596	
0.474137931034	-0.048443003402	-1.052924117245	0.095842300360	-19.069603265412	-414.483904262302	37.728351166206	80.402644440779	-21.777117234627	-417.390921972354	
0.475000000000	-0.046049975315	-1.049423816773	0.098437177818	-18.127587019046	-413.106009899706	38.749825479699	76.190768423927	-21.528255580048	-416.057313274143	
0.475862068966	-0.045540459619	-1.045926087767	0.093437870263	-17.927016007758	-411.729127795089	36.781846514974	73.262486266373	-19.672906751989	-414.935594077370	
0.476724137931	-0.045559107899	-1.047635505207	0.093390791111	-17.934356908978	-412.402040498557	36.763313792376	71.514992566548	-18.921743415050	-414.581221069664	
0.477586206897	-0.050507042307	-1.052110365973	0.090843544584	-19.882112818449	-414.163570822655	35.760589409741	73.174148159708	-18.836738423812	-415.626332038024	
0.478448275862	-0.054784255321	-1.052507305765	0.097541114755	-21.565839043373	-414.319826294667	38.397089977903	75.464082693000	-21.857286757185	-416.795345301313	
0.479310344828	-0.055947117874	-1.052615033817	0.100459602996	-22.023600246883	-414.362233475258	39.545953776222	80.243010029924	-25.867051667146	-418.627274545120	
0.480172413793	-0.057845511651	-1.064089426615	0.099596899030	-22.770903544204	-418.879131747744	39.206350093423	81.690398600080	-30.716590777073	-424.490484980656	
0.481034482759	-0.055853197358	-1.071109632399	0.085677358838	-21.986628406885	-421.642637924670	33.726918793387	80.835766645877	-29.980212314225	-427.455460205943	
0.481896551724	-0.046449438756	-1.065577370836	0.067155055171	-18.284835925844	-419.464861450063	26.435608228953	79.226356151414	-20.850694643244	-423.062745121169	
0.482758620690	-0.041105599854	-1.059087966773	0.072033499957	-16.181232090262	-416.910305534475	28.356009527130	80.253202324450	-18.450576362878	-419.158676331396	
0.483620689655	-0.041807792050	-1.051761476843	0.084325083538	-16.457650265396	-414.026230508622	33.194595203498	80.689008120956	-18.528574973143	-415.590563672200	
0.484482758621	-0.044266589334	-1.047068095057	0.093016267798	-17.425556576346	-412.178679317609	36.615882574479	81.315008274244	-19.302359118708	-414.487894235111	
0.485344827586	-0.044025332067	-1.050618222227	0.096323060789	-17.330585578353	-413.576187975625	37.917602657691	80.390880018433	-21.366112041729	-416.435452689043	
0.486206896552	-0.042443215564	-1.054524271874	0.090007709583	-16.707784927831	-415.113805626757	35.431562703113	79.536495326832	-21.841550751087	-418.149725812549	
0.487068965517	-0.041469549051	-1.061153368355	0.073870038054	-16.324500804127	-417.723351505850	29.078963316699	78.500975615349	-19.540637452666	-420.550175405578	
0.487931034483	-0.041646120840	-1.067389495685	0.071369551926	-16.394008343555	-420.178204957086	28.094646179302	76.023631096236	-20.102451262017	-422.339975542907	
0.488793103448	-0.039857038558	-1.064815190781	0.072820648751	-15.689735550166	-419.164829036154	28.665870893068	75.990680235197	-20.055294710564	-421.288393097588	
0.489655172414	-0.039532972996	-1.055460951970	0.091771378280	-15.562167041298	-415.482530036046	36.125831430741	76.559140973552	-24.514199520649	-418.624221365048	
0.490517241379	-0.041216208227	-1.051695802045	0.111070724426	-16.224773110414	-414.000377604360	43.723025007362	79.220680023883	-31.200437779713	-418.424464749034	
0.491379310345	-0.039872903702	-1.051452939243	0.125645905523	-15.695980868874	-413.904774587110	49.460549552436	78.011536035427	-36.782670803865	-418.721207296891	
0.492241379310	-0.039433244920	-1.056097097546	0.128242994069	-15.522909053385	-415.732948938795	50.482894261258	74.896821421892	-38.107305469221	-420.357368099157	
0.493103448276	-0.042814644251	-1.052879930291	0.115389859969	-16.853997945425	-414.466510054465	45.423254049298	71.939946397138	-33.483033920546	-418.126025446168	
0.493965517241	-0.044117613512	-1.053163395371	0.098407388398	-17.366912197821	-414.578096170644	38.738098865395	73.117165877545	-26.387195238187	-416.420730509970	
0.494827586207	-0.043290899518	-1.059099241549	0.091187373141	-17.041475978638	-416.914743853821	35.895937627464	76.339672911194	-23.464971839720	-417.100685064460	
0.495689655172	-0.043275276333	-1.055582170732	0.092853687140	-17.035325906882	-415.530247839468	36.551882648090	80.800868891103	-24.472464909083	-416.793204642421	
0.496551724138	-0.045017926916	-1.056217640506	0.096981074613	-17.721320847502	-415.780400712184	38.176630002866	83.949665787124	-27.127487033193	-417.245024289449	
0.497413793103	-0.042331146043	-1.059061274475	0.091509498639	-16.663668726205	-416.899798103478	36.022742429085	85.791716780306	-27.412258877349	-419.132373262758	
0.498275862069	-0.037693957230	-1.066565941284	0.078658882069	-14.838237916443	-419.854012512828	30.964093243763	85.470109788018	-25.692838431055	-422.271751343506	
0.499137931034	-0.038563896236	-1.070370013340	0.066315010598	-15.180689675401	-421.351486653417	26.104924423071	85.570716529980	-23.780027180656	-424.159397361516	
0.500000000000	-0.044805882723	-1.075574302119	0.068656546140	-17.637849585418	-423.400156540330	27.026670612942	86.668945234816	-25.848325580680	-426.048932915894	
0.500862068966	-0.050161120619	-1.071308261498	0.076932212215	-19.745940638732	-421.720828331133	30.284389121690	90.894320278050	-28.554049922176	-425.273371445678	
