dbx_v3_0_0_0										
Time	Cx	Cy	Cz	Fx	Fy	Fz	Mx	My	Mz	
0.000000000000	0.000000000000	0.000000000000	0.000000000000	0.000000000000	0.000000000000	0.000000000000	0.000000000000	0.000000000000	0.000000000000	
0.000862068966	3.335428560016	-1.420496595122	-10.529927552195	1312.992142516875	-559.178778470955	-4145.108158826515	20.830004884986	2836.054787579595	-417.219576032057	
0.001724137931	0.462460671986	-0.185029677648	-1.243803206876	182.047739178208	-72.836970875678	-489.623389642645	12.721248905185	384.618244000118	-44.014782974777	
0.002586206897	0.048097673729	-0.021649543964	-1.391683249969	18.933659211376	-8.522347459227	-547.836399192259	-14.246576653165	497.427460238181	-14.112564999021	
0.003448275862	-0.025587403649	-0.075120641218	-1.396454362368	-10.072486738695	-29.571255952685	-549.714548574887	-10.306926243066	432.132650736803	-31.772380597892	
0.004310344828	0.006947808092	-0.137079485452	-1.491224708216	2.735006092573	-53.961367800479	-587.020914819302	-15.283715417833	486.861731336892	-46.833222291521	
0.005172413793	0.027867655012	-0.143136001366	-1.660684936810	10.970108159317	-56.345516542476	-653.728968854599	-6.961217240260	538.194352686543	-49.675378005291	
0.006034482759	0.023547004602	-0.138551408388	-1.841265604976	9.269283231632	-54.540790568470	-724.814586227747	-8.181811140726	585.619146579825	-48.867570405417	
0.006896551724	0.049913817294	-0.151813109455	-1.737826032959	19.648584501621	-59.761261936484	-684.095577308862	-9.099085914307	569.733214069011	-53.923359068993	
0.007758620690	0.061995775687	-0.154666341088	-1.700329251738	24.404649921836	-60.884437159088	-669.334961625657	-8.971895864180	563.311525757593	-55.339747601357	
0.008620689655	0.062124611680	-0.158078206949	-1.697762240079	24.455366237012	-62.227518860969	-668.324456955050	-11.646271804413	568.475830182566	-57.264848128807	
0.009482758621	0.060914184503	-0.158412220072	-1.690660083530	23.978881328383	-62.359003195792	-665.528691560886	-11.780247631679	575.820354086243	-57.953394132611	
0.010344827586	0.064148818932	-0.159298605648	-1.675320638736	25.252195840433	-62.707929061062	-659.490315945037	-11.576292105740	577.587627482386	-58.673542398395	
0.011206896552	0.075539899060	-0.157243606775	-1.639042534478	29.736296888774	-61.898978329796	-645.209432700267	-14.431652027169	575.630548098768	-58.489444131036	
0.012068965517	0.085346601976	-0.152742989230	-1.580196492240	33.596707520055	-60.127309302242	-622.044676002209	-16.618798186276	565.219124185140	-56.627168422982	
0.012931034483	0.093549687806	-0.154099630225	-1.531629560113	36.825853953840	-60.661351310485	-602.926293125574	-18.609704926763	560.006050921926	-56.875782845328	
0.013793103448	0.095838524513	-0.148608006092	-1.500802029753	37.726854996628	-58.499572334889	-590.791029423115	-20.917531719104	558.160623385445	-55.449026324613	
0.014655172414	0.097010014543	-0.142688910896	-1.470696022008	38.188012289320	-56.169519286504	-578.939793247603	-22.410134329379	556.217223584012	-54.086470331438	
0.015517241379	0.098848629504	-0.142326983850	-1.434488260576	38.911783449238	-56.027046630036	-564.686600471009	-23.479275797108	551.475887612692	-53.765011282936	
0.016379310345	0.100340368657	-0.142192774977	-1.398488705282	39.499006875216	-55.974215279391	-550.515368083540	-24.035464257273	545.946473334394	-53.152972491628	
0.017241379310	0.103594556232	-0.140550845456	-1.360345636119	40.780018487221	-55.327869383997	-535.500341018440	-24.626070071378	539.312902330691	-52.387565669129	
0.018103448276	0.107194940406	-0.137397494619	-1.323938372782	42.197310462095	-54.086552174725	-521.168614275729	-25.569543608654	532.615502859568	-51.193881038183	
0.018965517241	0.108848554284	-0.134181754122	-1.295267696175	42.848255907193	-52.820675262884	-509.882396499649	-26.297382441169	527.662986469678	-50.033128125915	
0.019827586207	0.109183311722	-0.133349930079	-1.270176205615	42.980033241865	-52.493227556243	-500.005126050854	-26.926805500066	523.181904687707	-49.922060529049	
0.020689655172	0.111475315178	-0.133242899865	-1.243807267415	43.882280876262	-52.451095090633	-489.624988074413	-27.543282101687	517.261836271788	-49.559560581961	
0.021551724138	0.114234012828	-0.134954306905	-1.219079319270	44.968242776591	-53.124790825676	-479.890826172971	-28.007564954610	511.448883560666	-50.620681647095	
0.022413793103	0.120087727491	-0.137145055253	-1.195210486920	47.272558764554	-53.987179365963	-470.494855381423	-28.636219423160	505.263952115212	-51.412617528882	
0.023275862069	0.125433693232	-0.139268766295	-1.173015839642	49.376999284362	-54.823178656887	-461.757927889761	-29.181176827735	498.794406598661	-52.472385862369	
0.024137931034	0.130968410475	-0.141714916025	-1.151773886765	51.555741871496	-55.786106004299	-453.396028746279	-30.031724263888	491.496466985038	-54.232987862051	
0.025000000000	0.136557981747	-0.142596184499	-1.131789532962	53.756077759164	-56.133017521092	-445.529183738312	-30.424815539211	484.170757103636	-54.780190150939	
0.025862068966	0.139747197912	-0.146299324153	-1.111978082197	55.011513361805	-57.590759211752	-437.730402047347	-30.779846364732	476.578435678756	-57.470065037666	
0.026724137931	0.143514290691	-0.148373470308	-1.093025738752	56.494430213700	-58.407247274652	-430.269808130031	-31.105766276231	468.940534998770	-58.756068413217	
0.027586206897	0.146193882466	-0.152819312283	-1.075600589193	57.549252070038	-60.157353887974	-423.410394402440	-31.447020374909	461.340809642680	-61.665759140283	
0.028448275862	0.149553448253	-0.156401147750	-1.059880059264	58.871745836914	-61.567344160128	-417.222004544401	-31.971366753129	454.231545470865	-63.642520766647	
0.029310344828	0.152130396603	-0.159983119784	-1.046263290544	59.886162087815	-62.977388192432	-411.861760721261	-32.695608630326	447.939334357382	-65.795874504614	
0.030172413793	0.153888503500	-0.162459003806	-1.035673038378	60.578241231657	-63.952020449573	-407.692905765937	-33.103752080772	443.226406601746	-67.322543355394	
0.031034482759	0.154796185153	-0.162319953321	-1.027513203482	60.935550302135	-63.897283197369	-404.480785071044	-33.008399162039	439.936880117188	-67.347822866407	
0.031896551724	0.154930336291	-0.163685115110	-1.022476906303	60.988358925192	-64.434679418067	-402.498245645232	-32.989315481230	438.471082671849	-68.685171090899	
0.032758620690	0.155043785744	-0.162040198696	-1.018167615838	61.033018325837	-63.787157731270	-400.801892562081	-32.972772482551	437.045143707928	-67.823479247582	
0.033620689655	0.153719501870	-0.160412165369	-1.015018676932	60.511713704930	-63.146282075457	-399.562312110440	-32.961755261833	436.105384323472	-67.571560557391	
0.034482758621	0.153531097397	-0.159120013509	-1.012311488917	60.437548245009	-62.637626228669	-398.496626988394	-33.183520176596	435.555715491375	-67.069182386051	
0.035344827586	0.154384128195	-0.157325239305	-1.010057564694	60.773343995200	-61.931112991820	-397.609369252032	-33.484860646377	435.364531133644	-65.992410998094	
0.036206896552	0.154548300437	-0.155873568532	-1.008196102612	60.837970432170	-61.359662491790	-396.876604318253	-33.624911763973	435.157627983192	-65.322753839601	
0.037068965517	0.155258217453	-0.155104657229	-1.006774667882	61.117429412562	-61.056980398392	-396.317056243039	-33.880269623356	435.249559949908	-64.826049777512	
0.037931034483	0.155470632129	-0.153691658325	-1.005842855614	61.201046493405	-60.500753087796	-395.950248150765	-33.974111703410	435.621081991751	-64.015699836747	
0.038793103448	0.155550828002	-0.152371819281	-1.006121667862	61.232615615743	-59.981198174985	-396.060002650026	-34.106419291557	436.558333389666	-63.267649008559	
0.039655172414	0.155196898043	-0.151515027702	-1.005388244068	61.093291014142	-59.643921992755	-395.771290221981	-34.179657104047	436.926572958737	-62.770772519617	
0.040517241379	0.154928368478	-0.150900583018	-1.005858910662	60.987584295032	-59.402045715951	-395.956568223868	-34.248119351169	437.951372600108	-62.404268662727	
0.041379310345	0.154638414939	-0.150417744554	-1.007482230230	60.873444024624	-59.211976254550	-396.595588307398	-34.281507235091	439.475702518916	-62.079631705881	
0.042241379310	0.154382374026	-0.150277995750	-1.009329933116	60.772653466362	-59.156964108876	-397.322936930793	-34.265547851496	440.760163986685	-61.817985662252	
0.043103448276	0.154061189796	-0.150657771345	-1.012430803945	60.646219227773	-59.306462850463	-398.543595374135	-34.246838090006	442.538717558463	-61.892000175534	
0.043965517241	0.153706455476	-0.150517499152	-1.015561508512	60.506577989069	-59.251244672742	-399.775997874229	-34.273533819475	444.152657420245	-61.750077952954	
0.044827586207	0.153334832428	-0.150664761276	-1.018920971999	60.360288499585	-59.309214438189	-401.098451370877	-34.309030355549	445.828464017167	-61.817180804789	
0.045689655172	0.152856023734	-0.150691618615	-1.022412978388	60.171805357965	-59.319786835531	-402.473080407989	-34.268897146555	447.533126833365	-61.795940506646	
0.046551724138	0.152555413892	-0.150863416043	-1.025447328200	60.053470231436	-59.387414928249	-403.667552839306	-34.274564821378	449.100823552688	-61.862999656830	
0.047413793103	0.152086924879	-0.151210878880	-1.028043366834	59.869049434881	-59.524193746173	-404.689483984577	-34.325703876287	450.503930761662	-62.107118128413	
0.048275862069	0.151594276116	-0.151702351459	-1.029974931893	59.675118147207	-59.717662028621	-405.449844969407	-34.289782228327	451.518557323074	-62.338545204385	
0.049137931034	0.151164916832	-0.151684589015	-1.032121305353	59.506100776444	-59.710669838676	-406.294765325901	-34.253927318879	452.727245563692	-62.253866779509	
0.050000000000	0.150545615093	-0.151686064128	-1.034283189623	59.262312518815	-59.711250517025	-407.145791515930	-34.272688003550	453.974763926218	-62.310774261246	
0.050862068966	0.149613526152	-0.151363539140	-1.036158276805	58.895395514469	-59.584288489082	-407.883919973056	-34.256994259787	454.974192833023	-62.299210817995	
0.051724137931	0.148830580429	-0.150824146265	-1.038540402386	58.587188768456	-59.371956372209	-408.821644200647	-34.236568538818	456.255730133812	-62.067340638855	
0.052586206897	0.148098855048	-0.150420223775	-1.040621549693	58.299144920916	-59.212952200288	-409.640888268543	-34.233265654499	457.239617828441	-61.892917072708	
0.053448275862	0.147593950102	-0.150140097369	-1.043315907896	58.100388984701	-59.102680382761	-410.701522932346	-34.206722458492	458.634229756317	-61.848975468778	
0.054310344828	0.147004481496	-0.149808023861	-1.044681827554	57.868344545789	-58.971959577591	-411.239217487995	-34.250427714116	459.283947446681	-61.748119902241	
0.055172413793	0.146813822562	-0.148895045066	-1.046329614673	57.793291617119	-58.612565286012	-411.887869228313	-34.185168151507	460.090665969721	-61.248757864166	
0.056034482759	0.146431882736	-0.148562979978	-1.048307283701	57.642940925355	-58.481847795667	-412.666379050401	-34.216104452949	461.159336338655	-61.209834015225	
0.056896551724	0.145810626248	-0.147966276810	-1.049504780391	57.398383180682	-58.246955470277	-413.137773869858	-34.186819482512	461.784553843994	-61.016063975822	
0.057758620690	0.145719954380	-0.147316012576	-1.050807536690	57.362690181044	-57.990978820044	-413.650604156524	-34.149698166958	462.461380975076	-60.688498661540	
0.058620689655	0.145681702757	-0.147239700385	-1.051819636547	57.347632421499	-57.960938510120	-414.049017474541	-34.145306959817	462.992072354606	-60.679839271601	
0.059482758621	0.145883902927	-0.147554014432	-1.052469488005	57.427228560355	-58.084668299772	-414.304831635556	-34.147619473557	463.175453885808	-60.822661387447	
0.060344827586	0.145759794944	-0.147539405805	-1.053931816942	57.378373427328	-58.078917610556	-414.880477724106	-34.073936395041	463.842081931533	-60.743116429582	
0.061206896552	0.145336864244	-0.147615220485	-1.054572016498	57.211886669665	-58.108762075123	-415.132492411722	-34.030010175041	464.000252719133	-60.748343884083	
0.062068965517	0.145335807497	-0.147691676633	-1.054769720497	57.211470681094	-58.138859053652	-415.210318631668	-34.009560055603	463.972526185450	-60.773569102231	
0.062931034483	0.145395360870	-0.147994284345	-1.055357978520	57.234913878793	-58.257980642091	-415.441886524115	-33.952285603921	464.351500270344	-60.865291135352	
0.063793103448	0.145553173246	-0.148515750472	-1.055518005171	57.297036753019	-58.463255890812	-415.504881048446	-33.903102452170	464.249100322491	-61.128093688721	
0.064655172414	0.145822910008	-0.148737780305	-1.056207356458	57.403218685338	-58.550657980480	-415.776244325189	-33.848377699094	464.419817732958	-61.136620380467	
0.065517241379	0.145528769208	-0.149166176796	-1.056092317141	57.287430098390	-58.719296347716	-415.730959073976	-33.782684017049	464.055812390970	-61.369346964082	
0.066379310345	0.145423967861	-0.148952388982	-1.057670721034	57.246175026646	-58.635138730481	-416.352298093244	-33.636449908026	464.920897344145	-61.188699451471	
0.067241379310	0.145293202470	-0.149008723187	-1.057458107017	57.194699203140	-58.657314702140	-416.268602541410	-33.611078735045	464.526639036111	-61.186193013897	
0.068103448276	0.144975396589	-0.148623735490	-1.058339783501	57.069594852486	-58.505764215610	-416.615674671648	-33.536178145467	465.023576875814	-61.002053573928	
0.068965517241	0.144541566099	-0.148693238080	-1.058774459228	56.898817390452	-58.533123924415	-416.786784861350	-33.478125246759	465.081839468266	-61.197131344071	
0.069827586207	0.144543384206	-0.148171404457	-1.059158810760	56.899533088539	-58.327704010856	-416.938084921483	-33.417618623603	465.121817943179	-60.862911454912	
0.070689655172	0.144621068287	-0.147705603782	-1.060314394289	56.930113443238	-58.144341478735	-417.392980616631	-33.357719201843	465.712677636448	-60.569966825627	
0.071551724138	0.144064951286	-0.147457845717	-1.060431937949	56.711197870672	-58.046811465245	-417.439251702903	-33.292741959867	465.675025610785	-60.642313024131	
0.072413793103	0.144263624040	-0.147046894555	-1.061391505639	56.789405441534	-57.885040455160	-417.816985722222	-33.293553977705	466.067391939314	-60.483699792621	
0.073275862069	0.144139680395	-0.146106234011	-1.061840019632	56.740615000047	-57.514749237730	-417.993543348539	-33.243575600082	466.070173366927	-59.980789891928	
0.074137931034	0.143954590011	-0.146054557148	-1.063608974037	56.667754131822	-57.494406629601	-418.689892615862	-33.149675551104	466.937038676302	-60.092632183646	
0.075000000000	0.143859365633	-0.145379794204	-1.064576306751	56.630269035675	-57.228786057438	-419.070683338647	-33.104518108227	467.160846103117	-59.740070055237	
0.075862068966	0.143893666708	-0.144816529428	-1.065221763142	56.643771661312	-57.007056761890	-419.324767380489	-33.148728016809	467.382938992585	-59.500701230569	
0.076724137931	0.143846405981	-0.144638971413	-1.065735486306	56.625167466130	-56.937161012511	-419.526994610383	-33.092014534148	467.564291869683	-59.516533347316	
0.077586206897	0.144012736965	-0.144073120031	-1.066101061906	56.690643692425	-56.714413499015	-419.670903520837	-33.058155913415	467.692177571672	-59.227320585176	
0.078448275862	0.144014475081	-0.143619531564	-1.066494275078	56.691327902252	-56.535858304949	-419.825691967492	-33.098704776809	467.952561993673	-59.046068063405	
0.079310344828	0.143949770743	-0.143417504268	-1.065845561561	56.665857026101	-56.456330217984	-419.570325757385	-33.153502063309	467.627093303921	-59.039770572121	
0.080172413793	0.143869571859	-0.142836602002	-1.065813323507	56.634286719009	-56.227657921007	-419.557635240738	-33.088592936316	467.710648866938	-58.755362990317	
0.081034482759	0.143921094289	-0.142454527974	-1.065900830529	56.654568533949	-56.077254400974	-419.592082397884	-33.137371709995	467.829269195021	-58.597295762924	
0.081896551724	0.143838332942	-0.142347854695	-1.065773672853	56.621989512583	-56.035262442640	-419.542026752443	-33.182820611603	467.924516077275	-58.614160614367	
0.082758620690	0.144044743190	-0.142529283536	-1.064142649075	56.703242949680	-56.106681943161	-418.899973905033	-33.237116587900	467.052012018445	-58.780836684615	
0.083620689655	0.144282063361	-0.141743376650	-1.066368574831	56.796664083736	-55.797309535039	-419.776210039202	-33.170531413652	468.569718387236	-58.263341850449	
0.084482758621	0.144083853570	-0.142001480897	-1.064692549567	56.718638758821	-55.898912325230	-419.116442347498	-33.249214771928	467.517853503249	-58.518902028644	
0.085344827586	0.144077188231	-0.141789867801	-1.064802219189	56.716014946807	-55.815610786366	-419.159613816803	-33.303570778426	467.690987101476	-58.457881294506	
0.086206896552	0.144059171223	-0.141817139909	-1.065018734995	56.708922547838	-55.826346457091	-419.244845308401	-33.264805598798	467.797064229866	-58.419236301933	
0.087068965517	0.144150588524	-0.142044594406	-1.064700195202	56.744908987259	-55.915883966975	-419.119452053204	-33.273176861954	467.578060202353	-58.512754483335	
0.087931034483	0.144337563513	-0.142149669923	-1.065392788558	56.818511730423	-55.957246966094	-419.392091571161	-33.267291527474	467.872246402920	-58.537958656031	
0.088793103448	0.144845539255	-0.142466029529	-1.065740825148	57.018476486042	-56.081781990159	-419.529096246597	-33.240208502022	467.916107537143	-58.582489177546	
0.089655172414	0.144567010710	-0.142631564239	-1.065039848558	56.908833666766	-56.146944763037	-419.253156667052	-33.252821610077	467.355164116223	-58.696313559442	
0.090517241379	0.144672034340	-0.142761759691	-1.065811285260	56.950176240492	-56.198196229945	-419.556832884256	-33.154481796657	467.679589269482	-58.646337483066	
0.091379310345	0.144411606161	-0.143053732659	-1.065682554660	56.847658633986	-56.313131448907	-419.506158057092	-33.183790634030	467.519739374791	-58.765221783035	
0.092241379310	0.144523030781	-0.143654395572	-1.065484651380	56.891520958584	-56.549582529140	-419.428253389912	-33.161052111769	467.286276913440	-58.995080459109	
0.093103448276	0.144727249183	-0.144124099799	-1.065836175325	56.971911574727	-56.734481695126	-419.566630863531	-33.079809535433	467.359559391620	-59.137415076710	
0.093965517241	0.144855657914	-0.144345237650	-1.065379518757	57.022459698428	-56.821532655838	-419.386867910978	-33.064901901644	466.985453721119	-59.186815677028	
0.094827586207	0.144895161504	-0.144779944385	-1.065252131353	57.038010294787	-56.992655051952	-419.336721833389	-33.059452773934	466.905861092579	-59.387106506602	
0.095689655172	0.145098790973	-0.145202946397	-1.065163096126	57.118169077382	-57.159169881362	-419.301673097521	-33.008806426297	466.788403961196	-59.543191653416	
0.096551724138	0.145126712429	-0.145474015898	-1.065160926262	57.129160364400	-57.265876446716	-419.300818930167	-32.985745432597	466.713836594688	-59.643489217630	
0.097413793103	0.145245260518	-0.145742009468	-1.065184275211	57.175826844136	-57.371372170997	-419.310010248982	-32.955811855545	466.670069769920	-59.766993517433	
0.098275862069	0.145219462221	-0.145769971354	-1.065368661246	57.165671338925	-57.382379373274	-419.382593849566	-32.929787276400	466.648725152307	-59.803419262765	
0.099137931034	0.145169375965	-0.145647365666	-1.065745863258	57.145954873960	-57.334115618519	-419.531079499863	-32.918565060661	466.730218360772	-59.780165819815	
0.100000000000	0.145097639922	-0.145520321854	-1.066067616685	57.117715965679	-57.284104795709	-419.657737802932	-32.889219813631	466.799222246913	-59.761743338993	
0.100862068966	0.145008269089	-0.145331673377	-1.066331822382	57.082535118842	-57.209843283756	-419.761742430202	-32.873193291349	466.863833012624	-59.727539561371	
0.101724137931	0.145007794074	-0.145107849884	-1.066737363845	57.082348129315	-57.121735119473	-419.921383910783	-32.858152223440	467.000748899753	-59.655406694968	
0.102586206897	0.145019022901	-0.144716793817	-1.067398352414	57.086768359422	-56.967795817854	-420.181582197690	-32.819156293319	467.239043084894	-59.504970888880	
0.103448275862	0.144891961478	-0.144240736113	-1.068033472380	57.036750603643	-56.780395604222	-420.431597303576	-32.804927648187	467.474900378567	-59.330303995353	
0.104310344828	0.144756583858	-0.143799006396	-1.068542152993	56.983459175753	-56.606508609627	-420.631839532194	-32.804078269415	467.640637609567	-59.167886435269	
0.105172413793	0.144633668999	-0.143354547038	-1.069269913972	56.935073716160	-56.431547091636	-420.918322792242	-32.793910325713	467.938146608028	-58.987305718058	
0.106034482759	0.144591109005	-0.142976055076	-1.069838027815	56.918319965661	-56.282553652562	-421.141960923815	-32.782619687295	468.139708906372	-58.830242868678	
0.106896551724	0.144493726820	-0.142593161608	-1.070453049956	56.879985448281	-56.131827559667	-421.384064517103	-32.782592415633	468.457340257260	-58.682736098845	
0.107758620690	0.144414940683	-0.142275524733	-1.070571412844	56.848971269104	-56.006789738076	-421.430658092184	-32.804866661996	468.525508746783	-58.558348357965	
0.108620689655	0.144349791593	-0.142060780476	-1.070619802296	56.823325316377	-55.922255616822	-421.449706610225	-32.826798875108	468.576617299876	-58.487819643245	
0.109482758621	0.144420022733	-0.141977258967	-1.070731884052	56.850971819371	-55.889377357322	-421.493827616457	-32.838859440017	468.706213686516	-58.457470672134	
0.110344827586	0.144563922603	-0.142053319564	-1.070513653108	56.907618033002	-55.919318627210	-421.407920960333	-32.882050343798	468.666126869617	-58.508557307620	
0.111206896552	0.144816348527	-0.142289959893	-1.070028828920	57.006985549988	-56.012472141697	-421.217069818453	-32.921744274512	468.510216277074	-58.614727149758	
0.112068965517	0.144764768207	-0.142255039456	-1.069615795897	56.986680946327	-55.998725704426	-421.054479283451	-32.934590612089	468.414519933647	-58.607099418231	
0.112931034483	0.144759460324	-0.142212267115	-1.069389976488	56.984591497208	-55.981888363554	-420.965585426409	-32.970122209177	468.406660594448	-58.602261628282	
0.113793103448	0.144722262535	-0.142443771979	-1.068784634416	56.969948579731	-56.073020301150	-420.727292394713	-33.020785891937	468.106101734281	-58.787194607774	
0.114655172414	0.144884133789	-0.142394543809	-1.069005346362	57.033669232573	-56.053641622019	-420.814175697741	-33.018930185636	468.327264908163	-58.725960542464	
0.115517241379	0.145405258694	-0.142822425860	-1.069086998815	57.238810159052	-56.222077479617	-420.846318202680	-32.981471242498	468.314439316886	-58.846783508041	
0.116379310345	0.145217548181	-0.143362399938	-1.068142971990	57.164917876855	-56.434638387420	-420.474701847825	-33.063912527735	467.754114897858	-59.204154786488	
0.117241379310	0.145242829001	-0.142711204341	-1.068204176379	57.174869676729	-56.178295105642	-420.498794968328	-32.968640001085	467.786366698948	-58.729957291977	
0.118103448276	0.145066286432	-0.143068199142	-1.068464609985	57.105373657855	-56.318826182935	-420.601314711147	-33.001652343470	467.858070453558	-58.961210019310	
0.118965517241	0.145055574787	-0.143259832889	-1.068514272309	57.101157016858	-56.394262847313	-420.620864295152	-33.000088502918	467.819644961336	-59.017052296744	
0.119827586207	0.145133420624	-0.143637872029	-1.068093149408	57.131801046472	-56.543078032940	-420.455089178017	-32.959340529672	467.413234843751	-59.124139168838	
0.120689655172	0.145194364787	-0.143862678014	-1.068259764151	57.155791728961	-56.631572955198	-420.520677106168	-32.929960373753	467.592832730091	-59.183459898231	
0.121551724138	0.145184169693	-0.144353935996	-1.067284423517	57.151778428163	-56.824956761445	-420.136734064033	-32.961067532243	467.023055789523	-59.408205087388	
0.122413793103	0.145266145924	-0.144733441114	-1.067118087360	57.184048388263	-56.974349029812	-420.071255801235	-32.957526083481	467.038925513857	-59.553060928129	
0.123275862069	0.145350002105	-0.145162732501	-1.067096063887	57.217058391484	-57.143339673042	-420.062586256437	-32.922588889282	466.910166644961	-59.735798094014	
0.124137931034	0.145381075660	-0.145351248336	-1.066810610038	57.229290502895	-57.217548970468	-419.950217290021	-32.902575663970	466.732386946872	-59.815820273696	
0.125000000000	0.145452772316	-0.145652841033	-1.066897434594	57.257513906356	-57.336270998205	-419.984395794349	-32.908062351869	466.815765386201	-59.995634825930	
0.125862068966	0.145566005763	-0.145791171178	-1.066556386142	57.302088276028	-57.390724688210	-419.850142000744	-32.884993626129	466.601509787792	-60.057204500799	
0.126724137931	0.145588256946	-0.145691162123	-1.066662387598	57.310847458840	-57.351356102997	-419.891869495641	-32.850193248085	466.726413019601	-60.019226598606	
0.127586206897	0.145616041549	-0.145598506381	-1.066466025231	57.321784873664	-57.314882150863	-419.814571409190	-32.846338933389	466.550952631309	-60.014001429082	
0.128448275862	0.145485094302	-0.145107054891	-1.066963582455	57.270237462794	-57.121422170305	-420.010434913502	-32.842830215489	466.812176685722	-59.849635119426	
0.129310344828	0.145444680007	-0.144766782512	-1.067426064371	57.254328367012	-56.987473878021	-420.192491015206	-32.817925598975	466.986336040143	-59.706401644832	
0.130172413793	0.145479409380	-0.144448587314	-1.068280886533	57.267999592056	-56.862216272553	-420.528991936199	-32.796015427862	467.304200983450	-59.563110606656	
0.131034482759	0.145309132618	-0.144007073339	-1.068914733838	57.200970109200	-56.688414205060	-420.778506058995	-32.782679536055	467.488838074233	-59.393269499163	
0.131896551724	0.145050242151	-0.143623003756	-1.069486681327	57.099057823477	-56.537225134097	-421.003653306406	-32.775283394461	467.704953623803	-59.224304442692	
0.132758620690	0.144870293851	-0.143339122037	-1.070199358506	57.028221137807	-56.425475036775	-421.284198825098	-32.763981981194	468.015982859911	-59.103358087704	
0.133620689655	0.144702801612	-0.143266681252	-1.070619037204	56.962287783432	-56.396958706552	-421.449405431443	-32.770400541041	468.151018154330	-59.069815851295	
0.134482758621	0.144640448265	-0.143125916546	-1.070698163682	56.937742375661	-56.341546651009	-421.480553585771	-32.752563384228	468.150363514086	-58.969974817301	
0.135344827586	0.144740406022	-0.143242483545	-1.070684153081	56.977090767203	-56.387433274483	-421.475038309873	-32.780381640586	468.184907455231	-59.043635677516	
0.136206896552	0.144768904015	-0.143457742888	-1.070232205709	56.988309008090	-56.472170159078	-421.297129133415	-32.823130916455	468.021480821414	-59.161950071919	
0.137068965517	0.144773441271	-0.143710609000	-1.069575277935	56.990095099792	-56.571710956470	-421.038529379477	-32.854870604576	467.808617654091	-59.283805899145	
0.137931034483	0.144836486886	-0.144442131611	-1.068886214490	57.014913019113	-56.859674983644	-420.767279411847	-32.893155412397	467.609153728133	-59.600959999588	
0.138793103448	0.145186754404	-0.144876001708	-1.068036606611	57.152795900124	-57.030468037200	-420.432831094354	-32.883862123212	467.212198369105	-59.742550258154	
0.139655172414	0.145337594972	-0.145302324494	-1.067835686409	57.212174320752	-57.198290090008	-420.353738815153	-32.935648351195	467.292100608429	-59.967222970532	
0.140517241379	0.145471755005	-0.145044922343	-1.067430292848	57.264986445586	-57.096963680048	-420.194155556293	-32.912262139592	467.124185220943	-59.855523349680	
0.141379310345	0.145631005008	-0.144533816698	-1.067754935192	57.327675242223	-56.895766837064	-420.321951082257	-32.886284859075	467.346284143975	-59.645282672737	
0.142241379310	0.145873556296	-0.144505753691	-1.068131060708	57.423155607051	-56.884719828401	-420.470012969266	-32.923628128870	467.578663842639	-59.704410970220	
0.143103448276	0.146017246239	-0.144077768199	-1.068632839044	57.479719182747	-56.716243251230	-420.667538115071	-32.898488861691	467.754699942704	-59.483323052640	
0.143965517241	0.145564956729	-0.143386993747	-1.068884434109	57.301675323597	-56.444319745100	-420.766578564252	-32.814942842037	467.573824031974	-59.083723215898	
0.144827586207	0.145050457519	-0.143310383612	-1.070070885908	57.099142603065	-56.414162149685	-421.233625560324	-32.826888329993	468.256174138660	-59.129389613864	
0.145689655172	0.144636161679	-0.143332935539	-1.069439203206	56.936054960028	-56.423039720621	-420.984963533950	-32.846242042012	467.760994361178	-59.113816021201	
0.146551724138	0.144717800803	-0.143852252002	-1.069516919406	56.968192218190	-56.627468753384	-421.015556532407	-32.835218254878	467.749523475127	-59.320794550612	
0.147413793103	0.144834549673	-0.143768161045	-1.069548142521	57.014150435056	-56.594366330794	-421.027847518033	-32.784144318911	467.780317541471	-59.144773244815	
0.148275862069	0.144876884681	-0.144483892032	-1.069007900003	57.030815619703	-56.876113981927	-420.815180939145	-32.867184016080	467.475023152074	-59.555995323250	
0.149137931034	0.144855130676	-0.144696302652	-1.068797718096	57.022252151050	-56.959729466572	-420.732442788097	-32.836426378489	467.343317965451	-59.612048207261	
0.150000000000	0.144888420224	-0.145233729112	-1.068204092731	57.035356588362	-57.171287503588	-420.498762040072	-32.878818532191	467.156292681327	-59.890175878695	
0.150862068966	0.145282705802	-0.146210995345	-1.067823711708	57.190567187866	-57.555988558446	-420.349024971868	-32.893868561789	466.972797372852	-60.310673244557	
0.151724137931	0.145494928283	-0.146829054428	-1.067608206872	57.274108611387	-57.799287644345	-420.264191448524	-32.890371085992	466.852434727022	-60.570346278582	
0.152586206897	0.145793327499	-0.147252395712	-1.067117527885	57.391573524523	-57.965936028187	-420.071035563901	-32.870896293013	466.643161873374	-60.722260666860	
0.153448275862	0.145898125817	-0.147100429302	-1.066830337008	57.432827404132	-57.906114419699	-419.957982815733	-32.874420393664	466.529584923782	-60.715877468983	
0.154310344828	0.146046388273	-0.146661043370	-1.066972356282	57.491190950506	-57.733150056441	-420.013888732156	-32.868119018600	466.605482710983	-60.532571982705	
0.155172413793	0.145722199989	-0.145511647986	-1.067326845255	57.363574165509	-57.280690325672	-420.153433389890	-32.845149710468	466.797188600809	-60.090914585056	
0.156034482759	0.145544602394	-0.144989936716	-1.068234057333	57.293662835512	-57.075318576620	-420.510557611945	-32.879222613829	467.100269137902	-60.005253906972	
0.156896551724	0.145413126589	-0.143943596141	-1.069820055308	57.241907357414	-56.663426392598	-421.134886042845	-32.819982910572	467.878489573986	-59.449506964299	
0.157758620690	0.145060417128	-0.143715829451	-1.070480079795	57.103063205204	-56.573765987968	-421.394704818563	-32.776975827032	467.808213222140	-59.369149553357	
0.158620689655	0.144877038340	-0.143661661431	-1.071942823218	57.030876107502	-56.552442735985	-421.970514069747	-32.713447598817	468.424426483255	-59.262987925590	
0.159482758621	0.144678420400	-0.143873488978	-1.072487160490	56.952690114240	-56.635828693595	-422.184792549412	-32.716670154012	468.565840023268	-59.306287186150	
0.160344827586	0.144454926790	-0.143900859266	-1.072331455854	56.864711808642	-56.646603013147	-422.123499387360	-32.708897745285	468.491895411030	-59.250812003818	
0.161206896552	0.144383770627	-0.143888319908	-1.071841763392	56.836701170378	-56.641666892107	-421.930731848168	-32.746950741049	468.383496466623	-59.265533709191	
0.162068965517	0.144398080661	-0.144043749182	-1.070976083766	56.842334318164	-56.702851658234	-421.589956884364	-32.786770613475	468.066545096933	-59.366155240555	
0.162931034483	0.144803448192	-0.145010843662	-1.070243011961	57.001907330448	-57.083548599991	-421.301383016741	-32.846327210376	467.881028438745	-59.795765984799	
0.163793103448	0.145064046095	-0.146009853956	-1.069443674495	57.104491748811	-57.476809208950	-420.986723657871	-32.836134366423	467.593940853869	-60.133150681967	
0.164655172414	0.145506027255	-0.147174603225	-1.068537505239	57.278477723834	-57.935312999504	-420.630009942932	-32.847285412382	467.152928269171	-60.651652881277	
0.165517241379	0.145538409906	-0.147566506475	-1.067846908517	57.291225161381	-58.089585795042	-420.358156400453	-32.869080224073	466.977208059928	-60.820223958984	
0.166379310345	0.145886659337	-0.147654793903	-1.066802999754	57.428313621776	-58.124340159332	-419.947221500171	-32.887836855348	466.566135560691	-60.909537085104	
0.167241379310	0.145959151043	-0.146943857831	-1.066868116726	57.456849996892	-57.844480027379	-419.972854809607	-32.896526803228	466.651915664471	-60.680655609642	
0.168103448276	0.146033754010	-0.145963303197	-1.067684021116	57.486217470350	-57.458484493217	-420.294035741208	-32.864481597301	467.060976371211	-60.239989811424	
0.168965517241	0.145517164012	-0.144585646224	-1.068377606525	57.282861710745	-56.916169540821	-420.567065780994	-32.875378383891	467.225905764599	-59.794716719190	
0.169827586207	0.145455225103	-0.143906055317	-1.069885756537	57.258479446144	-56.648648439552	-421.160749345420	-32.857935977700	467.825799274295	-59.536804994324	
0.170689655172	0.145261652467	-0.143815870403	-1.070615524542	57.182279538160	-56.613147129593	-421.448022671311	-32.858344052403	467.863007064170	-59.491529222463	
0.171551724138	0.145044689105	-0.143705529684	-1.072067265113	57.096871865730	-56.569711482635	-422.019500647495	-32.736616453247	468.400080436699	-59.222124745032	
0.172413793103	0.144979060744	-0.144688823663	-1.072429079016	57.071037247872	-56.956785360831	-422.161928765151	-32.739068699070	468.206445446483	-59.627838872521	
0.173275862069	0.144522361032	-0.144435635086	-1.072509714836	56.891257311608	-56.857117625093	-422.193671072387	-32.750475518698	468.328341306466	-59.412683827930	
0.174137931034	0.144754336418	-0.144712682217	-1.072442539268	56.982574470592	-56.966177285668	-422.167227396314	-32.688208501986	468.389769706458	-59.463799668893	
0.175000000000	0.144425037889	-0.144721398830	-1.071080494088	56.852946036420	-56.969608582028	-421.631058029386	-32.748860099386	467.705815774311	-59.572528661035	
0.175862068966	0.144389962244	-0.145636144169	-1.070091095699	56.839138501621	-57.329698273900	-421.241581148745	-32.838624209104	467.446926157928	-60.062288786387	
0.176724137931	0.144839810117	-0.146584910708	-1.069318104876	57.016221209785	-57.703180418406	-420.937293151640	-32.846478657718	467.149154014360	-60.357323067159	
0.177586206897	0.145331369596	-0.147941907294	-1.068440615867	57.209723700451	-58.237362405160	-420.591869421643	-32.841347065471	466.785628289243	-60.973698719017	
0.178448275862	0.145927529284	-0.148990610731	-1.067689917033	57.444402084653	-58.650184730163	-420.296356670345	-32.830560841656	466.540972995502	-61.368955516346	
0.179310344828	0.146179934679	-0.149121743772	-1.067209019143	57.543761520895	-58.701805278703	-420.107051116275	-32.835311617957	466.353631604609	-61.472839038949	
0.180172413793	0.146286611115	-0.148405882635	-1.067096165232	57.585754721746	-58.420006394146	-420.062626151002	-32.844550237345	466.305267752267	-61.216273503287	
0.181034482759	0.146462779735	-0.147775890268	-1.068047690387	57.655103535626	-58.172009768561	-420.437194225282	-32.788712312921	466.859309532020	-60.967314852333	
0.181896551724	0.146173473229	-0.146332940603	-1.068480265886	57.541217969662	-57.603992334345	-420.607477659686	-32.820756281328	466.930263505424	-60.513555146365	
0.182758620690	0.145562547075	-0.144628577282	-1.069645702575	57.300726762872	-56.933069360526	-421.066252053510	-32.804559006258	467.393456374968	-59.820523431991	
0.183620689655	0.145365832934	-0.144414382424	-1.070873492781	57.223290200548	-56.848751510283	-421.549571922178	-32.757019181600	467.854180647487	-59.697068836000	
0.184482758621	0.144993165084	-0.144462850353	-1.072451832195	57.076589424123	-56.867830920775	-422.170885558699	-32.713696507540	468.207199816563	-59.632380203972	
0.185344827586	0.144749868939	-0.145325318493	-1.074018488620	56.980815846318	-57.207341682306	-422.787600184521	-32.685449877323	468.633672544395	-59.837003595267	
0.186206896552	0.145002727540	-0.146210495335	-1.074832548940	57.080353687010	-57.555791729222	-423.108055197929	-32.536882799371	468.850576535994	-59.940180485865	
0.187068965517	0.144900652068	-0.146076454421	-1.074292366088	57.040171656473	-57.503026495841	-422.895412106414	-32.544407414986	468.577016930042	-59.882339665474	
0.187931034483	0.144392213398	-0.145595783205	-1.072678786830	56.840024668935	-57.313810172406	-422.260226297907	-32.660470916728	467.923189005151	-59.846925856652	
0.188793103448	0.144499946220	-0.145231358878	-1.072485103133	56.882433716465	-57.170354460693	-422.183982670550	-32.678988968123	468.377292349544	-59.650021120576	
0.189655172414	0.144968742997	-0.147114065200	-1.070938686395	57.066975664716	-57.911482193635	-421.575235401760	-32.781320416080	467.599655985586	-60.618890792441	
0.190517241379	0.145577523497	-0.148230971910	-1.070124616562	57.306622234428	-58.351152750792	-421.254776643663	-32.741478351114	467.197507443552	-60.964186723916	
0.191379310345	0.145794773657	-0.149286040854	-1.069015193403	57.392142804622	-58.766480858982	-420.818051987531	-32.815641275282	466.739411951372	-61.482580968978	
0.192241379310	0.146424126704	-0.149809167089	-1.069012889960	57.639887761797	-58.972409609458	-420.817145236536	-32.749552076642	466.898100250696	-61.630349690240	
0.193103448276	0.146506301843	-0.149454547023	-1.068974122752	57.672236022350	-58.832813347356	-420.801884517226	-32.747273264076	466.942920176716	-61.569184366648	
0.193965517241	0.146334438084	-0.148104128954	-1.069313413557	57.604581817920	-58.301220995053	-420.935446412632	-32.741654425482	467.159285612326	-61.024778236021	
0.194827586207	0.146309195973	-0.147145124470	-1.070318486480	57.594645255877	-57.923708681462	-421.331093576656	-32.734039076422	467.539947987571	-60.752894182189	
0.195689655172	0.145581548381	-0.145457429195	-1.071287955014	57.308206630997	-57.259347087684	-421.712725065698	-32.706198038424	467.917429545573	-60.144492230305	
0.196551724138	0.145191205075	-0.144808849357	-1.072118625119	57.154547907523	-57.004033500122	-422.039718524501	-32.767661259634	468.222540283182	-59.856831485723	
0.197413793103	0.145009626951	-0.145025032882	-1.073573381159	57.083069641425	-57.089134189593	-422.612383540376	-32.659956949584	468.588392655512	-59.782981144778	
0.198275862069	0.144739326606	-0.145830707417	-1.075885067756	56.976665854808	-57.406288136794	-423.522379447478	-32.639459756276	469.202073737555	-60.013896114207	
0.199137931034	0.144911505352	-0.146565321254	-1.076343772759	57.044444053783	-57.695469025736	-423.702948766922	-32.506028009841	469.043044738959	-60.049779502197	
0.200000000000	0.145258568273	-0.147142961035	-1.075830700611	57.181065444394	-57.922857044811	-423.500977809655	-32.483247021410	468.795860580370	-60.254981738368	
0.200862068966	0.144875869994	-0.146634094929	-1.074648089591	57.030416187818	-57.722541797267	-423.035442736776	-32.585220848254	468.382212507812	-60.150053856236	
0.201724137931	0.144903902366	-0.146423491915	-1.074226077561	57.041451136752	-57.639637876960	-422.869317614157	-32.609418406555	468.528845782466	-60.039934966282	
0.202586206897	0.145042853620	-0.147686859296	-1.072994697473	57.096149326876	-58.136962707801	-422.384584587833	-32.708701604054	467.998359767694	-60.730869492709	
0.203448275862	0.145315427453	-0.148437433708	-1.071815094522	57.203448072318	-58.432426480660	-421.920233642042	-32.691978673725	467.334979221308	-60.963098366106	
0.204310344828	0.145771645082	-0.149671937103	-1.071053169609	57.383038236540	-58.918388997288	-421.620301742420	-32.717876085084	466.940539149337	-61.546048845062	
0.205172413793	0.146121874018	-0.150080278444	-1.071420987575	57.520905929680	-59.079132650426	-421.765093360851	-32.676543001152	467.434941656364	-61.664793657856	
0.206034482759	0.146480306296	-0.150744436525	-1.070897320463	57.662002869836	-59.340578616653	-421.558951693936	-32.715583409468	467.115771101520	-62.031056943221	
0.206896551724	0.146277883486	-0.149345750002	-1.071381207802	57.582319088990	-58.789985377376	-421.749434045088	-32.630867537215	467.340574585068	-61.434259206253	
0.207758620690	0.145796546650	-0.147934608819	-1.072241527569	57.392840743742	-58.234489359055	-422.088099099419	-32.601906774299	467.933067605475	-60.945855211796	
0.208620689655	0.145653203034	-0.147012842259	-1.073113417396	57.336413499839	-57.871635761811	-422.431318709927	-32.668710513809	468.363915269066	-60.656294046002	
0.209482758621	0.145489650063	-0.146383301330	-1.073189533162	57.272030839047	-57.623816844830	-422.461281696845	-32.692571744862	468.050572806721	-60.491835240902	
0.210344827586	0.145078551084	-0.145913651974	-1.074701765612	57.110201640985	-57.438939278750	-423.056572313651	-32.593912603979	468.722400139387	-60.073537340386	
0.211206896552	0.145048310000	-0.146947599153	-1.076685901182	57.098297231769	-57.845952799693	-423.837627691390	-32.617442681535	469.219187580972	-60.408357089558	
0.212068965517	0.144861555000	-0.147246188070	-1.077547602376	57.024781087578	-57.963492388808	-424.176836544357	-32.469274627513	469.142598471548	-60.272862323863	
0.212931034483	0.145152025832	-0.147327881661	-1.076700285577	57.139124990717	-57.995651087807	-423.843290111466	-32.426341610713	468.751337453789	-60.250599880313	
0.213793103448	0.145527826613	-0.147473491634	-1.076638933022	57.287059045632	-58.052970483473	-423.819138665444	-32.493784113764	469.066551595300	-60.382910981436	
0.214655172414	0.145591037429	-0.147465162928	-1.074594696996	57.311941996485	-58.049691886977	-423.014424730989	-32.581871370303	468.152448350916	-60.392256181552	
0.215517241379	0.145614245596	-0.148505769821	-1.072373628515	57.321077896069	-58.459327005347	-422.140100663983	-32.669848908798	467.120202494181	-60.902783798889	
0.216379310345	0.145365238013	-0.148369266947	-1.072622542109	57.223056009566	-58.405592620878	-422.238085551896	-32.613735199888	467.718763627038	-60.767382666738	
0.217241379310	0.145230343501	-0.149435143581	-1.071556914571	57.169954757155	-58.825175178399	-421.818601050865	-32.687565207885	467.072480571513	-61.381700799505	
0.218103448276	0.145520246057	-0.149776041396	-1.070654413249	57.284074958475	-58.959369673905	-421.463331218797	-32.743625701172	466.817444735188	-61.536908063897	
0.218965517241	0.146777557232	-0.150704000918	-1.071636278477	57.779015762562	-59.324661131529	-421.849842669119	-32.725457747234	467.275445830929	-61.965136389788	
0.219827586207	0.146707328937	-0.149710294526	-1.071716286298	57.751370379522	-58.933488404641	-421.881337764170	-32.678329833067	467.292798545375	-61.493410863653	
0.220689655172	0.146372917999	-0.148845098236	-1.072193771165	57.619729444710	-58.592903706396	-422.069299781104	-32.575882688006	467.644246112491	-61.234851358269	
0.221551724138	0.145666386488	-0.147602230059	-1.072087100632	57.341603169031	-58.103648391295	-422.027308903476	-32.698482373316	467.734552693396	-60.897328255421	
0.222413793103	0.145577111817	-0.147024348912	-1.072508209415	57.306460176518	-57.876165358207	-422.193078463010	-32.723029870146	468.091665350630	-60.663473183292	
0.223275862069	0.145499202623	-0.146637038587	-1.072806382691	57.275791206203	-57.723700568612	-422.310454434998	-32.627211017999	467.910375921905	-60.405157686592	
0.224137931034	0.145550201764	-0.147112540111	-1.075020590313	57.295867028546	-57.910881841800	-423.182077723370	-32.631270741604	468.814612551973	-60.446539549070	
0.225000000000	0.145132141147	-0.147346730570	-1.075530794228	57.131297380145	-58.003070964461	-423.382919599691	-32.530537363477	468.536704652917	-60.374393404205	
0.225862068966	0.145827641176	-0.147816340693	-1.075159946208	57.405081110645	-58.187933086489	-423.236935200089	-32.464033267590	468.233369883006	-60.438223296917	
0.226724137931	0.145631114632	-0.147772125221	-1.074240479170	57.327718395596	-58.170527656820	-422.874986810334	-32.515252458550	468.013915420914	-60.455132689190	
0.227586206897	0.146092732783	-0.147857321483	-1.073143703502	57.509434476470	-58.204065183027	-422.443240841710	-32.554913871225	467.741075299421	-60.470276304498	
0.228448275862	0.145833004996	-0.148519398596	-1.071335507529	57.407192579216	-58.464691975564	-421.731444123111	-32.625668039235	466.795094113976	-60.807867121245	
0.229310344828	0.145568432884	-0.148717070433	-1.070604209996	57.303043712687	-58.542505534919	-421.443568697906	-32.657328923249	466.767203638420	-60.912147458104	
0.230172413793	0.145202947662	-0.149161762735	-1.069790932831	57.159170379555	-58.717558751731	-421.123421973635	-32.720292974446	466.309538514607	-61.208273531334	
0.231034482759	0.145422348459	-0.149394963031	-1.069672467793	57.245537548560	-58.809358096323	-421.076788186977	-32.708142606942	466.488632016330	-61.273950352624	
0.231896551724	0.146410251364	-0.150608940763	-1.070213597913	57.634425731329	-59.287240681914	-421.289804170573	-32.748042759663	466.752701786611	-61.933115401207	
0.232758620690	0.146870200206	-0.150237596183	-1.070832622815	57.815484688213	-59.141060811147	-421.533483451348	-32.697691628633	466.990243262101	-61.663047879281	
0.233620689655	0.146588218858	-0.149368498266	-1.071314922660	57.704482672187	-58.798940236279	-421.723340885165	-32.646385876348	467.247266635556	-61.406958759656	
0.234482758621	0.146237157818	-0.148393808363	-1.070683849888	57.566287421259	-58.415253354304	-421.474918958082	-32.682958432258	467.070418193860	-61.152379281819	
0.235344827586	0.146359080289	-0.147492030619	-1.071177727513	57.614282227315	-58.060268358765	-421.669333987235	-32.701149226431	467.468220115118	-60.752099459752	
0.236206896552	0.145872438029	-0.147115521509	-1.072132381724	57.422715400829	-57.912055470030	-422.045133814890	-32.737085847275	467.855396620227	-60.734732923147	
0.237068965517	0.145403157186	-0.146997492673	-1.072988552242	57.237982900080	-57.865593394401	-422.382165516287	-32.653596415639	467.928974976820	-60.466084298763	
0.237931034483	0.145370812892	-0.147659077532	-1.074736970995	57.225250562003	-58.126026410691	-423.070430920199	-32.575559783557	468.284658921130	-60.567639466432	
0.238793103448	0.145589915745	-0.147933842477	-1.075461311367	57.311500445230	-58.234187688097	-423.355567657322	-32.489712831576	468.566155337535	-60.515357110702	
0.239655172414	0.145956380419	-0.147935179464	-1.073711604637	57.455759340270	-58.234713993380	-422.666795241197	-32.476534409315	467.665698240810	-60.459359162495	
0.240517241379	0.146115483921	-0.148111368440	-1.072813466777	57.518390466468	-58.304070820358	-422.313243086697	-32.541051529764	467.401244888967	-60.584805580424	
0.241379310345	0.145766137613	-0.148127148948	-1.071750711007	57.380870220346	-58.310282820659	-421.894889058179	-32.633164501419	467.083913989461	-60.624836125018	
0.242241379310	0.145398576734	-0.148544560816	-1.070826559704	57.236179803942	-58.474597088770	-421.531096706660	-32.629272511338	466.751302096288	-60.797593577793	
0.243103448276	0.145179740215	-0.149177473793	-1.069414925781	57.150034763247	-58.723743413075	-420.975406720694	-32.744229447407	466.133735920407	-61.238343374149	
0.243965517241	0.145330284701	-0.148969576470	-1.069719297358	57.209296631395	-58.641904588981	-421.095222654975	-32.696678994847	466.483966901491	-61.064587520466	
0.244827586207	0.145984711250	-0.150061711848	-1.069636899328	57.466911777654	-59.071823906111	-421.062786653365	-32.789329769305	466.338100885976	-61.708455239931	
0.245689655172	0.146626487458	-0.150263830350	-1.070799398752	57.719547114632	-59.151387896283	-421.520404792169	-32.728075451594	466.805090643022	-61.686281264475	
0.246551724138	0.146276102455	-0.149364066567	-1.071825397555	57.581617985572	-58.797195696948	-421.924289433127	-32.683523706514	467.535776983605	-61.363123873922	
0.247413793103	0.146195534483	-0.148793427468	-1.071566490186	57.549902386858	-58.572563497599	-421.822370493962	-32.644929722193	467.437743928161	-61.236074859121	
0.248275862069	0.146163399168	-0.147772438695	-1.070992481628	57.537252313316	-58.170651056166	-421.596411906104	-32.766458780281	467.166268078374	-60.926850570023	
0.249137931034	0.146124309838	-0.147185511214	-1.072278949309	57.521864790479	-57.939606931757	-422.102830175034	-32.749928570316	467.984410033223	-60.722739652498	
0.250000000000	0.145644051183	-0.146556678741	-1.072862982059	57.332810871827	-57.692066898876	-422.332734787863	-32.651468731156	468.085589648268	-60.260967389428	
0.250862068966	0.145214171303	-0.147515637017	-1.073808429788	57.163588567967	-58.069561022560	-422.704910481712	-32.696174778182	467.969715548781	-60.684190460216	
0.251724137931	0.145258377851	-0.147335577368	-1.076339436606	57.180990484658	-57.998680504146	-423.701241839091	-32.551820900660	469.270486571767	-60.288477286813	
0.252586206897	0.145665144635	-0.147773259449	-1.074019410011	57.341114313604	-58.170974145846	-422.787962890166	-32.458754268905	467.767928225311	-60.361261976463	
0.253448275862	0.146048984457	-0.148039148784	-1.073377084288	57.492212938656	-58.275641537606	-422.535111236487	-32.577180312905	467.670509598342	-60.580175795587	
0.254310344828	0.145758160336	-0.147672510099	-1.072442931073	57.377729963366	-58.131314143472	-422.167381630279	-32.611477917285	467.380259384251	-60.400865292292	
0.255172413793	0.145425095354	-0.148313040882	-1.071320982261	57.246618864477	-58.383459218605	-421.725726248155	-32.673626961659	467.047468454270	-60.695689544107	
0.256034482759	0.145000703031	-0.148944056641	-1.069758960280	57.079556738663	-58.631858702829	-421.110835972439	-32.721238750747	466.362902922563	-61.082615188376	
0.256896551724	0.145233451988	-0.148807743368	-1.069828399268	57.171178413805	-58.578198954744	-421.138170644255	-32.700644206346	466.635565225179	-60.970721656761	
0.257758620690	0.145304000977	-0.149525453443	-1.068995149232	57.198950037897	-58.860725674149	-420.810161595351	-32.806256761672	466.146370115986	-61.426959254986	
0.258620689655	0.146588798994	-0.150358008900	-1.070334465381	57.704711042801	-59.188461302186	-421.337383674405	-32.745352179252	466.798689880563	-61.757444775438	
0.259482758621	0.146501217125	-0.149803049920	-1.071386643248	57.670234422266	-58.970001584650	-421.751573709305	-32.721353408478	467.372356095163	-61.503075399251	
0.260344827586	0.146359527012	-0.149047517084	-1.071423907836	57.614458079907	-58.672585927784	-421.766242922319	-32.649329720748	467.469292048282	-61.256757117800	
0.261206896552	0.146055015255	-0.148147284249	-1.070683747108	57.494586963650	-58.318209086114	-421.474878498542	-32.749171906290	467.109473965059	-61.077606904221	
0.262068965517	0.146324441099	-0.147251379560	-1.071361073559	57.600646502768	-57.965536019775	-421.741508196250	-32.742572116825	467.614405357295	-60.666841772458	
0.262931034483	0.145811721365	-0.146665523202	-1.072253995663	57.398814273665	-57.734913543184	-422.093007167145	-32.710676851649	467.997450469407	-60.440967007435	
0.263793103448	0.145408341069	-0.146876204442	-1.073467847784	57.240023536553	-57.817848256879	-422.570840305609	-32.678102281050	468.255931400060	-60.416126503393	
0.264655172414	0.145264365980	-0.147245790861	-1.075437645065	57.183347712871	-57.963336027113	-423.346251412490	-32.600069327286	468.869931884345	-60.361601935381	
0.265517241379	0.145466767639	-0.147810561534	-1.074373283708	57.263023167853	-58.185658119459	-422.927265344347	-32.556716620042	468.092069798204	-60.491198607044	
0.266379310345	0.145967816144	-0.147762216559	-1.073687210515	57.460261015616	-58.166627109955	-422.657192489864	-32.485708185689	467.905336917626	-60.362500569909	
0.267241379310	0.145939965275	-0.147814924859	-1.072505773535	57.449297515108	-58.187375743427	-422.192119578390	-32.585082676186	467.398059003950	-60.477060116120	
0.268103448276	0.145551186989	-0.148008863538	-1.071625234853	57.296254862618	-58.263719744490	-421.845495344250	-32.660269529396	467.266431393724	-60.573408777500	
0.268965517241	0.145122170873	-0.148487661007	-1.070172653961	57.127372579851	-58.452198466951	-421.273686575612	-32.678292937816	466.724117466378	-60.818784078534	
0.269827586207	0.145239068089	-0.149066020189	-1.069081668225	57.173389193082	-58.679869678832	-420.844219814970	-32.737175541245	466.179461805748	-61.148262701669	
0.270689655172	0.145164696506	-0.148979401718	-1.069339211828	57.144112803892	-58.645772299640	-420.945601907501	-32.728421503141	466.506454821717	-61.079696746965	
0.271551724138	0.146195234650	-0.150087239378	-1.069492444979	57.549784357704	-59.081872823552	-421.005922169041	-32.779617601817	466.580120686860	-61.696326129768	
0.272413793103	0.146709355195	-0.150132070805	-1.070466342153	57.752168016237	-59.099520724388	-421.389296993020	-32.741028955137	466.945475556143	-61.639274155777	
0.273275862069	0.146338166311	-0.149237623246	-1.071040934692	57.606049435339	-58.747421257685	-421.615485465078	-32.701037024902	467.327678562217	-61.367061110325	
0.274137931034	0.146247765626	-0.148437307796	-1.070981101706	57.570463187162	-58.432376915051	-421.591932197602	-32.675542589398	467.346339639325	-61.102525468025	
0.275000000000	0.146139186179	-0.147366424916	-1.070760637407	57.527720865307	-58.010823648055	-421.505146380715	-32.755417485655	467.326591784847	-60.727502273320	
0.275862068966	0.145957170233	-0.146896428484	-1.071945129449	57.456070250348	-57.825809455198	-421.971421917896	-32.762018358042	467.981710184511	-60.635809660201	
0.276724137931	0.145519300883	-0.146322061867	-1.073144612505	57.283702890399	-57.599709917585	-422.443598671134	-32.668630433986	468.402555974429	-60.194073022590	
0.277586206897	0.145349653952	-0.147243335390	-1.074344940811	57.216921340964	-57.962369430684	-422.916108156825	-32.680782023532	468.449913313498	-60.536115565053	
0.278448275862	0.145410278331	-0.147170668909	-1.075396925836	57.240786140093	-57.933764255514	-423.330222279540	-32.541750327833	468.798076876773	-60.216660140919	
0.279310344828	0.145779809104	-0.147817604478	-1.073710089492	57.386252005324	-58.188430575735	-422.666198803881	-32.499393796045	467.807292539405	-60.409470169910	
0.280172413793	0.145805019387	-0.147664884794	-1.073017367149	57.396176038460	-58.128312440552	-422.393508510462	-32.583063116164	467.648706700653	-60.419417111883	
0.281034482759	0.145443299543	-0.147664060494	-1.072486562572	57.253784947317	-58.127987954812	-422.184557178849	-32.607190288478	467.585231821519	-60.441898842943	
0.281896551724	0.145214318678	-0.148178200615	-1.070596747856	57.163646582119	-58.330379319796	-421.440631225032	-32.709606369002	466.936822473540	-60.684200254634	
0.282758620690	0.145125683508	-0.149000053938	-1.069500130738	57.128755329143	-58.653902050181	-421.008947669798	-32.742285016451	466.386211491039	-61.127949752194	
0.283620689655	0.145210934479	-0.148649108306	-1.069953704966	57.162314391513	-58.515752229686	-421.187497258242	-32.646878523009	466.843295657532	-60.835639134885	
0.284482758621	0.145562177195	-0.150117524736	-1.068825211724	57.300581159329	-59.093794661147	-420.743265660372	-32.862567603454	466.137296075724	-61.808960705773	
0.285344827586	0.146619758404	-0.150266134937	-1.070118015123	57.716898220983	-59.152295097472	-421.252177985472	-32.782562561093	466.753219441474	-61.709846257591	
0.286206896552	0.146455967419	-0.149594241475	-1.071336177968	57.652421865818	-58.887804097213	-421.731708041651	-32.701964981097	467.493668066836	-61.447762006807	
0.287068965517	0.146437638018	-0.148745114148	-1.071273877893	57.645206493536	-58.553544949351	-421.707183604318	-32.642286010174	467.438743237117	-61.129115498021	
0.287931034483	0.146077193780	-0.147929817820	-1.070697427783	57.503317544747	-58.232603381137	-421.480263899038	-32.762485456176	467.199575041882	-61.027449296316	
0.288793103448	0.146090156312	-0.146968309621	-1.071597380197	57.508420248104	-57.854105479691	-421.834530353150	-32.756935230888	467.788675233923	-60.603168531249	
0.289655172414	0.145510197702	-0.146413311812	-1.072274783386	57.280119421345	-57.635630477330	-422.101190258307	-32.719179398007	467.940667310847	-60.339070891552	
0.290517241379	0.145182634667	-0.146755887298	-1.074799017673	57.151174164655	-57.770485388466	-423.094855607777	-32.672375543115	469.044820852149	-60.360145596788	
0.291379310345	0.145143694569	-0.147065211959	-1.075235544059	57.135845387309	-57.892251105316	-423.266694309795	-32.609372127029	468.632686883301	-60.278734295178	
0.292241379310	0.145625587179	-0.147717078659	-1.074290192850	57.325542512791	-58.148858566566	-422.894556611017	-32.540880816068	467.918240238369	-60.456106894428	
0.293103448276	0.145926952898	-0.147596743309	-1.074018864996	57.444175190517	-58.101488530975	-422.787748344850	-32.518625578875	468.101548975268	-60.302932415004	
0.293965517241	0.145610942329	-0.147527554905	-1.073130301052	57.319777564477	-58.074252501352	-422.437964964640	-32.574120856582	467.700708925323	-60.381170444958	
0.294827586207	0.145081627734	-0.147944191071	-1.071635143253	57.111412764656	-58.238261414562	-421.849395787735	-32.703919960220	467.258696295749	-60.611079391518	
0.295689655172	0.145039489169	-0.148494966762	-1.070338324102	57.094824909971	-58.455074379055	-421.338902660908	-32.707927282261	466.777808014036	-60.851057002052	
0.296551724138	0.145270554486	-0.148966712229	-1.069678433403	57.185783819847	-58.640777079771	-421.079136550794	-32.729500517635	466.475351764231	-61.095353600709	
0.297413793103	0.145289557949	-0.149103304958	-1.069342097423	57.193264536740	-58.694546835745	-420.946737822589	-32.759488748298	466.383446608023	-61.168468952950	
0.298275862069	0.146347113596	-0.150106839121	-1.070140299837	57.609571535948	-59.089588266629	-421.260950367783	-32.795978254600	466.836966944853	-61.715254124904	
0.299137931034	0.146542060901	-0.149956161828	-1.071317354321	57.686312583007	-59.030274119075	-421.724298109147	-32.728750985154	467.394482340457	-61.594561995135	
0.300000000000	0.146271715477	-0.148966120217	-1.071472833521	57.579891051010	-58.640544034055	-421.785502528108	-32.686843350761	467.460126795094	-61.247125707553	
0.300862068966	0.146153150240	-0.148199690920	-1.070995797279	57.533217820885	-58.338838982612	-421.597717113017	-32.720986761779	467.254893077348	-61.071493982429	
0.301724137931	0.146216654896	-0.147059144722	-1.071487255531	57.558216441687	-57.889862736136	-421.791179755410	-32.737182931118	467.700074323855	-60.590354863499	
0.302586206897	0.145830510133	-0.146607272280	-1.072380705973	57.406210475980	-57.711983055707	-422.142886706876	-32.774099110943	468.052639000455	-60.520454330625	
0.303448275862	0.145374225643	-0.146271661315	-1.073909657868	57.226593991961	-57.579869729977	-422.744758936647	-32.700006907673	468.686371941098	-60.194838438380	
0.304310344828	0.145242515722	-0.147069455790	-1.074964436917	57.174746354558	-57.893921690143	-423.159972927317	-32.646663937122	468.620223263526	-60.392937969077	
0.305172413793	0.145480195424	-0.147293356884	-1.075287792735	57.268309018390	-57.982060402022	-423.287262011755	-32.550591985164	468.588759908012	-60.281780079839	
0.306034482759	0.145833953317	-0.147615729044	-1.074228797175	57.407565885984	-58.108962269359	-422.870388190492	-32.492079064550	468.074820868422	-60.309745001101	
0.306896551724	0.145654915706	-0.147473199087	-1.073246721163	57.337087693615	-58.052855322483	-422.483793765267	-32.617263602284	467.727018372836	-60.385936686381	
0.307758620690	0.145202582791	-0.147671542181	-1.072492296316	57.159026747831	-58.130933122441	-422.186814268491	-32.647102694678	467.599570549543	-60.474177718248	
0.308620689655	0.145166708459	-0.148150991958	-1.070696062852	57.144904809608	-58.319668626194	-421.479726593931	-32.700110965570	466.931868656699	-60.670232440165	
0.309482758621	0.145239181271	-0.148816600470	-1.069937295265	57.173433747038	-58.581685554884	-421.181037576341	-32.727590087480	466.631764414485	-61.020915933580	
0.310344827586	0.145267920132	-0.148928707043	-1.069648106475	57.184746805753	-58.625816330316	-421.067198349120	-32.718827455210	466.619106695404	-61.057932976556	
0.311206896552	0.145876710310	-0.149906385638	-1.069307864499	57.424397185082	-59.010679711485	-420.933262024898	-32.810996687304	466.464034367571	-61.645916063598	
0.312068965517	0.146637164608	-0.150234405624	-1.070410573875	57.723750176862	-59.139804846684	-421.367343798799	-32.769956759080	466.924876866680	-61.702702198373	
0.312931034483	0.146260716674	-0.149568894664	-1.071163547961	57.575561369993	-58.877826319863	-421.663752203740	-32.733446916633	467.343008398204	-61.519335530857	
0.313793103448	0.146313469586	-0.148422666286	-1.071208105716	57.596327564482	-58.426613281823	-421.681292373149	-32.654106571783	467.472211080777	-61.004546969483	
0.314655172414	0.146152754206	-0.147657511439	-1.070566924409	57.533061921842	-58.125409918037	-421.428891218763	-32.757220486857	467.192462569427	-60.890252161611	
0.315517241379	0.146006553389	-0.146873902295	-1.071883179397	57.475509940288	-57.816942016180	-421.947035267218	-32.759969945464	467.972280165497	-60.613079125019	
0.316379310345	0.145489689462	-0.146280895634	-1.072556986682	57.272046348351	-57.583504821797	-422.212279644309	-32.696077909104	468.065632849146	-60.238111838503	
0.317241379310	0.145263120369	-0.146886395781	-1.074683375513	57.182857378116	-57.821860079802	-423.049333047577	-32.673369452561	468.851843005531	-60.379197111543	
0.318103448276	0.145206508284	-0.147154291624	-1.075026320179	57.160572018962	-57.927317333857	-423.184333286022	-32.579015056514	468.519222143171	-60.279030858752	
0.318965517241	0.145701621616	-0.147610303555	-1.074295958005	57.355473484493	-58.106826524769	-422.896826065449	-32.499027931989	468.034099940146	-60.351491435914	
0.319827586207	0.145735945828	-0.147676843456	-1.073536973221	57.368985217765	-58.133019970585	-422.598051548220	-32.574201884100	467.895773501106	-60.415728021035	
0.320689655172	0.145429959153	-0.147462547663	-1.072814081302	57.248533499797	-58.048662387412	-422.313484994650	-32.572909861013	467.705505626727	-60.335662153393	
0.321551724138	0.145143145133	-0.148197166701	-1.070941953537	57.135629101647	-58.337845323281	-421.576521512865	-32.689976976119	466.966436807453	-60.705230776538	
0.322413793103	0.145165240131	-0.148560430612	-1.070257214067	57.144326802102	-58.480844236988	-421.306973678614	-32.681275137346	466.838491537840	-60.849184631287	
0.323275862069	0.145256337660	-0.148915015757	-1.069559671976	57.180187363029	-58.620426753005	-421.032386090425	-32.718098620507	466.577786148871	-61.073711665661	
0.324137931034	0.145442308405	-0.149502419820	-1.068741195291	57.253394785394	-58.851658483819	-420.710192574154	-32.799941699366	466.128729644855	-61.421132803301	
0.325000000000	0.146498677861	-0.150220557899	-1.069902008468	57.669234840203	-59.134353686987	-421.167146921321	-32.786489260140	466.736057803696	-61.727140395925	
0.325862068966	0.146492961310	-0.149865084712	-1.071211188795	57.666984518761	-58.994421593332	-421.682506027741	-32.709689245859	467.416172748988	-61.547217855165	
0.326724137931	0.146307350022	-0.148730220518	-1.071238843487	57.593918596713	-58.547682068661	-421.693392302844	-32.652745964068	467.478370598171	-61.111402084769	
0.327586206897	0.146053486738	-0.148038800807	-1.070509625401	57.493985262550	-58.275504556360	-421.406335452510	-32.747244354061	467.122875212825	-61.064200759816	
0.328448275862	0.146204410743	-0.146986072568	-1.071303551530	57.553396528253	-57.861097867500	-421.718864637665	-32.743691202172	467.714405907436	-60.586457153204	
0.329310344828	0.145699821052	-0.146514540492	-1.072144364296	57.354764692332	-57.675479168295	-422.049850756616	-32.737065417067	467.947727714470	-60.433621203560	
0.330172413793	0.145384802093	-0.146480471271	-1.074189594255	57.230757413890	-57.662067812498	-422.854955953237	-32.693998772157	468.891576516415	-60.247536217677	
0.331034482759	0.145138113517	-0.147100350927	-1.074651393525	57.133648404827	-57.906083567250	-423.036743331170	-32.628655214351	468.453085014967	-60.357865827644	
0.331896551724	0.145580372024	-0.147543108781	-1.074600088115	57.307743557523	-58.080375288090	-423.016546945931	-32.552735861607	468.236284729493	-60.391211415933	
0.332758620690	0.145885853090	-0.147651183559	-1.074022731063	57.427996242287	-58.122918946756	-422.789270223241	-32.496519076343	468.109127034710	-60.312192188226	
0.333620689655	0.145650639812	-0.147489854453	-1.072965205920	57.335404486878	-58.059411710744	-422.372975231955	-32.605706781746	467.670384799458	-60.381907320684	
0.334482758621	0.145156129953	-0.147815566096	-1.071971108928	57.140740578574	-58.187628166335	-421.981648745163	-32.669924976382	467.418358001549	-60.544253098606	
0.335344827586	0.145197679703	-0.148296900667	-1.070527915314	57.157096646123	-58.377105619920	-421.413535280584	-32.690109639759	466.900524641446	-60.730697397013	
0.336206896552	0.145238521834	-0.148973176961	-1.069487308781	57.173174159611	-58.643321922911	-421.003900303722	-32.753942304504	466.403645738674	-61.119587582076	
0.337068965517	0.145306711609	-0.148902486659	-1.069598241530	57.200017078842	-58.615494670628	-421.047569003190	-32.718711567743	466.645294753373	-61.023764407093	
0.337931034483	0.146144875118	-0.150148598818	-1.069537840030	57.529960317301	-59.106026979825	-421.023791940350	-32.808920480845	466.566711201528	-61.771159757494	
0.338793103448	0.146646340482	-0.150186968720	-1.070724707201	57.727362261759	-59.121131299787	-421.491002447618	-32.747609791675	467.061152108852	-61.674927205095	
0.339655172414	0.146166812937	-0.149299358907	-1.071192478933	57.538596144500	-58.771723513307	-421.675140886750	-32.731822100760	467.344363850091	-61.421120797748	
0.340517241379	0.146209025403	-0.148359861534	-1.071104317724	57.555213090203	-58.401890178269	-421.640436208523	-32.689337200000	467.355042281127	-61.049355930702	
0.341379310345	0.146178154927	-0.147400837309	-1.071030030817	57.543060921129	-58.024370093637	-421.611193152198	-32.741720746134	467.455305344641	-60.758136295808	
0.342241379310	0.145910169058	-0.146801834514	-1.072072921606	57.437568228083	-57.788572519360	-422.021727326960	-32.768710174328	467.947099171309	-60.611027002550	
0.343103448276	0.145474467517	-0.146217420783	-1.073290552934	57.266054226658	-57.558517933548	-422.501048151083	-32.699192867584	468.368847965601	-60.183338519092	
0.343965517241	0.145217872654	-0.147012975319	-1.074992648963	57.165045605494	-57.871688140890	-423.171078605152	-32.660080996156	468.758980954989	-60.423742982493	
0.344827586207	0.145251983193	-0.147142422751	-1.075338960141	57.178473226369	-57.922645149427	-423.307404071980	-32.564298937928	468.578145949519	-60.244786649192	
0.345689655172	0.145630203119	-0.147558018058	-1.074537060482	57.327359578595	-58.086244328071	-422.991736105363	-32.493052035339	468.114463119421	-60.327824931031	
0.346551724138	0.145673181304	-0.147593875997	-1.073620024752	57.344277949870	-58.100359813244	-422.630744800585	-32.607844619062	467.882102935070	-60.421283635630	
0.347413793103	0.145412837541	-0.147579251513	-1.072961502566	57.241793573561	-58.094602881892	-422.371517405882	-32.596752464211	467.715084488929	-60.404938235386	
0.348275862069	0.145240892789	-0.148211025513	-1.071196980494	57.174107486372	-58.343300847578	-421.676912927141	-32.687629876698	467.041408046256	-60.706151695532	
0.349137931034	0.145207979304	-0.148660571890	-1.070562714803	57.161151086262	-58.520264871922	-421.427234106729	-32.686621012791	466.845383419072	-60.914055314622	
0.350000000000	0.145217522961	-0.148913242999	-1.070127748582	57.164907949097	-58.619728906203	-421.256009563921	-32.721192608373	466.792488786687	-61.078176707835	
0.350862068966	0.145517167794	-0.149630867038	-1.069058704468	57.282863199293	-58.902221757477	-420.835180127074	-32.813038896693	466.178515824448	-61.514546488864	
0.351724137931	0.146542824056	-0.150266406082	-1.070481749478	57.686612999105	-59.152401833711	-421.395362089875	-32.784955016050	466.898939089996	-61.746065486643	
0.352586206897	0.146280464744	-0.149627494183	-1.071554282304	57.583335201587	-58.900894032633	-421.817564858341	-32.717710467046	467.479741523481	-61.481713821578	
0.353448275862	0.146297169654	-0.148561504932	-1.071634070259	57.589911092989	-58.481267143549	-421.848973403328	-32.640250734376	467.587207715182	-61.047500724648	
0.354310344828	0.145977026481	-0.147771760425	-1.070805487464	57.463886666483	-58.170384054845	-421.522801614974	-32.756262469510	467.214965762966	-60.965988662187	
0.355172413793	0.146077021688	-0.146894738157	-1.071844302378	57.503249800629	-57.825144057573	-421.931731320805	-32.747480109413	467.915250146472	-60.590402909664	
0.356034482759	0.145555162512	-0.146389689483	-1.072509822303	57.297819828138	-57.626331542775	-422.193713376832	-32.721882318526	468.017825239314	-60.351766313846	
0.356896551724	0.145296365902	-0.146612315840	-1.074831248585	57.195944488911	-57.713968454181	-423.107543312662	-32.681337754938	469.086037313832	-60.283167815160	
0.357758620690	0.145124588949	-0.147065920454	-1.074847653636	57.128324455916	-57.892530004333	-423.114001164605	-32.605194883512	468.410343205882	-60.295246822404	
0.358620689655	0.145623419552	-0.147561905334	-1.074683543819	57.324689225941	-58.087774555012	-423.049399300963	-32.530935623690	468.230587616465	-60.374898362814	
0.359482758621	0.145848574909	-0.147692503163	-1.073827629841	57.413321678746	-58.139184417426	-422.712468586845	-32.535850000527	468.007006804045	-60.369671088858	
0.360344827586	0.145615053706	-0.147372180778	-1.073014741762	57.321396008745	-58.013089444398	-422.392475026258	-32.579817193107	467.732638793140	-60.299253027469	
0.361206896552	0.145112822203	-0.148011671180	-1.071511166629	57.123692474019	-58.264824973113	-421.800592364098	-32.700126795596	467.214107317177	-60.651896865476	
0.362068965517	0.145176251905	-0.148302430918	-1.070408883981	57.148661589157	-58.379282604067	-421.366678571925	-32.674044615667	466.883152904487	-60.714807245667	
0.362931034483	0.145210465970	-0.148970931941	-1.069484120165	57.162129963124	-58.642438170262	-421.002645104409	-32.750531428173	466.475255917117	-61.130654623870	
0.363793103448	0.145308378131	-0.149134785860	-1.069021962118	57.200673105299	-58.706939299403	-420.820716493413	-32.766481800916	466.321892043831	-61.182353985762	
0.364655172414	0.146343390247	-0.150135382427	-1.069725143857	57.608105839032	-59.100824345078	-421.097524130465	-32.783976389580	466.720020148725	-61.710083508443	
0.365517241379	0.146659926007	-0.150041755741	-1.071080056669	57.732710206392	-59.063968180520	-421.630885839152	-32.696437389216	467.366917188931	-61.584837947121	
0.366379310345	0.146240976309	-0.149219189524	-1.070945227469	57.567790571053	-58.740164819102	-421.577810296824	-32.708297471534	467.278409168257	-61.373006972659	
0.367241379310	0.146157805485	-0.148277337699	-1.070535715434	57.535050359150	-58.369404653427	-421.416605799661	-32.724051560339	467.159819615656	-61.088745273008	
0.368103448276	0.146252166095	-0.147189630956	-1.070916491088	57.572195432734	-57.941228669053	-421.566498214257	-32.721480063345	467.518161678722	-60.627185579467	
0.368965517241	0.145882712308	-0.146722295418	-1.071888514094	57.426759872778	-57.757261937879	-421.949135271973	-32.759810821311	467.908124049386	-60.560930982175	
0.369827586207	0.145385829376	-0.146330052040	-1.073344305375	57.231161804028	-57.602855251147	-422.522207810844	-32.701436829266	468.480615875219	-60.221603800323	
0.370689655172	0.145221496544	-0.147043766076	-1.074625864259	57.166472150602	-57.883808928869	-423.026693730289	-32.629792332817	468.597725186188	-60.363165305538	
0.371551724138	0.145411221907	-0.147371512376	-1.074722914855	57.241157579159	-58.012826327781	-423.064897717659	-32.545610996585	468.333915854934	-60.336548812501	
0.372413793103	0.145794615968	-0.147569448055	-1.074086803506	57.392080730469	-58.090743748749	-422.814492353613	-32.480185386055	468.080441614180	-60.285419662861	
0.373275862069	0.145735857382	-0.147704041865	-1.072888326884	57.368950400992	-58.143726629896	-422.342711783236	-32.619491708508	467.618548683876	-60.489210720809	
0.374137931034	0.145402765037	-0.147692518451	-1.072265921846	57.237828530607	-58.139190435360	-422.097701911512	-32.607394947798	467.529208351496	-60.444406115263	
0.375000000000	0.145296913441	-0.148237590352	-1.070651930363	57.196160027766	-58.353758101962	-421.462353830183	-32.673779024297	466.921952846811	-60.694923369771	
0.375862068966	0.145236256607	-0.148821789239	-1.069810206623	57.172282452726	-58.583728114738	-421.131009106050	-32.724567605803	466.567419378827	-61.024313827807	
0.376724137931	0.145280677233	-0.148869062463	-1.069668367673	57.189768641299	-58.602337229181	-421.075174173943	-32.709928861258	466.693609161715	-61.029854465995	
0.377586206897	0.145828130974	-0.149868099020	-1.068958166902	57.405273919463	-58.995608176368	-420.795603493521	-32.808048653313	466.269180265406	-61.640907855178	
0.378448275862	0.146703449306	-0.150305207679	-1.070258572893	57.749843162076	-59.167676090648	-421.307508580992	-32.772523594789	466.828051460953	-61.747500747421	
0.379310344828	0.146321409485	-0.149527285550	-1.071253677831	57.599453107306	-58.861446883655	-421.699231845382	-32.727610074725	467.400784285526	-61.467646614565	
0.380172413793	0.146299116189	-0.148430228466	-1.071314099697	57.590677346962	-58.429590135364	-421.723016925624	-32.645736650939	467.485738961531	-61.013455992756	
0.381034482759	0.146124124205	-0.147655646993	-1.070825681053	57.521791716071	-58.124675978560	-421.530750825328	-32.744171031624	467.299194553674	-60.906456961264	
0.381896551724	0.146014381195	-0.146860438065	-1.071850804897	57.478591357413	-57.811641819431	-421.934291038613	-32.764524901618	467.904275084828	-60.613977304422	
0.382758620690	0.145585596884	-0.146306552210	-1.072625026580	57.309800324869	-57.593604538064	-422.239063564282	-32.700712619220	468.050462471358	-60.259046359110	
0.383620689655	0.145275027581	-0.146815598597	-1.075016311136	57.187544654588	-57.793990753609	-423.180393224127	-32.670527181763	469.046248539250	-60.356398001971	
0.384482758621	0.145191988244	-0.147070823565	-1.074990218385	57.154856202459	-57.894460114847	-423.170121807374	-32.584797097875	468.436550749638	-60.247346548381	
0.385344827586	0.145668359435	-0.147669464288	-1.074628931393	57.342379820017	-58.130115159503	-423.027901108207	-32.524165792683	468.172542379854	-60.411420565609	
0.386206896552	0.145733306255	-0.147572042932	-1.073840542536	57.367946149393	-58.091765222674	-422.717551671881	-32.559076016811	468.005907211574	-60.350044449206	
0.387068965517	0.145543394549	-0.147433989203	-1.073219418557	57.293187367044	-58.037420343632	-422.473046088929	-32.575560419600	467.800427576007	-60.334057570957	
0.387931034483	0.145243220355	-0.148069772211	-1.071562409722	57.175023733578	-58.287696456097	-421.820764218439	-32.694735374948	467.209253184903	-60.645703068520	
0.388793103448	0.145247589638	-0.148598858153	-1.070658540428	57.176743702744	-58.495971246728	-421.464955883971	-32.682120543891	466.887499395134	-60.877103332577	
0.389655172414	0.145256547004	-0.148935109017	-1.069905696510	57.180269771382	-58.628336468970	-421.168598719638	-32.736735642479	466.601643994696	-61.090639572665	
0.390517241379	0.145317236582	-0.149343390847	-1.069212772986	57.204160236421	-58.789056695610	-420.895829231345	-32.797775445352	466.294548709797	-61.326286379421	
0.391379310345	0.146382864681	-0.150222212412	-1.070283048053	57.623644958055	-59.135004986332	-421.317143232632	-32.783084884737	466.862834535289	-61.743428517348	
0.392241379310	0.146501441988	-0.149863666799	-1.071682172339	57.670322939459	-58.993863431732	-421.867908797255	-32.694456073916	467.578229658668	-61.520102389186	
0.393103448276	0.146323334367	-0.148988060997	-1.071471204136	57.600210837794	-58.649181026704	-421.784861120528	-32.684423127727	467.459474271726	-61.256098333221	
0.393965517241	0.146082202308	-0.148084543137	-1.070911755823	57.505289152647	-58.293511034121	-421.564634176308	-32.733119831976	467.214925674711	-61.053903048853	
0.394827586207	0.146217334689	-0.147033947193	-1.071638093817	57.558484042471	-57.879943723576	-421.850557278008	-32.729557068116	467.780521457320	-60.581233071774	
0.395689655172	0.145690336762	-0.146587343553	-1.072407913327	57.351031199635	-57.704138108180	-422.153596887226	-32.757024125071	468.014729628012	-60.483819949391	
0.396551724138	0.145336771661	-0.146482588585	-1.074350887286	57.211850224376	-57.662901293481	-422.918448988108	-32.688611263023	468.872995550727	-60.268573213665	
0.397413793103	0.145091862919	-0.147083949903	-1.075002851660	57.115441847349	-57.899627300652	-423.175094898699	-32.622188982896	468.549976678039	-60.351537474697	
0.398275862069	0.145474733937	-0.147466578337	-1.075016563749	57.266159102894	-58.050249062898	-423.180492665467	-32.547001459086	468.382313399782	-60.361312345309	
0.399137931034	0.145746607686	-0.147647335010	-1.074222633699	57.373182260211	-58.121403964436	-422.867961937191	-32.499048160924	468.112655795190	-60.340189058000	
0.400000000000	0.145683994530	-0.147561557234	-1.073131245698	57.348534578412	-58.087637525347	-422.438336824915	-32.608152509341	467.720063827776	-60.407735256019	
0.400862068966	0.145246971886	-0.147856404413	-1.072117760439	57.176500524342	-58.203704178443	-422.039378142866	-32.658205490045	467.409379232303	-60.550141122974	
0.401724137931	0.145260183320	-0.148195279660	-1.070719147927	57.181701207966	-58.337102489563	-421.488814038125	-32.665826153851	466.976907336804	-60.655649449678	
0.402586206897	0.145241943280	-0.148950166704	-1.069784475826	57.174521012583	-58.634263930235	-421.120880172532	-32.745838609349	466.537494658154	-61.112425959336	
0.403448275862	0.145238995036	-0.148907218999	-1.069595461399	57.173360435641	-58.617357557606	-421.046474604326	-32.734123094591	466.608989550844	-61.049287243402	
0.404310344828	0.145979501719	-0.149945767858	-1.069451960961	57.464861044639	-59.026182530703	-420.989985627212	-32.797650763791	466.547546455468	-61.667475118252	
0.405172413793	0.146643554523	-0.150202294860	-1.070662930736	57.726265568280	-59.127164438044	-421.466684129602	-32.738832963990	467.068769380646	-61.683343308283	
0.406034482759	0.146231744550	-0.149417581857	-1.071013218647	57.564156487133	-58.818262002198	-421.604575038083	-32.742199457076	467.274968969774	-61.467109012254	
0.406896551724	0.146319072651	-0.148319518702	-1.071062137312	57.598533212211	-58.386009213895	-421.623831880612	-32.673324740289	467.414631285992	-61.005583255090	
0.407758620690	0.146204250592	-0.147471835620	-1.070785934947	57.553333484785	-58.052318593296	-421.515104762445	-32.754193009744	467.359856220457	-60.805334423959	
0.408620689655	0.145956603333	-0.146766342731	-1.071964914276	57.455847090078	-57.774601171585	-421.979210219237	-32.764461052566	467.991909875405	-60.584719927634	
0.409482758621	0.145468956625	-0.146267070961	-1.072726137871	57.263884862818	-57.578062736311	-422.278866044920	-32.698308605146	468.147769825736	-60.224221642911	
0.410344827586	0.145284135616	-0.146936336284	-1.074795634298	57.191130034347	-57.841519169127	-423.093523741418	-32.670290689476	468.896828153214	-60.382439001700	
0.411206896552	0.145305427434	-0.147156713131	-1.074831943317	57.199511563068	-57.928270560480	-423.107816794250	-32.569350091633	468.426605872611	-60.256517065810	
0.412068965517	0.145805858009	-0.147636304742	-1.074108893432	57.396506162141	-58.117061897186	-422.823188057268	-32.502313909425	468.013449201677	-60.353585273272	
0.412931034483	0.145760116394	-0.147663215550	-1.073235189700	57.378499966099	-58.127655342590	-422.479254402733	-32.607457348007	467.814249572695	-60.446273635788	
0.413793103448	0.145498857726	-0.147483931582	-1.072686218316	57.275655437272	-58.057080171185	-422.263151703879	-32.581900903028	467.678004378377	-60.339733172252	
0.414655172414	0.145204036903	-0.148130798194	-1.070827471964	57.159599159327	-58.311719346872	-421.531455818044	-32.710577207802	466.996401943468	-60.680206201379	
0.415517241379	0.145205648525	-0.148677589662	-1.070109999773	57.160233574770	-58.526963921485	-421.249022741563	-32.696539595134	466.770737268156	-60.935434895160	
0.416379310345	0.145306188249	-0.148898620210	-1.069594006899	57.199811058010	-58.613972642435	-421.045902039869	-32.709651024773	466.612077161943	-61.057619029401	
0.417241379310	0.145518696860	-0.149629032859	-1.068752639058	57.283465116432	-58.901499732629	-420.714697415430	-32.828365585512	466.133410256971	-61.516702256702	
0.418103448276	0.146571068607	-0.150283245253	-1.069975696733	57.697731472256	-59.159030577023	-421.196154321913	-32.785202837592	466.741086619293	-61.747744514433	
0.418965517241	0.146436511050	-0.149722744546	-1.071404813753	57.644762862334	-58.938389357567	-421.758726532664	-32.701805939530	467.537503078580	-61.494196057380	
0.419827586207	0.146362593554	-0.148751027159	-1.071385447317	57.615665224803	-58.555872607157	-421.751102930911	-32.653188982752	467.537404184603	-61.127632951926	
0.420689655172	0.146063635821	-0.147958895130	-1.070463616976	57.497980451454	-58.244049670239	-421.388224226730	-32.749792625260	467.061501814903	-61.036227831277	
0.421551724138	0.146215197672	-0.146979823215	-1.071644293514	57.557642805224	-57.858637808406	-421.852997790079	-32.730941631893	467.850592877221	-60.584880316746	
0.422413793103	0.145656907873	-0.146527968542	-1.072266865569	57.337871910401	-57.680765123119	-422.098073408098	-32.733319721741	467.927678274504	-60.429603992694	
0.423275862069	0.145352749076	-0.146567790015	-1.074726162077	57.218139736907	-57.696440854140	-423.066175987185	-32.679013588263	469.070578296513	-60.272901438882	
0.424137931034	0.145098229125	-0.147041214694	-1.074907723995	57.117947905698	-57.882804576899	-423.137647873845	-32.608921153775	468.473685498042	-60.302485832344	
0.425000000000	0.145593835776	-0.147613392141	-1.074727272324	57.313043566320	-58.108042347135	-423.066613036349	-32.537290803976	468.216480419615	-60.421487376358	
0.425862068966	0.145800322023	-0.147613996697	-1.074110744990	57.394326920052	-58.108280330620	-422.823916923534	-32.510481453921	468.113864139823	-60.327512590819	
0.426724137931	0.145664806539	-0.147498803595	-1.073119897902	57.340981221751	-58.062934542181	-422.433869762644	-32.577419206474	467.711160176787	-60.361991531581	
0.427586206897	0.145188885706	-0.147932277966	-1.071877819220	57.153634887714	-58.233571817963	-421.944925232341	-32.672122812895	467.332326883606	-60.595750971550	
0.428448275862	0.145190901512	-0.148311526005	-1.070673780634	57.154428410225	-58.382862887123	-421.470955194155	-32.669982478917	466.929104231660	-60.725928001330	
0.429310344828	0.145211858000	-0.149001701672	-1.069677863556	57.162677935911	-58.654550681185	-421.078912230376	-32.751733960650	466.443996537186	-61.152951205016	
0.430172413793	0.145236805316	-0.148918541978	-1.069635901682	57.172498451827	-58.621814850643	-421.062393929784	-32.731832051849	466.588628283214	-61.051189733594	
0.431034482759	0.146214869949	-0.150162109985	-1.070013511106	57.557513796899	-59.111345653508	-421.211039957752	-32.786441120750	466.773172702623	-61.762751236236	
0.431896551724	0.146625979935	-0.150046270715	-1.071269078331	57.719347328121	-59.065745501001	-421.705294255729	-32.712802510306	467.328323938018	-61.594190179079	
0.432758620690	0.146193846567	-0.149209555802	-1.071296670272	57.549237938439	-58.736372502597	-421.716155828740	-32.723014100103	467.344184071578	-61.383922593969	
0.433620689655	0.146194522653	-0.148207245875	-1.071124318234	57.549504079814	-58.341812992593	-421.648309413359	-32.694069703092	467.340942772275	-61.014574690321	
0.434482758621	0.146161102671	-0.147254945958	-1.071312153541	57.536348297067	-57.966939933247	-421.722250820732	-32.736965379951	467.597488995475	-60.694014492058	
0.435344827586	0.145851530102	-0.146680940024	-1.072249120591	57.414484991155	-57.740982378479	-422.091088094088	-32.765321790315	468.011219199324	-60.542540593423	
0.436206896552	0.145373984060	-0.146257861378	-1.073502533622	57.226498892925	-57.574437381912	-422.584494392951	-32.693718857298	468.476803304957	-60.192008729221	
0.437068965517	0.145196688688	-0.147045479470	-1.075026971993	57.156706533024	-57.884483406627	-423.184589872716	-32.647269323055	468.763004997115	-60.396385076670	
0.437931034483	0.145349033836	-0.147188312656	-1.075275927632	57.216677232027	-57.940709720138	-423.282591311783	-32.546044476339	468.587302868135	-60.239988543625	
0.438793103448	0.145715302937	-0.147607922783	-1.074354920844	57.360859139329	-58.105889333353	-422.920036799111	-32.499763470105	468.104860913954	-60.333983585074	
0.439655172414	0.145730752244	-0.147596907992	-1.073289485892	57.366940762447	-58.101553358569	-422.500628109990	-32.616545667730	467.768368068203	-60.420183193995	
0.440517241379	0.145398644127	-0.147641135993	-1.072696138201	57.236206333539	-58.118963720232	-422.267056668695	-32.615005803060	467.661994373686	-60.426331067436	
0.441379310345	0.145264239956	-0.148178020272	-1.070918269996	57.183298103604	-58.330308327597	-421.567198481880	-32.691762625033	467.018816053391	-60.668408593846	
0.442241379310	0.145199250136	-0.148757307555	-1.070112735246	57.157714847696	-58.558344886441	-421.250099560947	-32.709821426219	466.704855757761	-60.977481802098	
0.443103448276	0.145224627792	-0.148883667063	-1.069852559587	57.167704767176	-58.608086332925	-421.147681359175	-32.721787646643	466.747225632157	-61.048414398706	
0.443965517241	0.145690835804	-0.149821169278	-1.068973368866	57.351227647659	-58.977134273765	-420.801587749785	-32.821405973742	466.223711403287	-61.614829194979	
0.444827586207	0.146601361666	-0.150254922144	-1.070295539935	57.709656341209	-59.147881179351	-421.322060664820	-32.785299987213	466.866532667356	-61.718168139524	
0.445689655172	0.146312442698	-0.149644890433	-1.071336073049	57.595923329937	-58.907742070161	-421.731666740196	-32.730866980220	467.447307398409	-61.517055734640	
0.446551724138	0.146374890923	-0.148481336654	-1.071418287841	57.620506086698	-58.449708884114	-421.764030610098	-32.640101952571	467.556640109987	-61.000243662588	
0.447413793103	0.146123142462	-0.147796280926	-1.070637036393	57.521405252775	-58.180036555089	-421.456490816024	-32.765188877271	467.195535674585	-60.975544131828	
0.448275862069	0.146109255768	-0.146951988997	-1.071771327643	57.515938752698	-57.847680862565	-421.903004801161	-32.761495484569	467.898399949616	-60.631061163723	
0.449137931034	0.145579141593	-0.146299504790	-1.072413272723	57.307259198378	-57.590830319813	-422.155706614738	-32.704285450506	467.974779336429	-60.261786238124	
0.450000000000	0.145268715727	-0.146767667838	-1.074597951664	57.185059992057	-57.775122800315	-423.015705931739	-32.690004059968	468.882973137723	-60.350407310706	
0.450862068966	0.145121942331	-0.147094550712	-1.074897632999	57.127282614008	-57.903800311364	-423.133675551095	-32.605434118369	468.462533184042	-60.294265045549	
0.451724137931	0.145574220208	-0.147559889681	-1.074495915961	57.305321893852	-58.086981092694	-422.975539556155	-32.517284570046	468.150241949943	-60.367897838814	
0.452586206897	0.145773345589	-0.147677047243	-1.073712194487	57.383707641458	-58.133100191114	-422.667027435747	-32.559375821490	467.985817995862	-60.394448671627	
0.453448275862	0.145583841352	-0.147429180659	-1.072892160095	57.309109259267	-58.035527459210	-422.344220727666	-32.573510787068	467.693125386874	-60.319526420743	
0.454310344828	0.145304823959	-0.148092838455	-1.071427631463	57.199274004773	-58.296776487935	-421.767708728960	-32.675980247393	467.164706101658	-60.651353063521	
0.455172413793	0.145230523112	-0.148493120990	-1.070410794958	57.170025460926	-58.454347790429	-421.367430828190	-32.688787206474	466.838554382306	-60.834599688270	
0.456034482759	0.145234848370	-0.148883321874	-1.069531946160	57.171728099612	-58.607950449054	-421.021471817311	-32.743805223837	466.487149590023	-61.079427450239	
0.456896551724	0.145329784290	-0.149315537948	-1.069027794379	57.209099644303	-58.778092396347	-420.823012364423	-32.787072806575	466.285269495372	-61.313486732094	
0.457758620690	0.146367529871	-0.150130469551	-1.069907178535	57.617608407013	-59.098890390161	-421.169182119145	-32.782369685878	466.758447998947	-61.699510740448	
0.458620689655	0.146563041849	-0.149924495637	-1.071314968674	57.694571737539	-59.017808716335	-421.723358998470	-32.700514456609	467.446822692866	-61.550763459480	
0.459482758621	0.146270041134	-0.148964917232	-1.071237222606	57.579231945292	-58.640070478798	-421.692754242852	-32.683799499615	467.399739513937	-61.251322834613	
0.460344827586	0.146104256642	-0.148165020787	-1.070706388771	57.513970845759	-58.325191077690	-421.483791393890	-32.731553186055	467.169640930027	-61.090624681103	
0.461206896552	0.146242018896	-0.147046917844	-1.071353085038	57.568200985702	-57.885049623188	-421.738363513088	-32.728307702279	467.674267920830	-60.587866231393	
0.462068965517	0.145745507709	-0.146630142582	-1.072252090514	57.372749254085	-57.720985954928	-422.092257204572	-32.754618609257	468.009491062371	-60.515619345070	
0.462931034483	0.145341835544	-0.146356152626	-1.073958085487	57.213843622912	-57.613129752262	-422.763822478727	-32.691244001121	468.733727088701	-60.213632843325	
0.463793103448	0.145144099038	-0.147138278997	-1.074817121947	57.136004606371	-57.921013959960	-423.101982358742	-32.632065976884	468.567730991034	-60.405352023609	
0.464655172414	0.145481935342	-0.147424968580	-1.074868899554	57.268993937452	-58.033869373544	-423.122364624649	-32.547137690087	468.347034218758	-60.344285655336	
0.465517241379	0.145826119215	-0.147624313392	-1.074272765761	57.404481990235	-58.112341499976	-422.887696433652	-32.485738219350	468.173119630732	-60.302281212914	
0.466379310345	0.145691688547	-0.147581188556	-1.073103856278	57.351563329847	-58.095365399131	-422.427554973705	-32.605619248363	467.704666925599	-60.424585789535	
0.467241379310	0.145253963415	-0.147746665039	-1.072333027402	57.179252741330	-58.160505250991	-422.124118027335	-32.648086426104	467.543924328155	-60.501988370822	
0.468103448276	0.145248164023	-0.148227222222	-1.070741139424	57.176969809200	-58.349676685420	-421.497470995664	-32.684116408521	466.954855179654	-60.694691452806	
0.468965517241	0.145264112855	-0.148970105919	-1.069762554084	57.183248070343	-58.642113006671	-421.112250674137	-32.735904486071	466.509092640131	-61.109409911270	
0.469827586207	0.145261096346	-0.148797229692	-1.069859778201	57.182060620832	-58.574060244010	-421.150522968028	-32.697002024277	466.764183610167	-60.962489299353	
0.470689655172	0.145902547687	-0.150087605106	-1.069317334300	57.434568074101	-59.082016792555	-420.936989813926	-32.824959363681	466.415575395749	-61.764837472168	
0.471551724138	0.146599773468	-0.150198409593	-1.070545318803	57.709031146894	-59.125635001685	-421.420386167632	-32.761221421205	466.967241994982	-61.674185208537	
0.472413793103	0.146218088480	-0.149531846688	-1.071230375785	57.558780772453	-58.863242376341	-421.690058990346	-32.732950945021	467.362722907137	-61.508717231702	
0.473275862069	0.146284669125	-0.148356967293	-1.071335827377	57.584990257100	-58.400750859583	-421.731570031468	-32.648103045032	467.497259034032	-60.979160425024	
0.474137931034	0.146097454652	-0.147605571353	-1.070857860392	57.511293240953	-58.104963692510	-421.543418228830	-32.755632011735	467.343422703977	-60.878900018832	
0.475000000000	0.145967374095	-0.146831016733	-1.071950101494	57.460087002958	-57.800060105817	-421.973379164615	-32.766158950854	467.951209455744	-60.606473124523	
0.475862068966	0.145529623056	-0.146250432359	-1.072816793818	57.287766215992	-57.571512946933	-422.314552777307	-32.688012116805	468.157012427971	-60.202097267133	
0.476724137931	0.145290688869	-0.146953269117	-1.074985995412	57.193709723812	-57.848184782139	-423.168459433174	-32.672243830909	468.953014024053	-60.411213508704	
0.477586206897	0.145220221108	-0.147100411709	-1.075129039491	57.165970075253	-57.906107494004	-423.224768764472	-32.571603917952	468.534638152151	-60.238607015524	
0.478448275862	0.145659071093	-0.147609366927	-1.074382068221	57.338723462436	-58.106457820823	-422.930723369587	-32.511720104042	468.061835837412	-60.367591857082	
0.479310344828	0.145748140324	-0.147623052609	-1.073539862737	57.373785583513	-58.111845192427	-422.599189006706	-32.584720576216	467.898997298861	-60.398104275079	
0.480172413793	0.145511434414	-0.147491101371	-1.072944562346	57.280606253312	-58.059902560470	-422.364848884674	-32.579216453191	467.747385510024	-60.351133089913	
0.481034482759	0.145241922093	-0.148126357423	-1.071185298002	57.174512672429	-58.309971236640	-421.672314111577	-32.695497231819	467.099921451872	-60.666862583455	
0.481896551724	0.145163175388	-0.148622490027	-1.070325499149	57.143514015472	-58.505273938912	-421.333854115416	-32.695120300989	466.807181586328	-60.908306731358	
0.482758620690	0.145269419288	-0.148857986384	-1.069739755005	57.185336948894	-58.597977128395	-421.103275812103	-32.722266658702	466.623601371337	-61.054016464838	
0.483620689655	0.145456687556	-0.149483906511	-1.068900826512	57.259055141038	-58.844370715722	-420.773031437260	-32.810192337262	466.166045251481	-61.424514519798	
0.484482758621	0.146534700562	-0.150229029787	-1.070144326010	57.683415184138	-59.137688647705	-421.262535271769	-32.790280917222	466.826572801413	-61.731544581685	
0.485344827586	0.146406245986	-0.149740745683	-1.071492284564	57.632849013662	-58.945475509033	-421.793159435365	-32.705406652978	467.550928955016	-61.498907408231	
0.486206896552	0.146337311508	-0.148759557829	-1.071417767912	57.605712942079	-58.559230707231	-421.763825940076	-32.659160626093	467.510452914885	-61.137919798140	
0.487068965517	0.146039079148	-0.147918422431	-1.070689559467	57.488313711861	-58.228117584060	-421.477166535088	-32.746632899790	467.172782181802	-61.013226072277	
0.487931034483	0.146229947680	-0.146968130766	-1.071630245285	57.563449148885	-57.854035073643	-421.847467701844	-32.742267175553	467.843576729087	-60.584130950077	
0.488793103448	0.145700575636	-0.146477939547	-1.072322541999	57.355061734309	-57.661071198830	-422.119990446200	-32.738823189192	467.974367449867	-60.410666501316	
0.489655172414	0.145340041973	-0.146493673374	-1.074494286896	57.213137583388	-57.667264823068	-422.974898274229	-32.688213962647	468.976562905144	-60.256098822031	
0.490517241379	0.145108421672	-0.147046316555	-1.074880536831	57.121960204037	-57.884812925391	-423.126945641107	-32.622950713009	468.492074862505	-60.331223601124	
0.491379310345	0.145558240302	-0.147504400375	-1.074800447806	57.299031400634	-58.065137715786	-423.095418579915	-32.540417661447	468.288264428107	-60.363480586575	
0.492241379310	0.145816878931	-0.147655429509	-1.074041408318	57.400844550623	-58.124590365884	-422.796622528186	-32.515324321265	468.089180329899	-60.347225618666	
0.493103448276	0.145674974073	-0.147444161999	-1.073104091944	57.344983673947	-58.041424866681	-422.427647743946	-32.587899065395	467.732872452338	-60.339529164857	
0.493965517241	0.145183974458	-0.147866130118	-1.071999039216	57.151701573685	-58.207532704053	-421.992643508866	-32.671231672768	467.403165775081	-60.568363121383	
0.494827586207	0.145217596119	-0.148290136229	-1.070623839039	57.164936747422	-58.374442797514	-421.451295674918	-32.685926912185	466.939105225753	-60.733437721015	
0.495689655172	0.145238462054	-0.148890033005	-1.069665843379	57.173150627237	-58.610592287284	-421.074180485213	-32.740774423747	466.474691165009	-61.073444015562	
0.496551724138	0.145252516633	-0.149004369783	-1.069485045125	57.178683215020	-58.655600983829	-421.003009215057	-32.744159796303	466.524250528906	-61.103738001264	
0.497413793103	0.146101133833	-0.150016307464	-1.069761227556	57.512741551444	-59.053950460943	-421.111728486118	-32.788953642461	466.692679415629	-61.678738305189	
0.498275862069	0.146597545045	-0.150112493799	-1.070989678660	57.708153927589	-59.091814231623	-421.595308517203	-32.716353985419	467.236187540226	-61.628497223795	
0.499137931034	0.146183014819	-0.149353188423	-1.071216530105	57.544974018446	-58.792913513599	-421.684608635731	-32.722147698368	467.345663910590	-61.449199833210	
0.500000000000	0.146193391488	-0.148345391718	-1.070987592003	57.549058796351	-58.396194132019	-421.594487104161	-32.699039027841	467.303631788894	-61.069311504449	
0.500862068966	0.146191435832	-0.147327325677	-1.071118274282	57.548288952185	-57.995432224649	-421.645930210546	-32.731858219969	467.524208962560	-60.704392043560	
