dbx_v3_0_m5_0										
Time	Cx	Cy	Cz	Fx	Fy	Fz	Mx	My	Mz	
0.000000000000	0.000000000000	0.000000000000	0.000000000000	0.000000000000	0.000000000000	0.000000000000	0.000000000000	0.000000000000	0.000000000000	
0.000862068966	1.888779772176	0.052114279255	13.549582407366	743.518351568008	20.514791388521	5333.794508161793	2526.806312995801	-3613.513648866188	272.255750797784	
0.001724137931	-0.134500207219	0.265444621357	3.185571312504	-52.946020404543	104.492302496912	1254.000474786070	445.374273677205	-806.408583169483	341.387419082306	
0.002586206897	-0.488375376528	0.659513060769	2.570004995844	-192.249017196846	259.617384199077	1011.682730925117	718.775411880354	-605.422990095930	352.269505184097	
0.003448275862	-0.549610368463	0.507437419708	2.792847816265	-216.354178069944	199.752792455390	1099.404830102352	770.320492822908	-765.328479668635	355.667469025175	
0.004310344828	-0.519755358408	0.500027900717	3.066091559739	-204.601750291276	196.836034542344	1206.967257822389	766.847672117353	-841.734035686344	379.935470483289	
0.005172413793	-0.567732948284	0.433006799936	3.170495286687	-223.488133480215	170.453171327331	1248.065795672929	774.312664314291	-848.451184269082	375.744653230327	
0.006034482759	-0.605208182883	0.459752531661	3.426122715890	-238.240263434176	180.981631371400	1348.693559468576	805.335520623070	-918.278083275237	391.561767126118	
0.006896551724	-0.644584664884	0.416861625956	3.475412058642	-253.740819623827	164.097621929502	1368.096314312027	823.594090659864	-936.482047539555	395.210227087573	
0.007758620690	-0.672171841829	0.400348956148	3.462811241404	-264.600514665287	157.597407761301	1363.136001310179	848.543375668991	-929.016775441131	401.618616337584	
0.008620689655	-0.712424205988	0.422912424114	3.497432582600	-280.445861956168	166.479519246580	1376.764695832880	846.599801769119	-942.164032172282	416.187273475485	
0.009482758621	-0.753879977303	0.403011851377	3.642128932081	-296.764930597779	158.645656742087	1433.724428687236	870.667197881083	-980.128766021240	417.272553166044	
0.010344827586	-0.785653956659	0.381223142518	3.717008910100	-309.272760839194	150.068529258788	1463.200939735307	892.654294188549	-999.234090354229	421.255651809857	
0.011206896552	-0.809257104677	0.400554421186	3.734152137251	-318.564142484028	157.678289094916	1469.949372866585	899.605086261002	-1005.409562749105	434.602603065566	
0.012068965517	-0.832995797369	0.415242348455	3.763360602011	-327.908881303321	163.460193174890	1481.447288023241	908.432890422016	-1012.842134438534	444.276190540707	
0.012931034483	-0.853396457112	0.407901669206	3.809160814714	-335.939603109590	160.570534033426	1499.476546463876	919.569740219537	-1023.528506950685	446.860656311659	
0.013793103448	-0.875121433870	0.400218921117	3.856515508145	-344.491642444308	157.546219457900	1518.117726403392	930.696807828707	-1034.634912617236	448.562156159088	
0.014655172414	-0.900885794739	0.388655152937	3.900448482761	-354.633785750304	152.994140924642	1535.411946378958	940.212325566352	-1045.657545663483	451.094018171888	
0.015517241379	-0.921768207471	0.382286260271	3.944549046456	-362.854149669804	150.487025671775	1552.772137813075	951.053525096318	-1057.347304526166	454.915273890389	
0.016379310345	-0.939337674547	0.389020737639	3.985308419928	-369.770372191167	153.138053380098	1568.817069372123	960.788421819306	-1069.272448904739	462.167221596420	
0.017241379310	-0.954859210549	0.398469697799	4.018642210333	-375.880426434599	156.857637519124	1581.938919393569	968.031233227759	-1079.088607587370	470.026265328686	
0.018103448276	-0.970022358718	0.404087510537	4.048229047797	-381.849401270931	159.069090081134	1593.585781003936	975.350105566703	-1087.417437674110	476.887725029729	
0.018965517241	-0.981788809031	0.406813215026	4.079799757250	-386.481265646918	160.142063933536	1606.013594027223	983.525097102842	-1095.607252895328	481.634248871042	
0.019827586207	-0.994312673657	0.405749379175	4.107083783890	-391.411286244640	159.723284841425	1616.753953920063	989.805178932600	-1102.290004812844	485.019694669714	
0.020689655172	-1.005403331681	0.401300076858	4.130479205944	-395.777124916543	157.971816526765	1625.963564217676	996.055146321648	-1106.480274445520	486.592206380889	
0.021551724138	-1.012423064555	0.394965156208	4.146683027165	-398.540443484486	155.478074361156	1632.342200107684	1002.212125032725	-1105.734659393273	485.369033040194	
0.022413793103	-1.015966433605	0.386357338498	4.152142728622	-399.935291075166	152.089606034366	1634.491412147822	1007.084066695861	-1098.393524631615	480.919857832012	
0.023275862069	-1.018098257316	0.372084772129	4.146944828657	-400.774483698572	146.471208815548	1632.445258291761	1010.816366318038	-1085.172630652144	473.122594435744	
0.024137931034	-1.019503855235	0.355763670201	4.140611740470	-401.327797463605	140.046405362842	1629.952237475946	1015.450550612100	-1070.046069642174	464.074299489677	
0.025000000000	-1.020833761763	0.339665879646	4.131668619085	-401.851315305480	133.709508455573	1626.431776823000	1019.300510513086	-1053.731235967856	453.863145570183	
0.025862068966	-1.023162854506	0.327783651277	4.124860071299	-402.768162902928	129.032068035999	1623.751591286758	1021.149598052667	-1040.746800785197	446.858474778718	
0.026724137931	-1.028042269827	0.318715179495	4.122295513894	-404.688945246226	125.462263186532	1622.742053000383	1024.230216462100	-1030.726534051215	442.587974038160	
0.027586206897	-1.033771478456	0.312820745079	4.124075057488	-406.944248812039	123.141918472218	1623.442570519057	1027.856716074732	-1024.602399566468	439.990939006721	
0.028448275862	-1.037888206284	0.305161933856	4.123686722135	-408.564799145133	120.127026646793	1623.289702267414	1030.112164855938	-1018.657832818778	436.006396530469	
0.029310344828	-1.043835481579	0.295649238431	4.121936020675	-410.905944676462	116.382353114355	1622.600538457833	1033.276252480814	-1011.142269322733	431.235627350060	
0.030172413793	-1.045583422355	0.284561375474	4.123597365152	-411.594021742685	112.017614720912	1623.254526881920	1037.402638492551	-1004.547071093733	426.463619034087	
0.031034482759	-1.048399348981	0.273566409054	4.124233785300	-412.702511548562	107.689445058862	1623.505053738824	1040.451212613068	-998.282418196665	421.555773919567	
0.031896551724	-1.052988805602	0.273331873116	4.123263721572	-414.509151619349	107.597119962815	1623.123188052289	1041.821573481943	-993.250201710111	419.501020297774	
0.032758620690	-1.058383423708	0.269908267672	4.125827684168	-416.632743591899	106.249417327653	1624.132492191865	1044.050783649857	-990.908785484373	418.223702609034	
0.033620689655	-1.062756419290	0.267515237894	4.130514449710	-418.354173752189	105.307400909536	1625.977437929627	1046.674235775511	-989.535463568764	417.078586148632	
0.034482758621	-1.066752351157	0.269363442417	4.136486989464	-419.927172742857	106.034946809969	1628.328528818169	1047.135847749601	-991.105404244473	418.014626309518	
0.035344827586	-1.069868550943	0.270859819659	4.141298212647	-421.153865108850	106.623995865130	1630.222467318797	1048.206104867326	-992.454248599348	419.324272895651	
0.036206896552	-1.073736161168	0.273537482794	4.146919531627	-422.676350271971	107.678058233681	1632.435300113627	1049.683015096148	-994.452326718940	421.274625714757	
0.037068965517	-1.076777383677	0.276141303117	4.149521309802	-423.873527825062	108.703052371766	1633.459490359632	1050.628140138261	-994.955536097639	422.329222601540	
0.037931034483	-1.079636222002	0.277586820986	4.151557119910	-424.998909826055	109.272080629365	1634.260887218053	1051.063978677001	-995.580136523447	423.191290083925	
0.038793103448	-1.082507462980	0.277761425855	4.154449781445	-426.129174132286	109.340813853923	1635.399583728886	1052.293151333223	-996.032572517554	423.958511327559	
0.039655172414	-1.083721245626	0.279729953873	4.158786603007	-426.606979795550	110.115725110762	1637.106773982698	1053.676462156110	-997.143974260156	425.217161843171	
0.040517241379	-1.084510317658	0.281065379579	4.159925098498	-426.917598082124	110.641415577295	1637.554942849633	1053.935862996554	-997.030329842224	425.591948907088	
0.041379310345	-1.085711799825	0.281640000341	4.162049511029	-427.390561660848	110.867615099445	1638.391218061187	1054.639698574113	-997.645281553124	426.322158472007	
0.042241379310	-1.087071675985	0.282133123915	4.164586975973	-427.925877051184	111.061733245133	1639.390091397329	1055.952024727078	-998.116740058924	427.083184840065	
0.043103448276	-1.087299458693	0.283562356379	4.167130828090	-428.015543737454	111.624350751362	1640.391479044891	1056.838827411852	-998.634283121813	427.676337217171	
0.043965517241	-1.088196259405	0.284336463492	4.169404171565	-428.368569429767	111.929078095923	1641.286380937639	1057.014733087096	-999.510163282504	428.286771066196	
0.044827586207	-1.090063264744	0.283883846666	4.171865765957	-429.103516273645	111.750905436140	1642.255387823095	1058.080787327641	-1000.171402419963	428.888452680840	
0.045689655172	-1.090718714957	0.283847200338	4.175202946480	-429.361534317550	111.736479605288	1643.569069278975	1059.421520948998	-1001.037396273616	429.399122409188	
0.046551724138	-1.090696306591	0.284541027540	4.176580710916	-429.352713261717	112.009604754533	1644.111426390975	1059.752880785811	-1001.499639383046	429.854017752572	
0.047413793103	-1.091374112841	0.283705468129	4.177074820607	-429.619531761729	111.680686706638	1644.305932721676	1060.220093263221	-1001.392123591992	429.936559686692	
0.048275862069	-1.092946078735	0.283317366138	4.178308287236	-430.238336297629	111.527910317861	1644.791486986958	1061.418770931886	-1001.600045626389	430.355630847647	
0.049137931034	-1.093693699887	0.284621264275	4.178911007417	-430.532637440918	112.041189953578	1645.028747848376	1062.157897240468	-1001.835482409318	431.100505169361	
0.050000000000	-1.093358769152	0.285797113075	4.177667971506	-430.400791922698	112.504062954510	1644.539426634250	1062.136947457811	-1001.442906499198	431.538957022117	
0.050862068966	-1.093404014490	0.287011502826	4.178521866999	-430.418602754923	112.982107604963	1644.875562682931	1062.749571932973	-1001.968730145957	432.522049558769	
0.051724137931	-1.093507604715	0.288914923904	4.178542221688	-430.459381057584	113.731389508172	1644.883575308177	1063.552015530620	-1001.716714554185	433.204802898060	
0.052586206897	-1.092720563162	0.291924144982	4.178335290572	-430.149562069136	114.915969695184	1644.802116853085	1063.747562572112	-1001.723937027522	434.097470517993	
0.053448275862	-1.092228246143	0.294138501001	4.176954851474	-429.955761423918	115.787651169620	1644.258706860113	1063.728536832399	-1001.473808051550	434.881423885153	
0.054310344828	-1.091794767226	0.295950422001	4.175575702319	-429.785122403722	116.500914057777	1643.715804653318	1064.332434936806	-1000.948615331969	435.595350018683	
0.055172413793	-1.091714805488	0.297723381440	4.173689849712	-429.753645457240	117.198839722961	1642.973438580812	1064.664742404133	-1000.669561695766	436.199377347767	
0.056034482759	-1.090427090469	0.299009210362	4.170938421684	-429.246736307704	117.705006410352	1641.890338654755	1064.440286601892	-1000.238177607766	436.471919273610	
0.056896551724	-1.088745635058	0.300235910934	4.168885069272	-428.584831212180	118.187897216755	1641.082036266279	1064.419695872182	-1000.040409754237	437.034138998419	
0.057758620690	-1.086992318920	0.301620988687	4.167545695994	-427.894638134187	118.733133216865	1640.554791837925	1064.748682395078	-999.885680143402	437.568674220362	
0.058620689655	-1.085172511601	0.303275015434	4.164725888334	-427.178270795815	119.384241015890	1639.444774262519	1064.639823375312	-999.382735493556	437.912410372394	
0.059482758621	-1.083064116834	0.304341577885	4.161469671899	-426.348300978936	119.804093434279	1638.162964327805	1064.366652264188	-998.843775954379	438.116706609012	
0.060344827586	-1.081299379278	0.305060992263	4.157894321977	-425.653611858571	120.087290978321	1636.755527463254	1064.421031513801	-998.072630309499	438.338229170098	
0.061206896552	-1.079148507103	0.306370205430	4.154761717345	-424.806920805906	120.602662876144	1635.522377327926	1064.466228778612	-997.458451676480	438.597371019605	
0.062068965517	-1.076633484425	0.307605145364	4.150280685180	-423.816881870068	121.088797107962	1633.758418555112	1064.060236167931	-996.540484397092	438.767701090512	
0.062931034483	-1.073871361446	0.308503033888	4.145205875031	-422.729571875205	121.442251017853	1631.760719018326	1063.711940987745	-995.446362048780	438.904406745637	
0.063793103448	-1.070811425439	0.309802918673	4.141910888162	-421.525027751236	121.953950797170	1630.463647098158	1063.655197138979	-995.212867781568	439.319772125441	
0.064655172414	-1.066979918919	0.312505849429	4.139829983214	-420.016754815651	123.017959767402	1629.644498651449	1063.372118799734	-995.558741319520	440.185025042533	
0.065517241379	-1.063740683912	0.314643558760	4.136360846274	-418.741629622104	123.859469265249	1628.278872538247	1062.886402898685	-995.361654964930	440.751258177344	
0.066379310345	-1.060694362954	0.316254694286	4.132383460509	-417.542445063773	124.493692930607	1626.713174222881	1062.592325245389	-995.086065834958	441.237641645047	
0.067241379310	-1.057331916781	0.317705946999	4.128544795911	-416.218817781835	125.064978710437	1625.202083509265	1062.310339468031	-994.860855282284	441.584350077729	
0.068103448276	-1.053642665439	0.319574396365	4.124107984941	-414.766543611627	125.800493995616	1623.455532414290	1061.752012557766	-994.476209516128	441.999325876774	
0.068965517241	-1.050057211770	0.320486506195	4.120071259983	-413.355129405964	126.159546123884	1621.866475219439	1061.315905608577	-994.018743378412	442.097369537208	
0.069827586207	-1.046782415312	0.321798194968	4.116271552589	-412.066005443525	126.675892544444	1620.370720012990	1061.026588413805	-993.672344144894	442.314095062620	
0.070689655172	-1.043182739933	0.323024654444	4.111770712603	-410.648992860400	127.158688443197	1618.598963889705	1060.621804274291	-992.881525259621	442.302981330214	
0.071551724138	-1.039864676791	0.323737795303	4.106546182414	-409.342836963404	127.439416415823	1616.542327043482	1060.050118127307	-991.906364633211	442.194704690821	
0.072413793103	-1.037658718683	0.324302434058	4.102037657263	-408.474461327163	127.661686519556	1614.767545654066	1059.553649080996	-991.442665682472	442.308380020185	
0.073275862069	-1.036140048971	0.325115656847	4.099618050151	-407.876636838789	127.981811754366	1613.815067065892	1059.140529987764	-991.993418243896	442.770477923303	
0.074137931034	-1.034409868152	0.325336409580	4.098841895686	-407.195550981499	128.068711090369	1613.509533780644	1058.683256748914	-993.014729453584	443.096931139390	
0.075000000000	-1.032512362674	0.326333891988	4.099096838841	-406.448597755027	128.461370142626	1613.609892179858	1058.262315658451	-993.936541190462	443.535605504993	
0.075862068966	-1.031707480411	0.327612533415	4.098635618934	-406.131755769533	128.964707472204	1613.428332916002	1057.989927891342	-994.298852443912	444.121411515214	
0.076724137931	-1.031920901048	0.328872494838	4.096969996619	-406.215768825148	129.460691415942	1612.772660520618	1057.618059115136	-994.242212089819	444.578229161730	
0.077586206897	-1.031958503210	0.329854228527	4.093178323331	-406.230570920014	129.847150983526	1611.280067940622	1057.007527069148	-993.606921164139	444.895020373153	
0.078448275862	-1.031739300503	0.331346111497	4.090432684493	-406.144281751960	130.434430867788	1610.199246929845	1056.483925889664	-993.421264739933	445.331200601732	
0.079310344828	-1.031994420303	0.332334698725	4.086331950313	-406.244709687292	130.823588332044	1608.584992498267	1056.132170176228	-992.667600142619	445.554668230548	
0.080172413793	-1.030936388395	0.332250613616	4.082756631585	-405.828215318103	130.790488220039	1607.177567913217	1055.798826651206	-992.086432159056	445.372364872153	
0.081034482759	-1.027618264178	0.332361788206	4.080952473464	-404.522035378585	130.834252108959	1606.467360883096	1055.586571785196	-991.690899060876	445.208140212095	
0.081896551724	-1.024839553804	0.331484252877	4.074464925644	-403.428195754131	130.488810236606	1603.913537016485	1055.554347049046	-989.197889682818	444.668949562889	
0.082758620690	-1.023956335923	0.332252663673	4.068934476898	-403.080516944568	130.791295225398	1601.736475299132	1055.537606416078	-987.127947944753	444.671797265178	
0.083620689655	-1.021738145763	0.334367460634	4.066916519709	-402.207326159911	131.623785266429	1600.942106244193	1055.501008265177	-986.564926691072	445.100709522359	
0.084482758621	-1.019633942644	0.334296288725	4.059196555594	-401.379006385597	131.595768437085	1597.903141576354	1055.239146470909	-984.043706300065	444.643675830120	
0.085344827586	-1.019054383329	0.333574499065	4.051550683822	-401.150862801559	131.311635863200	1594.893343366776	1054.936191254275	-981.640584807421	444.220645924330	
0.086206896552	-1.018362281467	0.331107544551	4.050611069192	-400.878416832666	130.340518965088	1594.523463970988	1054.884210596865	-981.133799896148	443.182973728028	
0.087068965517	-1.020421693716	0.330780449072	4.053373636680	-401.689104676137	130.211757796043	1595.610948946753	1055.011094123394	-981.736298008378	443.121907626405	
0.087931034483	-1.022854448791	0.330252422565	4.055004778344	-402.646758961694	130.003900107392	1596.253048030529	1055.035251800398	-981.856307391608	443.120373216716	
0.088793103448	-1.025221968132	0.330044092496	4.059047227995	-403.578733193882	129.921890954159	1597.844358751449	1055.039719566135	-982.822141831393	443.257590955445	
0.089655172414	-1.025621387577	0.331977284793	4.067798753751	-403.735964699328	130.682892300791	1601.289397765372	1055.223745493313	-985.145668129538	444.230712573062	
0.090517241379	-1.027860529601	0.333781441764	4.071026851774	-404.617403187366	131.393098878158	1602.560138884017	1055.271217158599	-984.853065635780	444.978324730575	
0.091379310345	-1.030045362591	0.332388390294	4.073362913231	-405.477462918759	130.844724023638	1603.479729716913	1055.529173487905	-984.635328832297	444.541069975872	
0.092241379310	-1.031107553843	0.331558852430	4.070063476619	-405.895594614297	130.518176358129	1602.180906155408	1055.660193543279	-983.382475964515	444.313336863387	
0.093103448276	-1.033822440985	0.332646856230	4.056262798446	-406.964310216938	130.946469165843	1596.748267773187	1055.139559609163	-979.548142822144	444.995571879574	
0.093965517241	-1.033032989982	0.334085319704	4.047692650637	-406.653542748516	131.512720460192	1593.374628206726	1054.574957321512	-977.647274793838	445.732177533983	
0.094827586207	-1.027949233633	0.337800762455	4.047196986894	-404.652321538806	132.975304881431	1593.179510123377	1054.311071906788	-978.254808691935	447.061256386206	
0.095689655172	-1.023431709775	0.341625845247	4.048014960872	-402.873997807378	134.481049115862	1593.501505664077	1054.103360367691	-979.203094691939	448.385553896919	
0.096551724138	-1.020973584475	0.345184873377	4.046006661052	-401.906356530381	135.882060905456	1592.710938233152	1054.010441383107	-979.249221330801	449.772677164260	
0.097413793103	-1.022620649782	0.343628829726	4.040548040790	-402.554723957643	135.269524161945	1590.562151805757	1054.020708482965	-978.523715084073	449.646017051699	
0.098275862069	-1.024150969151	0.340735495590	4.046061646242	-403.157134334890	134.130562881844	1592.732583158869	1054.301656173342	-981.952113236388	449.428584792581	
0.099137931034	-1.024678240155	0.341243058070	4.060684863908	-403.364694619537	134.330364904118	1598.489014297152	1054.599440404145	-988.455910685468	450.599662971735	
0.100000000000	-1.027232199584	0.344766414240	4.073429885929	-404.370061011641	135.717334422877	1603.506093526317	1054.612813450666	-994.491106101940	452.870613777147	
0.100862068966	-1.031268344393	0.346213989271	4.079070848881	-405.958889830574	136.287172482897	1605.726659172739	1054.484008191889	-997.458356769374	454.127768700565	
0.101724137931	-1.036051865353	0.345303196337	4.084616611460	-407.841923348717	135.928638750539	1607.909749182359	1054.385782704828	-1000.012738271699	454.294091211751	
0.102586206897	-1.038219873283	0.345181238146	4.093759217854	-408.695359893345	135.880629896049	1611.508737129359	1054.393884250590	-1003.887589625348	454.471904841709	
0.103448275862	-1.035919153803	0.343828274863	4.099889925884	-407.789681433400	135.348035760780	1613.922090976146	1054.573257782580	-1006.044978777057	453.573763336856	
0.104310344828	-1.037829605716	0.338501410033	4.087510044938	-408.541731025139	133.251114872527	1609.048749568506	1054.807583809359	-1000.200314050974	450.303403186161	
0.105172413793	-1.037475592538	0.333199585929	4.074015289028	-408.402373701275	131.164051268560	1603.736537516696	1054.791331742252	-993.359455441133	446.381568431889	
0.106034482759	-1.032552906733	0.328932547572	4.059763832065	-406.464557927999	129.484331180661	1598.126450017358	1054.811257415758	-985.127587524005	442.487083620594	
0.106896551724	-1.028884118395	0.325660804103	4.046206329788	-405.020339021364	128.196409027593	1592.789537851565	1054.805355625006	-976.949882095663	439.250514359944	
0.107758620690	-1.025430069062	0.325213867778	4.031796594068	-403.660652146447	128.020472497330	1587.117143903669	1054.494513851680	-969.153418453369	437.520082385982	
0.108620689655	-1.022646054034	0.327694694452	4.020771124829	-402.564724344174	128.997050172752	1582.776966803575	1054.123051884712	-964.094394906369	437.931438695111	
0.109482758621	-1.019447607546	0.330354717173	4.016999153903	-401.305655555212	130.044168390258	1581.292130060943	1053.833376851224	-962.519424060092	439.117342865549	
0.110344827586	-1.018933616043	0.333258573712	4.021558059705	-401.103322747229	131.187271815492	1583.086743798489	1053.530610806894	-965.872833198275	441.310134412879	
0.111206896552	-1.022945203270	0.332269057804	4.029255422143	-402.682484471534	130.797748776709	1586.116811313850	1053.290636338694	-971.252789973957	442.439602964083	
0.112068965517	-1.026862279884	0.332008878102	4.045876474698	-404.224442083711	130.695329010163	1592.659690361780	1053.300092112979	-980.594317546856	444.345208615190	
0.112931034483	-1.031679789882	0.332546548635	4.059998776354	-406.120855389708	130.906983070907	1598.218935860716	1053.026104773571	-989.037330755115	446.719642215765	
0.113793103448	-1.037302708613	0.334254927292	4.074375932141	-408.334317926597	131.579486504821	1603.878504714947	1053.048141751927	-996.125369199887	448.668717103016	
0.114655172414	-1.041736721595	0.331757956226	4.080621091654	-410.079767593040	130.596553587930	1606.336912399776	1053.504649335471	-996.727601810428	447.146472200118	
0.115517241379	-1.035925026045	0.323507953492	4.082302008004	-407.791993042084	127.348939163314	1606.998605293868	1054.618617824416	-992.045807173553	441.195151458331	
0.116379310345	-1.033851376403	0.318851881540	4.064179548993	-406.975700647167	125.516075960394	1599.864697440293	1054.615089287195	-981.315888523519	437.324154595307	
0.117241379310	-1.032457472963	0.317039252161	4.057493673333	-406.426990414584	124.802534219001	1597.232801799054	1054.547900135382	-977.608026403897	435.716265965240	
0.118103448276	-1.027471440085	0.321544619014	4.054431973402	-404.464238059592	126.576072344142	1596.027563306283	1054.382928325981	-976.450264533802	437.307440571814	
0.118965517241	-1.028126758993	0.323261493803	4.044427056337	-404.722204414777	127.251920281427	1592.089126674692	1054.201373084301	-972.275369119868	437.327667757139	
0.119827586207	-1.025362151940	0.326869001632	4.038525403727	-403.633916564136	128.672016109185	1589.765940518049	1054.119700019735	-970.158321737578	438.106253080741	
0.120689655172	-1.024116724349	0.328255890241	4.031060662081	-403.143653864951	129.217964952866	1586.827444201159	1054.035264836326	-967.887766446134	438.583366774202	
0.121551724138	-1.019134503458	0.324716321394	4.028501903154	-401.182402098655	127.824613312234	1585.820188486478	1054.381938941189	-966.555090986196	437.143769014267	
0.122413793103	-1.017959455290	0.323169829272	4.028984225354	-400.719844266527	127.215836529217	1586.010054669925	1054.562184120207	-967.235847125887	437.418856782762	
0.123275862069	-1.018231506486	0.320982586831	4.037875490040	-400.826937247779	126.354828317171	1589.510101927981	1055.027731113920	-971.394046974211	437.371904499526	
0.124137931034	-1.020395276212	0.322984461609	4.049988120227	-401.678705423128	127.142866529757	1594.278240046773	1055.059824306514	-978.606065876268	439.457643077114	
0.125000000000	-1.024100449265	0.327964896775	4.059904816479	-403.137247176274	129.103415344946	1598.181948546387	1054.644474589842	-985.301168200386	442.783411429256	
0.125862068966	-1.029044164654	0.332198501357	4.072644434848	-405.083341247651	130.769974223842	1603.196900627637	1054.370239150277	-992.030289505639	445.956959460007	
0.126724137931	-1.033967907636	0.334695709669	4.083229258710	-407.021573178837	131.753000532918	1607.363617629617	1054.204689609979	-996.914721178843	447.877329910799	
0.127586206897	-1.033630218127	0.334184610996	4.088851755151	-406.888641668991	131.551806487503	1609.576913931744	1054.255884066271	-998.483932134383	447.520830426431	
0.128448275862	-1.028796980467	0.331826731953	4.081693993291	-404.986037167021	130.623627159833	1606.759260239390	1054.388910623383	-994.027131333601	445.343059098051	
0.129310344828	-1.029294034259	0.330977892156	4.055489837495	-405.181702443584	130.289481286577	1596.443991615235	1053.990999321398	-982.080911548331	443.240339803449	
0.130172413793	-1.029379913289	0.327024390624	4.035113619719	-405.215508732535	128.733185001957	1588.422891392388	1053.459667178663	-973.031459521903	440.463429585606	
0.131034482759	-1.022440701355	0.322665000290	4.023788568098	-402.483887241080	127.017110548712	1583.964783656778	1053.270627498790	-966.161946507989	437.557416960821	
0.131896551724	-1.015455691776	0.321971652501	4.021021538963	-399.734237501761	126.744174120220	1582.875542353168	1053.484205792326	-962.044073648731	436.237378368071	
0.132758620690	-1.011677777993	0.323200569487	4.024700937758	-398.247061352782	127.227937418185	1584.323938067250	1053.616951336308	-962.385389724133	436.559584618432	
0.133620689655	-1.011959140818	0.324552034372	4.027382154816	-398.357819857770	127.759941708921	1585.379399437892	1053.594485039376	-965.219866900828	437.906020328270	
0.134482758621	-1.014533062864	0.323829746723	4.031006342155	-399.371044535602	127.475613101851	1586.806061156792	1053.701137489618	-969.732017750370	438.774786757599	
0.135344827586	-1.016376137978	0.326000320330	4.035781429015	-400.096571243931	128.330059625100	1588.685774590279	1053.358320302612	-976.245750283648	441.378964116706	
0.136206896552	-1.017605407785	0.329837723241	4.049415255673	-400.580473430018	129.840653675721	1594.052731856504	1052.970906261571	-986.031442330077	444.974850273271	
0.137068965517	-1.020337198957	0.334007447161	4.066227710684	-401.655843305575	131.482065925905	1600.670956500585	1052.903875828134	-995.486166644801	448.334503454325	
0.137931034483	-1.023674306088	0.337630602459	4.079551689318	-402.969495870805	132.908321381579	1605.915942059961	1052.904374215318	-1002.154870338797	450.696001419366	
0.138793103448	-1.026467556781	0.341109746910	4.089081252551	-404.069059293496	134.277886952413	1609.667255606796	1053.157115477972	-1006.045816116738	452.626527875620	
0.139655172414	-1.029564674472	0.341084414657	4.092175403524	-405.288239991304	134.267914908343	1610.885268455509	1053.492501643093	-1005.852489021293	452.292565640735	
0.140517241379	-1.029389755407	0.337207898190	4.094303017430	-405.219383083155	132.741923802444	1611.722803888636	1054.031006391671	-1005.138362269833	449.870785507028	
0.141379310345	-1.027210814620	0.330723751003	4.087253461384	-404.361642818331	130.189438595651	1608.947745426031	1054.441554197016	-1000.300084483896	445.598169190480	
0.142241379310	-1.025903378022	0.324619688766	4.072636271755	-403.846970267113	127.786573868078	1603.193687225207	1054.605834187483	-991.883648628833	441.264832784320	
0.143103448276	-1.024229593760	0.319787908449	4.053430111204	-403.188084920257	125.884543049397	1595.633180149121	1054.389207635155	-981.063720010992	437.198385356388	
0.143965517241	-1.020904674396	0.315869714694	4.031842361074	-401.879230070381	124.342145674641	1587.135160090079	1054.054368486698	-969.641999882396	433.666048496369	
0.144827586207	-1.018001637782	0.312613704961	4.011387908952	-400.736449408799	123.060417108468	1579.083262908639	1053.550871847600	-959.396738124789	430.622981127853	
0.145689655172	-1.013899529060	0.314266973005	4.001881063020	-399.121653888767	123.711226244176	1575.340892030006	1053.071648515353	-954.921885254194	430.653687795683	
0.146551724138	-1.011611027527	0.321284962173	4.004547333972	-398.220785024931	126.473858401833	1576.390469864494	1052.712961384827	-957.035133506915	434.271583493705	
0.147413793103	-1.013298750493	0.331107453101	4.015377858076	-398.885157344089	130.340482965866	1580.653906791690	1052.358920424295	-964.722464011549	440.262164503959	
0.148275862069	-1.017253770437	0.337528948367	4.031442624533	-400.442051351538	132.868305237834	1586.977803759767	1052.167696851267	-975.073964858631	445.284218922028	
0.149137931034	-1.020411398494	0.341882910900	4.051403508030	-401.685051961193	134.582243036646	1594.835407601341	1052.286589544197	-985.747793285420	448.966358435024	
0.150000000000	-1.024458982627	0.341144973383	4.066000815898	-403.278383871381	134.291753857191	1600.581639344681	1052.548691105653	-993.190000110217	450.084439756324	
0.150862068966	-1.027572450193	0.340972911111	4.078253848974	-404.504000698794	134.224021526063	1605.405047075038	1052.898953672650	-999.000114119122	451.020538039436	
0.151724137931	-1.030167321857	0.339190626142	4.078487362146	-405.525472196186	133.522424864577	1605.496969559185	1053.023645791771	-999.732404567038	450.561284229582	
0.152586206897	-1.026436502424	0.334883068044	4.073212494856	-404.056834742875	131.826754176430	1603.420517508115	1053.337446649950	-995.542968516947	447.129561532151	
0.153448275862	-1.018961913899	0.332745798758	4.050555134949	-401.114462200949	130.985417902183	1594.501445450716	1053.187901235205	-984.513660782152	443.982204846539	
0.154310344828	-1.021182232296	0.328766004343	4.020425881107	-401.988490766260	129.418771421499	1582.641061577074	1052.522356607156	-971.046752333442	440.556997467053	
0.155172413793	-1.014525286744	0.326538070737	4.017180870103	-399.367983465157	128.541745128478	1581.363662661502	1052.337077030797	-968.857411786433	438.641467941747	
0.156034482759	-1.008929005584	0.327804348021	4.003928542063	-397.165006811019	129.040215311455	1576.146882365749	1052.278234789292	-960.952108697517	437.613051522307	
0.156896551724	-1.003098157459	0.325484894046	4.000226905389	-394.869692846962	128.127162015726	1574.689732708400	1052.435503816547	-957.172954521670	435.318064851914	
0.157758620690	-0.997898554050	0.324858773791	3.994082114936	-392.822868430427	127.880689712872	1572.270835314382	1052.714779025197	-953.240124451467	434.463468781539	
0.158620689655	-0.998495157602	0.321628508101	3.993389184998	-393.057721479804	126.609095291629	1571.998063372989	1052.767300041019	-952.940375851786	433.292763570558	
0.159482758621	-0.997882539526	0.322663867816	4.006653995470	-392.816564311458	127.016664750114	1577.219757379632	1053.128233605630	-959.441791074329	434.898851203972	
0.160344827586	-1.000949878500	0.324841357637	4.018653320711	-394.024022613881	127.873833841973	1581.943292994936	1052.968108192315	-966.575726146959	437.180992973011	
0.161206896552	-1.004187796608	0.330271579242	4.032916661928	-395.298629410221	130.011441135104	1587.558058732043	1052.413165123873	-976.699684053514	441.449778434113	
0.162068965517	-1.008973228508	0.337287755118	4.046107799015	-397.182415169511	132.773359490326	1592.750751202593	1051.819652953735	-985.592972440363	445.799829723569	
0.162931034483	-1.016350112878	0.344015257054	4.051180477109	-400.086326460634	135.421641319430	1594.747611456261	1051.002291856188	-991.065012724551	449.804228122081	
0.163793103448	-1.020411038542	0.345408032239	4.054749652588	-401.684910265728	135.969907414199	1596.152617750658	1050.716368439953	-994.191528885856	451.380324063294	
0.164655172414	-1.019753549561	0.343004419924	4.056849774412	-401.426089661073	135.023725179130	1596.979330922474	1050.866319384680	-995.235418293959	451.102372971101	
0.165517241379	-1.019297417729	0.339659881241	4.057745032134	-401.246533318347	133.707147182630	1597.331749216968	1051.707133974004	-993.520903465612	449.583200960549	
0.166379310345	-1.015016538180	0.338244537381	4.057505174423	-399.561364643523	133.149996926701	1597.237329204451	1052.560417526405	-990.867827215851	448.155236172722	
0.167241379310	-1.011485613045	0.337137234078	4.045112948464	-398.171415601065	132.714106867390	1592.359128181051	1053.147790033271	-982.925520484446	446.153299940289	
0.168103448276	-1.011115127917	0.335621041442	4.032149736273	-398.025574092278	132.117257480573	1587.256158368824	1053.236565468339	-975.384414601547	444.310802557623	
0.168965517241	-1.010971157235	0.335534656118	4.017790604842	-397.968900018408	132.083251888942	1581.603684804120	1052.820399811078	-969.231330965589	443.746730264417	
0.169827586207	-1.009532143316	0.333795545849	4.010620952773	-397.402432041284	131.398650952421	1578.781350530168	1052.470328700904	-967.176647391312	443.083773153469	
0.170689655172	-1.007796832817	0.336242868338	4.015703143286	-396.719326885000	132.362039702081	1580.781955348077	1052.462915601250	-970.289578918443	444.583213416804	
0.171551724138	-1.009852058259	0.338144866617	4.025129796341	-397.528366591581	133.110761520142	1584.492758292499	1052.428437797431	-976.021155796284	446.630553178703	
0.172413793103	-1.015918734008	0.339601440415	4.033703816258	-399.916514124149	133.684141945377	1587.867922114803	1052.103061080161	-982.848465352267	449.158408711156	
0.173275862069	-1.019785660040	0.340456914267	4.046232256138	-401.438729954184	134.020899315305	1592.799743762230	1051.833141748365	-990.504653494155	451.117484274411	
0.174137931034	-1.021731232371	0.342366775658	4.065043922721	-402.204604702452	134.772716448199	1600.204958247306	1051.941345432152	-998.959350545728	453.188392052442	
0.175000000000	-1.025745441865	0.344004335255	4.081689414335	-403.784798682780	135.417341952147	1606.757457732830	1052.610547404532	-1004.112929352720	454.376934212475	
0.175862068966	-1.027755510024	0.341423302503	4.093060923789	-404.576062220167	134.401318143703	1611.233853599003	1053.028325872651	-1007.146059273497	453.454671339133	
0.176724137931	-1.029287423920	0.335721876709	4.089479281923	-405.179100282778	132.156951293532	1609.823939909927	1053.362048423106	-1003.932826812481	450.656197101587	
0.177586206897	-1.031250696550	0.333078026978	4.077067664823	-405.951942755471	131.116199575026	1604.938105562121	1053.527663153673	-997.273141072719	448.287582994435	
0.178448275862	-1.028910642085	0.331677934926	4.063423798093	-405.030780074844	130.565053194967	1599.567196020505	1053.754312902921	-990.205034742224	445.980186681905	
0.179310344828	-1.025996774069	0.330315703249	4.044723076612	-403.883735630590	130.028810555263	1592.205655086412	1053.699537282124	-981.515771216272	443.767130421297	
0.180172413793	-1.022800947428	0.333636811973	4.037482478352	-402.625698144811	131.336165345871	1589.355392836664	1053.775883673096	-978.088897503344	443.930659479814	
0.181034482759	-1.019941257214	0.338492895515	4.033406423998	-401.499980797637	133.247763131847	1587.750853621194	1053.735941088904	-976.097961915612	445.334268762350	
0.181896551724	-1.018850658470	0.337887600040	4.032310025187	-401.070666490123	133.009488505852	1587.319256116427	1053.851468047580	-975.342393664180	445.178224107415	
0.182758620690	-1.017833608851	0.334259351435	4.036561902804	-400.670304802946	131.581228069254	1588.993008177446	1054.137256826136	-976.549416330107	444.145517799523	
0.183620689655	-1.017007803432	0.330725280151	4.050522239109	-400.345226414880	130.190040544888	1594.488495999696	1054.759052880520	-980.839484603226	443.330373331984	
0.184482758621	-1.017725257240	0.330829111612	4.066117890923	-400.627652180111	130.230913810145	1600.627725940135	1055.081313589352	-986.762878290341	444.228975992324	
0.185344827586	-1.021494446040	0.332351867758	4.075143997207	-402.111393738771	130.830346923713	1604.180853607125	1054.775690185954	-991.268248544320	445.903993092159	
0.186206896552	-1.028031275130	0.333898248808	4.079629785083	-404.684617182567	131.439079983031	1605.946684465836	1054.128445550140	-994.684579647362	447.530493250583	
0.187068965517	-1.035225774381	0.334373400072	4.080031046683	-407.516732552357	131.626123326866	1606.104641136209	1053.508817291267	-996.892294435535	448.322127276445	
0.187931034483	-1.035945929210	0.337546816481	4.088502292576	-407.800221574823	132.875339022630	1609.439347953168	1053.262889009778	-1002.230074623122	449.934974725661	
0.188793103448	-1.035065249913	0.338601591150	4.075825156700	-407.453542079153	133.290551179697	1604.448992111933	1052.971862155444	-997.651532146284	449.612556810643	
0.189655172414	-1.038069583180	0.335874981578	4.051510978942	-408.636198178762	132.217221041127	1594.877713536708	1052.610384470710	-987.839417573010	447.552792877373	
0.190517241379	-1.026136665913	0.327848284094	4.053097334774	-403.938804069140	129.057510750851	1595.502182673309	1053.256898139906	-984.781320369427	442.393618886622	
0.191379310345	-1.017448348595	0.322594555252	4.042461204824	-400.518647063388	126.989379851960	1591.315269024644	1054.122743061429	-974.946861159105	437.926881450148	
0.192241379310	-1.016533703390	0.319320523270	4.039005049878	-400.158596884675	125.700556825820	1589.954753274405	1055.054962316573	-968.448307753479	434.205477581870	
0.193103448276	-1.013555703096	0.319732183700	4.032500915859	-398.986306762684	125.862606996150	1587.394400248963	1055.586073950678	-963.495670106704	433.143314455612	
0.193965517241	-1.013114890922	0.319663087610	4.019194034817	-398.812781004757	125.835407313287	1582.156145158334	1055.393986171040	-957.487447473698	432.398774161497	
0.194827586207	-1.013394730088	0.319256424033	4.013841674164	-398.922939721402	125.675324154243	1580.049187836940	1055.174974954998	-956.392211574122	432.941492865808	
0.195689655172	-1.014013537307	0.322508789290	4.020429340025	-399.166533246586	126.955618072460	1582.642423180417	1054.673248180921	-961.901882399679	435.970607375562	
0.196551724138	-1.016334279505	0.326750976049	4.035747748564	-400.080093651606	128.625555326175	1588.672516277182	1054.483960411562	-971.409487159296	439.867728199796	
0.197413793103	-1.021614344176	0.331515451264	4.053644939164	-402.158591652436	130.501091484543	1595.717747197790	1054.355428803130	-981.823537556468	443.998724777017	
0.198275862069	-1.030468572575	0.334936726712	4.060572881859	-405.644059572266	131.847876916553	1598.444932551891	1053.838107895316	-988.140093656857	447.778518869096	
0.199137931034	-1.036600774780	0.336378866322	4.073121375948	-408.058001601035	132.415575322606	1603.384648540686	1053.938527335505	-994.102208790699	449.870799831741	
0.200000000000	-1.035312006591	0.335578799868	4.086485033490	-407.550677870926	132.100629080678	1608.645253706467	1054.640650834848	-996.530379395706	449.011166826097	
0.200862068966	-1.037374537576	0.329422503883	4.080025697517	-408.362593405185	129.677202532963	1606.102535436291	1055.253122275098	-990.119904184140	444.364441021730	
0.201724137931	-1.032000300856	0.325307799740	4.062315122986	-406.247024567833	128.057448823733	1599.130765950680	1055.376992351310	-979.309697320811	440.263851535602	
0.202586206897	-1.025934027782	0.322844238928	4.045900125952	-403.859035548052	127.087667856832	1592.669000679988	1055.208178299047	-971.289054929728	438.049893188503	
0.203448275862	-1.023011401581	0.322844824226	4.038547737971	-402.708543443537	127.087898259292	1589.774732395297	1055.277568264482	-968.062917729539	437.588333304069	
0.204310344828	-1.021484505993	0.327821446975	4.033066273725	-402.107480838458	129.046946316535	1587.616953430972	1055.299143701307	-965.953600562670	439.086328202118	
0.205172413793	-1.020251866906	0.329503556901	4.026377343295	-401.622252335045	129.709109061749	1584.983855279397	1055.519460158002	-963.293428296922	439.424170484955	
0.206034482759	-1.020128208221	0.330460070247	4.030171664365	-401.573574080810	130.085640638868	1586.477490159060	1055.958801731460	-964.876391117969	440.400473402012	
0.206896551724	-1.022575268855	0.328198466770	4.037410895528	-402.536859751262	129.195360197369	1589.327214250600	1056.616181964440	-968.017914811718	440.321539831522	
0.207758620690	-1.024254227360	0.326675354670	4.047575118862	-403.197781939154	128.595786962511	1593.328361811427	1056.908303556409	-973.530996967592	440.957660519414	
0.208620689655	-1.027157522711	0.329099963941	4.060434230017	-404.340664452710	129.550234651412	1598.390352240018	1056.332071646898	-982.379157251890	444.015145580012	
0.209482758621	-1.031616828189	0.332183271998	4.072555155368	-406.096070512863	130.763979185174	1603.161755751156	1055.909082886988	-989.871869385646	447.208740455010	
0.210344827586	-1.037713277468	0.332269335272	4.083213576846	-408.495938398499	130.797858002111	1607.357444461966	1055.781183278536	-995.253948415335	448.640048267852	
0.211206896552	-1.039461151620	0.332804208105	4.096125511078	-409.183989238060	131.008410747855	1612.440228700586	1056.017878953273	-999.802506101876	449.321333995971	
0.212068965517	-1.040174242620	0.329638466234	4.099414184249	-409.464697583608	129.762216134511	1613.734815232353	1056.412110209594	-999.406337884543	447.637360402367	
0.212931034483	-1.044021216090	0.326605486649	4.092873291498	-410.979059085788	128.568283409091	1611.159992128221	1056.719341300549	-995.335788379673	445.515319676400	
0.213793103448	-1.044743236841	0.326349719901	4.083880863772	-411.263282628814	128.467600802247	1607.620122029169	1056.984232054034	-990.947470452688	444.238668579533	
0.214655172414	-1.041093908770	0.326739916082	4.076112339321	-409.826724258212	128.621201569214	1604.562041580189	1056.929315538801	-987.437605003973	443.184262121460	
0.215517241379	-1.039162521115	0.328017582752	4.063140266581	-409.066433309388	129.124155185267	1599.455583811745	1056.720604214194	-982.145990375121	442.650878892290	
0.216379310345	-1.036568833403	0.328330641027	4.052178113701	-408.045427874506	129.247390607494	1595.140331203128	1056.264855904769	-977.673668713838	442.042319336987	
0.217241379310	-1.033514779152	0.327256148719	4.048658068936	-406.843199104499	128.824416599913	1593.754665219348	1056.244706617785	-975.764047861155	441.323313971760	
0.218103448276	-1.031384595821	0.326437791448	4.051898299937	-406.004652217449	128.502270175830	1595.030182486334	1056.425758644337	-976.014179453774	440.713874979724	
0.218965517241	-1.032288340898	0.326242818929	4.058551813112	-406.360411559991	128.425519223799	1597.649338631869	1056.586832215073	-978.991912852813	441.197604700077	
0.219827586207	-1.035182907398	0.327260937656	4.068575823031	-407.499857960193	128.826301765312	1601.595291167376	1056.673030784346	-985.012485758508	443.296360824744	
0.220689655172	-1.038206051360	0.329394938448	4.081717870365	-408.689918891954	129.666351396741	1606.768659451947	1056.548870864691	-992.480626878434	446.034961124058	
0.221551724138	-1.042316107030	0.331620006542	4.093559943544	-410.307842728935	130.542249680434	1611.430292776940	1056.351177022746	-999.387194751554	448.804463628167	
0.222413793103	-1.046467624089	0.335412686966	4.108982454733	-411.942087846215	132.035238719553	1617.501365892475	1056.667943359887	-1006.598247766911	451.400440459585	
0.223275862069	-1.049598657990	0.338917154819	4.120054916679	-413.174619663554	133.414772850201	1621.860041676390	1057.126697957705	-1010.783559913654	453.297387531302	
0.224137931034	-1.049295032796	0.337205629825	4.124471372695	-413.055097574473	132.741030860480	1623.598580041066	1057.931613510597	-1011.198986792987	451.929133009706	
0.225000000000	-1.046640575323	0.333226133188	4.107275397195	-412.010170117364	131.174501600169	1616.829382517032	1057.827956606443	-1002.392424162525	448.345270973997	
0.225862068966	-1.048901246091	0.322961752020	4.077300855880	-412.900083397456	127.133926897467	1605.029901245701	1057.248647205927	-986.380709438617	441.045758973626	
0.226724137931	-1.043805743299	0.314891467948	4.056614556190	-410.894238199319	123.957058742448	1596.886737245428	1056.798590875000	-973.979112616011	434.918503314808	
0.227586206897	-1.036044974049	0.310517028643	4.042865602482	-407.839210586062	122.235060260214	1591.474460204204	1056.574380634632	-964.309015269146	430.887619778520	
0.228448275862	-1.028372315120	0.309115461040	4.039503309750	-404.818867609751	121.683333029303	1590.150893324578	1056.791271453163	-960.243219920696	428.890238361523	
0.229310344828	-1.024916832794	0.310459910140	4.037973406168	-403.458616636741	122.212575555577	1589.548646621977	1057.185992228794	-959.567758368778	429.049135885548	
0.230172413793	-1.025342958738	0.314390102237	4.036274718843	-403.626361158298	123.759696078939	1588.879958181861	1057.539599535659	-960.710874959741	431.202937517919	
0.231034482759	-1.025557775435	0.320611901836	4.041369233758	-403.710923773243	126.208908130884	1590.885414502078	1057.735295638572	-965.652109072672	435.186529402694	
0.231896551724	-1.028077102893	0.328997652047	4.051075262888	-404.702657285923	129.509959563813	1594.706193867306	1057.552533683960	-973.608575035764	440.482798746516	
0.232758620690	-1.029101145533	0.337973476136	4.066027904478	-405.105771776668	133.043293639868	1600.592302766962	1057.306524803738	-983.915722160069	445.987487079863	
0.233620689655	-1.032264935870	0.345697128497	4.073347741393	-406.351198168054	136.083710186049	1603.473757321480	1056.943479372343	-989.821668738884	450.631493051527	
0.234482758621	-1.035534066950	0.350086529813	4.074459535743	-407.638091954068	137.811598465502	1603.911415281672	1056.298439229060	-992.637544980831	453.560209661464	
0.235344827586	-1.035979681910	0.349363213547	4.075377250745	-407.813508328721	137.526864942862	1604.272673886454	1055.921860505210	-993.116239777491	453.517435989888	
0.236206896552	-1.034306369203	0.340132880018	4.068251097339	-407.154808609717	133.893343199736	1601.467462865543	1055.990112725331	-986.796241358322	448.023210016721	
0.237068965517	-1.030731021051	0.331206967731	4.060119670277	-405.747372441868	130.379656910075	1598.266525766099	1056.136164087802	-980.182706855251	442.725747608366	
0.237931034483	-1.025033707391	0.329127520385	4.059454057292	-403.504624333876	129.561082248593	1598.004507145989	1056.143771466146	-978.402748653725	441.191530108871	
0.238793103448	-1.019655480640	0.329986477764	4.053627876004	-401.387484819934	129.899210909037	1595.711030282938	1056.026892217192	-975.371812027406	441.001364660268	
0.239655172414	-1.023484847472	0.328480227231	4.038615020879	-402.894915467439	129.306275232061	1589.801218318909	1055.778725940416	-969.618794864679	440.226761395951	
0.240517241379	-1.020387055258	0.328340781369	4.032436273939	-401.675469243828	129.251382353906	1587.368953950411	1055.573404103403	-967.259034455531	439.778564940175	
0.241379310345	-1.017381820158	0.331699933193	4.024711216252	-400.492458137389	130.573712815150	1584.327984197417	1055.368848072808	-964.940122110850	440.763464202031	
0.242241379310	-1.015079694195	0.331546599993	4.022699394745	-399.586226015368	130.513353185210	1583.536030454666	1055.386277531386	-965.445259259355	440.498621639566	
0.243103448276	-1.015298715816	0.332375884428	4.023373840550	-399.672443899059	130.839801088347	1583.801526114898	1055.435692228549	-967.744004666052	441.186077734881	
0.243965517241	-1.016106862388	0.335651327744	4.034452567479	-399.990570880361	132.129179686275	1588.162668109979	1055.534977709062	-975.519647531550	444.191652670065	
0.244827586207	-1.018554298640	0.339993405725	4.049173483606	-400.954004412582	133.838439130306	1593.957558257270	1055.306568706022	-985.234763001958	448.348292263459	
0.245689655172	-1.021301030389	0.342803694563	4.061982482393	-402.035255647782	134.944709620319	1598.999821947087	1054.986209298339	-992.782461136726	451.070090678056	
0.246551724138	-1.027305983728	0.346041249208	4.068913802204	-404.399106147639	136.219173339195	1601.728336703753	1054.407303324621	-997.114180142140	453.359232928242	
0.247413793103	-1.031541597591	0.348139020006	4.071996919484	-406.066455980149	137.044961029721	1602.942006138055	1053.975690711739	-998.679786964633	454.410563297850	
0.248275862069	-1.032784488979	0.348410244286	4.073546128758	-406.555720302826	137.151728495367	1603.551852528106	1053.767298320078	-998.406576732657	453.945948777734	
0.249137931034	-1.029692213670	0.348520755364	4.075753204903	-405.338445809684	137.195231192729	1604.420668279568	1053.688333242837	-997.860192095812	453.321829676964	
0.250000000000	-1.026115966573	0.349584388793	4.068988053202	-403.930655771921	137.613930601333	1601.757565616516	1053.350195144179	-994.716846210423	453.266770826107	
0.250862068966	-1.026162598833	0.350404670477	4.052525080465	-403.949012565966	137.936834570480	1595.276914705731	1052.685417403431	-988.485836958124	453.140916113164	
0.251724137931	-1.024018355230	0.350445002550	4.038321183723	-403.104930851194	137.952711295347	1589.685549292145	1052.347484549730	-981.998382339319	452.439036663902	
0.252586206897	-1.018461195316	0.350180987353	4.028065566537	-400.917354279420	137.848781685695	1585.648424532456	1052.183890342148	-976.533963541345	451.448241499944	
0.253448275862	-1.013947454213	0.350389064285	4.018813544737	-399.140519629966	137.930691191277	1582.006365199125	1051.869178910172	-972.291169936930	450.867626817268	
0.254310344828	-1.012741331448	0.351989821872	4.013777074731	-398.665729279615	138.560829580377	1580.023758263363	1051.300016375888	-971.309712131717	451.475115683363	
0.255172413793	-1.012574965513	0.352589182170	4.020645671472	-398.600239311959	138.796767823255	1582.727582076711	1050.888977871783	-976.358533959219	452.381833961127	
0.256034482759	-1.011683707390	0.353820299372	4.032485232236	-398.249395460174	139.281397236228	1587.388226389109	1050.783344032602	-983.286586634436	453.798647570356	
0.256896551724	-1.012763830005	0.353886902026	4.040800526425	-398.674585838643	139.307615378026	1590.661542802040	1050.728644171182	-988.391170826539	454.604146083694	
0.257758620690	-1.016113465131	0.352659435518	4.049205448967	-399.993170050824	138.824423060827	1593.970141424941	1050.847916387619	-993.344020172410	455.017295880700	
0.258620689655	-1.020818953951	0.350517817980	4.056079532842	-401.845486208702	137.981375096641	1596.676125249192	1050.999321097424	-997.673321273850	454.962318183467	
0.259482758621	-1.023053344587	0.349931178434	4.064846143252	-402.725054312074	137.750444379106	1600.127102338687	1051.356896070884	-1001.549847716012	454.959371226684	
0.260344827586	-1.024576373062	0.350850230602	4.067241760641	-403.324594628148	138.112229359711	1601.070137370392	1051.557461927790	-1001.382720249026	454.367588684778	
0.261206896552	-1.025924719066	0.349007365934	4.061239107915	-403.855371171223	137.386785493648	1598.707192507382	1051.627476523041	-996.519036390193	451.968070899263	
0.262068965517	-1.021953171521	0.344817996537	4.054138405241	-402.291971071620	135.737639799301	1595.912000169527	1051.677090958947	-990.429179854926	448.503372340282	
0.262931034483	-1.018913997460	0.338927334109	4.032600196498	-401.095599890134	133.418779928996	1587.433482082759	1051.494668141752	-978.259737320363	444.311356347464	
0.263793103448	-1.018387258029	0.332756071504	4.011952999833	-400.888248858710	130.989461769577	1579.305710992214	1051.178685127943	-966.973351994301	440.257626020606	
0.264655172414	-1.013392501026	0.328513114610	4.001551755179	-398.922062250789	129.319221351933	1575.211259964464	1051.168483575352	-960.311711160650	437.527998184774	
0.265517241379	-1.008173538930	0.327531397926	3.996342152630	-396.867617285120	128.932768478425	1573.160499385061	1051.132759766699	-956.429419555493	436.620870521306	
0.266379310345	-1.005923191149	0.330952517525	3.994839153661	-395.981767649732	130.279492560224	1572.568843686454	1050.846922082855	-956.075133720847	438.245742177157	
0.267241379310	-1.006773623058	0.335669350811	4.005396317128	-396.316540258094	132.136274468418	1576.724672171179	1050.718051936127	-963.028048865610	441.235160255266	
0.268103448276	-1.007798248830	0.344196999707	4.015901931288	-396.719884298556	135.493184333387	1580.860208265671	1050.311772601716	-972.106731532694	446.521125179024	
0.268965517241	-1.011594360976	0.349681971836	4.025775449420	-398.214224235210	137.652344176267	1584.746919693601	1049.669939193105	-981.173225816261	450.980772260616	
0.269827586207	-1.015148591158	0.350107029422	4.039616674484	-399.613347312081	137.819668138731	1590.195519363399	1049.388658166675	-990.097137527084	453.107681817261	
0.270689655172	-1.017965996013	0.348267958173	4.049790342884	-400.722419023016	137.095717552271	1594.200384975648	1049.511841807001	-995.379795980762	453.413968229090	
0.271551724138	-1.020139888415	0.345522239989	4.061456982220	-401.578171990453	136.014865306803	1598.792958749843	1050.347794773590	-999.317003184951	452.682344297101	
0.272413793103	-1.023485428848	0.344166844771	4.069039190479	-402.895144326103	135.481313839735	1601.777695810906	1051.190043329960	-1000.231077062679	451.848926380643	
0.273275862069	-1.027507129662	0.345798720008	4.073005512676	-404.478287264993	136.123701694815	1603.339038951756	1051.866644675696	-1000.289450833150	452.111279496751	
0.274137931034	-1.025313304345	0.343684619706	4.070526543749	-403.614687703507	135.291485893395	1602.363192578718	1052.504020014472	-996.861390232570	449.890658993875	
0.275000000000	-1.022276723786	0.340058770198	4.053900563933	-402.419337453972	133.864169861483	1595.818373914193	1052.549972456963	-987.711140989404	446.621601733741	
0.275862068966	-1.023071340636	0.334514965366	4.034289366155	-402.732138458942	131.681850519434	1588.098423891951	1052.183169597343	-977.694226757459	442.874997482208	
0.276724137931	-1.017010122751	0.330601559703	4.027625876060	-400.346139415146	130.141337977566	1585.475340330893	1052.101515636530	-972.681301062725	440.074115591191	
0.277586206897	-1.010875139714	0.329353864085	4.018003876750	-397.931102711710	129.650182469317	1581.687639312999	1052.106363831974	-967.107521814176	438.581185307545	
0.278448275862	-1.007065544385	0.327684017423	4.005558688306	-396.431455118580	128.992847158916	1576.788589601853	1051.910428072674	-960.507725407775	436.612523980703	
0.279310344828	-1.004578733251	0.328436316732	4.000558123528	-395.452521659756	129.288989859312	1574.820116762686	1051.804862632622	-958.778989001082	436.591181249710	
0.280172413793	-1.003108732978	0.330270624815	4.000094241249	-394.873855901330	130.011065424982	1574.637509456035	1051.633746500935	-960.187079845993	438.112602069607	
0.281034482759	-1.003383966799	0.332183889174	4.003398504494	-394.982201722947	130.764222136554	1575.938233022230	1051.413823885665	-963.667153243181	440.261719245906	
0.281896551724	-1.005734625447	0.333348289603	4.013587017629	-395.907538741512	131.222588485189	1579.948942265631	1051.178329283888	-970.505873950919	442.641469092099	
0.282758620690	-1.007653422298	0.335803093396	4.030611290902	-396.662873319297	132.188922250818	1586.650549190496	1051.003629364379	-979.926645860062	445.186775000293	
0.283620689655	-1.011149993354	0.340652831652	4.048644338949	-398.039298875182	134.098022214071	1593.749260408683	1050.918981633922	-989.140253742005	448.509597327147	
0.284482758621	-1.015496951614	0.342822580700	4.061257680304	-399.750479441303	134.952144150155	1598.714503530429	1050.844380895339	-994.776198213706	450.313962388219	
0.285344827586	-1.021771839357	0.345038957680	4.069774758653	-402.220589646707	135.824621176226	1602.067252298358	1050.696590141822	-998.865207766295	451.859812145158	
0.286206896552	-1.023494967866	0.342522364233	4.074125770913	-402.898899361507	134.833963907015	1603.780028721817	1050.869187512139	-1000.883043159020	451.081984847008	
0.287068965517	-1.020495814819	0.337468907096	4.068594713486	-401.718282455999	132.844669985274	1601.602727396769	1051.236300690755	-997.749468928700	448.351646762520	
0.287931034483	-1.023250324273	0.335902986188	4.055341329107	-402.802595385901	132.228245058769	1596.385531273294	1051.402548156498	-991.709914081525	446.720639238432	
0.288793103448	-1.018532848338	0.334838790737	4.050848873927	-400.945560498985	131.809324410136	1594.617075829295	1051.825665362522	-988.189655074816	444.691047158665	
0.289655172414	-1.013608842788	0.332036988993	4.034087905686	-399.007225207611	130.706394865495	1588.019118957713	1051.954590805166	-979.230428143282	442.406924938381	
0.290517241379	-1.013295106150	0.328082870595	4.018822642767	-398.883722747982	129.149855751450	1582.009946639649	1052.117476062209	-970.272045897164	439.620423857200	
0.291379310345	-1.009775215578	0.327662521242	4.018475568810	-397.498117462351	128.984385185237	1581.873320940912	1052.360407925813	-968.461135555457	439.107339765312	
0.292241379310	-1.006182207892	0.328787916824	4.017741746269	-396.083729617157	129.427397271819	1581.584451622133	1052.546697397770	-967.247147411897	439.547964962724	
0.293103448276	-1.006238309272	0.329766799385	4.013300470172	-396.105813930960	129.812734492480	1579.836142829809	1052.144546601476	-966.363351847801	440.459956928772	
0.293965517241	-1.008730810558	0.332670598550	4.015005280828	-397.086987318561	130.955815332472	1580.507241719588	1051.438880968801	-970.100662344355	442.811391331191	
0.294827586207	-1.010776794591	0.336389925482	4.022910870688	-397.892389143923	132.419928762011	1583.619277981261	1050.709421363956	-976.734856196794	445.504291531142	
0.295689655172	-1.010602295552	0.341701477526	4.038319360700	-397.823697579089	134.510821770092	1589.684831658941	1050.117757065564	-985.837258886209	448.736412588577	
0.296551724138	-1.011669852229	0.345040055804	4.056417306174	-398.243941374827	135.825053452640	1596.809089756389	1049.930492432966	-994.794762067235	451.261436393130	
0.297413793103	-1.014979073964	0.344691252964	4.065100122853	-399.546616851177	135.687747178966	1600.227081434874	1049.969832867472	-998.125763310277	451.493127941445	
0.298275862069	-1.015978269680	0.341958024018	4.072249540241	-399.939950347405	134.611811323154	1603.041450324900	1050.438957517623	-999.842331609872	450.252098487469	
0.299137931034	-1.015269757065	0.338152705562	4.072884581023	-399.661044283815	133.113847321831	1603.291434194143	1051.166516396718	-998.015643278117	447.710310153332	
0.300000000000	-1.013672993716	0.331888477966	4.064994100744	-399.032478227278	130.647933484286	1600.185345820787	1051.791349389104	-992.163693355589	443.333920924157	
0.300862068966	-1.011575254952	0.325447408648	4.047753535062	-398.206703146862	128.112405884962	1593.398595366888	1052.200086350101	-981.958913300057	438.296115762110	
0.301724137931	-1.007387494591	0.321376262245	4.028140180604	-396.558190850262	126.509798684765	1585.677796367492	1052.230566619277	-971.058166985709	434.460960181616	
0.302586206897	-1.003438030978	0.321709695019	4.009328426596	-395.003484092873	126.641054530503	1578.272547467632	1052.066110813708	-961.582527346745	433.261496795317	
0.303448275862	-1.000653959750	0.325615945747	3.994830812334	-393.907534167686	128.178750531117	1572.565560122332	1051.540235424651	-955.945691020321	434.746692409931	
0.304310344828	-1.001107458306	0.329827164605	3.987181944265	-394.086053920565	129.836497267840	1569.554582420158	1051.079150052348	-954.481126772062	437.409224334572	
0.305172413793	-1.002530604231	0.332831170048	3.995848056018	-394.646275460499	131.019024319403	1572.965998202983	1051.151813712596	-960.254553261570	440.154820874685	
0.306034482759	-1.000487107004	0.336620046249	4.012549349661	-393.841852566937	132.510515825544	1579.540464163448	1051.378384280682	-969.483592469315	443.283311426689	
0.306896551724	-1.003276045097	0.339636895421	4.023155367667	-394.939718334180	133.698098812428	1583.715524242054	1051.107206805976	-977.597334322152	446.548345885601	
0.307758620690	-1.006977425387	0.341065584799	4.037257398801	-396.396767065921	134.260502533037	1589.266790248497	1050.735211664892	-986.882461442780	449.129054061313	
0.308620689655	-1.010998378848	0.343410751386	4.046151920481	-397.979615809222	135.183677601175	1592.768119622543	1050.435186262367	-992.494108966641	451.208859767755	
0.309482758621	-1.017952075593	0.343862895131	4.052078485599	-400.716939248086	135.361664032952	1595.101112590724	1050.047616628894	-995.420258359334	451.723972048819	
0.310344827586	-1.019571513771	0.344942639581	4.063678481182	-401.354431253298	135.786705546662	1599.667452044809	1050.130479416851	-999.600714958336	452.041999183821	
0.311206896552	-1.015671206273	0.342348345048	4.066497869291	-399.819074805823	134.765461236807	1600.777304464107	1050.377552956537	-999.060089943527	449.943030650168	
0.312068965517	-1.010995838873	0.336028580946	4.052123549874	-397.978615947890	132.277685448314	1595.118852147063	1050.603251267672	-991.198216703177	445.611661506105	
0.312931034483	-1.011411175244	0.329445172190	4.029917161529	-398.142113153030	129.686125914434	1586.377305091187	1050.552094020998	-980.119153323228	441.058530444422	
0.313793103448	-1.011206983857	0.322507937205	4.018369677862	-398.061733192714	126.955282649102	1581.831636958231	1050.784471944701	-972.345124824450	436.253241732981	
0.314655172414	-1.001532388078	0.318747314830	4.016634305528	-394.253327569009	125.474913264406	1581.148507460405	1051.403942377056	-967.312008029384	432.602468056119	
0.315517241379	-0.996313201658	0.321040548914	4.002723220852	-392.198794298038	126.377645097147	1575.672407547210	1051.406062922944	-958.050178525496	431.691628116871	
0.316379310345	-0.998259214237	0.320962516685	3.990486028594	-392.964842350010	126.346927702439	1570.855235556031	1051.274051858993	-951.915933786115	431.223669292918	
0.317241379310	-0.998047159770	0.319253667086	3.988920816680	-392.881367087190	125.674238882104	1570.239089725241	1051.020383735020	-952.188397851176	431.173250067726	
0.318103448276	-0.998013487884	0.319676141494	3.991897495147	-392.868112145763	125.840545975949	1571.410859509964	1050.696329833719	-955.651569704915	432.718050484068	
0.318965517241	-0.998821197732	0.323863203611	4.005566542353	-393.186067210593	127.488783408903	1576.791681348392	1050.332283804534	-964.554104116190	436.781187234091	
0.319827586207	-1.000530730192	0.329572838438	4.017877180948	-393.859024839250	129.736381746018	1581.637765497453	1049.774189497012	-972.566986649251	441.068817446405	
0.320689655172	-1.006965368967	0.333942297017	4.027920518670	-396.392021055051	131.456419565105	1585.591326424380	1049.254155477110	-979.365003344798	444.499333035990	
0.321551724138	-1.012854636899	0.336699520858	4.035510569174	-398.710331982017	132.541801013610	1588.579150586105	1048.966353773619	-983.651768982866	446.241595737419	
0.322413793103	-1.015942171121	0.337816148034	4.043505775317	-399.925740146174	132.981361416326	1591.726464306490	1049.292285966995	-986.035988605448	446.587944583586	
0.323275862069	-1.013578377953	0.335697404527	4.051786432617	-398.995232722388	132.147317816764	1594.986145904384	1050.090392168363	-987.130202767193	445.036053686405	
0.324137931034	-1.015524061320	0.331853931083	4.047962851574	-399.761151179657	130.634334100383	1593.480992833524	1050.715994585687	-984.515735735928	443.050251284549	
0.325000000000	-1.015279386088	0.325443597517	4.044302262227	-399.664834749788	128.110905632753	1592.040001460307	1051.480266364814	-980.951539660303	439.195170983387	
0.325862068966	-1.011268813097	0.323854031804	4.035113168520	-398.086072279323	127.485172926157	1588.422713777526	1051.933384360603	-975.354200196839	437.374145760571	
0.326724137931	-1.010233237872	0.320387143537	4.017803632332	-397.678417985358	126.120432003569	1581.608813077191	1051.986615594896	-965.856165769494	434.450539162137	
0.327586206897	-1.009305100712	0.320674728107	4.009404104389	-397.313056696996	126.233639698828	1578.302338038596	1052.070306514464	-961.721475613137	433.877996860953	
0.328448275862	-1.007880944758	0.323904993894	4.004126760619	-396.752437559211	127.505234158433	1576.224911120806	1052.009362795259	-960.084864171257	434.864447155882	
0.329310344828	-1.007836253292	0.325923584317	4.000024111384	-396.734844759078	128.299852486052	1574.609902827303	1051.770679831179	-959.699140325468	435.791799688038	
0.330172413793	-1.007370413642	0.328976644030	4.001196803567	-396.551466932875	129.501689755963	1575.071533225814	1051.541077147960	-962.270040277202	438.040841590285	
0.331034482759	-1.007642588602	0.332703849981	4.007126370519	-396.658608633765	130.968904761970	1577.405707866227	1051.455507960588	-967.108482415826	441.166018303027	
0.331896551724	-1.009437426562	0.335559280403	4.020021089431	-397.365146781316	132.092945240950	1582.481715292276	1051.568888685653	-974.221996910097	444.127527611874	
0.332758620690	-1.012571916838	0.339070037427	4.036015626845	-398.599039201032	133.474955104510	1588.777966590323	1051.649154067047	-982.442277820086	447.202845518003	
0.333620689655	-1.016611559036	0.342381917993	4.051958368256	-400.189244767643	134.778677230132	1595.053828386053	1051.720293327828	-990.123558161196	449.774530607571	
0.334482758621	-1.022705721570	0.342833129662	4.065510429838	-402.588212476016	134.956296750184	1600.388598821645	1051.865454879335	-996.267067814215	450.765433618414	
0.335344827586	-1.026475858939	0.341941786748	4.075864620212	-404.072327439070	134.605419520116	1604.464526927234	1052.087148836120	-1000.505860642885	450.725616882436	
0.336206896552	-1.025457356112	0.340049381121	4.074597010805	-403.671393696330	133.860473850481	1603.965532353758	1052.014147602574	-998.974700518783	449.336249243338	
0.337068965517	-1.022192790321	0.335121247481	4.062216500798	-402.386297036816	131.920513536404	1599.091943316317	1052.030258504643	-992.093213450599	446.236887815687	
0.337931034483	-1.021308931245	0.330438716042	4.047637897258	-402.038365820724	130.077234553630	1593.353074533373	1052.125212450070	-983.821963198777	442.840037994908	
0.338793103448	-1.018150853479	0.327151560724	4.035948707088	-400.795188183472	128.783245524854	1588.751623620770	1052.158290002021	-977.222651529112	440.116394212091	
0.339655172414	-1.011001687858	0.324544117646	4.028901821822	-397.980918401398	127.756825289110	1585.977616511329	1052.365099158387	-971.479914693015	437.562120781000	
0.340517241379	-1.005651409695	0.323499711284	4.023521083077	-395.874780852291	127.345694617136	1583.859488150959	1052.716266039558	-966.535550152549	436.012389028563	
0.341379310345	-1.002202126605	0.321979002552	4.022366498554	-394.516970209100	126.747067468553	1583.404985834516	1053.318589326726	-964.789755561546	434.929208093797	
0.342241379310	-1.003300379098	0.322636430312	4.015164927430	-394.949297415907	127.005863973926	1580.570086621144	1053.151739573132	-963.312873177400	435.549212743758	
0.343103448276	-1.005336484380	0.322636667970	4.012812295564	-395.750810469696	127.005957527757	1579.643972845096	1052.722880781723	-964.701567543215	436.499774806732	
0.343965517241	-1.006982209956	0.323685880120	4.023777428174	-396.398650511850	127.418979998506	1583.960398424796	1052.500373646188	-971.745330320168	438.445073290291	
0.344827586207	-1.006501664515	0.325528484487	4.041679207579	-396.209483749785	128.144321397358	1591.007435728377	1052.518995105890	-980.523538003819	440.392086998871	
0.345689655172	-1.004787259626	0.329825787461	4.061535417978	-395.534608088592	129.835955155014	1598.823834994063	1052.724374143088	-989.130896965158	443.130091996599	
0.346551724138	-1.008181477996	0.332694208661	4.069457404409	-396.870742499225	130.965109455413	1601.942325767551	1052.838717164090	-992.051834955219	444.900686375234	
0.347413793103	-1.014553284046	0.331542882016	4.069593206157	-399.379004605987	130.511889603039	1601.995784139512	1052.724204322280	-992.548052344888	444.870998406168	
0.348275862069	-1.018512712443	0.330007008962	4.073364260003	-400.937634001811	129.907293017496	1603.480259873734	1052.952544340344	-994.029984184517	444.571415613138	
0.349137931034	-1.020061515957	0.327667483938	4.074579875363	-401.547320664249	128.986338751001	1603.958786985571	1053.521566005879	-992.331654023112	442.997574862989	
0.350000000000	-1.018779033747	0.325001227878	4.070882146273	-401.042471410480	127.936766778722	1602.503175548920	1054.039841479244	-987.916203517980	440.471736824386	
0.350862068966	-1.019351607964	0.318348209314	4.054026050680	-401.267865309948	125.317805336799	1595.867771785095	1054.339719395262	-977.906469866163	435.804968569671	
0.351724137931	-1.020792721311	0.313852796239	4.036187825964	-401.835159726992	123.548185517635	1588.845752791081	1054.359400095930	-968.772776635036	432.426124122034	
0.352586206897	-1.018968473308	0.313377290138	4.024074097504	-401.117044313017	123.361002492173	1584.077182336803	1054.327379922758	-962.620696437578	431.307933615442	
0.353448275862	-1.014499006294	0.316787024060	4.020336984039	-399.357638163475	124.703244600997	1582.606067237032	1054.299699652011	-960.818297802563	432.553370326515	
0.354310344828	-1.013074760909	0.318846282821	4.017583272282	-398.796983821281	125.513872024070	1581.522068320826	1054.287726183370	-960.320177392436	433.964629056826	
0.355172413793	-1.013411767231	0.323568733843	4.024645938341	-398.929646394587	127.372865354748	1584.302287541352	1054.531465317718	-965.164076554834	437.183971905132	
0.356034482759	-1.015073810248	0.330438044204	4.033088937861	-399.583909799009	130.076970084838	1587.625875170791	1054.445100877094	-971.565204490910	441.496153303155	
0.356896551724	-1.017301379551	0.336452392507	4.043583258701	-400.460792684312	132.444518912787	1591.756965648350	1054.093218072756	-979.320726941959	445.559863824489	
0.357758620690	-1.021532388387	0.340337202978	4.057129178968	-402.126329747591	133.973774954293	1597.089318554844	1053.766380310765	-988.443721429033	449.094395956807	
0.358620689655	-1.026477476326	0.342892244053	4.070689504472	-404.072964123317	134.979567135999	1602.427342083844	1053.491076101881	-997.096606299708	452.026073069613	
0.359482758621	-1.029593064995	0.345752205656	4.081097535143	-405.299415923434	136.105391315178	1606.524464427934	1053.267496986242	-1002.890252007001	454.113602856758	
0.360344827586	-1.031435012514	0.346493883993	4.089957187183	-406.024498753758	136.397353068956	1610.012067364811	1053.273972146467	-1006.538157985153	454.513429042579	
0.361206896552	-1.031157922544	0.343053555372	4.093450834307	-405.915422258350	135.043067353573	1611.387341914384	1053.660606068174	-1005.690940823851	451.916871985480	
0.362068965517	-1.027640225819	0.339276615514	4.098037364799	-404.530680581008	133.556274589891	1613.192830114344	1054.406059195206	-1004.823091450767	449.207237400380	
0.362931034483	-1.028636272284	0.332209621088	4.085960110088	-404.922774374437	130.774351507190	1608.438617555241	1054.934077877495	-997.223108575804	444.976847211651	
0.363793103448	-1.029107241677	0.325284200729	4.070412372544	-405.108171524372	128.048159070691	1602.318249072079	1055.425975957329	-987.662142312982	440.289529642426	
0.364655172414	-1.022958884222	0.322376934563	4.048737903401	-402.687869980023	126.903713445662	1593.786092064951	1055.481724901360	-975.098459773984	436.850663591773	
0.365517241379	-1.016777572542	0.320526141414	4.026168219058	-400.254596001462	126.175148532085	1584.901533502071	1055.408418747995	-962.639691426436	434.306658745088	
0.366379310345	-1.013064265466	0.320976266430	4.009041956330	-398.792852289026	126.352340290807	1578.159778417663	1055.102692445630	-953.962022155021	433.496351032494	
0.367241379310	-1.010685190494	0.324777944165	3.999118181198	-397.856329181556	127.848871122338	1574.253283316335	1054.867128981624	-950.466258030018	434.763355780267	
0.368103448276	-1.008931157584	0.327742692296	3.999352210471	-397.165853946255	129.015944529090	1574.345408963840	1054.834434993187	-952.328197182221	436.250576784027	
0.368965517241	-1.009937282332	0.330038682535	4.008669291067	-397.561915056821	129.919761322589	1578.013078698533	1054.657769940241	-959.346491702305	438.708949554793	
0.369827586207	-1.013246233667	0.335502492389	4.025175033847	-398.864484090013	132.070590633410	1584.510566041436	1054.037727769578	-971.214914023364	443.557762435115	
0.370689655172	-1.015834444841	0.338777095677	4.039524555069	-399.883333684920	133.359638554479	1590.159256546289	1053.420204741179	-980.788424580632	446.807315158330	
0.371551724138	-1.019185109488	0.341566912144	4.053525929471	-401.202323167524	134.457850093711	1595.670899019820	1053.011626062749	-988.544549234560	449.186005571744	
0.372413793103	-1.024306568775	0.341747181116	4.066052749391	-403.218386142830	134.528812993172	1600.602082969484	1052.905570509412	-994.280370272062	450.039710422473	
0.373275862069	-1.028430288468	0.340279681519	4.079779987489	-404.841688824004	133.951131625945	1606.005811658777	1053.458515851972	-998.656357820575	449.348785878649	
0.374137931034	-1.030070229620	0.337861651593	4.087516739326	-405.487251826997	132.999273896993	1609.051384814720	1054.113395260150	-999.945739499236	447.675883638475	
0.375000000000	-1.026391819655	0.334925002278	4.082285568713	-404.039245366067	131.843261592056	1606.992133964986	1054.417502070281	-996.059536499014	445.351327805261	
0.375862068966	-1.030278385164	0.335842949137	4.061319699186	-405.569192278358	132.204611467318	1598.738917269661	1053.717154316751	-988.479323897984	445.276289343502	
0.376724137931	-1.034330428078	0.336658802605	4.042497861749	-407.164279388262	132.525772269203	1591.329699026658	1052.785717472711	-981.814699615987	445.503772802180	
0.377586206897	-1.028973578930	0.334464635130	4.032386913902	-405.055555170219	131.662038016912	1587.349523366750	1052.628842203949	-976.829690761591	444.051711890754	
0.378448275862	-1.019770652688	0.332382195364	4.022862517585	-401.432822308627	130.842285388702	1583.600243777133	1052.876389093272	-969.353731536262	441.964836614185	
0.379310344828	-1.011063767893	0.331649246664	4.021428677543	-398.005356213633	130.553760057810	1583.035812497343	1053.449413631324	-965.026714019052	440.134763913069	
0.380172413793	-1.006687863948	0.331150784441	4.015898851280	-396.282781175617	130.357540352128	1580.858995819998	1053.904000055236	-961.145681304924	439.280891481015	
0.381034482759	-1.010180349184	0.325500298700	4.008230710045	-397.657598347734	128.133226059294	1577.840431234231	1053.946627810609	-959.200583399840	437.512714714611	
0.381896551724	-1.011734834222	0.325549143812	4.021592664517	-398.269521542985	128.152453942410	1583.100365986577	1053.878810722443	-968.071634604968	439.407952534452	
0.382758620690	-1.013673266095	0.330918957184	4.039425494002	-399.032585449137	130.266281528836	1590.120261147264	1053.486738327918	-979.089158429495	443.588882403111	
0.383620689655	-1.018537143734	0.335565610174	4.056030711310	-400.947251382132	132.095436956029	1596.656906648351	1053.069371031942	-989.231309180840	447.225968966718	
0.384482758621	-1.023613002585	0.337329485745	4.067547386761	-402.945363740785	132.789786756000	1601.190447123964	1052.765986985636	-996.217332998640	449.343246212670	
0.385344827586	-1.027291592596	0.338669223715	4.076821553271	-404.393441076721	133.317174745655	1604.841223724336	1052.860823229532	-1000.631740790119	450.300178612879	
0.386206896552	-1.028906588219	0.339227869905	4.081074692490	-405.029184270131	133.537085876029	1606.515472415456	1053.128372323957	-1001.250669783012	450.016961227102	
0.387068965517	-1.029704900910	0.335625152328	4.078774024776	-405.343440142947	132.118875731101	1605.609814333114	1053.640343955990	-997.385216721668	447.076693810500	
0.387931034483	-1.026550376678	0.329927070728	4.077299324323	-404.101661354547	129.875825323454	1605.029298348207	1054.400628747980	-993.196971020157	443.150536020241	
0.388793103448	-1.023589007342	0.326180510763	4.068885206572	-402.935918010803	128.400991607591	1601.717080030110	1054.856751774942	-985.947959578363	439.894644447698	
0.389655172414	-1.022592101152	0.322894179600	4.054489810566	-402.543485786665	127.107327007520	1596.050330911747	1054.924845439842	-977.646461553024	437.500780751628	
0.390517241379	-1.020093233930	0.321643204375	4.038235610594	-401.559806447576	126.614880481655	1589.651863421297	1054.735129769153	-969.402046869396	436.014768595726	
0.391379310345	-1.017814065073	0.321682289559	4.020123022403	-400.662611392741	126.630266368300	1582.521841217071	1054.397516458234	-961.765965448679	435.580247919225	
0.392241379310	-1.016657869243	0.324227805330	4.008528510326	-400.207474785270	127.632308913192	1577.957660345488	1053.827403061052	-958.873372679950	437.057404099626	
0.393103448276	-1.015750650354	0.329706566941	4.005869273913	-399.850347976551	129.789023984962	1576.910851658238	1053.419481275323	-960.479050275383	440.138362394214	
0.393965517241	-1.015362516930	0.338556101599	4.013023514850	-399.697559213936	133.272644213115	1579.727119338677	1053.049259864829	-966.884578912992	445.133259380258	
0.394827586207	-1.017588940930	0.346920574545	4.027168331056	-400.573991250475	136.565319848568	1585.295227692883	1052.681041451602	-976.973971453227	450.559011149293	
0.395689655172	-1.020931146816	0.351921955795	4.043165068418	-401.889650941368	138.534114091927	1591.592345000607	1052.500278808917	-987.125742539016	454.425552098769	
0.396551724138	-1.024392403673	0.352876131329	4.057167061724	-403.252175058999	138.909725389026	1597.104231105657	1052.170285909594	-995.805765978634	456.471499509077	
0.397413793103	-1.026424663757	0.352150731555	4.070846096583	-404.052174450102	138.624171693578	1602.488984584772	1052.256686091772	-1002.340547030372	457.210116491608	
0.398275862069	-1.028663444322	0.349614265054	4.083604272570	-404.933470650032	137.625691394639	1607.511241873846	1052.698559959850	-1006.432725631243	456.168782967575	
0.399137931034	-1.029520941384	0.342183101804	4.088124892704	-405.271024456337	134.700413217040	1609.290784454535	1053.470639419052	-1004.708304453328	451.563043928140	
0.400000000000	-1.027331419329	0.333498506816	4.079957552584	-404.409118874584	131.281721506461	1606.075710176503	1053.794681716692	-997.038902574432	445.320251998605	
0.400862068966	-1.018823056196	0.327652455194	4.065526627720	-401.059800852169	128.980422684322	1600.394975119781	1053.865091728218	-987.961380958343	440.540529904605	
0.401724137931	-1.018230948533	0.325330198376	4.032482242563	-400.826717609615	128.066266049009	1587.387049504075	1053.243474684874	-972.853381387028	437.778102757145	
0.402586206897	-1.018032495693	0.322830412453	4.015328093887	-400.748596628553	127.082225063408	1580.634317113668	1052.810636873001	-964.351699669072	435.364248336508	
0.403448275862	-1.007557139761	0.324793182041	4.010937452209	-396.624971688828	127.854869513795	1578.905940565659	1052.773385649655	-960.652710662902	435.164857677459	
0.404310344828	-1.005952222189	0.328160331403	4.000424932186	-395.993195721470	129.180348206442	1574.767685977248	1052.560154603614	-955.524630071598	435.999664785011	
0.405172413793	-1.002641633314	0.331143802238	4.005226097516	-394.689982070510	130.354791807234	1576.657665203295	1052.649918952198	-958.102053209698	437.497179625371	
0.406034482759	-1.005003977140	0.332553791999	4.004717540188	-395.619918960573	130.909834421903	1576.457471558942	1052.536322977632	-959.901205958135	438.904443600395	
0.406896551724	-1.005970541505	0.331150090236	4.014813001721	-396.000407122311	130.357267078261	1580.431551029469	1052.582714014794	-966.807287350755	439.928913980054	
0.407758620690	-1.007645485876	0.333022601593	4.035978776745	-396.659749145968	131.094381366603	1588.763460544522	1052.762820883540	-978.029254006564	442.716748330139	
0.408620689655	-1.012340078388	0.336276066309	4.053398997634	-398.507775971377	132.375108086689	1595.620932289200	1052.443613823834	-988.164159165173	445.720715900593	
0.409482758621	-1.016300883305	0.341416488555	4.062425703076	-400.066947234303	134.398635832537	1599.174295814481	1051.970078743381	-994.475316322307	448.972592298423	
0.410344827586	-1.019869369185	0.345923635769	4.064088978035	-401.471682067826	136.172874796881	1599.829044173291	1051.611232534042	-996.623266970750	451.214237790073	
0.411206896552	-1.023513303236	0.348643992319	4.060654516017	-402.906117081777	137.243743432382	1598.477067846863	1051.317402127487	-995.883717441253	452.239489202329	
0.412068965517	-1.022869690035	0.347720548093	4.056733625181	-402.652758678784	136.880229517879	1596.933608765679	1051.352349808120	-993.012191211225	451.026568705394	
0.412931034483	-1.017174481945	0.346860741462	4.049825051395	-400.410839428765	136.541766549329	1594.214047984323	1051.400681362710	-989.177298193924	449.707662285437	
0.413793103448	-1.013609590216	0.343089785271	4.035825569668	-399.007519432980	135.057329257029	1588.703150562978	1051.611350295876	-981.527593482804	446.764505455052	
0.414655172414	-1.009895874273	0.339322225874	4.024497769885	-397.545614770126	133.574229112868	1584.243961013107	1051.842518225591	-974.606123803680	444.281511590643	
0.415517241379	-1.005489927472	0.335665527700	4.014992463815	-395.811213358491	132.134769500335	1580.502196301354	1052.031904123674	-967.926842816069	441.917661925220	
0.416379310345	-1.002602438922	0.331198877490	4.010766300261	-394.674553194099	130.376472185871	1578.838566583567	1052.280594735535	-964.203961096943	439.797622477969	
0.417241379310	-1.000133653130	0.331280813197	4.010381821815	-393.702715413049	130.408726185308	1578.687216603716	1052.458254190305	-963.416547963004	439.791139974636	
0.418103448276	-0.998658043271	0.335476129292	4.010237171783	-393.121841440162	132.060212797880	1578.630275103680	1052.443657223820	-964.549929617485	441.702378740814	
0.418965517241	-0.999942820622	0.338180319650	4.008956806377	-393.627594176645	133.124717610360	1578.126259130077	1052.247726758930	-967.561068578945	444.023800062879	
0.419827586207	-1.001113431992	0.342049579177	4.015484899734	-394.088405462954	134.647852021078	1580.696043751600	1051.742314970968	-974.542100379389	447.274247923338	
0.420689655172	-1.003942736055	0.348012406249	4.026670749584	-395.202161298010	136.995119511041	1585.099354695338	1051.198079963228	-983.711688756939	451.693318287793	
0.421551724138	-1.008582985721	0.349869444655	4.038157263703	-397.028796056346	137.726142870587	1589.621022159662	1050.735298943158	-991.437510349946	454.443977245986	
0.422413793103	-1.011097951826	0.350566205012	4.055305842452	-398.018812722395	138.000422656685	1596.371561947579	1050.680901393070	-999.596678891060	456.207634772193	
0.423275862069	-1.012791697494	0.352568785526	4.072359677911	-398.685555878763	138.788738682049	1603.084806029923	1050.994606749593	-1006.303072586501	457.699885900499	
0.424137931034	-1.016920384782	0.353115127754	4.076154407682	-400.310814054380	139.003806356375	1604.578601794714	1051.327656520871	-1006.715694042203	457.360357556228	
0.425000000000	-1.019446509688	0.349898232043	4.076859501415	-401.305223383251	137.737475029072	1604.856162015009	1051.759147874857	-1005.366899798739	455.030819787689	
0.425862068966	-1.018901724334	0.344087001248	4.073388544850	-401.090768572792	135.449883428605	1603.489819606406	1052.116724402429	-1002.232143164605	451.411199142869	
0.426724137931	-1.016964472178	0.337507951042	4.062755570728	-400.328169062058	132.860039638728	1599.304148249729	1052.353863411807	-994.831002303918	447.037869661761	
0.427586206897	-1.016381194870	0.333233908910	4.041154022536	-400.098561889899	131.177562513920	1590.800696582396	1052.347572090813	-981.885290798761	442.799111331633	
0.428448275862	-1.015603728931	0.330674842395	4.021454276650	-399.792512343110	130.170185716943	1583.045889588414	1052.159640996312	-971.479461632309	439.986084649829	
0.429310344828	-1.011897572500	0.330950294004	4.013855191247	-398.333583482683	130.278617271198	1580.054508837832	1052.083545234409	-967.227364718990	439.382371521716	
0.430172413793	-1.008331240548	0.335568617518	4.007648459784	-396.929696543232	132.096620797229	1577.611228359149	1051.618678443110	-965.026395701776	441.502044734868	
0.431034482759	-1.007671846167	0.341591499445	4.010011343548	-396.670125877318	134.467528887310	1578.541377795869	1051.310258668005	-968.142331267256	445.222333036930	
0.431896551724	-1.008886266069	0.346042179693	4.026769458380	-397.148182396671	136.219539624665	1585.138211423023	1051.445997898030	-977.807301322071	449.026176257828	
0.432758620690	-1.009663439781	0.348458551985	4.046281171268	-397.454116908267	137.170744825896	1592.818999208191	1051.584632924098	-988.678856791648	452.092599844180	
0.433620689655	-1.009843637072	0.352186536415	4.062220779231	-397.525051590317	138.638266280253	1599.093627522082	1051.212328464965	-997.853000204037	455.245704446015	
0.434482758621	-1.012116508103	0.353309044143	4.069712204928	-398.419767505543	139.080141562655	1602.042628017875	1050.675245244569	-1002.071676806773	456.397352221796	
0.435344827586	-1.015696713544	0.353699522725	4.066445686339	-399.829115745484	139.233853496804	1600.756762639535	1050.046607607936	-1001.384660875584	456.586195495110	
0.436206896552	-1.018462154243	0.352046857833	4.057673293186	-400.917731761107	138.583281792257	1597.303509172659	1049.634318508608	-997.659820660551	455.325004010036	
0.437068965517	-1.019722823272	0.348942689729	4.056594851058	-401.413994253935	137.361325698645	1596.878980318177	1049.883965227722	-995.575605339530	453.051934686169	
0.437931034483	-1.016089082572	0.345286325433	4.058483953820	-399.983571853697	135.921997517610	1597.622625814409	1050.592653440923	-993.466063822972	450.060121448062	
0.438793103448	-1.014425221788	0.338693653973	4.046543378452	-399.328592885178	133.326791719177	1592.922217092794	1051.377407353502	-985.727508581122	445.763148834431	
0.439655172414	-1.016902152613	0.330549105449	4.032631085457	-400.303636958980	130.120689355334	1587.445641524542	1051.874998869355	-977.615451704670	441.153579394329	
0.440517241379	-1.014187328216	0.325821782519	4.027777561804	-399.234946055928	128.259778197595	1585.535051439592	1052.250651494343	-973.003729651202	437.934798799347	
0.441379310345	-1.009103241359	0.325477692610	4.020163264856	-397.233594741686	128.124327169568	1582.537682662690	1052.443542900298	-967.730689723283	436.545691259599	
0.442241379310	-1.005349662563	0.326017958932	4.009032038695	-395.755998062621	128.337003062804	1578.155874339751	1052.390649965171	-961.672206640947	435.678816649947	
0.443103448276	-1.002894256103	0.328336130832	3.999757331964	-394.789427057219	129.249551669446	1574.504885081360	1052.099915461071	-957.568298573893	436.050410776767	
0.443965517241	-1.001766687441	0.332216229782	3.995602786913	-394.345559537428	130.776953020321	1572.869447994681	1051.759785298810	-957.433789714963	437.966257218133	
0.444827586207	-1.000504580858	0.335795867852	3.997220238121	-393.848731151370	132.186077914642	1573.506157829191	1051.305664462688	-960.882137671401	440.583382460422	
0.445689655172	-1.000374965082	0.337346815967	4.006481847194	-393.797707887730	132.796608799743	1577.151991192955	1050.891331718401	-966.935298079426	442.709300081552	
0.446551724138	-1.002500006649	0.339216981899	4.020794036257	-394.634230719290	133.532799811370	1582.785985889780	1050.648380575021	-975.133189909837	445.457052064095	
0.447413793103	-1.006600863830	0.338924112558	4.031897964844	-396.248533570260	133.417511764942	1587.157048520018	1050.575599018278	-980.735739614067	446.586140597205	
0.448275862069	-1.010184099369	0.338704695269	4.048215487117	-397.659074608671	133.331138126545	1593.580442840913	1050.547791058820	-988.026275971022	447.472691313340	
0.449137931034	-1.010904216520	0.338625444263	4.063679652825	-397.942548799182	133.299940960001	1599.667913262268	1050.958608200314	-993.686998831909	447.637771565749	
0.450000000000	-1.011886859116	0.333578218278	4.066117547117	-398.329366158131	131.313099931837	1600.627590600948	1051.590113747029	-992.605414481942	444.827520041445	
0.450862068966	-1.012862512516	0.325435564630	4.048549580950	-398.713432219438	128.107743485933	1593.711958912640	1051.997943066386	-982.237241196758	439.423675184446	
0.451724137931	-1.012466600137	0.322431710448	4.034170635122	-398.557581270738	126.925275978325	1588.051685408707	1052.094575674773	-974.695667565487	436.570458662909	
0.452586206897	-1.006295138976	0.322822941200	4.027251076881	-396.128184949877	127.079284003971	1585.327800595445	1052.223783551775	-970.987460892505	435.572639164341	
0.453448275862	-1.002682648857	0.326767051370	4.016563362538	-394.706127843228	128.631883378002	1581.120580745324	1052.064807939519	-966.132313106357	436.396188040640	
0.454310344828	-1.002654049421	0.330849641744	4.011313237178	-394.694869672331	130.238995498551	1579.053868357290	1051.886174004667	-964.625496948839	438.093288408217	
0.455172413793	-1.002420999766	0.334758592403	4.014900783095	-394.603129651474	131.777754327446	1580.466106176570	1052.032904932015	-967.772668265570	440.580220391932	
0.456034482759	-1.000598618873	0.337552169328	4.022399028499	-393.885749225389	132.877446171515	1583.417791251033	1052.259018387867	-971.413439780978	442.584564194307	
0.456896551724	-0.999465226846	0.337582621494	4.027413125000	-393.439589337671	132.889433669671	1585.391590854292	1052.431979081305	-973.043735965576	443.039008927960	
0.457758620690	-1.000623687719	0.336063146137	4.032095912097	-393.895617579531	132.291292038975	1587.234970476388	1052.624608083345	-975.047162098652	442.889839706777	
0.458620689655	-1.003449160189	0.334783785829	4.037791990836	-395.007865107719	131.787671722293	1589.477232457865	1052.482068492722	-978.770014864012	443.592979886330	
0.459482758621	-1.004249068094	0.335353798834	4.048883995536	-395.322748936901	132.012057400319	1593.843601248828	1052.060327059466	-984.691212771801	445.073015966626	
0.460344827586	-1.008294058469	0.337715140998	4.061042086424	-396.915059814110	132.941599986081	1598.629634977416	1051.516712133322	-991.124180042074	447.129836381175	
0.461206896552	-1.014339193371	0.338914611409	4.069251507962	-399.294727789877	133.413771636573	1601.861274609793	1051.113995155846	-995.197314075902	448.231336303749	
0.462068965517	-1.015887826046	0.337971198580	4.077835445728	-399.904347201639	133.042397079691	1605.240342594251	1051.302160375572	-998.246518542216	448.002507139619	
0.462931034483	-1.015733569808	0.335727532467	4.077938774450	-399.843624217509	132.159177683358	1605.281017956293	1051.728214348243	-997.121925039245	446.785337968813	
0.463793103448	-1.021550548775	0.331766361834	4.066402992821	-402.133478586437	130.599862456192	1600.739956331739	1052.137239494957	-992.197122193833	445.000594895188	
0.464655172414	-1.022155272563	0.327791609745	4.064733444174	-402.371528167654	129.035200887789	1600.082738335278	1052.959330432178	-989.984581288036	442.737404438566	
0.465517241379	-1.016544362048	0.327755830771	4.063951641409	-400.162792666496	129.021116491014	1599.774981596376	1053.869407665805	-987.253202746246	441.768182111903	
0.466379310345	-1.013017845664	0.328855728145	4.050061784202	-398.774579128943	129.454091205438	1594.307237878347	1054.243759848161	-979.072756443720	440.712122229957	
0.467241379310	-1.013713561982	0.330655160700	4.035116850371	-399.048447929375	130.162438015722	1588.424163138631	1054.312841128864	-971.811088976188	440.365707593242	
0.468103448276	-1.014558264329	0.331954387931	4.026436470111	-399.380965095118	130.673878948834	1585.007130556571	1054.622218964753	-968.443384417932	440.661395524432	
0.468965517241	-1.013005783783	0.334357043901	4.023666515215	-398.769830968277	131.619684718654	1583.916737526864	1054.872139899374	-967.689231983825	441.627191232457	
0.469827586207	-1.015351283273	0.334382503261	4.023330470564	-399.693137084045	131.629706797960	1583.784453515635	1054.676314078041	-968.948066588397	442.472457520066	
0.470689655172	-1.017264805990	0.334148614473	4.036211712692	-400.446395498099	131.537636452555	1588.855155804135	1054.523522777291	-976.233184016892	444.346868791601	
0.471551724138	-1.019446471319	0.335381970111	4.054912764289	-401.305208279356	132.023147026365	1596.216826688570	1054.457053215125	-985.251880299466	446.909264571311	
0.472413793103	-1.022795863447	0.334040330928	4.068959152940	-402.623696835122	131.495010624130	1601.746189025389	1054.248029247594	-991.809661254096	447.848703658810	
0.473275862069	-1.026192069283	0.335356480855	4.080010244140	-403.960613611808	132.013113178282	1606.096452212956	1054.046613318497	-996.950295128992	449.142374527860	
0.474137931034	-1.030746622298	0.334729308277	4.082818737384	-405.753513874321	131.766226628279	1607.202015867294	1054.174871409904	-998.178642996648	448.556868390878	
0.475000000000	-1.032784002385	0.330586479881	4.075962936935	-406.555528755247	130.135401804392	1604.503229315491	1054.275413950677	-993.872839591797	445.145095823807	
0.475862068966	-1.030629183643	0.326539631692	4.065302597733	-405.707284135852	128.542359598246	1600.306785692366	1054.254605098436	-987.369765686622	441.305644729739	
0.476724137931	-1.028090004118	0.322337664873	4.046249006057	-404.707735854469	126.888254927982	1592.806337369395	1054.206218899484	-976.077453291432	436.876631886715	
0.477586206897	-1.025167855276	0.320105059426	4.033992069325	-403.557431662360	126.009389564029	1587.981392964109	1054.165712922580	-968.356355664131	433.806618794704	
0.478448275862	-1.020594252619	0.320979704532	4.031537311362	-401.757032506129	126.353693700172	1587.015077239582	1054.130265292266	-966.266413752329	433.550351637050	
0.479310344828	-1.017603701040	0.322745433144	4.025834097205	-400.579801569379	127.048772949627	1584.770006400269	1054.086515132356	-962.990651174546	434.174424336631	
0.480172413793	-1.016710710017	0.327266597837	4.020616557774	-400.228275561337	128.828529896167	1582.716121466783	1054.140488366797	-961.361459952610	436.552144030253	
0.481034482759	-1.016604269881	0.326726860273	4.018862647454	-400.186375390788	128.616062148410	1582.025694488704	1054.440445488080	-961.516045537582	437.130233141633	
0.481896551724	-1.012988061741	0.326917651478	4.030416823376	-398.762854684912	128.691167126103	1586.573997028565	1054.905969870935	-966.644430067663	438.399765500845	
0.482758620690	-1.014679239254	0.324680918820	4.038037667967	-399.428586886838	127.810677085377	1589.573943285886	1055.204913156228	-970.778265348845	438.663890803802	
0.483620689655	-1.018441772165	0.323570445715	4.045381680991	-400.909708354203	127.373539233176	1592.464914768148	1054.776617001799	-976.086416255752	439.549835556796	
0.484482758621	-1.020702486676	0.327828512299	4.057972093110	-401.799638853806	129.049727581727	1597.421131793386	1054.107616971976	-984.682089781420	443.093933209693	
0.485344827586	-1.023425352815	0.334278271423	4.066240357349	-402.871495389486	131.588675924524	1600.675934861474	1053.335882533150	-990.789235925515	446.858594057573	
0.486206896552	-1.028400024115	0.336496185190	4.070912365943	-404.829775258362	132.461757906874	1602.515071524846	1052.944567811916	-994.224847911928	448.251092177490	
0.487068965517	-1.032573492874	0.337958533011	4.075176008743	-406.472661664532	133.037411277178	1604.193454951866	1053.182403846616	-995.785219375947	448.539119263453	
0.487931034483	-1.028895458693	0.335533956235	4.083786586758	-405.024803130732	132.082976379715	1607.583009872891	1053.920931737539	-997.929318835813	446.871674185297	
0.488793103448	-1.026813534349	0.331433566062	4.077879019677	-404.205253398672	130.468857366334	1605.257495483761	1054.590260262259	-994.439654556093	444.411029570643	
0.489655172414	-1.027081680807	0.325889808501	4.068831293588	-404.310809279656	128.286556632502	1601.695857178623	1055.125985428370	-988.407749594918	440.753253325445	
0.490517241379	-1.021736366625	0.323692432785	4.062109107626	-402.206625802058	127.421559455961	1599.049667983162	1055.484961411259	-982.820466980686	438.147523560281	
0.491379310345	-1.015858465221	0.321398213633	4.046481485605	-399.892789310008	126.518439850619	1592.897852967468	1055.563281582673	-973.055279534981	435.316513186538	
0.492241379310	-1.010876672966	0.320966029843	4.030042719379	-397.931706276392	126.348310657245	1586.426730952063	1055.436233830331	-963.755057869759	433.498968227971	
0.493103448276	-1.006635906186	0.324501771283	4.016039303706	-396.262327997364	127.740155638878	1580.914284931818	1055.198887132235	-957.446218019806	434.311215729197	
0.493965517241	-1.006639302233	0.328622900089	4.009370937915	-396.263664851655	129.362438417038	1578.289282052485	1054.802727216715	-956.751038324945	436.656565125753	
0.494827586207	-1.010710244058	0.332497418925	4.012574785493	-397.866191519607	130.887643155403	1579.550476981149	1054.401795633109	-962.465541255460	440.651050661798	
0.495689655172	-1.015052630857	0.335354917879	4.024425504165	-399.575572529465	132.012497912493	1584.215513605040	1053.987038470463	-971.831653053193	444.639433734851	
0.496551724138	-1.019071066723	0.339905439931	4.039952667702	-401.157430221420	133.803811386335	1590.327783128495	1053.319949819323	-982.158390396167	449.222876514562	
0.497413793103	-1.022408995024	0.344796725361	4.055715292608	-402.471406040498	135.729266398914	1596.532742043758	1052.930961491711	-990.168519270419	452.656859024119	
0.498275862069	-1.025466796341	0.346559650611	4.068334827987	-403.675109843596	136.423242104880	1601.500423443408	1053.126494860426	-994.607965257778	453.173510980412	
0.499137931034	-1.027416392135	0.342452912270	4.070336379254	-404.442568428188	134.806624134410	1602.288334305602	1053.724317076066	-992.461141199525	449.798624050210	
0.500000000000	-1.024170270865	0.336629992051	4.066059246884	-403.164732456455	132.514430991608	1600.604640708242	1053.769710246838	-989.079151702487	446.167024595735	
0.500862068966	-1.022194877384	0.331301781339	4.055956929703	-402.387118609509	130.416980296858	1596.627862510854	1053.429616057769	-984.501621661509	443.116208820274	
