dbx_v3_0_m5_0										
Time	Cx	Cy	Cz	Fx	Fy	Fz	Mx	My	Mz	
0.000000000000	0.000000000000	0.000000000000	0.000000000000	0.000000000000	0.000000000000	0.000000000000	0.000000000000	0.000000000000	0.000000000000	
0.000862068966	1.942637151832	-0.222030942709	2.462344150768	764.720162455922	-87.402600335785	969.303102857928	489.114832834962	-579.171739498305	-100.278437472600	
0.001724137931	0.323587756746	0.100577771879	0.745058822247	127.380494949425	39.592494140205	293.292807177477	127.510943369673	-118.352128183395	40.434740028737	
0.002586206897	0.028223735563	0.147117633242	0.464744184150	11.110288725094	57.912935664187	182.946798720756	180.816770101672	-0.303821362896	-19.223649202748	
0.003448275862	0.010080980316	0.140524710462	0.588892723548	3.968383338101	55.317628056500	231.817938206493	200.985208398342	-89.279479705921	-4.623379090117	
0.004310344828	0.057814635363	0.111645279298	0.674061312222	22.758762389192	43.949224404369	265.344599067936	199.179612422540	-107.578742960060	-4.193991281565	
0.005172413793	0.065495387743	0.084495617677	0.708352299990	25.782294705784	33.261745465767	278.843264895808	210.631880384979	-99.810628234786	-11.050615578202	
0.006034482759	0.063061480765	0.083790761666	0.748110670458	24.824185911502	32.984278516908	294.494168871558	214.680908121082	-113.702832265440	-7.508620341635	
0.006896551724	0.067082980100	0.064682911322	0.786135091181	26.407251293164	25.462462924548	309.462502595239	222.293224735645	-122.332871954534	-8.876212513341	
0.007758620690	0.075080726418	0.064462707581	0.809191413022	29.555568444594	25.375779603142	318.538636121931	235.215161062113	-125.307601224017	-8.188068842734	
0.008620689655	0.067104994199	0.065987169616	0.811101682648	26.415917155206	25.975884905389	319.290614790447	234.888192164845	-126.294974938943	-6.588706885354	
0.009482758621	0.057394169620	0.060344035095	0.850709107925	22.593245822691	23.754461957920	334.882099110203	243.284762030974	-135.357592012305	-8.049026179002	
0.010344827586	0.056506950120	0.055746687143	0.877738765590	22.243991388135	21.944713457095	345.522338427023	250.279566323953	-141.971774988702	-8.767911649216	
0.011206896552	0.058076726142	0.062076136575	0.885955316091	22.861934565721	24.436304639386	348.756787962769	251.916930579328	-144.796588970153	-5.413218211300	
0.012068965517	0.059234543704	0.064888508618	0.902893527385	23.317710073253	25.543396410792	355.424523973170	256.582079158787	-148.415235744392	-3.902974212341	
0.012931034483	0.058211058672	0.057531672587	0.919762898288	22.914814638846	22.647373939792	362.065160926572	259.711461218406	-152.387082086651	-5.394586148701	
0.013793103448	0.055479391122	0.054649860580	0.935162419527	21.839492234263	21.512947089259	368.127190766788	262.765542434967	-156.652669788787	-5.484000624639	
0.014655172414	0.052648920966	0.051753704232	0.949803437169	20.725276130945	20.372873580805	373.890635257445	265.623695416637	-160.858107626125	-5.347005899375	
0.015517241379	0.050841379998	0.050540314297	0.964924690260	20.013736654164	19.895221978521	379.843124691212	268.530980211103	-165.141411302769	-5.018008472087	
0.016379310345	0.049082857352	0.053096331408	0.977285837180	19.321493266204	20.901399492821	384.709096842805	270.810476319976	-169.084862210503	-3.554737672071	
0.017241379310	0.048260666495	0.056940827242	0.988931421356	18.997837392125	22.414787351070	389.293387333669	273.091319566482	-172.936564959190	-1.700532027175	
0.018103448276	0.048326272489	0.059870974796	0.998492985645	19.023663226854	23.568241515906	393.057302272482	274.688095011131	-176.157990582559	-0.071985165405	
0.018965517241	0.047739314739	0.060442898790	1.009616549749	18.792606992083	23.793379704890	397.436099280949	277.214662804449	-179.623431157829	0.943668351245	
0.019827586207	0.046521821700	0.059951161375	1.020816241472	18.313340200909	23.599807006133	401.844863967624	279.378221367980	-183.409110261325	1.774206905412	
0.020689655172	0.044502227048	0.058473523494	1.028598413221	17.518325676782	23.018134057250	404.908320073165	280.977835125494	-185.657932438325	2.063229509465	
0.021551724138	0.043399879485	0.055909571627	1.033935960390	17.084385964189	22.008833022229	407.009448394761	282.794263974380	-186.024101343546	1.372751754493	
0.022413793103	0.043230910968	0.052310262269	1.033811304236	17.017871416345	20.591962952440	406.960377432603	283.613958789828	-183.236887897536	-0.658348261937	
0.023275862069	0.043981780915	0.046748407138	1.029175279185	17.313451775834	18.402535680531	405.135403671270	283.888767887428	-177.355175312312	-4.363830560014	
0.024137931034	0.044981288965	0.040809310416	1.023010095567	17.706908658809	16.064607053232	402.708475814963	283.632318776771	-170.733237680768	-8.477840689700	
0.025000000000	0.045296833796	0.032231596738	1.013170603070	17.831123051799	12.687985437920	398.835154287362	283.723189192498	-161.177005030601	-14.426590892714	
0.025862068966	0.045095321891	0.026216707977	1.006951651330	17.751797781617	10.320221233473	396.387060581217	283.578661562428	-154.869360912826	-18.421484328387	
0.026724137931	0.045026836456	0.021018300201	1.001771702697	17.724838453439	8.273865209119	394.347971008404	283.732098604409	-149.460358716264	-21.850454290914	
0.027586206897	0.044933369453	0.016466356345	0.998193759683	17.688045117127	6.481990055152	392.939511811168	284.118638400643	-145.257233861507	-24.709527406768	
0.028448275862	0.044817089807	0.013349685455	0.996139789929	17.642271571871	5.255110878711	392.130965509896	284.629683112845	-142.244858898460	-26.758454934980	
0.029310344828	0.044651381941	0.010297320168	0.994841498511	17.577040580935	4.053545637173	391.619892393309	285.169021985195	-139.787293552409	-28.635559114225	
0.030172413793	0.044427924049	0.007830082690	0.994232866335	17.489076261277	3.082316273646	391.380304008742	285.802647864616	-137.816287911128	-30.144051346469	
0.031034482759	0.044057062641	0.005734144792	0.994064306067	17.343086468040	2.257249189661	391.313950168268	286.401327089737	-136.286923927204	-31.362448967616	
0.031896551724	0.043807639697	0.003844348064	0.994005606772	17.244900991415	1.513329688570	391.290843159417	286.935679387950	-134.903968403475	-32.475503729907	
0.032758620690	0.043625111838	0.002303283285	0.994298489812	17.173048801366	0.906688707112	391.406136725733	287.497230401589	-133.824484602143	-33.387274280221	
0.033620689655	0.043409203552	0.000951434016	0.994774611107	17.088056388322	0.374532513325	391.593562130384	288.066762539741	-132.918144254034	-34.175475181056	
0.034482758621	0.043201725017	-0.000167554397	0.995433231459	17.006382350947	-0.065957878805	391.852828387130	288.600176547229	-132.217223221786	-34.815879712689	
0.035344827586	0.042884061384	-0.001146088123	0.996338625788	16.881333890615	-0.451158207546	392.209237352925	289.062839543418	-131.783762993051	-35.329652811412	
0.036206896552	0.042396054326	-0.002309830898	0.996669294065	16.689229649011	-0.909266178670	392.339405098526	289.556045080255	-131.084718754054	-35.965803393500	
0.037068965517	0.042030205107	-0.003404690199	0.996413482978	16.545212906485	-1.340258132756	392.238704926236	289.682600494356	-130.322422212456	-36.454727852903	
0.037931034483	0.041666026512	-0.004246665206	0.997558801929	16.401853806332	-1.671702048550	392.689560348972	290.464043000368	-129.982725771055	-36.809368330110	
0.038793103448	0.041562161162	-0.004857259508	0.997997565154	16.360967155419	-1.912062824938	392.862279729218	290.770464976416	-129.612383147395	-37.121658833430	
0.039655172414	0.041486127592	-0.005328461269	0.998478712825	16.331036499483	-2.097551651914	393.051683769245	291.079017508066	-129.314808862783	-37.364211784667	
0.040517241379	0.041404826964	-0.005880885908	0.999111619500	16.299032463334	-2.315013909267	393.300827823195	291.424845324429	-129.110485302880	-37.604435339979	
0.041379310345	0.041233126259	-0.006051799167	0.999810764701	16.231442388124	-2.382294005712	393.576046708706	291.738716637298	-128.982053651000	-37.741896067585	
0.042241379310	0.041083903185	-0.006496726801	1.000600479236	16.172700644581	-2.557440008951	393.886918261273	292.042087138717	-128.908383823292	-37.945666595774	
0.043103448276	0.040951993928	-0.006837702589	1.001570387111	16.120774494605	-2.691665311817	394.268723019301	292.355401318142	-128.912294920131	-38.093315497411	
0.043965517241	0.040841769297	-0.007136744094	1.002229446942	16.077384509348	-2.809383161259	394.528162277008	292.446327759674	-128.892785121891	-38.199216071611	
0.044827586207	0.040499533116	-0.007387913949	1.003376061627	15.942663051962	-2.908256310128	394.979527766233	292.786424789315	-129.001018129286	-38.134589595612	
0.045689655172	0.040251959226	-0.007538443774	1.004227397102	15.845205456686	-2.967512456954	395.314656435131	292.950352463523	-129.077570878986	-38.108759308791	
0.046551724138	0.040011265100	-0.007617382585	1.005846589757	15.750456083979	-2.998586762412	395.952052496853	293.535936921921	-129.312266902282	-38.088669539730	
0.047413793103	0.039836523009	-0.007797442932	1.006902074939	15.681668765859	-3.069467615126	396.367544808033	293.798396165519	-129.446079686062	-38.134406672723	
0.048275862069	0.039665078357	-0.008061642405	1.007917964403	15.614179486191	-3.173469880380	396.767450243515	294.079211775975	-129.557767879435	-38.204971422014	
0.049137931034	0.039514059747	-0.008231806771	1.008853380200	15.554730928949	-3.240455174541	397.135677176368	294.341126419283	-129.665285635447	-38.243113540306	
0.050000000000	0.039389712341	-0.008276044491	1.009679796437	15.505781505454	-3.257869376903	397.460996373781	294.570543665160	-129.763296829519	-38.263801545669	
0.050862068966	0.039231259823	-0.008504968784	1.010426628921	15.443406586303	-3.347985548486	397.754987383794	294.755656355113	-129.876763118814	-38.336802101710	
0.051724137931	0.039226823548	-0.008532009407	1.010863341452	15.441660244148	-3.358630104305	397.926899507260	294.915181326098	-129.891192107214	-38.324261582599	
0.052586206897	0.039152076874	-0.008720162018	1.011230732494	15.412236175684	-3.432696481010	398.071523189150	295.057256735043	-129.910794910810	-38.381952426960	
0.053448275862	0.039093192381	-0.008906299581	1.011762074057	15.389056263342	-3.505969632937	398.280686081951	295.218835728084	-130.008010962349	-38.415714138329	
0.054310344828	0.039046213744	-0.009150875362	1.012217982132	15.370563097223	-3.602247021093	398.460154541392	295.360854650635	-130.057927660440	-38.482928801492	
0.055172413793	0.039010440498	-0.009360321300	1.012820192330	15.356480939661	-3.684695527567	398.697214910737	295.516338131906	-130.169330160274	-38.526167480568	
0.056034482759	0.039000421173	-0.009543437707	1.013441530925	15.352536827208	-3.756779399914	398.941805183589	295.672192684852	-130.274062417692	-38.564030848253	
0.056896551724	0.038981598501	-0.009705600535	1.014026800494	15.345127271975	-3.820614884769	399.172196864998	295.827343237100	-130.360009728008	-38.605610101924	
0.057758620690	0.038938508174	-0.009818056883	1.014632590478	15.328164741637	-3.864883386724	399.410666418982	295.979676960464	-130.470575897659	-38.620158223108	
0.058620689655	0.038895517919	-0.009882950252	1.015209118825	15.311241604439	-3.890428696248	399.637617113677	296.125476594076	-130.577645185029	-38.620618334944	
0.059482758621	0.038842465355	-0.009941731885	1.015696272681	15.290357434050	-3.913568118091	399.829385491874	296.255270672116	-130.663066149511	-38.622239993022	
0.060344827586	0.038814978466	-0.009969641600	1.016203615225	15.279537205647	-3.924554792452	400.029101157934	296.379488679221	-130.773130958947	-38.609482526834	
0.061206896552	0.038792519094	-0.009982794232	1.016747857914	15.270696061434	-3.929732332946	400.243342585848	296.513511744924	-130.893190503560	-38.591515433001	
0.062068965517	0.038752801021	-0.010051649734	1.017283020732	15.255061020961	-3.956837338342	400.454009717681	296.641745670012	-131.003971218604	-38.593200992872	
0.062931034483	0.038719187962	-0.010141761378	1.017801976211	15.241829221910	-3.992309835620	400.658296821916	296.766069738172	-131.109973331677	-38.597272733412	
0.063793103448	0.038703309580	-0.010236805016	1.018305541868	15.235578688438	-4.029723815248	400.856525714472	296.889799599040	-131.220453583182	-38.599382124151	
0.064655172414	0.038678787059	-0.010355648812	1.018772060968	15.225925384848	-4.076506739460	401.040171209727	297.006984899440	-131.325695935715	-38.601655488694	
0.065517241379	0.038632197293	-0.010486233296	1.019182951777	15.207585298075	-4.127911391970	401.201918598443	297.112643440684	-131.421730122133	-38.608745090012	
0.066379310345	0.038565981864	-0.010623862636	1.019560898130	15.181519558898	-4.182089255971	401.350697384141	297.211066648893	-131.520480710722	-38.619098650440	
0.067241379310	0.038501382067	-0.010761040432	1.019942902382	15.156089814075	-4.236089369287	401.501073563870	297.308049582247	-131.617446515550	-38.633966736289	
0.068103448276	0.038447766144	-0.010834422522	1.020362275476	15.134983877100	-4.264976268448	401.666160008301	297.406426113774	-131.728079569429	-38.629761054786	
0.068965517241	0.038375696967	-0.010855937160	1.020765593490	15.106613806431	-4.273445517355	401.824926362281	297.494963269525	-131.828149155093	-38.617333375988	
0.069827586207	0.038279753594	-0.010828330994	1.021127962157	15.068845645906	-4.262578335368	401.967572983358	297.583172407282	-131.910042631997	-38.599470084949	
0.070689655172	0.038197084552	-0.010721762783	1.021477181142	15.036302932953	-4.220627701597	402.105043224926	297.662097835671	-131.996133687573	-38.558395933220	
0.071551724138	0.038133074349	-0.010547378419	1.021774881742	15.011105282035	-4.151981202790	402.222233226754	297.731657597091	-132.066645978028	-38.500101080273	
0.072413793103	0.038078480246	-0.010337938467	1.022026988942	14.989614284188	-4.069535052802	402.321475361892	297.792328217953	-132.127436370437	-38.430847422776	
0.073275862069	0.038049465295	-0.010101879136	1.022260927471	14.978192532967	-3.976610169637	402.413565390048	297.846814287654	-132.191586593667	-38.353134032026	
0.074137931034	0.038045882871	-0.009881963124	1.022515899787	14.976782309624	-3.890040112787	402.513935379732	297.902064291017	-132.263900211280	-38.276336297858	
0.075000000000	0.038066730836	-0.009712174562	1.022801323327	14.984989122560	-3.823202754138	402.626292510226	297.960920888322	-132.339728017513	-38.212851102519	
0.075862068966	0.038101859407	-0.009611690854	1.023099932077	14.998817503403	-3.783647288237	402.743840005711	298.022424925243	-132.413378892864	-38.166302787230	
0.076724137931	0.038145848367	-0.009580212639	1.023402877312	15.016133781177	-3.771255871796	402.863094560906	298.087287298020	-132.489554610209	-38.135309700688	
0.077586206897	0.038183419962	-0.009624549870	1.023678405691	15.030923859832	-3.788709246522	402.971556455981	298.149797685146	-132.560432630080	-38.121394771970	
0.078448275862	0.038206417241	-0.009740041740	1.023917675440	15.039976751250	-3.834172683589	403.065745121661	298.208228979297	-132.623235488372	-38.126438546621	
0.079310344828	0.038213260891	-0.009913305143	1.024128990612	15.042670757752	-3.902377915822	403.148929452844	298.262767488501	-132.681420932016	-38.149090376227	
0.080172413793	0.038203822230	-0.010122526078	1.024335100555	15.038955223731	-3.984737849376	403.230064743149	298.317315564587	-132.738442704104	-38.184349046380	
0.081034482759	0.038183307972	-0.010331747351	1.024548821912	15.030879775002	-4.067097916313	403.314196270769	298.371660495957	-132.796923698753	-38.221376371545	
0.081896551724	0.038154570881	-0.010510073284	1.024755217264	15.019567403697	-4.137296016272	403.395443912335	298.421587593616	-132.849361562958	-38.253892501614	
0.082758620690	0.038109663686	-0.010639528942	1.024934816051	15.001889662133	-4.188256305650	403.466143071493	298.467767354871	-132.888299201954	-38.280424339578	
0.083620689655	0.038057630972	-0.010689143835	1.025107354558	14.981406955957	-4.207787235121	403.534062948144	298.510313521900	-132.929892626425	-38.285981635735	
0.084482758621	0.038010010123	-0.010643314388	1.025275244406	14.962660983027	-4.189746448596	403.600152877353	298.548292425011	-132.975264537896	-38.264812789952	
0.085344827586	0.037959498716	-0.010528028307	1.025428895153	14.942777140467	-4.144364020632	403.660637576568	298.581196841492	-133.017984276733	-38.228747465918	
0.086206896552	0.037894887832	-0.010380205096	1.025567590626	14.917343031241	-4.086173333804	403.715235124526	298.610971317283	-133.056660166269	-38.188369670243	
0.087068965517	0.037830817882	-0.010218328965	1.025723397684	14.892121860950	-4.022450707724	403.776568656687	298.641697469235	-133.103294405640	-38.142822375580	
0.087931034483	0.037795534801	-0.010051861679	1.025910704796	14.878232656924	-3.956920770819	403.850302202496	298.674949006012	-133.157940094469	-38.093202223925	
0.088793103448	0.037788290931	-0.009891209116	1.026118183487	14.875381103825	-3.893679802848	403.931976300920	298.710337658282	-133.214244678649	-38.041001998476	
0.089655172414	0.037799614182	-0.009737825101	1.026330767978	14.879838507462	-3.833300102388	404.015660300551	298.747263774896	-133.270656024650	-37.987795797453	
0.090517241379	0.037823086874	-0.009595853886	1.026539390729	14.889078545223	-3.777413057190	404.097784758929	298.785576889195	-133.326849122353	-37.936053204685	
0.091379310345	0.037848681367	-0.009474042138	1.026741990812	14.899153831421	-3.729461796993	404.177538390823	298.824270963031	-133.384170322212	-37.887401179825	
0.092241379310	0.037867387091	-0.009393255884	1.026936373390	14.906517349631	-3.697660244260	404.254057197560	298.862833302560	-133.440270520605	-37.848859323683	
0.093103448276	0.037875601707	-0.009365050091	1.027125784310	14.909751037712	-3.686557018668	404.328618908348	298.902899140043	-133.494365654115	-37.825649469628	
0.093965517241	0.037881337051	-0.009384307073	1.027318727943	14.912008759020	-3.694137540183	404.404571273499	298.944843625035	-133.550238045701	-37.814018959616	
0.094827586207	0.037885286322	-0.009444244025	1.027501100634	14.913563391506	-3.717731753587	404.476362381750	298.985394604161	-133.601327803958	-37.812831210939	
0.095689655172	0.037885634465	-0.009537567319	1.027664865313	14.913700438505	-3.754468518775	404.540828435878	299.024970252578	-133.643837587947	-37.822526409844	
0.096551724138	0.037881872054	-0.009644342916	1.027811845704	14.912219363287	-3.796500789841	404.598687346140	299.062134960392	-133.682322952605	-37.835333194783	
0.097413793103	0.037877795638	-0.009751759598	1.027939122845	14.910614679908	-3.838785424710	404.648790061375	299.096870434738	-133.714626473805	-37.850510300253	
0.098275862069	0.037867957298	-0.009851241160	1.028043919926	14.906741812030	-3.877946395204	404.690043488708	299.128258358588	-133.741021219420	-37.865504213089	
0.099137931034	0.037844660975	-0.009936894210	1.028122234530	14.897571201801	-3.911663764555	404.720872074692	299.153982795729	-133.762934645922	-37.876924883398	
0.100000000000	0.037815741091	-0.010006410155	1.028174316474	14.886186874122	-3.939028753901	404.741374160011	299.174194143151	-133.778819253470	-37.887544728816	
0.100862068966	0.037789746554	-0.010051501729	1.028221859973	14.875954110493	-3.956779076148	404.760089684045	299.190979976319	-133.795545129864	-37.893088603262	
0.101724137931	0.037769824060	-0.010067774643	1.028285823351	14.868111610126	-3.963184917771	404.785268902303	299.208020210197	-133.816849703317	-37.891950619659	
0.102586206897	0.037749422895	-0.010057918493	1.028366049081	14.860080680468	-3.959305039000	404.816849804515	299.225948958844	-133.840452434746	-37.884936059517	
0.103448275862	0.037729307578	-0.010020231323	1.028451295407	14.852162274820	-3.944469464057	404.850407066545	299.243334011350	-133.864360140301	-37.871271328948	
0.104310344828	0.037714471235	-0.009952520691	1.028530909912	14.846321940493	-3.917815137131	404.881747359176	299.259017154494	-133.887354058404	-37.850277928279	
0.105172413793	0.037704953484	-0.009856993270	1.028607002298	14.842575272552	-3.880210716512	404.911701168090	299.273232679413	-133.910884670696	-37.821111765180	
0.106034482759	0.037700227908	-0.009743652176	1.028685481229	14.840715047316	-3.835593933532	404.942594441717	299.287820088769	-133.933634227838	-37.788420638788	
0.106896551724	0.037697847587	-0.009613097685	1.028776401110	14.839778032681	-3.784201087936	404.978385101780	299.303282547016	-133.961471647830	-37.749858384471	
0.107758620690	0.037692539022	-0.009481458126	1.028871324102	14.837688313020	-3.732381104388	405.015751588960	299.318644332866	-133.991039679933	-37.709965746885	
0.108620689655	0.037681229044	-0.009367745018	1.028960443817	14.833236134077	-3.687617878231	405.050833612664	299.333763563503	-134.018091716380	-37.675939285134	
0.109482758621	0.037671668717	-0.009271573344	1.029051363937	14.829472706329	-3.649759846853	405.086624367159	299.349610755916	-134.047058883384	-37.645081315652	
0.110344827586	0.037672947384	-0.009188708875	1.029151453359	14.829976054270	-3.617140203799	405.126024621761	299.367067676216	-134.079693014958	-37.616342550366	
0.111206896552	0.037672929785	-0.009123413413	1.029250266313	14.829969126430	-3.591436610152	405.164922394614	299.384662550353	-134.110925690054	-37.591968293802	
0.112068965517	0.037662443878	-0.009082219804	1.029343339386	14.825841343271	-3.575220723569	405.201560660066	299.401855822071	-134.139886128633	-37.574171328396	
0.112931034483	0.037650915209	-0.009056846343	1.029435898770	14.821303076694	-3.565232447070	405.237996711460	299.419526804633	-134.168996909222	-37.560048768398	
0.113793103448	0.037653093322	-0.009035658588	1.029536497104	14.822160492027	-3.556891875816	405.277597299765	299.438867641389	-134.199118685033	-37.546904251529	
0.114655172414	0.037659067961	-0.009013083378	1.029637777190	14.824512411890	-3.548005132572	405.317466260421	299.458367363402	-134.226620297065	-37.533325714600	
0.115517241379	0.037656614922	-0.008990981784	1.029731498604	14.823546771643	-3.539304827857	405.354359745430	299.477568937600	-134.249179319226	-37.521802112609	
0.116379310345	0.037646984978	-0.008969448502	1.029816791804	14.819755939089	-3.530828239963	405.387935459603	299.496546094608	-134.268280823011	-37.511820755172	
0.117241379310	0.037639588229	-0.008945679662	1.029896994846	14.816844204898	-3.521471623247	405.419507430258	299.515103799329	-134.286915070974	-37.500906979902	
0.118103448276	0.037633356086	-0.008921450458	1.029969395009	14.814390918231	-3.511933783910	405.448007793549	299.532135677283	-134.305382115059	-37.488615564861	
0.118965517241	0.037621338563	-0.008903261355	1.030028671869	14.809660213931	-3.504773633633	405.471342161587	299.546529611850	-134.322751178322	-37.477538985043	
0.119827586207	0.037605485211	-0.008899179195	1.030080710153	14.803419533576	-3.503166689223	405.491827060004	299.559009721050	-134.340365810635	-37.470709565526	
0.120689655172	0.037595661022	-0.008913034941	1.030143996000	14.799552236015	-3.508621011095	405.516739567948	299.572770111643	-134.361218256502	-37.469017875934	
0.121551724138	0.037594797511	-0.008945768878	1.030228752130	14.799212314536	-3.521506743107	405.550103863941	299.589829525070	-134.385549260437	-37.471750913110	
0.122413793103	0.037597590022	-0.008994254158	1.030324302109	14.800311588067	-3.540592999839	405.587717164672	299.609143536991	-134.410187351969	-37.477811650786	
0.123275862069	0.037599827900	-0.009055101893	1.030409398171	14.801192530017	-3.564545743562	405.621215275723	299.627933204364	-134.431402576891	-37.486638817876	
0.124137931034	0.037600984231	-0.009127463288	1.030470779661	14.801647720169	-3.593030845651	405.645378132004	299.644077038319	-134.447748329582	-37.498303503890	
0.125000000000	0.037599613589	-0.009214438671	1.030508985412	14.801108166348	-3.627268752153	405.660417846639	299.657092882641	-134.459564396818	-37.513800488147	
0.125862068966	0.037595977980	-0.009316832160	1.030533933546	14.799677006728	-3.667576004068	405.670238693102	299.667967210851	-134.468545485699	-37.533774347176	
0.126724137931	0.037595401787	-0.009427092125	1.030557178914	14.799450188061	-3.710979898971	405.679389244811	299.677951918968	-134.477176612098	-37.555897523852	
0.127586206897	0.037603449914	-0.009532670555	1.030585367466	14.802618337534	-3.752540905000	405.690485683399	299.687984473348	-134.486395948827	-37.577127038256	
0.128448275862	0.037615642878	-0.009624488756	1.030615845602	14.807418104633	-3.788685189015	405.702483417992	299.697729156608	-134.494794237884	-37.595667210203	
0.129310344828	0.037622066944	-0.009699628294	1.030643486301	14.809946941395	-3.818263908878	405.713364194241	299.706781101113	-134.501225386034	-37.611344718861	
0.130172413793	0.037619832257	-0.009758490701	1.030667492719	14.809067256014	-3.841435127217	405.722814333388	299.715158902187	-134.506211558197	-37.624553542722	
0.131034482759	0.037613138441	-0.009800706393	1.030690778488	14.806432231379	-3.858053357142	405.731980789167	299.722976383974	-134.511426427579	-37.634533834499	
0.131896551724	0.037603699248	-0.009826925670	1.030714987334	14.802716488093	-3.868374589553	405.741510614184	299.730062169436	-134.518011388137	-37.640369980462	
0.132758620690	0.037589812454	-0.009839633004	1.030739703401	14.797249944260	-3.873376838355	405.751240107536	299.736191590006	-134.526334006211	-37.642422253269	
0.133620689655	0.037573501063	-0.009840626213	1.030769544609	14.790828956316	-3.873767815593	405.762987115097	299.741759560010	-134.538239503599	-37.640826462036	
0.134482758621	0.037559381839	-0.009835928198	1.030804616773	14.785270916370	-3.871918439392	405.776793291255	299.747464457642	-134.549421327616	-37.639369722425	
0.135344827586	0.037552199111	-0.009819100380	1.030859308656	14.782443431373	-3.865294159781	405.798322780660	299.755947251030	-134.565749411074	-37.634261561843	
0.136206896552	0.037548800463	-0.009786844064	1.030934679732	14.781105551712	-3.852596443654	405.827992645179	299.766410899869	-134.588321278290	-37.623056055971	
0.137068965517	0.037539144283	-0.009752737096	1.031010069807	14.777304391409	-3.839170217282	405.857669989057	299.777847969813	-134.608727255882	-37.612357493411	
0.137931034483	0.037521203011	-0.009724453790	1.031073350256	14.770241799814	-3.828036478836	405.882580372048	299.788498786617	-134.625833039872	-37.603194533086	
0.138793103448	0.037506601314	-0.009702340162	1.031128166740	14.764493833980	-3.819331437147	405.904158910525	299.798522269331	-134.642106385257	-37.594952153601	
0.139655172414	0.037499985255	-0.009686009137	1.031175217673	14.761889418802	-3.812902720264	405.922680535593	299.807580720861	-134.656405777645	-37.587661764131	
0.140517241379	0.037495837878	-0.009678270269	1.031215650465	14.760256801597	-3.809856310728	405.938596925704	299.815563187202	-134.668019560072	-37.581945386364	
0.141379310345	0.037492692094	-0.009676692397	1.031249296243	14.759018462019	-3.809235180560	405.951841604359	299.822707287980	-134.677227298027	-37.577693133008	
0.142241379310	0.037494464383	-0.009677321132	1.031277228104	14.759716124596	-3.809482682487	405.962836996809	299.829314299428	-134.684887214388	-37.573624906916	
0.143103448276	0.037502025531	-0.009676920535	1.031298968777	14.762692574623	-3.809324987203	405.971395224428	299.835147727794	-134.690885273996	-37.569056988386	
0.143965517241	0.037510821993	-0.009675097018	1.031313022994	14.766155306721	-3.808607158842	405.976927674383	299.839872034844	-134.694733325012	-37.564795202412	
0.144827586207	0.037514717856	-0.009676303964	1.031318475643	14.767688915249	-3.809082273727	405.979074112564	299.843572086896	-134.696068102480	-37.562809818669	
0.145689655172	0.037512245592	-0.009685454138	1.031316893345	14.766715707011	-3.812684244641	405.978451240034	299.846337295398	-134.695505126290	-37.564106601861	
0.146551724138	0.037508098414	-0.009702886243	1.031312639118	14.765083168165	-3.819546402226	405.976776561499	299.848407587363	-134.694452365755	-37.567729862684	
0.147413793103	0.037507552784	-0.009724279308	1.031310213147	14.764868380564	-3.827967793802	405.975821576599	299.850193170859	-134.693993449605	-37.572019129888	
0.148275862069	0.037510388074	-0.009744250022	1.031311079095	14.765984494172	-3.835829275988	405.976162457628	299.851935129239	-134.694374185682	-37.575741831346	
0.149137931034	0.037512856075	-0.009760399864	1.031314986768	14.766956024079	-3.842186669968	405.977700715102	299.853800836024	-134.695479121950	-37.578857441113	
0.150000000000	0.037513105605	-0.009771579894	1.031322231837	14.767054251781	-3.846587695095	405.980552740573	299.855907396345	-134.697550253870	-37.581005925984	
0.150862068966	0.037513897677	-0.009774800376	1.031335072655	14.767366051393	-3.847855439467	405.985607535524	299.858546508733	-134.701372762755	-37.580908266760	
0.151724137931	0.037518056114	-0.009766165720	1.031354829747	14.769003022278	-3.844456402294	405.993384925271	299.861894812871	-134.706973099379	-37.577560814983	
0.152586206897	0.037523622777	-0.009743455508	1.031379963506	14.771194342104	-3.835516515418	406.003278843154	299.865707074498	-134.713773485699	-37.570358021739	
0.153448275862	0.037528706298	-0.009706246885	1.031411903840	14.773195472795	-3.820869320644	406.015852172734	299.870999284519	-134.722607242947	-37.559493564915	
0.154310344828	0.037530689393	-0.009657972522	1.031450942619	14.773976119230	-3.801866091630	406.031219809070	299.877847399121	-134.733612325661	-37.545370987988	
0.155172413793	0.037533528109	-0.009595664526	1.031484987901	14.775093581379	-3.777338515294	406.044621752729	299.881989062645	-134.741732217508	-37.528128409193	
0.156034482759	0.037529163256	-0.009544783351	1.031518310607	14.773375354821	-3.757309113375	406.057739253831	299.887470300223	-134.749964434605	-37.515133135294	
0.156896551724	0.037517488327	-0.009503574425	1.031551221573	14.768779512711	-3.741087197355	406.070694673636	299.892947976216	-134.760036878265	-37.503024960615	
0.157758620690	0.037515703440	-0.009451502566	1.031589960154	14.768076890686	-3.720589082222	406.085944136945	299.900346787642	-134.772030470830	-37.487433501269	
0.158620689655	0.037515396427	-0.009406658154	1.031627307294	14.767956035095	-3.702936055172	406.100645858780	299.906996438112	-134.782053512404	-37.474436531069	
0.159482758621	0.037510042587	-0.009373289119	1.031669255015	14.765848493002	-3.689800316723	406.117158601551	299.914305258226	-134.793446195956	-37.463829882801	
0.160344827586	0.037504252215	-0.009346836003	1.031708064559	14.763569109962	-3.679387033284	406.132435999695	299.921580134078	-134.804192620175	-37.455163502887	
0.161206896552	0.037498343126	-0.009335902364	1.031743199621	14.761242993745	-3.675083000484	406.146266935501	299.928991240232	-134.813865016988	-37.450367295837	
0.162068965517	0.037490877508	-0.009340079430	1.031776683293	14.758304149306	-3.676727304641	406.159447801244	299.936350534247	-134.823072676839	-37.448979159284	
0.162931034483	0.037484132840	-0.009355485604	1.031806669418	14.755649107051	-3.682791953121	406.171251855642	299.943352771365	-134.831271459538	-37.450664335078	
0.163793103448	0.037479495900	-0.009380495774	1.031833456922	14.753823773112	-3.692637220385	406.181796770660	299.950306173464	-134.838577251072	-37.454846510144	
0.164655172414	0.037474318094	-0.009413319368	1.031854688433	14.751785526894	-3.705558245701	406.190154566581	299.956544776265	-134.844407630108	-37.460934563056	
0.165517241379	0.037466559213	-0.009453215457	1.031868458063	14.748731239242	-3.721263362531	406.195574988779	299.961624659155	-134.848089559657	-37.469130320460	
0.166379310345	0.037459577651	-0.009494956484	1.031876943187	14.745982943594	-3.737694740619	406.198915162590	299.965821542911	-134.850515039015	-37.477739912395	
0.167241379310	0.037458953832	-0.009529365422	1.031883048685	14.745737377070	-3.751239837344	406.201318594958	299.969266540095	-134.852638652814	-37.484184919001	
0.168103448276	0.037463167857	-0.009550918962	1.031887740432	14.747396230100	-3.759724400136	406.203165503943	299.971878174980	-134.854387742443	-37.487481161689	
0.168965517241	0.037463945110	-0.009560296049	1.031889867029	14.747702196219	-3.763415695617	406.204002639963	299.973633065291	-134.855490803130	-37.488264269853	
0.169827586207	0.037457393583	-0.009562601667	1.031888978043	14.745123184123	-3.764323303000	406.203652690153	299.974686902607	-134.856032116718	-37.488358544427	
0.170689655172	0.037446472681	-0.009562136041	1.031886197112	14.740824165315	-3.764140009411	406.202557975086	299.975173418632	-134.856368188250	-37.488473349793	
0.171551724138	0.037436224840	-0.009559754054	1.031883867175	14.736790096999	-3.763202338659	406.201640794198	299.975311834824	-134.857070530464	-37.488073693093	
0.172413793103	0.037429260310	-0.009553818354	1.031883874756	14.734048506150	-3.760865747486	406.201643778308	299.975291628318	-134.858459044361	-37.486516381216	
0.173275862069	0.037424646674	-0.009542977000	1.031886557307	14.732232345928	-3.756598042598	406.202699765908	299.975179444768	-134.860575076723	-37.483399234576	
0.174137931034	0.037420677123	-0.009528148705	1.031891485769	14.730669729908	-3.750760876104	406.204639857914	299.975095890528	-134.863230659974	-37.479119611438	
0.175000000000	0.037417716296	-0.009510317991	1.031899313304	14.729504198743	-3.743741805900	406.207721171251	299.975282932528	-134.866675579170	-37.473896615904	
0.175862068966	0.037417753647	-0.009488794549	1.031911747993	14.729518901877	-3.735269091560	406.212616093104	299.976035210060	-134.871535401787	-37.467246013331	
0.176724137931	0.037421188688	-0.009463434872	1.031928940926	14.730871107791	-3.725286240850	406.219384100537	299.977487986624	-134.877532318059	-37.459368017312	
0.177586206897	0.037425060225	-0.009436589381	1.031949100923	14.732395140478	-3.714718498834	406.227320094194	299.979524715926	-134.883996304925	-37.451077184452	
0.178448275862	0.037427158814	-0.009411916848	1.031970870043	14.733221250944	-3.705006142938	406.235889519944	299.982126517128	-134.890724360018	-37.443298527314	
0.179310344828	0.037428767913	-0.009392073227	1.031993658116	14.733854673964	-3.697194690831	406.244860057262	299.985267617012	-134.897611678453	-37.436630155561	
0.180172413793	0.037432024292	-0.009378135225	1.032016636374	14.735136549036	-3.691707988744	406.253905460894	299.988792283827	-134.904329086729	-37.431249312516	
0.181034482759	0.037436469496	-0.009370906043	1.032038371585	14.736886405964	-3.688862217518	406.262461538349	299.992509849663	-134.910355219036	-37.427391048784	
0.181896551724	0.037440472755	-0.009371167766	1.032057009221	14.738462290985	-3.688965245008	406.269798254056	299.996172882383	-134.915183545579	-37.425395777738	
0.182758620690	0.037444589488	-0.009378551986	1.032071900081	14.740082845228	-3.691872046841	406.275660048866	299.999633961623	-134.918855005006	-37.425057817064	
0.183620689655	0.037451485481	-0.009390669967	1.032083736287	14.742797456573	-3.696642296952	406.280319377815	300.002893222310	-134.921650171944	-37.425727913396	
0.184482758621	0.037461955707	-0.009404646790	1.032093187263	14.746919066608	-3.702144280701	406.284039759816	300.005917896376	-134.923688644721	-37.426840466103	
0.185344827586	0.037472828393	-0.009419669557	1.032100076073	14.751199105572	-3.708058000872	406.286751543485	300.008661473834	-134.924887524672	-37.428514436371	
0.186206896552	0.037480556497	-0.009437610191	1.032104165568	14.754241277627	-3.715120341323	406.288361375155	300.011141510630	-134.925210607605	-37.431643017319	
0.187068965517	0.037484223579	-0.009461109046	1.032105787625	14.755684826699	-3.724370678061	406.288999899132	300.013382872355	-134.924866055730	-37.436895574476	
0.187931034483	0.037485122187	-0.009492104162	1.032105682048	14.756038564311	-3.736571922357	406.288958338606	300.015419754870	-134.924084352838	-37.444584059908	
0.188793103448	0.037484069550	-0.009531385829	1.032104031784	14.755624193189	-3.752035171591	406.288308711013	300.017165481973	-134.922883154671	-37.454696481663	
0.189655172414	0.037481102410	-0.009578839175	1.032100746748	14.754456176828	-3.770715207031	406.287015554938	300.018523913397	-134.921276556198	-37.467031565162	
0.190517241379	0.037477248545	-0.009633168705	1.032096321076	14.752939100660	-3.792102055566	406.285273387015	300.019529117822	-134.919459467362	-37.481188339450	
0.191379310345	0.037474436665	-0.009691492783	1.032091929140	14.751832202483	-3.815061360625	406.283544499057	300.020323538340	-134.917794975704	-37.496314002981	
0.192241379310	0.037473593081	-0.009750365327	1.032088702558	14.751500125285	-3.838236569209	406.282274353290	300.021071065222	-134.916537339655	-37.511524495935	
0.193103448276	0.037473607706	-0.009807059521	1.032086961069	14.751505882305	-3.860554269445	406.281588814895	300.021837561623	-134.915697087240	-37.526221784136	
0.193965517241	0.037472873660	-0.009860111132	1.032086576926	14.751216924777	-3.881438064513	406.281437596895	300.022635037199	-134.915264754489	-37.540066279303	
0.194827586207	0.037471267344	-0.009908708903	1.032087642675	14.750584597862	-3.900568603203	406.281857129751	300.023507953140	-134.915302760860	-37.552844950664	
0.195689655172	0.037469700737	-0.009951798214	1.032090373184	14.749967901934	-3.917530733861	406.282931996094	300.024488958463	-134.915903499997	-37.564164296530	
0.196551724138	0.037468585553	-0.009988213962	1.032094654974	14.749528909158	-3.931865812458	406.284617524879	300.025562411340	-134.917032571377	-37.573633349757	
0.197413793103	0.037467508729	-0.010017236573	1.032099936461	14.749105016890	-3.943290579288	406.286696585027	300.026663358827	-134.918475811726	-37.581128068239	
0.198275862069	0.037466248075	-0.010038362428	1.032106035715	14.748608759803	-3.951606783192	406.289097559576	300.027785473712	-134.920201738253	-37.586520445843	
0.199137931034	0.037465561104	-0.010050817453	1.032113417100	14.748338333299	-3.956509710787	406.292003245960	300.029023265787	-134.922298100625	-37.589620793163	
0.200000000000	0.037466274569	-0.010053414983	1.032122429113	14.748619189326	-3.957532229791	406.295550829497	300.030412165055	-134.924749396359	-37.590102906809	
0.200862068966	0.037468364641	-0.010045014358	1.032133229112	14.749441946906	-3.954225319050	406.299802255018	300.031973062935	-134.927573284682	-37.587603738310	
0.201724137931	0.037471286475	-0.010025398638	1.032145946021	14.750592128724	-3.946503580546	406.304808273071	300.033792505549	-134.930733882119	-37.582217802731	
0.202586206897	0.037474149746	-0.009995399773	1.032160341422	14.751719256753	-3.934694511039	406.310475030430	300.035874945439	-134.934158343423	-37.574204896151	
0.203448275862	0.037476461469	-0.009956319125	1.032176285921	14.752629267687	-3.919310392747	406.316751591337	300.038241068868	-134.937928350822	-37.563778047060	
0.204310344828	0.037478672577	-0.009909172012	1.032193835833	14.753499671682	-3.900750906588	406.323660123450	300.040920244138	-134.942117454901	-37.551190645128	
0.205172413793	0.037481236179	-0.009854329110	1.032213060868	14.754508835108	-3.879161968312	406.331228069014	300.043897560403	-134.946813708301	-37.536495545842	
0.206034482759	0.037483902168	-0.009792242489	1.032234316065	14.755558303019	-3.854721536457	406.339595188513	300.047237432334	-134.952163837793	-37.519874720390	
0.206896551724	0.037485459850	-0.009724415693	1.032257763616	14.756171485495	-3.828021481693	406.348825329713	300.051016274462	-134.958144149174	-37.501932773420	
0.207758620690	0.037484162550	-0.009653771483	1.032282929959	14.755660802588	-3.800212350444	406.358732074460	300.055223653999	-134.964583816994	-37.483498898732	
0.208620689655	0.037479256736	-0.009583841771	1.032308940152	14.753729626255	-3.772684481692	406.368971000784	300.059767287215	-134.971260948972	-37.465441845111	
0.209482758621	0.037471465467	-0.009517592805	1.032334620740	14.750662588770	-3.746605540450	406.379080177941	300.064451676205	-134.977855398721	-37.448411788365	
0.210344827586	0.037462109365	-0.009456877779	1.032358689496	14.746979554349	-3.722705037582	406.388554856893	300.069047657335	-134.984020195667	-37.432723742872	
0.211206896552	0.037452546904	-0.009402200381	1.032380248271	14.743215286262	-3.701181250605	406.397041480453	300.073383683450	-134.989559210584	-37.418400746336	
0.212068965517	0.037443692285	-0.009353243706	1.032398779204	14.739729660738	-3.681909429123	406.404336192072	300.077340671843	-134.994354120154	-37.405380255757	
0.212931034483	0.037435545460	-0.009309870556	1.032413771537	14.736522658971	-3.664835564873	406.410237932036	300.080809373355	-134.998241095115	-37.393736852675	
0.213793103448	0.037427670259	-0.009272245482	1.032424952983	14.733422581769	-3.650024434437	406.414639514277	300.083706570660	-135.001203706616	-37.383540429061	
0.214655172414	0.037420143822	-0.009240610180	1.032432595947	14.730459795610	-3.637571180592	406.417648171252	300.086019658357	-135.003375056722	-37.374879575456	
0.215517241379	0.037413319448	-0.009215330948	1.032437084199	14.727773377180	-3.627619997217	406.419414973846	300.087756223434	-135.004830290144	-37.367886453140	
0.216379310345	0.037407371014	-0.009196715811	1.032438957714	14.725431772933	-3.620292138771	406.420152484334	300.088960741555	-135.005751285584	-37.362540572302	
0.217241379310	0.037402648192	-0.009184865414	1.032439190793	14.723572631416	-3.615627223576	406.420244235816	300.089762903725	-135.006426196003	-37.358836243322	
0.218103448276	0.037399401697	-0.009179769400	1.032438644347	14.722294646877	-3.613621174743	406.420029127021	300.090286773930	-135.007017461880	-37.356811717024	
0.218965517241	0.037397526153	-0.009181214360	1.032438047974	14.721556338237	-3.614189984257	406.419794364553	300.090651863851	-135.007721320762	-37.356327685012	
0.219827586207	0.037397084617	-0.009188605938	1.032438275471	14.721382527286	-3.617099682822	406.419883918647	300.091013488557	-135.008766486984	-37.357215972193	
0.220689655172	0.037398139210	-0.009201116389	1.032439853683	14.721797668469	-3.622024428512	406.420505182769	300.091478141626	-135.010196776573	-37.359324157609	
0.221551724138	0.037400478257	-0.009217758932	1.032442983540	14.722718435553	-3.628575774495	406.421737252683	300.092113740958	-135.012048629660	-37.362337889463	
0.222413793103	0.037404013940	-0.009237486365	1.032447826881	14.724110258878	-3.636341489134	406.423643836574	300.092994126233	-135.014337488191	-37.366011196895	
0.223275862069	0.037408519472	-0.009259474819	1.032454071909	14.725883863867	-3.644997255872	406.426102195097	300.094117724859	-135.016864976939	-37.370236776262	
0.224137931034	0.037413535927	-0.009282976745	1.032461116851	14.727858594077	-3.654248801703	406.428875440503	300.095432874307	-135.019470000631	-37.374788020559	
0.225000000000	0.037419033479	-0.009307086406	1.032468582230	14.730022708477	-3.663739583059	406.431814190930	300.096910487045	-135.022073111469	-37.379472616332	
0.225862068966	0.037424882859	-0.009331068328	1.032475901973	14.732325320097	-3.673180079398	406.434695611662	300.098472324716	-135.024452674732	-37.384226422703	
0.226724137931	0.037430376115	-0.009354567632	1.032482365072	14.734487743405	-3.682430593276	406.437239814188	300.100015830259	-135.026435568205	-37.388963013325	
0.227586206897	0.037435171586	-0.009377411085	1.032487639083	14.736375482930	-3.691422930742	406.439315931171	300.101488187142	-135.027977404978	-37.393697364230	
0.228448275862	0.037439311100	-0.009399614750	1.032491424452	14.738005005194	-3.700163415427	406.440806043777	300.102819214560	-135.028956745431	-37.398543714191	
0.229310344828	0.037442550671	-0.009421474972	1.032493263879	14.739280264043	-3.708768703715	406.441530135420	300.103920167848	-135.029251391251	-37.403565308194	
0.230172413793	0.037444792884	-0.009443319346	1.032492933386	14.740162912208	-3.717367753249	406.441400036428	300.104740547485	-135.028829145321	-37.408854884660	
0.231034482759	0.037446229731	-0.009465354445	1.032490336093	14.740728527784	-3.726041881726	406.440377610689	300.105226497571	-135.027650953947	-37.414499119700	
0.231896551724	0.037446949204	-0.009487723224	1.032485337621	14.741011748896	-3.734847363572	406.438409959666	300.105322132507	-135.025684608553	-37.420491448304	
0.232758620690	0.037447267504	-0.009510234388	1.032478163095	14.741137047833	-3.743708895389	406.435585703725	300.105028494949	-135.023026649311	-37.426736647256	
0.233620689655	0.037447724166	-0.009532204814	1.032469450783	14.741316813091	-3.752357565463	406.432156097279	300.104390101977	-135.019884345364	-37.433021778103	
0.234482758621	0.037448416862	-0.009553051238	1.032459739444	14.741589493180	-3.760563771642	406.428333223323	300.103460259148	-135.016384887652	-37.439207759808	
0.235344827586	0.037448995009	-0.009572537103	1.032449512249	14.741817081126	-3.768234392913	406.424307282568	300.102307016563	-135.012672068646	-37.445224067070	
0.236206896552	0.037449366827	-0.009590511054	1.032439604555	14.741963447287	-3.775309848513	406.420407113440	300.101051726408	-135.009044865129	-37.450973264439	
0.237068965517	0.037449709329	-0.009606999790	1.032430823109	14.742098273561	-3.781800648394	406.416950292431	300.099822706568	-135.005719533640	-37.456459591417	
0.237931034483	0.037449882417	-0.009622262703	1.032423591969	14.742166409565	-3.787808902157	406.414103750338	300.098705656258	-135.002806088972	-37.461677670885	
0.238793103448	0.037449866775	-0.009636448922	1.032418513337	14.742160252212	-3.793393314871	406.412104543991	300.097819647723	-135.000543285605	-37.466545913444	
0.239655172414	0.037449981405	-0.009649517463	1.032416233065	14.742205376340	-3.798537753325	406.411206913875	300.097291488907	-134.999111549229	-37.471033991076	
0.240517241379	0.037450190870	-0.009661536344	1.032416923439	14.742287832520	-3.803268992228	406.411478679833	300.097186377747	-134.998517767476	-37.475121244866	
0.241379310345	0.037450272096	-0.009672538081	1.032420679364	14.742319806908	-3.807599831731	406.412957201914	300.097564486464	-134.998827195915	-37.478723446967	
0.242241379310	0.037450378811	-0.009682349418	1.032427630771	14.742361815376	-3.811462070057	406.415693626952	300.098482800904	-135.000078365580	-37.481813235474	
0.243103448276	0.037450467045	-0.009690924968	1.032437440096	14.742396548759	-3.814837839753	406.419555072927	300.099924028419	-135.002131805732	-37.484404792848	
0.243965517241	0.037450079922	-0.009698509185	1.032449486667	14.742244157787	-3.817823371071	406.424297212166	300.101836466401	-135.004821367808	-37.486531263273	
0.244827586207	0.037449131860	-0.009705314127	1.032463306068	14.741870952672	-3.820502139883	406.429737227003	300.104176013226	-135.008028854032	-37.488277460847	
0.245689655172	0.037447879475	-0.009711318719	1.032478419172	14.741377950516	-3.822865850747	406.435686508338	300.106867920690	-135.011619467292	-37.489645301584	
0.246551724138	0.037446441060	-0.009716444876	1.032494282741	14.740811717443	-3.824883765400	406.441931210990	300.109826466234	-135.015447968009	-37.490604307723	
0.247413793103	0.037444702540	-0.009720668067	1.032510438667	14.740127348159	-3.826546226979	406.448290999987	300.112971420986	-135.019390163768	-37.491189584368	
0.248275862069	0.037442454105	-0.009724088654	1.032526484727	14.739242250569	-3.827892742707	406.454607539855	300.116222459145	-135.023344545133	-37.491478239504	
0.249137931034	0.037439587535	-0.009726974887	1.032542034445	14.738113823763	-3.829028910030	406.460728694984	300.119503204322	-135.027219566567	-37.491574275036	
0.250000000000	0.037436163847	-0.009729644079	1.032556789791	14.736766087216	-3.830079638643	406.466537144834	300.122744284006	-135.030943018301	-37.491575843074	
0.250862068966	0.037432318908	-0.009732342469	1.032570553077	14.735252524822	-3.831141861568	406.471955069841	300.125886016052	-135.034470926544	-37.491549944916	
0.251724137931	0.037428195089	-0.009735195130	1.032583136647	14.733629181420	-3.832264813120	406.476908598793	300.128871792006	-135.037764518226	-37.491531909227	
0.252586206897	0.037423945870	-0.009738241686	1.032594389720	14.731956473996	-3.833464091452	406.481338377323	300.131651068787	-135.040793727470	-37.491534754165	
0.253448275862	0.037419718546	-0.009741455505	1.032604252965	14.730292385559	-3.834729212825	406.485221048789	300.134187161343	-135.043551306182	-37.491553814757	
0.254310344828	0.037415640657	-0.009744716149	1.032612711245	14.728687122171	-3.836012767085	406.488550655422	300.136451922530	-135.046039257831	-37.491561201679	
0.255172413793	0.037411842231	-0.009747815668	1.032619766396	14.727191869786	-3.837232894697	406.491327919410	300.138422010872	-135.048259763311	-37.491506409343	
0.256034482759	0.037408457098	-0.009750485697	1.032625455725	14.725859310309	-3.838283952840	406.493567526797	300.140082538698	-135.050221179605	-37.491322411107	
0.256896551724	0.037405607347	-0.009752419619	1.032629838161	14.724737504337	-3.839045242405	406.495292674940	300.141426795453	-135.051934177699	-37.490933626425	
0.257758620690	0.037403388449	-0.009753295479	1.032632982537	14.723864034133	-3.839390025199	406.496530460254	300.142454492452	-135.053409376910	-37.490262710769	
0.258620689655	0.037401859987	-0.009752804514	1.032634973683	14.723262354261	-3.839196756672	406.497314276182	300.143171785297	-135.054659977259	-37.489238588622	
0.259482758621	0.037401036263	-0.009750677240	1.032635915935	14.722938094826	-3.838359353870	406.497685194110	300.143591681701	-135.055703056557	-37.487803421931	
0.260344827586	0.037400887810	-0.009746707818	1.032635929956	14.722879656104	-3.836796788699	406.497690713413	300.143733177151	-135.056558583932	-37.485918677146	
0.261206896552	0.037401348648	-0.009740771811	1.032635152743	14.723061065397	-3.834460076314	406.497384762998	300.143620888851	-135.057250183525	-37.483567686772	
0.262068965517	0.037402330568	-0.009732835797	1.032633728775	14.723447598726	-3.831336060439	406.496824217206	300.143283351580	-135.057802315399	-37.480756845098	
0.262931034483	0.037403733955	-0.009722955233	1.032631801335	14.724000042734	-3.827446571080	406.496065479468	300.142751405788	-135.058237667839	-37.477513723583	
0.263793103448	0.037405457638	-0.009711261199	1.032629503153	14.724678571587	-3.822843208311	406.495160799161	300.142056181806	-135.058574702518	-37.473883231521	
0.264655172414	0.037407403359	-0.009697938235	1.032626950697	14.725444505747	-3.817598616335	406.494156023444	300.141227782656	-135.058826629930	-37.469921604800	
0.265517241379	0.037409481599	-0.009683200756	1.032624235177	14.726262605824	-3.811797199589	406.493087057263	300.140293378886	-135.058999001413	-37.465690969853	
0.266379310345	0.037411613712	-0.009667271386	1.032621419353	14.727101913354	-3.805526594423	406.491978606862	300.139276517360	-135.059089994485	-37.461253454576	
0.267241379310	0.037413735380	-0.009650367276	1.032618533193	14.727937109232	-3.798872282365	406.490842468263	300.138196093959	-135.059089974923	-37.456668021771	
0.268103448276	0.037415795811	-0.009632693709	1.032615574211	14.728748198916	-3.791915073478	406.489677663537	300.137066164447	-135.058982084426	-37.451989137555	
0.268965517241	0.037417757521	-0.009614444146	1.032612508919	14.729520427186	-3.784731122996	406.488471009628	300.135895772681	-135.058743002345	-37.447267385990	
0.269827586207	0.037419592716	-0.009595802190	1.032609281634	14.730242852674	-3.777392706884	406.487200587115	300.134689980971	-135.058346286617	-37.442549810455	
0.270689655172	0.037421282598	-0.009576945535	1.032605821069	14.730908075390	-3.769969774434	406.485838333757	300.133450233382	-135.057764283284	-37.437881525273	
0.271551724138	0.037422814629	-0.009558050138	1.032602051875	14.731511160507	-3.762531591154	406.484354588452	300.132175845388	-135.056971695640	-37.433306533397	
0.272413793103	0.037424181793	-0.009539293544	1.032597904814	14.732049345312	-3.755148048183	406.482722095616	300.130865044287	-135.055948579577	-37.428868490109	
0.273275862069	0.037425379657	-0.009520855059	1.032593331372	14.732520885135	-3.747889728461	406.480921757882	300.129516959955	-135.054684433877	-37.424610263898	
0.274137931034	0.037426407026	-0.009502915461	1.032588312201	14.732925309246	-3.740827795931	406.478945958501	300.128132647197	-135.053180035624	-37.420573837604	
0.275000000000	0.037427264319	-0.009485653938	1.032582867020	14.733262783058	-3.734032788044	406.476802459923	300.126716958017	-135.051450117812	-37.416798654000	
0.275862068966	0.037427952923	-0.009469241124	1.032577057355	14.733533852691	-3.727571875057	406.474515482433	300.125279026126	-135.049523710583	-37.413319724596	
0.276724137931	0.037428471497	-0.009453831772	1.032570990607	14.733737989266	-3.721505975399	406.472127303662	300.123833608459	-135.047444953137	-37.410165421173	
0.277586206897	0.037428816270	-0.009439560115	1.032564814102	14.733873709658	-3.715887930028	406.469695919198	300.122400866174	-135.045270933950	-37.407356884305	
0.278448275862	0.037428989419	-0.009426532132	1.032558709349	14.733941869598	-3.710759457418	406.467292779962	300.121005902486	-135.043068540041	-37.404907507772	
0.279310344828	0.037429004565	-0.009414819128	1.032552881074	14.733947831907	-3.706148626871	406.464998476205	300.119676602431	-135.040910110716	-37.402820631004	
0.280172413793	0.037428826215	-0.009404484642	1.032547519822	14.733877624450	-3.702080450858	406.462888016555	300.118440143289	-135.038861096180	-37.401093718928	
0.281034482759	0.037428369251	-0.009395603420	1.032542745877	14.733697740416	-3.698584353331	406.461008750664	300.117318447057	-135.036957835244	-37.399730441782	
0.281896551724	0.037427734335	-0.009388050148	1.032538740418	14.733447805075	-3.695611003773	406.459431999234	300.116340082584	-135.035273796349	-37.398661851074	
0.282758620690	0.037427225684	-0.009381369910	1.032535822053	14.733247574387	-3.692981324387	406.458283183292	300.115545113311	-135.033935535787	-37.397721897863	
0.283620689655	0.037426850581	-0.009375198330	1.032534122730	14.733099915142	-3.690551878495	406.457614243900	300.114956134296	-135.032959060519	-37.396838759442	
0.284482758621	0.037426145876	-0.009369514280	1.032533468751	14.732822507570	-3.688314349314	406.457356804741	300.114561442362	-135.032281913470	-37.396023423962	
0.285344827586	0.037424976752	-0.009364253845	1.032533842999	14.732362281178	-3.686243576247	406.457504127918	300.114367791070	-135.031956031972	-37.395219061292	
0.286206896552	0.037423779065	-0.009359150470	1.032535352973	14.731890811187	-3.684234629877	406.458098529687	300.114389151288	-135.032018059750	-37.394358470684	
0.287068965517	0.037422642233	-0.009354036408	1.032537765992	14.731443296495	-3.682221476396	406.459048416221	300.114592439206	-135.032356893755	-37.393400498106	
0.287931034483	0.037421336127	-0.009348795085	1.032540813186	14.730929147270	-3.680158226969	406.460247945693	300.114944813443	-135.032923944096	-37.392273775069	
0.288793103448	0.037420060294	-0.009343130620	1.032544500522	14.730426914739	-3.677928407338	406.461699467508	300.115443741411	-135.033756106642	-37.390912070211	
0.289655172414	0.037419005925	-0.009336907928	1.032548642997	14.730011861973	-3.675478841037	406.463330155068	300.116056495290	-135.034759213010	-37.389326731566	
0.290517241379	0.037417893637	-0.009330313937	1.032552846499	14.729574009171	-3.672883113202	406.464984865839	300.116730804264	-135.035809885307	-37.387552001117	
0.291379310345	0.037416737748	-0.009323405805	1.032557050449	14.729118992684	-3.670163723274	406.466639753143	300.117455156294	-135.036936550048	-37.385586467680	
0.292241379310	0.037415922743	-0.009316109901	1.032561290134	14.728798165838	-3.667291686445	406.468308707443	300.118220767835	-135.038133679068	-37.383451397015	
0.293103448276	0.037415381635	-0.009308647899	1.032565282867	14.728585158363	-3.664354265347	406.469880448749	300.118984709241	-135.039275659236	-37.381222120902	
0.293965517241	0.037414869378	-0.009301336069	1.032568895251	14.728383508147	-3.661475959687	406.471302465825	300.119729377609	-135.040353866546	-37.378953907572	
0.294827586207	0.037414604384	-0.009294287001	1.032572313698	14.728279192967	-3.658701090086	406.472648139377	300.120471202648	-135.041439794779	-37.376701430202	
0.295689655172	0.037414691732	-0.009287738331	1.032575482470	14.728313577386	-3.656123202910	406.473895527812	300.121194895356	-135.042467375783	-37.374570382361	
0.296551724138	0.037414838539	-0.009282112114	1.032578243655	14.728371368130	-3.653908439535	406.474982469824	300.121880135615	-135.043391564655	-37.372644790728	
0.297413793103	0.037415077316	-0.009277617662	1.032580824194	14.728465362904	-3.652139196098	406.475998300679	300.122554412940	-135.044317028154	-37.370970345417	
0.298275862069	0.037415614918	-0.009274393224	1.032583384292	14.728676990142	-3.650869894133	406.477006084572	300.123231065731	-135.045257164218	-37.369632330887	
0.299137931034	0.037416196884	-0.009272825356	1.032585761044	14.728906081484	-3.650252701965	406.477941694019	300.123889596076	-135.046137269612	-37.368726836305	
0.300000000000	0.037416647899	-0.009273218578	1.032588046024	14.729083623821	-3.650407494279	406.478841177668	300.124545984614	-135.047026229835	-37.368297541102	
0.300862068966	0.037417228085	-0.009275625079	1.032590515340	14.729312014318	-3.651354814654	406.479813225438	300.125232131929	-135.048001286535	-37.368389122397	
0.301724137931	0.037417890509	-0.009280227993	1.032593075538	14.729572777922	-3.653166754269	406.480821048784	300.125934068891	-135.048987778168	-37.369069299958	
0.302586206897	0.037418331413	-0.009287274431	1.032595623166	14.729746339753	-3.655940588131	406.481823923809	300.126644634654	-135.049975302937	-37.370361936453	
0.303448275862	0.037418706524	-0.009296707625	1.032598384125	14.729894002433	-3.659653970336	406.482910776775	300.127392642546	-135.051057637734	-37.372251993753	
0.304310344828	0.037419204620	-0.009308412356	1.032601377872	14.730090078483	-3.664261543695	406.484089267015	300.128175977872	-135.052199703294	-37.374743942530	
0.305172413793	0.037419574275	-0.009322431854	1.032604376025	14.730235593210	-3.669780326783	406.485269491568	300.128968363723	-135.053324370654	-37.377827537087	
0.306034482759	0.037419759518	-0.009338627794	1.032607448834	14.730308514285	-3.676155867108	406.486479104327	300.129781057424	-135.054493391665	-37.381445569425	
0.306896551724	0.037419992044	-0.009356705071	1.032610690104	14.730400048033	-3.683271997306	406.487755032088	300.130620305870	-135.055715740852	-37.385564714270	
0.307758620690	0.037420125885	-0.009376559740	1.032613829167	14.730452734801	-3.691087798249	406.488990725982	300.131449059542	-135.056876779108	-37.390168325101	
0.308620689655	0.037419968295	-0.009398047667	1.032616732681	14.730390699521	-3.699546532533	406.490133695955	300.132250726066	-135.057972145411	-37.395180931265	
0.309482758621	0.037419788554	-0.009420718960	1.032619534767	14.730319944166	-3.708471098881	406.491236738430	300.133034591879	-135.059052955380	-37.400504514246	
0.310344827586	0.037419699178	-0.009444146521	1.032622078618	14.730284761186	-3.717693371010	406.492238126672	300.133770182158	-135.060028585827	-37.406061265219	
0.311206896552	0.037419465326	-0.009467993350	1.032624118828	14.730192705327	-3.727080688193	406.493041256732	300.134422366157	-135.060838062873	-37.411736066562	
0.312068965517	0.037419177303	-0.009491695828	1.032625755987	14.730079325127	-3.736411181514	406.493685725106	300.134996504211	-135.061547253868	-37.417384424978	
0.312931034483	0.037419019074	-0.009514669453	1.032626985026	14.730017038192	-3.745454761216	406.494169536892	300.135478796897	-135.062121806207	-37.422909115540	
0.313793103448	0.037418745612	-0.009536586226	1.032627521634	14.729909389442	-3.754082310898	406.494380772869	300.135825744219	-135.062461323195	-37.428223566494	
0.314655172414	0.037418271165	-0.009557041829	1.032627378123	14.729722623126	-3.762134670022	406.494324279970	300.136033514338	-135.062613288812	-37.433196145362	
0.315517241379	0.037417908533	-0.009575453164	1.032626731435	14.729579873145	-3.769382301875	406.494069710635	300.136111654853	-135.062622184949	-37.437710694433	
0.316379310345	0.037417644142	-0.009591427534	1.032625443468	14.729475795455	-3.775670621145	406.493562701917	300.136033195874	-135.062407623406	-37.441682712255	
0.317241379310	0.037417265399	-0.009604675934	1.032623456485	14.729326702965	-3.780885861218	406.492780524839	300.135789241038	-135.061981543934	-37.445001821470	
0.318103448276	0.037416948948	-0.009614771876	1.032621030720	14.729202131970	-3.784860134263	406.491825620991	300.135408123220	-135.061442005654	-37.447573333068	
0.318965517241	0.037416771190	-0.009621478783	1.032618187639	14.729132157136	-3.787500311520	406.490706440662	300.134887218179	-135.060753235891	-37.449377263802	
0.319827586207	0.037416434100	-0.009624869280	1.032614789137	14.728999461812	-3.788834982524	406.489368618797	300.134213334296	-135.059877474363	-37.450403685536	
0.320689655172	0.037415987087	-0.009624924701	1.032611055851	14.728823494674	-3.788856799171	406.487899008426	300.133419030709	-135.058921029074	-37.450622587197	
0.321551724138	0.037415732563	-0.009621589531	1.032607208390	14.728723301371	-3.787543907613	406.486384453398	300.132531653499	-135.057923602035	-37.450047667712	
0.322413793103	0.037415517711	-0.009615114445	1.032603126307	14.728638724443	-3.784994986735	406.484777539392	300.131543191093	-135.056820308301	-37.448731435474	
0.323275862069	0.037415176204	-0.009605809141	1.032598870821	14.728504290011	-3.781331948559	406.483102364902	300.130475818615	-135.055666277409	-37.446711467591	
0.324137931034	0.037414988524	-0.009593818586	1.032594734630	14.728430409972	-3.776611860309	406.481474151278	300.129373705147	-135.054558386725	-37.444034927086	
0.325000000000	0.037414988619	-0.009579506720	1.032590689822	14.728430447255	-3.770977986317	406.479881910206	300.128242433081	-135.053446315758	-37.440811341535	
0.325862068966	0.037414845193	-0.009563500783	1.032586594760	14.728373987538	-3.764677240617	406.478269887009	300.127082106245	-135.052296063363	-37.437167045070	
0.326724137931	0.037414655424	-0.009546242070	1.032582654399	14.728299284906	-3.757883339168	406.476718761879	300.125932387266	-135.051206914779	-37.433193265268	
0.327586206897	0.037414733665	-0.009528095591	1.032579001236	14.728330084633	-3.750739967743	406.475280692254	300.124817059946	-135.050191401855	-37.429002984178	
0.328448275862	0.037414889842	-0.009509693357	1.032575436337	14.728391563596	-3.743495918394	406.473877367808	300.123725268706	-135.049160263241	-37.424746257913	
0.329310344828	0.037414930791	-0.009491637054	1.032571953076	14.728407683317	-3.736388044999	406.472506180093	300.122672855789	-135.048147058670	-37.420541355359	
0.330172413793	0.037415157322	-0.009474253592	1.032568770215	14.728496857360	-3.729545035689	406.471253245082	300.121694822982	-135.047226742880	-37.416483692051	
0.331034482759	0.037415636261	-0.009457982106	1.032565800584	14.728685391696	-3.723139756425	406.470084248188	300.120786437416	-135.046329428697	-37.412703505103	
0.331896551724	0.037416008246	-0.009443441877	1.032562851818	14.728831823845	-3.717415987615	406.468923464901	300.119937446288	-135.045399450031	-37.409334152691	
0.332758620690	0.037416340408	-0.009430955031	1.032560083179	14.728962579830	-3.712500533752	406.467833588922	300.119176050083	-135.044523416203	-37.406445001029	
0.333620689655	0.037416997017	-0.009420613381	1.032557646423	14.729221054295	-3.708429537651	406.466874358401	300.118519106113	-135.043728360036	-37.404080596777	
0.334482758621	0.037417775445	-0.009412741508	1.032555355953	14.729527482742	-3.705330770783	406.465972713589	300.117946980609	-135.042920663014	-37.402329479981	
0.335344827586	0.037418285725	-0.009407692712	1.032553125374	14.729728354827	-3.703343309705	406.465094644979	300.117458039521	-135.042098393702	-37.401263254005	
0.336206896552	0.037418782470	-0.009405384086	1.032551191120	14.729923898831	-3.702434517754	406.464333225015	300.117080519536	-135.041366785752	-37.400856501761	
0.337068965517	0.037419636018	-0.009405536685	1.032549681697	14.730259898378	-3.702494588317	406.463739039779	300.116823065675	-135.040740741177	-37.401048507429	
0.337931034483	0.037420553041	-0.009408074615	1.032548511276	14.730620884799	-3.703493646000	406.463278302959	300.116673566467	-135.040179486232	-37.401818845599	
0.338793103448	0.037421058821	-0.009413038470	1.032547651778	14.730819985492	-3.705447670118	406.462939961230	300.116632459537	-135.039696676900	-37.403197072500	
0.339655172414	0.037421215559	-0.009420335744	1.032547154666	14.730881685605	-3.708320245719	406.462744272549	300.116701745227	-135.039320331053	-37.405184849074	
0.340517241379	0.037421299504	-0.009429705327	1.032547033080	14.730914730516	-3.712008587225	406.462696410151	300.116870551826	-135.039056679414	-37.407676990677	
0.341379310345	0.037421349777	-0.009440797419	1.032547286835	14.730934520676	-3.716374995276	406.462796301253	300.117131185477	-135.038896506321	-37.410560655788	
0.342241379310	0.037421326498	-0.009453060557	1.032547946609	14.730925356916	-3.721202386003	406.463056021619	300.117478298894	-135.038856179436	-37.413695499708	
0.343103448276	0.037421400216	-0.009465714619	1.032549153329	14.730954375999	-3.726183664334	406.463531047413	300.117916732058	-135.039012593653	-37.416862606715	
0.343965517241	0.037421637192	-0.009478145706	1.032550994157	14.731047661620	-3.731077168569	406.464255690391	300.118451563652	-135.039374806435	-37.419936543278	
0.344827586207	0.037421605269	-0.009490157527	1.032553307237	14.731035094955	-3.735805628457	406.465166235622	300.119060324461	-135.039866661971	-37.422903205515	
0.345689655172	0.037421010701	-0.009501610452	1.032556003584	14.730801043044	-3.740314078605	406.466227654167	300.119732126948	-135.040506656645	-37.425701277312	
0.346551724138	0.037420277914	-0.009512101719	1.032559234845	14.730512580992	-3.744443971442	406.467499641459	300.120479285401	-135.041368007432	-37.428219395349	
0.347413793103	0.037419720292	-0.009521255349	1.032563009573	14.730293072901	-3.748047302925	406.468985565433	300.121290830615	-135.042421032766	-37.430367791688	
0.348275862069	0.037418959361	-0.009529023910	1.032567138762	14.729993532099	-3.751105400945	406.470611022732	300.122140488864	-135.043609150926	-37.432123072422	
0.349137931034	0.037417688329	-0.009535533306	1.032571515885	14.729493189733	-3.753667828293	406.472334079507	300.123018420091	-135.044923579783	-37.433541321381	
0.350000000000	0.037416150186	-0.009540865106	1.032576120854	14.728887698674	-3.755766694351	406.474146828035	300.123913890555	-135.046360598154	-37.434652371508	
0.350862068966	0.037414628912	-0.009545052529	1.032580901787	14.728288848571	-3.757415075405	406.476028845171	300.124811681285	-135.047898873498	-37.435420208976	
0.351724137931	0.037413137946	-0.009548135513	1.032585762166	14.727701928735	-3.758628693733	406.477942135739	300.125698424909	-135.049492408927	-37.435847333698	
0.352586206897	0.037411701592	-0.009550034739	1.032590648751	14.727136507434	-3.759376325140	406.479865742734	300.126564753063	-135.051130963792	-37.435913949076	
0.353448275862	0.037410577367	-0.009550542134	1.032595641868	14.726693955407	-3.759576061705	406.481831285814	300.127417657747	-135.052862716760	-37.435549601039	
0.354310344828	0.037409825158	-0.009549683259	1.032600724154	14.726397848175	-3.759237964757	406.483831930677	300.128258678156	-135.054648498003	-37.434802260573	
0.355172413793	0.037408986317	-0.009547890530	1.032605624869	14.726067637740	-3.758532256119	406.485761099594	300.129059619853	-135.056378926032	-37.433815786764	
0.356034482759	0.037407850443	-0.009545574885	1.032610201776	14.725620500573	-3.757620701337	406.487562801654	300.129809985768	-135.058055274041	-37.432673182042	
0.356896551724	0.037406910132	-0.009542836290	1.032614541078	14.725250346318	-3.756542652050	406.489270970218	300.130518468182	-135.059715610421	-37.431401503912	
0.357758620690	0.037406434096	-0.009539758303	1.032618570113	14.725062954726	-3.755331000684	406.490857001722	300.131168571238	-135.061299720990	-37.430030536907	
0.358620689655	0.037406025208	-0.009536653234	1.032622052777	14.724901995658	-3.754108688613	406.492227954383	300.131731746670	-135.062736996515	-37.428637895306	
0.359482758621	0.037405421023	-0.009533900671	1.032624849259	14.724664157790	-3.753025140493	406.493328791261	300.132194531583	-135.064001273663	-37.427359062971	
0.360344827586	0.037404834365	-0.009531770224	1.032626884499	14.724433219579	-3.752186488840	406.494129964361	300.132539584782	-135.065067738462	-37.426275270543	
0.361206896552	0.037404516950	-0.009530381631	1.032628092763	14.724308269259	-3.751639868605	406.494605598348	300.132750997152	-135.065911510551	-37.425383715435	
0.362068965517	0.037404535673	-0.009529702896	1.032628454401	14.724315639497	-3.751372684116	406.494747957180	300.132820216975	-135.066516721734	-37.424677940725	
0.362931034483	0.037404826003	-0.009529628803	1.032627937008	14.724429928054	-3.751343517568	406.494544285125	300.132736175522	-135.066866670225	-37.424154911629	
0.363793103448	0.037405338125	-0.009530122441	1.032626492348	14.724631525237	-3.751537838513	406.493975593791	300.132491498690	-135.066944203889	-37.423823940555	
0.364655172414	0.037406076539	-0.009531189152	1.032624127958	14.724922202168	-3.751957749837	406.493044850456	300.132087292164	-135.066743376898	-37.423698436918	
0.365517241379	0.037407037538	-0.009532792689	1.032620892692	14.725300500041	-3.752588982883	406.491771286538	300.131527144653	-135.066269527900	-37.423777456511	
0.366379310345	0.037408183321	-0.009534849932	1.032616813173	14.725751537948	-3.753398817692	406.490165381457	300.130812658776	-135.065525123584	-37.424049607462	
0.367241379310	0.037409475513	-0.009537288863	1.032611916336	14.726260209967	-3.754358904214	406.488237739152	300.129946373234	-135.064513226869	-37.424505971799	
0.368103448276	0.037410879677	-0.009540077378	1.032606284123	14.726812960071	-3.755456604626	406.486020615122	300.128939565605	-135.063252189967	-37.425144376031	
0.368965517241	0.037412357491	-0.009543192023	1.032600018254	14.727394702392	-3.756682686536	406.483554052439	300.127806910193	-135.061766436175	-37.425962114858	
0.369827586207	0.037413879838	-0.009546601280	1.032593221618	14.727993975014	-3.758024742293	406.480878553167	300.126563713028	-135.060080352816	-37.426951362554	
0.370689655172	0.037415430431	-0.009550267577	1.032586013875	14.728604366904	-3.759467981985	406.478041221332	300.125228169211	-135.058223096070	-37.428099692137	
0.371551724138	0.037416997123	-0.009554143271	1.032578532806	14.729221096088	-3.760993650900	406.475096294393	300.123823157434	-135.056229449706	-37.429390128316	
0.372413793103	0.037418570908	-0.009558166802	1.032570916832	14.729840617362	-3.762577516331	406.472098262109	300.122373127054	-135.054134954431	-37.430800708427	
0.373275862069	0.037420145316	-0.009562264835	1.032563308080	14.730460383830	-3.764190709198	406.469103072887	300.120904292923	-135.051977053082	-37.432304642393	
0.374137931034	0.037421711464	-0.009566356524	1.032555846615	14.731076898733	-3.765801404713	406.466165862982	300.119443304187	-135.049793726669	-37.433871938052	
0.375000000000	0.037423253105	-0.009570359756	1.032548669554	14.731683766737	-3.767377279235	406.463340609077	300.118017381040	-135.047623041257	-37.435471831302	
0.375862068966	0.037424746880	-0.009574197300	1.032541905593	14.732271791982	-3.768887930311	406.460677972274	300.116652751810	-135.045501731930	-37.437074751358	
0.376724137931	0.037426166145	-0.009577800703	1.032535675976	14.732830486407	-3.770306411846	406.458225680025	300.115375106194	-135.043465415843	-37.438652902348	
0.377586206897	0.037427486984	-0.009581111743	1.032530086693	14.733350435304	-3.771609804576	406.456025456084	300.114207845633	-135.041546415321	-37.440180328233	
0.378448275862	0.037428691542	-0.009584082078	1.032525230333	14.733824610346	-3.772779078564	406.454113747044	300.113172527161	-135.039774221218	-37.441632669161	
0.379310344828	0.037429768607	-0.009586670929	1.032521181442	14.734248597355	-3.773798181032	406.452519899196	300.112287487003	-135.038174232037	-37.442987041663	
0.380172413793	0.037430711804	-0.009588842352	1.032517999600	14.734619887479	-3.774652963136	406.451267365281	300.111568542300	-135.036768375868	-37.444221831670	
0.381034482759	0.037431518490	-0.009590562703	1.032515725700	14.734937439760	-3.775330180090	406.450372243447	300.111027840132	-135.035574295930	-37.445316437837	
0.381896551724	0.037432188677	-0.009591800195	1.032514386899	14.735201259416	-3.775817319429	406.449845223496	300.110674881345	-135.034606789791	-37.446251293302	
0.382758620690	0.037432724657	-0.009592526033	1.032513994199	14.735412248114	-3.776103045886	406.449690637116	300.110515559707	-135.033877030715	-37.447008545252	
0.383620689655	0.037433129746	-0.009592715998	1.032514548453	14.735571711529	-3.776177825987	406.449908819246	300.110553396423	-135.033393994273	-37.447572509335	
0.384482758621	0.037433407955	-0.009592350937	1.032516038767	14.735681228648	-3.776034119508	406.450495482051	300.110788791284	-135.033163965193	-37.447929888592	
0.385344827586	0.037433563731	-0.009591416783	1.032518447773	14.735742550152	-3.775666389196	406.451443788837	300.111220216615	-135.033191552434	-37.448069857168	
0.386206896552	0.037433602239	-0.009589903671	1.032521748623	14.735757708799	-3.775070751895	406.452743170184	300.111843357615	-135.033478620349	-37.447984011584	
0.387068965517	0.037433528791	-0.009587805367	1.032525909112	14.735728795810	-3.774244753161	406.454380949041	300.112652278779	-135.034025171848	-37.447666158854	
0.387931034483	0.037433348827	-0.009585119261	1.032530886902	14.735657953004	-3.773187366353	406.456340458715	300.113638375714	-135.034827872755	-37.447112488065	
0.388793103448	0.037433067305	-0.009581847640	1.032536631979	14.735547131617	-3.771899490956	406.458602011196	300.114791336421	-135.035880513646	-37.446321891450	
0.389655172414	0.037432688610	-0.009577999300	1.032543081587	14.735398058414	-3.770384589699	406.461140902835	300.116098079209	-135.037172731311	-37.445296420068	
0.390517241379	0.037432216180	-0.009573591851	1.032550163162	14.735212085885	-3.768649594863	406.463928568902	300.117543742239	-135.038690740022	-37.444041783736	
0.391379310345	0.037431652942	-0.009568653533	1.032557790012	14.734990366854	-3.766705623367	406.466930882547	300.119110629490	-135.040416126028	-37.442567904838	
0.392241379310	0.037431001422	-0.009563224405	1.032565865818	14.734733895652	-3.764568444536	406.470109927827	300.120779364425	-135.042326971464	-37.440889091193	
0.393103448276	0.037430264527	-0.009557355853	1.032574282342	14.734443816740	-3.762258285830	406.473423096829	300.122528097728	-135.044397295631	-37.439023864486	
0.393965517241	0.037429445889	-0.009551109102	1.032582925363	14.734121559328	-3.759799248869	406.476825426938	300.124333848983	-135.046598532325	-37.436994401383	
0.394827586207	0.037428550643	-0.009544552371	1.032591673004	14.733769145149	-3.757218188065	406.480268940536	300.126171806439	-135.048899022493	-37.434825781614	
0.395689655172	0.037427585518	-0.009537757749	1.032600401783	14.733389223513	-3.754543481474	406.483705028996	300.128016731267	-135.051265495999	-37.432545015982	
0.396551724138	0.037426559210	-0.009530797728	1.032608984673	14.732985216643	-3.751803665628	406.487083688078	300.129842281707	-135.053662538918	-37.430180124539	
0.397413793103	0.037425482026	-0.009523742604	1.032617296617	14.732561182749	-3.749026412100	406.490355689431	300.131622403418	-135.056053996130	-37.427759292115	
0.398275862069	0.037424365872	-0.009516658463	1.032625212063	14.732121807835	-3.746237736216	406.493471608947	300.133330623780	-135.058402390124	-37.425310305975	
0.399137931034	0.037423223649	-0.009509606612	1.032632610242	14.731672171319	-3.743461771165	406.496383906262	300.134941439366	-135.060670364470	-37.422860206506	
0.400000000000	0.037422069161	-0.009502643697	1.032639372919	14.731217706435	-3.740720815778	406.499046037695	300.136429646326	-135.062820259460	-37.420435225128	
0.400862068966	0.037420916616	-0.009495822965	1.032645390263	14.730764006464	-3.738035831031	406.501414768473	300.137771802642	-135.064815792991	-37.418060839493	
0.401724137931	0.037419780726	-0.009489195648	1.032650559379	14.730316862921	-3.735426984387	406.503449593784	300.138945653649	-135.066621894214	-37.415761961308	
0.402586206897	0.037418676427	-0.009482812820	1.032654790882	14.729882154970	-3.732914380700	406.505115327075	300.139931687632	-135.068206581932	-37.413563086632	
0.403448275862	0.037417619103	-0.009476726708	1.032658007829	14.729465938867	-3.730518579308	406.506381680047	300.140712618212	-135.069540891526	-37.411488429561	
0.404310344828	0.037416624345	-0.009470991936	1.032660152239	14.729074351602	-3.728261083255	406.507225828384	300.141274942538	-135.070600707963	-37.409561907633	
0.405172413793	0.037415708095	-0.009465665840	1.032661183489	14.728713669472	-3.726164462790	406.507631780180	300.141608360291	-135.071366514797	-37.407807039992	
0.406034482759	0.037414886254	-0.009460808513	1.032661083819	14.728390151348	-3.724252373375	406.507592545246	300.141707199260	-135.071824921915	-37.406246680349	
0.406896551724	0.037414174621	-0.009456481872	1.032659855422	14.728110016445	-3.722549188555	406.507108985889	300.141569640723	-135.071968034789	-37.404902674447	
0.407758620690	0.037413588300	-0.009452748551	1.032657524485	14.727879210861	-3.721079564737	406.506191411600	300.141198911458	-135.071794572037	-37.403795394265	
0.408620689655	0.037413141473	-0.009449670017	1.032654136866	14.727703317175	-3.719867698442	406.504857873525	300.140602256536	-135.071308846019	-37.402943253566	
0.409482758621	0.037412846684	-0.009447304799	1.032649760842	14.727587273469	-3.718936628770	406.503135249081	300.139791875416	-135.070521527688	-37.402362177075	
0.410344827586	0.037412714536	-0.009445706246	1.032644481693	14.727535253415	-3.718307357501	406.501057109435	300.138783651887	-135.069448338487	-37.402065123969	
0.411206896552	0.037412752970	-0.009444920741	1.032638403555	14.727550382826	-3.717998143254	406.498664446925	300.137597867501	-135.068110577543	-37.402061638113	
0.412068965517	0.037412967002	-0.009444985727	1.032631643269	14.727634636524	-3.718023724970	406.496003256667	300.136257735317	-135.066533628076	-37.402357508504	
0.412931034483	0.037413358109	-0.009445928400	1.032624331603	14.727788596242	-3.718394808664	406.493125015536	300.134789940592	-135.064747322577	-37.402954501738	
0.413793103448	0.037413924119	-0.009447764357	1.032616606592	14.728011406408	-3.719117534216	406.490084060755	300.133223029587	-135.062784316351	-37.403850223252	
0.414655172414	0.037414658800	-0.009450496957	1.032608614306	14.728300613852	-3.720193223613	406.486937893145	300.131587829467	-135.060680330878	-37.405038053828	
0.415517241379	0.037415551990	-0.009454116598	1.032600501897	14.728652218458	-3.721618097214	406.483744439071	300.129915749126	-135.058472437682	-37.406507197560	
0.416379310345	0.037416589464	-0.009458600652	1.032592418213	14.729060620920	-3.723383247459	406.480562292443	300.128239141559	-135.056199238098	-37.408242784667	
0.417241379310	0.037417753342	-0.009463913249	1.032584506922	14.729518782002	-3.725474554202	406.477448008432	300.126589589055	-135.053899137727	-37.410226061444	
0.418103448276	0.037419022227	-0.009470005690	1.032576907410	14.730018279343	-3.727872847045	406.474456456539	300.124998286911	-135.051610561053	-37.412434622730	
0.418965517241	0.037420371865	-0.009476816730	1.032569748443	14.730549565126	-3.730554016629	406.471638325157	300.123494395526	-135.049370323544	-37.414842725804	
0.419827586207	0.037421775515	-0.009484273558	1.032563149747	14.731102112375	-3.733489400746	406.469040745062	300.122105524087	-135.047213980407	-37.417421656097	
0.420689655172	0.037423204782	-0.009492292739	1.032557216517	14.731664744233	-3.736646155962	406.466705125931	300.120856219880	-135.045174375336	-37.420140185531	
0.421551724138	0.037424630142	-0.009500781954	1.032552041856	14.732225837856	-3.739987939693	406.464668117792	300.119768607141	-135.043282171515	-37.422965097476	
0.422413793103	0.037426021865	-0.009509641728	1.032547702156	14.732773690566	-3.743475594577	406.462959792495	300.118861051918	-135.041564591774	-37.425861806384	
0.423275862069	0.037427350592	-0.009518767933	1.032544260310	14.733296744677	-3.747068130036	406.461604908031	300.118148975165	-135.040046116420	-37.428795032853	
0.424137931034	0.037428588258	-0.009528054148	1.032541761799	14.733783952651	-3.750723653891	406.460621367632	300.117643695531	-135.038747377851	-37.431729538725	
0.425000000000	0.037429708622	-0.009537394559	1.032540238448	14.734224984224	-3.754400511513	406.460021699695	300.117353402469	-135.037685973623	-37.434630865723	
0.425862068966	0.037430688089	-0.009546686410	1.032539704990	14.734610552093	-3.758058253538	406.459811703669	300.117282150620	-135.036875459941	-37.437466062100	
0.426724137931	0.037431506105	-0.009555832644	1.032540163152	14.734932564380	-3.761658673653	406.459992059507	300.117430956186	-135.036326227062	-37.440204335131	
0.427586206897	0.037432145792	-0.009564743760	1.032541598499	14.735184377800	-3.765166539086	406.460557084512	300.117796900334	-135.036044545240	-37.442817612855	
0.428448275862	0.037432594137	-0.009573339546	1.032543984681	14.735360868720	-3.768550274983	406.461496406432	300.118374302257	-135.036033464090	-37.445280966942	
0.429310344828	0.037432842393	-0.009581549838	1.032547280425	14.735458595088	-3.771782260972	406.462793777907	300.119153886299	-135.036291883594	-37.447572898077	
0.430172413793	0.037432886041	-0.009589315063	1.032551433837	14.735475776951	-3.774839045831	406.464428770658	300.120123989880	-135.036815460551	-37.449675464484	
0.431034482759	0.037432724960	-0.009596585828	1.032556379466	14.735412367590	-3.777701186452	406.466375620092	300.121269761145	-135.037595701316	-37.451574279794	
0.431896551724	0.037432363177	-0.009603322443	1.032562042634	14.735269951187	-3.780353058749	406.468604929251	300.122574378556	-135.038620885785	-37.453258387554	
0.432758620690	0.037431808840	-0.009609493706	1.032568336601	14.735051736260	-3.782782379535	406.471082552870	300.124018268895	-135.039875207496	-37.454720055138	
0.433620689655	0.037431073795	-0.009615075876	1.032575166992	14.734762385446	-3.784979803849	406.473771339857	300.125580339830	-135.041339754522	-37.455954505668	
0.434482758621	0.037430173402	-0.009620051196	1.032582429179	14.734407945459	-3.786938341246	406.476630103855	300.127237230661	-135.042991747271	-37.456959630532	
0.435344827586	0.037429125966	-0.009624406844	1.032590012957	14.733995621647	-3.788652944645	406.479615461857	300.128964576446	-135.044805631450	-37.457735695922	
0.436206896552	0.037427952423	-0.009628133635	1.032597800295	14.733533655876	-3.790119997906	406.482680951890	300.130736313369	-135.046752467663	-37.458285072159	
0.437068965517	0.037426675663	-0.009631225292	1.032605670392	14.733031058256	-3.791337030302	406.485779019844	300.132525993878	-135.048801181338	-37.458611985343	
0.437931034483	0.037425320121	-0.009633677548	1.032613497892	14.732497448398	-3.792302362216	406.488860319504	300.134306160855	-135.050918133711	-37.458722303906	
0.438793103448	0.037423911045	-0.009635487847	1.032621158336	14.731942764866	-3.793014987449	406.491875857388	300.136049718702	-135.053068537685	-37.458623347959	
0.439655172414	0.037422474063	-0.009636654862	1.032628526801	14.731377096306	-3.793474383339	406.494776457682	300.137729371668	-135.055216197310	-37.458323724669	
0.440517241379	0.037421034469	-0.009637178574	1.032635483634	14.730810399278	-3.793680542878	406.497515018640	300.139319035364	-135.057325053798	-37.457833174366	
0.441379310345	0.037419616847	-0.009637060132	1.032641913327	14.730252351692	-3.793633917933	406.500046070710	300.140793314552	-135.059359037664	-37.457162429962	
0.442241379310	0.037418244457	-0.009636302218	1.032647710298	14.729712109553	-3.793335564652	406.502328051468	300.142128921753	-135.061283672323	-37.456323077843	
0.443103448276	0.037416938978	-0.009634909149	1.032652777731	14.729198207292	-3.792787182637	406.504322849098	300.143304155030	-135.063065953996	-37.455327425916	
0.443965517241	0.037415720034	-0.009632887439	1.032657033101	14.728718369296	-3.791991335353	406.505997977949	300.144300278811	-135.064675919554	-37.454188370460	
0.444827586207	0.037414605071	-0.009630246027	1.032660406673	14.728279463527	-3.790951542145	406.507325986321	300.145100954009	-135.066086457811	-37.452919267773	
0.445689655172	0.037413609015	-0.009626996904	1.032662846468	14.727887365374	-3.789672523031	406.508286413001	300.145693531889	-135.067274745539	-37.451533802490	
0.446551724138	0.037412744268	-0.009623155332	1.032664316131	14.727546957329	-3.788160286155	406.508864946539	300.146068384056	-135.068221897967	-37.450045860626	
0.447413793103	0.037412020477	-0.009618740419	1.032664799089	14.727262036530	-3.786422353086	406.509055063251	300.146220065794	-135.068914191552	-37.448469399119	
0.448275862069	0.037411444618	-0.009613775060	1.032664295480	14.727035349217	-3.784467736766	406.508856817349	300.146146485299	-135.069342463613	-37.446818286429	
0.449137931034	0.037411020896	-0.009608286327	1.032662825368	14.726868551111	-3.782307094062	406.508278107078	300.145849898661	-135.069503060158	-37.445106181216	
0.450000000000	0.037410750868	-0.009602305273	1.032660425367	14.726762254374	-3.779952649038	406.507333345116	300.145336032757	-135.069397135074	-37.443346364149	
0.450862068966	0.037410633229	-0.009595866318	1.032657150589	14.726715945799	-3.777417951192	406.506044226933	300.144614779156	-135.069031258409	-37.441551475514	
0.451724137931	0.037410664281	-0.009589006956	1.032653069794	14.726728169431	-3.774717759308	406.504437819906	300.143699096181	-135.068416264527	-37.439733416424	
0.452586206897	0.037410837969	-0.009581767437	1.032648266358	14.726796541809	-3.771867918787	406.502546944669	300.142605551684	-135.067567623063	-37.437903142074	
0.453448275862	0.037411146123	-0.009574189553	1.032642832996	14.726917846486	-3.768884880596	406.500408098998	300.141353000266	-135.066504143955	-37.436070466642	
0.454310344828	0.037411578687	-0.009566317102	1.032636874686	14.727088125806	-3.765785886306	406.498062607020	300.139963506238	-135.065248687116	-37.434244151010	
0.455172413793	0.037412123496	-0.009558194095	1.032630501468	14.727302590014	-3.762588259983	406.495553786224	300.138460559310	-135.063826492148	-37.432431582087	
0.456034482759	0.037412765645	-0.009549863740	1.032623828937	14.727555372218	-3.759309011250	406.492927140642	300.136869534707	-135.062265381044	-37.430638585522	
0.456896551724	0.037413486163	-0.009541369257	1.032616973233	14.727839004510	-3.755965153713	406.490228389133	300.135216474743	-135.060594887733	-37.428869695254	
0.457758620690	0.037414262489	-0.009532755725	1.032610052177	14.728144605981	-3.752574432159	406.487503911770	300.133528579169	-135.058846619427	-37.427129316629	
0.458620689655	0.037415081340	-0.009524071869	1.032603181167	14.728466947051	-3.749156027338	406.484799135164	300.131832611909	-135.057051721720	-37.425424045459	
0.459482758621	0.037415939696	-0.009515373411	1.032596473955	14.728804839194	-3.745731874710	406.482158837430	300.130154332671	-135.055240866013	-37.423761492558	
0.460344827586	0.037416780088	-0.009506759042	1.032590006579	14.729135660042	-3.742340823697	406.479612951273	300.128514251276	-135.053431718638	-37.422157668353	
0.461206896552	0.037417509622	-0.009498375668	1.032583793461	14.729422841313	-3.739040704019	406.477167153956	300.126927645167	-135.051618799735	-37.420642559224	
0.462068965517	0.037418230248	-0.009490190954	1.032577939735	14.729706516290	-3.735818787021	406.474862831838	300.125418298410	-135.049848893327	-37.419173863285	
0.462931034483	0.037419229315	-0.009481909732	1.032572694816	14.730099799425	-3.732558879304	406.472798166549	300.124023805482	-135.048213767450	-37.417644891202	
0.463793103448	0.037420530588	-0.009473351334	1.032568179935	14.730612046480	-3.729189861564	406.471020881238	300.122768849268	-135.046721089253	-37.416044884116	
0.464655172414	0.037421617900	-0.009464727117	1.032564283181	14.731040067336	-3.725794933940	406.469486922027	300.121650004955	-135.045335110380	-37.414438829315	
0.465517241379	0.037422094952	-0.009456497095	1.032560888930	14.731227859148	-3.722555181084	406.468150773242	300.120669352855	-135.044043032202	-37.412943918728	
0.466379310345	0.037422284286	-0.009448852668	1.032558078946	14.731302390482	-3.719545948292	406.467044621235	300.119840739527	-135.042892339169	-37.411579740746	
0.467241379310	0.037422729330	-0.009441547456	1.032556038720	14.731477582464	-3.716670247705	406.466241485346	300.119180122561	-135.041958525271	-37.410209604715	
0.468103448276	0.037423520785	-0.009434350933	1.032554843966	14.731789138849	-3.713837332615	406.465771169849	300.118701883763	-135.041235257111	-37.408801954601	
0.468965517241	0.037424143800	-0.009427329123	1.032554349205	14.732034389271	-3.711073193165	406.465576406747	300.118391320036	-135.040676595208	-37.407402787134	
0.469827586207	0.037424264896	-0.009420781747	1.032554463771	14.732082058687	-3.708495815277	406.465621505897	300.118247706141	-135.040287988939	-37.406097215218	
0.470689655172	0.037424110860	-0.009414929106	1.032555195457	14.732021422281	-3.706191919751	406.465909534560	300.118270235499	-135.040080942697	-37.404937931062	
0.471551724138	0.037423952311	-0.009409775895	1.032556522268	14.731959009253	-3.704163355596	406.466431834312	300.118444490735	-135.040053534247	-37.403876520041	
0.472413793103	0.037423844157	-0.009405227608	1.032558412441	14.731916434634	-3.702372920126	406.467175901817	300.118761436297	-135.040202563179	-37.402877222626	
0.473275862069	0.037423714673	-0.009401182671	1.032560806935	14.731865463124	-3.700780628334	406.468118495844	300.119208142078	-135.040516376734	-37.401931931630	
0.474137931034	0.037423514398	-0.009397659007	1.032563654569	14.731786624599	-3.699393536066	406.469239468297	300.119775039456	-135.040987979790	-37.401053725998	
0.475000000000	0.037423242618	-0.009394721953	1.032566922808	14.731679638315	-3.698237363299	406.470526012423	300.120455232997	-135.041612418982	-37.400261968410	
0.475862068966	0.037422911517	-0.009392390823	1.032570563488	14.731549300516	-3.697319712468	406.471959167886	300.121235227037	-135.042378280016	-37.399562510027	
0.476724137931	0.037422520120	-0.009390653321	1.032574498571	14.731395226721	-3.696635743920	406.473508215584	300.122097889941	-135.043268045836	-37.398955651247	
0.477586206897	0.037422069870	-0.009389505678	1.032578633678	14.731217985441	-3.696183973885	406.475136002602	300.123024467717	-135.044260245128	-37.398445909918	
0.478448275862	0.037421572555	-0.009388974588	1.032582896622	14.731022217377	-3.695974910004	406.476814112864	300.123998891940	-135.045337841816	-37.398044299253	
0.479310344828	0.037421035764	-0.009389090082	1.032587224323	14.730810909038	-3.696020374375	406.478517714902	300.125004919683	-135.046485399966	-37.397762278718	
0.480172413793	0.037420464170	-0.009389868288	1.032591544096	14.730585900970	-3.696326715304	406.480218195717	300.126024301280	-135.047683298422	-37.397608615050	
0.481034482759	0.037419865355	-0.009391314929	1.032595786145	14.730350177094	-3.696896186534	406.481888080658	300.127038915097	-135.048911234945	-37.397590427379	
0.481896551724	0.037419250070	-0.009393423044	1.032599894104	14.730107969928	-3.697726047159	406.483505181059	300.128033507965	-135.050151818208	-37.397712283072	
0.482758620690	0.037418636722	-0.009396165940	1.032603812756	14.729866524907	-3.698805789392	406.485047760281	300.128993665073	-135.051387107063	-37.397973655534	
0.483620689655	0.037418051859	-0.009399497151	1.032607490713	14.729636293251	-3.700117122646	406.486495590080	300.129906052040	-135.052599415874	-37.398368265172	
0.484482758621	0.037417520762	-0.009403355669	1.032610880905	14.729427226676	-3.701636030299	406.487830141048	300.130758195674	-135.053771603652	-37.398886183200	
0.485344827586	0.037417057193	-0.009407673193	1.032613942581	14.729244742644	-3.703335625830	406.489035371513	300.131539360087	-135.054887558727	-37.399516766087	
0.486206896552	0.037416661287	-0.009412381197	1.032616639856	14.729088893752	-3.705188934133	406.490097155047	300.132239942761	-135.055932125337	-37.400250539260	
0.487068965517	0.037416325102	-0.009417415373	1.032618944452	14.728956554681	-3.707170640373	406.491004360763	300.132852274438	-135.056892158416	-37.401079312509	
0.487931034483	0.037416040509	-0.009422717511	1.032620832386	14.728844524263	-3.709257829643	406.491747546875	300.133369787331	-135.057755898770	-37.401995594477	
0.488793103448	0.037415803513	-0.009428235902	1.032622286748	14.728751230672	-3.711430147388	406.492320057354	300.133787708940	-135.058513585825	-37.402992229376	
0.489655172414	0.037415614166	-0.009433923249	1.032623296043	14.728676693983	-3.713668974369	406.492717366926	300.134102414828	-135.059156847211	-37.404062096614	
0.490517241379	0.037415474295	-0.009439733226	1.032623857233	14.728621634026	-3.715956075290	406.492938279357	300.134312273304	-135.059679471649	-37.405197477549	
0.491379310345	0.037415386055	-0.009445617377	1.032623973416	14.728586898165	-3.718272374188	406.492984015062	300.134416981158	-135.060076944709	-37.406389487855	
0.492241379310	0.037415351108	-0.009451524366	1.032623656324	14.728573141366	-3.720597663921	406.492859191564	300.134418306105	-135.060347310284	-37.407627872576	
0.493103448276	0.037415370064	-0.009457401489	1.032622923835	14.728580603413	-3.722911196283	406.492570846945	300.134319378201	-135.060490697618	-37.408901393033	
0.493965517241	0.037415441767	-0.009463197592	1.032621801863	14.728608829025	-3.725192835384	406.492129182206	300.134125306010	-135.060509837063	-37.410198517539	
0.494827586207	0.037415563118	-0.009468865444	1.032620321535	14.728656598936	-3.727423988591	406.491546449957	300.133842396997	-135.060409462146	-37.411507972516	
0.495689655172	0.037415729286	-0.009474363414	1.032618520833	14.728722011172	-3.729588267480	406.490837602837	300.133478695640	-135.060196712294	-37.412819131601	
0.496551724138	0.037415934311	-0.009479656002	1.032616441377	14.728802719260	-3.731671697257	406.490019023638	300.133043102043	-135.059880189995	-37.414122264235	
0.497413793103	0.037416171411	-0.009484713782	1.032614129850	14.728896053992	-3.733662695348	406.489109089936	300.132545865559	-135.059470273983	-37.415408504810	
0.498275862069	0.037416433426	-0.009489512892	1.032611634533	14.728999196492	-3.735551867636	406.488126806965	300.131997682594	-135.058978217432	-37.416669784349	
0.499137931034	0.037416713071	-0.009494034675	1.032609006052	14.729109278519	-3.737331869680	406.487092104132	300.131410095478	-135.058416362434	-37.417898733581	
0.500000000000	0.037417003217	-0.009498265264	1.032606293425	14.729223494942	-3.738997243525	406.486024276858	300.130794522454	-135.057797194762	-37.419088637130	
0.500862068966	0.037417296992	-0.009502195492	1.032603544445	14.729339139380	-3.740544379854	406.484942139514	300.130162567000	-135.057133428442	-37.420233461046	
