dbx_v3_0_m5_0										
Time	Cx	Cy	Cz	Fx	Fy	Fz	Mx	My	Mz	
0.000000000000	0.000000000000	0.000000000000	0.000000000000	0.000000000000	0.000000000000	0.000000000000	0.000000000000	0.000000000000	0.000000000000	
0.000862068966	1.828208285940	0.293002982226	20.502667121987	719.674588544436	115.340687544901	8070.879362356810	3820.673137271303	-5501.333607710721	495.502065545645	
0.001724137931	-0.556126486316	0.544103446552	4.875814496384	-218.919312036910	214.186439824238	1919.365434721562	648.284044899016	-1318.093691122857	604.416045436699	
0.002586206897	-1.083953928793	1.197064722027	3.963532863923	-426.698699324884	471.224787630301	1560.245572106762	1041.525515332541	-1052.033917469048	722.937937256640	
0.003448275862	-1.162215811101	0.907482717535	4.086147202245	-457.506506280799	357.230768712895	1608.512732998666	1087.567886084532	-1192.864050154286	694.896137826983	
0.004310344828	-1.137695586172	0.902732970483	4.417911061091	-447.854114415719	355.361029754830	1739.111648037835	1071.358291016652	-1287.465301352298	731.384073615787	
0.005172413793	-1.170417966328	0.763602770328	4.581271090861	-460.735286466031	300.592396267800	1803.418359211214	1088.632128111792	-1290.515576799743	706.944140472619	
0.006034482759	-1.210029323770	0.787084721652	4.870756435986	-476.328305920082	309.836071502858	1917.374328148325	1119.865708347127	-1362.353824342125	721.692103426692	
0.006896551724	-1.232855273854	0.713563184515	4.934940807233	-485.313746124794	280.894302452331	1942.640519819572	1155.332632476900	-1373.342213798115	711.719532983941	
0.007758620690	-1.232228894710	0.658842708354	4.923021535180	-485.067171838743	259.353575135193	1937.948495789043	1206.258861465848	-1341.002619748954	705.083373641201	
0.008620689655	-1.193388981588	0.661473673249	4.893055943451	-469.777831608687	260.389255037255	1926.152534101408	1200.314895223548	-1312.746108664477	686.372311904485	
0.009482758621	-1.171792641255	0.600789059378	4.994673634961	-461.276427549397	236.500743616085	1966.154360419042	1214.871052847014	-1317.651265741294	655.690333568547	
0.010344827586	-1.127220122176	0.549804709650	5.023085443614	-443.730445740114	216.430743280497	1977.338675061737	1234.475024254298	-1303.695789116678	629.193301854205	
0.011206896552	-1.066773814333	0.570938449696	4.927476979087	-419.935743538860	224.750044636180	1939.702382250092	1225.009710004021	-1264.063166341191	617.751158685831	
0.012068965517	-0.998798943137	0.588978553415	4.834026336240	-393.177420739626	231.851535380505	1902.915516411420	1210.090890596768	-1227.354980496592	599.680426922228	
0.012931034483	-0.926893863118	0.575231557617	4.760691460552	-364.871970384251	226.440027501146	1874.047226680792	1194.677293448462	-1198.970798696322	571.481390715337	
0.013793103448	-0.862735571355	0.565979785765	4.673013532192	-339.616044907146	222.798065503714	1839.532791152635	1174.474725466930	-1171.950487680191	545.144390594821	
0.014655172414	-0.789571641544	0.558335006342	4.588996467323	-310.815048058086	219.788696424593	1806.459455332440	1148.052082774956	-1156.881446230671	522.347349939435	
0.015517241379	-0.696813948486	0.562437412405	4.523723930193	-274.300962054159	221.403609461676	1780.764906924853	1119.983526393266	-1153.934967605771	501.397471039833	
0.016379310345	-0.600701641443	0.584705464936	4.455707425906	-236.466331527106	230.169433173346	1753.990195250076	1092.439686361520	-1148.585134429223	484.258726267669	
0.017241379310	-0.493856912024	0.602495509428	4.388420359201	-194.406880602320	237.172488048489	1727.502626838157	1069.624031155370	-1140.477057547134	463.575552858810	
0.018103448276	-0.393650638719	0.611096292422	4.316577424221	-154.960659367627	240.558188141013	1699.221639890708	1048.990995237632	-1126.549835609702	440.092681035093	
0.018965517241	-0.308285453075	0.633204937356	4.241688563926	-121.356635511748	249.261261017488	1669.741623782117	1025.262841901610	-1115.641233398607	426.610229412025	
0.019827586207	-0.264497495384	0.648013621537	4.198970202882	-104.119496463004	255.090702759548	1652.925531685828	1009.661710564993	-1113.460859237320	422.782920367013	
0.020689655172	-0.224047316514	0.654095956208	4.202165432575	-88.196274771685	257.485015122579	1654.183334548128	1013.544425570147	-1114.373976445010	414.755855274354	
0.021551724138	-0.184617631515	0.654317091630	4.145574104474	-72.674770714459	257.572065129534	1631.906145958858	1001.419544360573	-1096.236257286493	401.487139044778	
0.022413793103	-0.156980947576	0.650932572307	4.038963177978	-61.795584083702	256.239748363426	1589.938731605407	976.771968946120	-1063.940009699822	388.630393431109	
0.023275862069	-0.136953241914	0.648663965177	3.948898402235	-53.911673402958	255.346710674526	1554.484713087111	958.382968276762	-1034.901675727438	378.717913563481	
0.024137931034	-0.119757455205	0.640383817567	3.900865315899	-47.142548232856	252.087228770454	1535.576478226131	951.751185936639	-1017.189789152874	369.908597648482	
0.025000000000	-0.112393569069	0.635453605671	3.861976426926	-44.243752857371	250.146449787674	1520.267858641792	946.295663117646	-1003.091864913844	364.073912078903	
0.025862068966	-0.100069254718	0.635223925483	3.819884283083	-39.392283838297	250.056036132090	1503.698277082431	938.310389234739	-991.000575364743	359.072529929872	
0.026724137931	-0.096229037121	0.643408270678	3.763336045245	-37.880581347566	253.277805394013	1481.438050984337	924.920978826706	-974.267774682700	356.895517864440	
0.027586206897	-0.094339726931	0.640361731203	3.718568188466	-37.136853981276	252.078534468606	1463.815174447436	919.121367972446	-960.111032859311	349.930927272858	
0.028448275862	-0.096867015480	0.628067519850	3.661366011397	-38.131721667061	247.238915501199	1441.297525029104	917.927902094943	-941.333465178238	340.173040852591	
0.029310344828	-0.104368970498	0.621548609273	3.601886266304	-41.084867888159	244.672744938013	1417.883310464140	911.095534991233	-923.550532863845	332.980971296824	
0.030172413793	-0.116993130690	0.623019028316	3.555173498909	-46.054371287476	245.251575713286	1399.494819440744	905.775325086277	-909.149769531850	330.000915781281	
0.031034482759	-0.128043597540	0.612167274141	3.540949717627	-50.404389961373	240.979780327028	1393.895624852306	906.044217004647	-902.783073629960	326.125159679509	
0.031896551724	-0.138743613494	0.601972693584	3.521619192952	-54.616453564207	236.966681478045	1386.286159618326	906.329129611381	-896.243022817324	324.561131231684	
0.032758620690	-0.145287724486	0.593156041808	3.493217407362	-57.192544276288	233.496004592964	1375.105790556947	900.491901416283	-888.095187483799	325.316793725361	
0.033620689655	-0.156735361526	0.598689963546	3.489482171696	-61.698909081498	235.674434086433	1373.635414226066	895.565240817253	-887.383113394817	330.636094951709	
0.034482758621	-0.172598067477	0.605349818192	3.481601685939	-67.943266722200	238.296087312956	1370.533259297475	889.803342001255	-886.947023520524	335.372108345723	
0.035344827586	-0.187779006652	0.605712143931	3.444233126554	-73.919246723084	238.438716918802	1355.823117785579	881.665436552232	-879.124096736712	337.759139374708	
0.036206896552	-0.193081916770	0.589705050876	3.411819568554	-76.006738441980	232.137521263775	1343.063513644078	874.741640736266	-868.938683985402	332.707459575217	
0.037068965517	-0.184971962992	0.589924187110	3.407156375982	-72.814253376999	232.223784289668	1341.227846875754	869.103839153986	-867.809117534059	331.920392370598	
0.037931034483	-0.175679018957	0.592909268848	3.389714390828	-69.156083940833	233.398862363710	1334.361805634353	864.914020540705	-860.985202056235	332.238109394308	
0.038793103448	-0.175171759148	0.586179544955	3.387184125469	-68.956401006810	230.749705092712	1333.365766126769	865.845100961248	-858.042552457318	331.546616902455	
0.039655172414	-0.183273105534	0.584722719446	3.384313191625	-72.145497769949	230.176225414841	1332.235622396151	867.183244741172	-856.895445310897	334.778661110719	
0.040517241379	-0.190994355220	0.577846198237	3.379487540951	-75.184969384821	227.469281348408	1330.336003960620	867.869823205924	-855.300710964348	337.839863314359	
0.041379310345	-0.191837481178	0.575378926070	3.378138227645	-75.516866101015	226.498039124536	1329.804846484938	866.356381205984	-856.709625473152	342.221868189295	
0.042241379310	-0.182592409988	0.566687468613	3.386689567417	-71.877541820551	223.076645010118	1333.171083242211	866.496741702028	-860.766300384551	339.089848829600	
0.043103448276	-0.167996695721	0.553020209396	3.398703933609	-66.131935731660	217.696525453034	1337.900541101184	868.637198048233	-863.784647402926	330.641734323731	
0.043965517241	-0.153629184257	0.541230356002	3.398465474593	-60.476161725751	213.055447105742	1337.806671657924	869.769238162182	-863.639986166543	321.853043101569	
0.044827586207	-0.151725893953	0.533316825777	3.391224294118	-59.726931084400	209.940284215231	1334.956179392124	869.319311191219	-862.469419856277	317.516720060440	
0.045689655172	-0.159313201365	0.527201064942	3.370252811601	-62.713676293862	207.532813635390	1326.700750747739	868.409307924737	-855.190771018160	315.260639846366	
0.046551724138	-0.162428545120	0.532798833429	3.342639925014	-63.940032039220	209.736376415229	1315.830931949912	866.141251312544	-848.297045346200	315.895132593119	
0.047413793103	-0.161361930515	0.532877756875	3.315724867545	-63.520158968497	209.767444646772	1305.235813735756	862.116607748220	-841.858087177229	312.305930795796	
0.048275862069	-0.157322037983	0.530431575082	3.290555182000	-61.929854396141	208.804504652798	1295.327761558239	856.426194617910	-835.896077554927	307.534144786784	
0.049137931034	-0.147063913707	0.529995843765	3.261272381565	-57.891741548756	208.632978925576	1283.800580811682	845.429937059204	-831.152680879443	303.690959251921	
0.050000000000	-0.134199422293	0.530087668930	3.244698154178	-52.827631711640	208.669125921614	1277.276132603549	840.928630019532	-825.815797441533	297.019429266600	
0.050862068966	-0.120697792461	0.532781300968	3.222250023664	-47.512712197801	209.729474757952	1268.439421154752	833.767618386727	-820.455234771446	290.010806297252	
0.051724137931	-0.106554882892	0.545649230350	3.204500199455	-41.945352776668	214.794937951977	1261.452199002634	825.431242593401	-818.338135914654	287.099401084523	
0.052586206897	-0.093140812460	0.549352735387	3.192247152007	-36.664901039826	216.252823513576	1256.628784215322	820.474823923700	-816.925742832304	281.837828323021	
0.053448275862	-0.079715834800	0.560005962950	3.182311061154	-31.380155669953	220.446468856021	1252.717439894456	812.372550567758	-818.296479947690	280.504893400025	
0.054310344828	-0.067835847682	0.572603074338	3.160225712120	-26.703596162800	225.405324487653	1244.023537453968	803.360938209131	-816.246187053970	279.137483659129	
0.055172413793	-0.054356101798	0.572307375566	3.143013758315	-21.397291269857	225.288922602174	1237.248048103307	795.880244972603	-813.748212442376	273.619199142915	
0.056034482759	-0.038576939358	0.575431524436	3.132091485608	-15.185820550940	226.518744482610	1232.948493081697	786.191161652969	-813.911285436037	271.028675556484	
0.056896551724	-0.026210552060	0.578218247376	3.108981459134	-10.317789507073	227.615738572967	1223.851226144341	772.991888570098	-810.340525221964	268.099618425855	
0.057758620690	-0.016866117370	0.583146834396	3.080621710060	-6.639350763087	229.555877922880	1212.687404766431	759.285905966297	-804.727102513493	265.996426115822	
0.058620689655	-0.010521906815	0.581979386717	3.050462491821	-4.141950901191	229.096311890935	1200.815221960808	745.351372648450	-799.035649041146	263.255810937356	
0.059482758621	-0.008101163096	0.587415720161	3.023983706301	-3.189024611161	231.236325730758	1190.391842294350	731.402454378025	-796.889494363448	265.588592506420	
0.060344827586	-0.007681853226	0.592061826926	2.994102245590	-3.023963189814	233.065266667283	1178.628998800166	719.938575914369	-791.714030571261	268.210196110987	
0.061206896552	-0.014817604414	0.591169502317	2.961484338063	-5.832953193395	232.714002891422	1165.788952422713	710.028729926055	-786.191443663426	271.191789304180	
0.062068965517	-0.017245996356	0.585252051472	2.948217633354	-6.788890208662	230.384597081983	1160.566511234706	706.601125922493	-783.615179111933	270.895867066999	
0.062931034483	-0.017062533455	0.579590901972	2.934413295698	-6.716669997652	228.156084352566	1155.132430720663	701.221927816569	-778.773303424954	268.475924225906	
0.063793103448	-0.018842631915	0.576628620856	2.909817449753	-7.417406142843	226.989981748446	1145.450270626278	693.856068256611	-770.074348139889	267.020140728444	
0.064655172414	-0.020015599924	0.568894880359	2.883157300006	-7.879145254175	223.945593123070	1134.955496892140	688.371751207318	-759.024276604593	263.582890447459	
0.065517241379	-0.024635210015	0.562603416197	2.858016398880	-9.697655768927	221.468956890339	1125.058775707516	684.077273285518	-747.211023509564	261.906437954291	
0.066379310345	-0.029189961319	0.555282153828	2.838597991706	-11.490634608368	218.586940369922	1117.414715508994	683.538610087243	-736.106665288911	259.552754263402	
0.067241379310	-0.032548830397	0.548367774035	2.824521195864	-12.812854149895	215.865093263679	1111.873381770440	685.825946674307	-725.406836722162	257.077155597774	
0.068103448276	-0.032132726441	0.541594592223	2.809933043724	-12.649054737545	213.198828773145	1106.130752514423	688.009216745133	-714.126371990669	253.280851288804	
0.068965517241	-0.030631378526	0.535876049979	2.803628852944	-12.058048804861	210.947723377651	1103.649106445605	693.116792896016	-705.651660937785	249.475177070343	
0.069827586207	-0.031702830350	0.531282852187	2.790933920758	-12.479826047733	209.139610069955	1098.651743635522	696.196221276573	-696.833582941881	246.453912188883	
0.070689655172	-0.036556657970	0.522956939279	2.780844866081	-14.390536343968	205.862112646688	1094.680185072127	699.539359833216	-689.695361513826	243.438866062751	
0.071551724138	-0.039250724190	0.518793219923	2.774630987229	-15.451056096335	204.223063618699	1092.234090313531	701.910816291430	-684.233075114229	241.225660992921	
0.072413793103	-0.036620284486	0.520144215780	2.767863501009	-14.415582935593	204.754883431148	1089.570067894116	701.172265025855	-681.287981037101	240.248877976414	
0.073275862069	-0.033230495872	0.524249569612	2.769011580158	-13.081191912063	206.370956858057	1090.022009500097	700.634598489507	-684.412047487225	241.833571964312	
0.074137931034	-0.026311487174	0.531665409940	2.762707203729	-10.357522636632	209.290204012808	1087.540290350845	695.207314601939	-686.414539716789	243.823072766794	
0.075000000000	-0.021706552350	0.542439168415	2.757744836385	-8.544789043574	213.531296374480	1085.586853368851	690.358866551110	-690.979736233984	247.645494433587	
0.075862068966	-0.018469338854	0.548334927256	2.755147491714	-7.270459248325	215.852163121857	1084.564408075252	686.629865226348	-696.802966216479	249.736787344977	
0.076724137931	-0.011952670787	0.554194840889	2.754905222784	-4.705171449597	218.158919395300	1084.469038858465	682.311543647675	-703.582406049207	251.561781722717	
0.077586206897	-0.004690184962	0.558409862216	2.755874414760	-1.846292328092	219.818163455567	1084.850561490080	679.143189166321	-709.717302768546	252.666752740821	
0.078448275862	0.001969467470	0.560517393310	2.754243115249	0.775281296888	220.647793528040	1084.208400083780	675.401842494354	-713.395556122839	252.517578275735	
0.079310344828	0.010412651829	0.561968793302	2.751652739789	4.098942652466	221.219137450131	1083.188698221476	671.658568455648	-714.675743173639	250.625144504315	
0.080172413793	0.010722075146	0.558996568823	2.741784651612	4.220747208311	220.049120638778	1079.304123169084	667.038331239272	-713.409037998253	249.437561074462	
0.081034482759	0.016422139549	0.556992903422	2.738293399315	6.464578797657	219.260377318921	1077.929790944481	664.633226410874	-712.758668547429	247.621894281978	
0.081896551724	0.020220162113	0.555893742820	2.736575635597	7.959671204410	218.827692509279	1077.253592884116	661.889812481842	-712.014275897921	246.890136864526	
0.082758620690	0.021800036636	0.551814623921	2.733194789788	8.581589153005	217.221946469254	1075.922722197709	660.229952649386	-709.396143357008	245.115657752417	
0.083620689655	0.019628345398	0.546222083775	2.728425705392	7.726702426093	215.020441827268	1074.045371090285	659.768294130857	-705.897874103670	243.946012882462	
0.084482758621	0.019610447638	0.539332952428	2.726142186358	7.719656968751	212.308533777051	1073.146463326596	659.854874921589	-702.090756182820	241.601468281443	
0.085344827586	0.016106618108	0.530717577098	2.723182467964	6.340373713827	208.917089408612	1071.981369538517	661.169298250545	-697.171945746880	239.248745097381	
0.086206896552	0.011908202250	0.522617188241	2.714820664876	4.687666400072	205.728369576990	1068.689743938345	662.320277750458	-690.642701445275	237.114800599255	
0.087068965517	0.006637881234	0.515497198520	2.707599165582	2.613003388587	202.925584077971	1065.846999173681	664.128554988377	-684.699250779032	235.349353547146	
0.087931034483	0.001352548986	0.510234508974	2.707310838541	0.532431201957	200.853925196174	1065.733499171605	666.207807220841	-682.621519576045	235.080674833964	
0.088793103448	-0.003928618173	0.506758179893	2.706955688742	-1.546501396602	199.485467498963	1065.593694376249	668.250768760595	-680.915618997299	234.554916828116	
0.089655172414	-0.008745484040	0.505887632139	2.713557955321	-3.442661690323	199.142776186416	1068.192678047803	670.134958998704	-683.876561652359	235.776957279882	
0.090517241379	-0.010172686667	0.506814078368	2.722536153644	-4.004480314131	199.507471945793	1071.726947766364	672.396830851270	-687.203494393836	236.773706177572	
0.091379310345	-0.009682314690	0.509818537085	2.725070999274	-3.811445278932	200.690177771779	1072.724790298578	672.310364074327	-690.180674331817	238.509413914025	
0.092241379310	-0.008159355184	0.509042461336	2.722285755064	-3.211931938892	200.384675384718	1071.628378310976	671.735667506467	-690.685039772015	237.903578319165	
0.093103448276	-0.004974201937	0.509484616024	2.720532237601	-1.958095672069	200.558729673609	1070.938105781146	670.123521819119	-691.833552243286	237.515415686310	
0.093965517241	-0.000794373156	0.508646089948	2.716485432416	-0.312705165332	200.228643701818	1069.345080041633	668.563590724507	-690.832473052586	235.646336609711	
0.094827586207	0.001747902869	0.508751162620	2.710872082050	0.688062343645	200.270005581878	1067.135383451812	668.066817774677	-688.528255795238	234.178916360567	
0.095689655172	0.004364114606	0.510117106705	2.703939872955	1.717934661773	200.807709767605	1064.406517837000	668.721371315633	-685.851271277142	233.334568472991	
0.096551724138	0.008246972182	0.512970111000	2.697665627000	3.246422389419	201.930795527374	1061.936659555182	667.942660524602	-684.566108013816	233.602927653569	
0.097413793103	0.012165481912	0.516635929554	2.689434104328	4.788944594985	203.373845796796	1058.696318868645	666.446351317400	-682.670305228536	233.670448762169	
0.098275862069	0.015194800977	0.521669193095	2.682069381146	5.981436702203	205.355191082016	1055.797193989885	664.713007432028	-682.012899040139	234.621130272650	
0.099137931034	0.015300286705	0.525547127393	2.676759983916	6.022961182143	206.881740760252	1053.707148617808	663.159261056517	-682.702289323682	235.785526977098	
0.100000000000	0.012621194463	0.527306780161	2.668973818059	4.968335939689	207.574428454276	1050.642122738365	659.291636613626	-682.425392302575	236.497492053742	
0.100862068966	0.012063992999	0.526280764755	2.671342955249	4.748993462555	207.170537267093	1051.574734107428	655.815352800092	-686.024576870792	236.157881777707	
0.101724137931	0.016203355554	0.530056227513	2.689876537115	6.378454430620	208.656749000886	1058.870482631340	655.271326935990	-694.045761110690	237.560255696878	
0.102586206897	0.017894936418	0.534090289939	2.702583648334	7.044345604811	210.244758550397	1063.872639720690	654.814088217800	-700.739586272238	239.677498110008	
0.103448275862	0.017308483034	0.535755681059	2.715264418973	6.813488103006	210.900340126198	1068.864427834718	655.900889759789	-707.486624457311	241.234848277064	
0.104310344828	0.013909967494	0.537467876534	2.730009446333	5.475661722918	211.574346246551	1074.668811055328	656.536383368781	-715.796527716532	243.637548853854	
0.105172413793	0.007160346921	0.536504983341	2.737670209152	2.818672119523	211.195303132252	1077.684472001585	656.249366198644	-720.827951514628	245.494974686532	
0.106034482759	0.002182477295	0.538471259020	2.744383951876	0.859132660921	211.969327980077	1080.327338281933	656.071544730481	-724.840363767145	248.674440780833	
0.106896551724	-0.001848526983	0.537199867362	2.749265138256	-0.727673048196	211.468844377851	1082.248818359764	657.005782915777	-724.820699982549	249.685435244857	
0.107758620690	-0.009331896215	0.534145324311	2.750454860257	-3.673502970376	210.266422843179	1082.717152684001	658.395732468539	-723.483748771083	249.994505243605	
0.108620689655	-0.015137222546	0.530440932879	2.748194891937	-5.958770940709	208.808188351959	1081.827515664280	659.911125254199	-720.057815829057	248.845377920645	
0.109482758621	-0.020346055543	0.526902110650	2.745936868096	-8.009229180363	207.415130213328	1080.938644088876	660.517242922271	-717.854388406985	248.152301209229	
0.110344827586	-0.022098295208	0.525735906207	2.746345122929	-8.698998704586	206.956053581077	1081.099353692533	659.272155400208	-717.751769117138	248.297741583855	
0.111206896552	-0.022756348048	0.524767497613	2.744625026168	-8.958041347905	206.574839328156	1080.422237229256	657.714950317560	-717.173830237923	247.681119556949	
0.112068965517	-0.022362423504	0.520886334363	2.736708695556	-8.802972865621	205.047018572180	1077.305971966057	656.193985501181	-714.178047332118	245.585937070725	
0.112931034483	-0.020373130002	0.518824869430	2.726761406175	-8.019887046975	204.235522453933	1073.390219342001	655.163887537519	-710.424844778736	244.283233037398	
0.113793103448	-0.019577451860	0.517415306097	2.712573230490	-7.706668173805	203.680647542256	1067.805040904505	653.605825241558	-704.969678423172	243.277991026583	
0.114655172414	-0.017317419542	0.515635292671	2.704202051749	-6.817005961192	202.979944870497	1064.509724576237	652.515219459342	-701.025640694846	241.778850036561	
0.115517241379	-0.010899694927	0.518317753581	2.695116944164	-4.290667273761	204.035896190098	1060.933370003448	651.138276568156	-696.645829835512	241.355893448092	
0.116379310345	-0.004878812198	0.523069005367	2.681392133348	-1.920545480547	205.906227486839	1055.530595246980	650.075301951377	-690.989517536684	241.527203798054	
0.117241379310	0.001319514500	0.529765977356	2.677338516195	0.519427169431	208.542491963642	1053.934887974891	651.026439919405	-688.891939831691	243.418668547955	
0.118103448276	0.007143173356	0.532964216086	2.669080881747	2.811911742081	209.801479333752	1050.684268382218	650.898687458758	-685.815726391882	243.487715540035	
0.118965517241	0.012747391375	0.536104297332	2.660464145383	5.018013381421	211.037572997931	1047.292288242706	649.286728415795	-683.682719070712	243.715620638163	
0.119827586207	0.016522475124	0.536876168199	2.655839270180	6.504075918320	211.341420132154	1045.471705114969	647.512014501142	-682.851472710850	243.452987232309	
0.120689655172	0.020490858863	0.536368658896	2.657665794104	8.066231038571	211.141638984887	1046.190716654278	646.009918849937	-683.604363912138	242.375821433779	
0.121551724138	0.021929062592	0.535773389799	2.657013060432	8.632380248852	210.907311175518	1045.933767902547	644.981871461024	-684.119412071968	241.693258509055	
0.122413793103	0.020214383894	0.532136802472	2.659155537850	7.957396607255	209.475767785160	1046.777154603364	645.630234778455	-684.793008223989	239.524115025197	
0.123275862069	0.017982891133	0.527728069938	2.665908769530	7.078968997440	207.740269266323	1049.435565719785	646.396228897404	-687.495447180933	237.319371039213	
0.124137931034	0.014676380827	0.524285376625	2.678029868171	5.777360497646	206.385052296545	1054.207038830254	647.621749030054	-692.295334778700	236.338926584336	
0.125000000000	0.013066154303	0.521492170264	2.692506118125	5.143494477281	205.285506006408	1059.905617766821	649.045512254361	-697.525300080645	235.982868321357	
0.125862068966	0.010389774187	0.522841456675	2.704124101371	4.089936863792	205.816652894806	1064.479039393024	650.044552456966	-703.128187649070	238.501889477101	
0.126724137931	0.006805735325	0.523609644861	2.711015997776	2.679079187801	206.119050340989	1067.192035908576	651.431848070055	-705.964742392407	240.365810579904	
0.127586206897	0.004909106208	0.523261831018	2.714875517101	1.932470724161	205.982133345935	1068.711336528696	652.910868285978	-706.467457033864	241.187303568182	
0.128448275862	0.003265979016	0.521366688932	2.716704597777	1.285653348318	205.236110252482	1069.431354533731	653.956523929227	-705.561472659129	241.039441090250	
0.129310344828	0.001882513822	0.518971653220	2.716620641000	0.741051974728	204.293303924990	1069.398304930075	655.604448886804	-703.143466186155	239.610594167521	
0.130172413793	0.003077375471	0.516624346911	2.710947172510	1.211409521993	203.369286286958	1067.164942827772	655.035062861620	-699.945875362359	237.893308280195	
0.131034482759	0.006155817168	0.516558174645	2.710244305927	2.423238764252	203.343237559836	1066.888259244661	654.646787411959	-698.881572589818	237.209788288040	
0.131896551724	0.007852583551	0.516397842773	2.707921954646	3.091171219299	203.280122883721	1065.974065159079	654.572500148443	-698.256498953644	236.131419966765	
0.132758620690	0.010504959408	0.518229915706	2.708316372687	4.135279550959	204.001318791287	1066.129327906316	652.510483581291	-701.146183403283	237.325648020596	
0.133620689655	0.015656305821	0.521769884252	2.716017372639	6.163108184543	205.394828177948	1069.160828208935	651.958892533849	-706.281276954661	238.756623537062	
0.134482758621	0.017580719414	0.524559690386	2.712051380251	6.920654012789	206.493035967834	1067.599614444534	648.996500874075	-707.447654807043	239.797414389009	
0.135344827586	0.020610914627	0.525982995120	2.707351456549	8.113491016035	207.053320185334	1065.749488459048	647.616119288117	-707.622435588415	239.843221197182	
0.136206896552	0.024948155084	0.525802381691	2.697863384708	9.820846663337	206.982221669844	1062.014506919764	646.246897683676	-704.036600641614	238.743041911049	
0.137068965517	0.028752966455	0.528411610374	2.687314731794	11.318611485323	208.009345107472	1057.862027410860	644.329043089559	-699.320394263309	238.730417871021	
0.137931034483	0.028795588355	0.529561557667	2.670416349529	11.335389605699	208.462022108875	1051.209975564417	643.205880644960	-691.488363722659	238.467172286384	
0.138793103448	0.026743270291	0.526971530539	2.646912563683	10.527494154116	207.442457367559	1041.957705165101	642.217089014049	-681.404781701537	236.402257407778	
0.139655172414	0.023776071853	0.521826521300	2.627566003244	9.359455845174	205.417123364099	1034.341927449495	641.979338369197	-672.064401272566	233.272677869835	
0.140517241379	0.021917289391	0.519722734997	2.613491084752	8.627745725761	204.588967429184	1028.801332730232	641.062577594184	-665.938566112158	231.621439518721	
0.141379310345	0.021018209949	0.517085479569	2.606788836758	8.273822908132	203.550811257558	1026.162991353034	639.433145916707	-663.034967559462	229.707924616434	
0.142241379310	0.023430142787	0.518316515838	2.613632757339	9.223280793107	204.035408952288	1028.857102175014	637.928157736960	-666.473758730354	230.116862805863	
0.143103448276	0.024587929571	0.519544380141	2.619706626507	9.679043812007	204.518758001693	1031.248082091387	637.431608503730	-668.841311945627	230.368403559359	
0.143965517241	0.022102175454	0.519467918469	2.625004874575	8.700526164476	204.488658847867	1033.333738593141	637.321106351580	-672.242023374359	231.442745622304	
0.144827586207	0.020145417496	0.518296662422	2.632994390250	7.930247969548	204.027593650731	1036.478813172534	637.238075407313	-676.772462579894	232.386426012935	
0.145689655172	0.019350762814	0.521084514787	2.644217907954	7.617431981368	205.125032339181	1040.896953352759	638.178849022740	-682.300838596056	235.806506438208	
0.146551724138	0.017206978917	0.522394296173	2.649571413232	6.773530985150	205.640628066028	1043.004361867301	637.698964972460	-685.230355243976	238.129975285776	
0.147413793103	0.014471015388	0.523438719302	2.660173770330	5.696518348181	206.051765457534	1047.177982039930	638.289194225158	-689.356590096558	240.265102640306	
0.148275862069	0.010982319435	0.524178221022	2.664241770942	4.323192429266	206.342870470085	1048.779351363812	637.926646274627	-690.894283964155	241.763921102948	
0.149137931034	0.005960270892	0.521797012443	2.663824501695	2.346261930229	205.405507196336	1048.615093234227	638.363916071997	-690.586885621579	241.587283964315	
0.150000000000	0.001269645149	0.519863742375	2.660173391867	0.499796088404	204.644475014140	1047.177833057907	636.183644184157	-691.103324281691	242.009780013375	
0.150862068966	-0.001031588929	0.516687628123	2.662423874561	-0.406085205628	203.394196949493	1048.063736058989	635.915255722615	-693.053857484977	241.247971508297	
0.151724137931	0.000102184617	0.516800426264	2.669344709126	0.040224996801	203.438599962210	1050.788124087496	635.006418963510	-697.353677655164	241.754423195787	
0.152586206897	0.000680881572	0.518355919625	2.664507480929	0.268029178677	204.050920261569	1048.883948157924	632.842753607017	-697.953713229973	242.543373300111	
0.153448275862	0.002051364675	0.521371834130	2.665510094805	0.807520149701	205.238135660963	1049.278627327503	632.383465191583	-700.324305215265	243.904447573002	
0.154310344828	0.003824704944	0.523669200408	2.665505940340	1.505595931153	206.142494394965	1049.276991921558	630.864235238953	-702.594741566320	244.818402055592	
0.155172413793	0.007501006114	0.525992376316	2.663521841947	2.952772684632	207.057013095225	1048.495951158574	629.761196370449	-702.618175892900	244.815958770217	
0.156034482759	0.011210656262	0.528195954274	2.660263800858	4.413077270487	207.924452036720	1047.213422576814	628.856111968509	-701.681886769952	245.012811719870	
0.156896551724	0.014146556651	0.531080796684	2.652135849825	5.568795096142	209.060070877331	1044.013852888764	627.744063054870	-698.287608726579	245.127649213620	
0.157758620690	0.015018249149	0.535191515524	2.637752977123	5.911937037014	210.678256241018	1038.352031927980	625.787871118760	-693.273720011247	245.884095970993	
0.158620689655	0.015592979000	0.536969364705	2.622704491356	6.138179567395	211.378106957201	1032.428192239573	623.903285793791	-687.626618903574	245.442574713713	
0.159482758621	0.017692147423	0.537569941793	2.609565063725	6.964517672785	211.614524257945	1027.255853701073	621.606088220269	-682.549034268967	244.419263487775	
0.160344827586	0.018651615787	0.535158110728	2.595059742653	7.342212602439	210.665106435827	1021.545830912744	618.615289603984	-676.524875844685	242.326060086187	
0.161206896552	0.021052869516	0.531741676817	2.592274414827	8.287466654018	209.320226485139	1020.449386009579	617.648229198316	-673.612831310029	239.965700231878	
0.162068965517	0.022388735725	0.528968492008	2.590525417358	8.813330677116	208.228561683406	1019.760892776543	617.195010445073	-670.467795882772	237.877995755927	
0.162931034483	0.021751425556	0.526745681944	2.594890052813	8.562453390802	207.353552019293	1021.479032470563	619.340854194085	-670.539288960064	236.801194105650	
0.163793103448	0.022683033131	0.527236738156	2.606864287364	8.929180915185	207.546856403738	1026.192692500296	622.045276267114	-674.437725702062	237.438507500133	
0.164655172414	0.024234164117	0.527977664639	2.617172648556	9.539783964115	207.838522274355	1030.250581120682	624.473790723900	-678.291707094874	238.235826105757	
0.165517241379	0.023784847016	0.528469861677	2.625878723985	9.362910189931	208.032275745198	1033.677729603211	625.517354087259	-682.356248587720	239.386902564563	
0.166379310345	0.023367779156	0.531731761357	2.635436029667	9.198731336194	209.316323262332	1037.439965058996	625.178498751780	-688.096728983273	242.379726551830	
0.167241379310	0.022195057717	0.534857354705	2.642293984439	8.737089287258	210.546713762094	1040.139600443324	625.018393072038	-692.700072735406	244.858366808291	
0.168103448276	0.021565971187	0.538334447729	2.649222545329	8.489449238242	211.915472185655	1042.867029941587	624.322204705036	-698.279013703050	247.317164048772	
0.168965517241	0.021832313935	0.539923759674	2.653589615712	8.594295118837	212.541105177959	1044.586128145749	624.004950119533	-702.127364752539	247.941272516674	
0.169827586207	0.020691417655	0.539993444131	2.656316129674	8.145181050566	212.568536479241	1045.659420958517	624.480878843940	-704.506004617470	247.331490034998	
0.170689655172	0.019183838066	0.538567197711	2.657255217599	7.551722018239	212.007094266412	1046.029093124066	624.658638677448	-706.085325552341	245.996025257346	
0.171551724138	0.018905047269	0.537278620114	2.660583924244	7.441975960363	211.499845416056	1047.339439217255	624.459265748154	-707.260200783797	244.564773714999	
0.172413793103	0.018189346223	0.537254701040	2.656723214119	7.160240088264	211.490429667263	1045.819669838769	622.940918115270	-706.124329840999	243.948706264564	
0.173275862069	0.018658501565	0.538719522017	2.645419100061	7.344923190495	212.067056762679	1041.369802886154	619.547437360470	-702.622171152186	244.706735882445	
0.174137931034	0.019727882519	0.540669759146	2.632761522964	7.765885235410	212.834768031781	1036.387144914920	616.648296845722	-698.450886398361	245.877259148144	
0.175000000000	0.021383354112	0.542733655202	2.618886148488	8.417561986999	213.647221162204	1030.925100741011	614.312503521528	-693.357281230505	246.690030745534	
0.175862068966	0.023657850291	0.544362885544	2.603328082582	9.312917901552	214.288568039835	1024.800664720533	611.945026085333	-686.758316834817	246.857005818919	
0.176724137931	0.025967150435	0.545919575873	2.591889895192	10.221974404686	214.901359525965	1020.298019772073	610.093402102628	-681.735925442730	247.073717435436	
0.177586206897	0.028876221098	0.545938182064	2.581931402661	11.367130702237	214.908683856981	1016.377857025741	607.819815175450	-677.363035059750	246.347900745399	
0.178448275862	0.030742659835	0.543166338293	2.572506707717	12.101854716185	213.817546954777	1012.667823815501	606.672375423945	-673.080043850473	244.686431361622	
0.179310344828	0.031608255458	0.538872923720	2.566168161745	12.442596620978	212.127443376335	1010.172653817992	606.076052318395	-670.069180822309	242.720270821635	
0.180172413793	0.031634851877	0.533802431828	2.565272842307	12.453066307173	210.131443142472	1009.820211126814	606.450880123127	-668.764660846319	241.150805985227	
0.181034482759	0.031658314685	0.531034129823	2.572340831358	12.462302446663	209.041700457489	1012.602526550634	608.926909292382	-670.449525841540	241.099815731024	
0.181896551724	0.029949635761	0.529014921464	2.579121558173	11.789680617329	208.246838648811	1015.271761133159	611.153128666969	-671.954747130323	241.485265949562	
0.182758620690	0.024673112027	0.525587614046	2.581271277339	9.712575904495	206.897678340030	1016.117998549640	612.768330911855	-672.075985998197	241.350031491477	
0.183620689655	0.020587989483	0.523691996856	2.583693214839	8.104466528166	206.151468221483	1017.071394772024	614.333336037716	-672.247677828775	241.159324284981	
0.184482758621	0.018789413787	0.522891259211	2.587114677692	7.396456815162	205.836257673810	1018.418254366666	615.050701315441	-673.113258648780	241.313590899178	
0.185344827586	0.019811658813	0.523338957869	2.594414838253	7.798863791688	206.012494347813	1021.291964155899	615.838366428069	-675.207143838169	241.784856404748	
0.186206896552	0.019565151026	0.524029387272	2.595648284509	7.701825947697	206.284282032059	1021.777510542180	616.111380791015	-675.382985767125	242.682729955249	
0.187068965517	0.016239001701	0.524253359815	2.593179785342	6.392486544005	206.372448872383	1020.805785309565	617.083762903539	-675.204623606276	243.683980471798	
0.187931034483	0.013396201845	0.524021938883	2.595176875491	5.273417763805	206.281349971953	1021.591940279822	618.288703306920	-677.381994986202	244.805705576344	
0.188793103448	0.014198073330	0.527020403157	2.605887622356	5.589074647897	207.461696084360	1025.808228107977	619.838936306286	-683.624601682388	247.033571428094	
0.189655172414	0.015928348163	0.531790842910	2.612351672069	6.270197711298	209.339580728463	1028.352802680317	620.602026405491	-688.380623673868	249.476753026716	
0.190517241379	0.016897511479	0.537081924716	2.617763205938	6.651709061014	211.422416229874	1030.483054162637	621.215982113063	-692.794719162173	251.823575592801	
0.191379310345	0.016341927678	0.541537841700	2.620036172224	6.433003377116	213.176488917677	1031.377807834115	621.284359374047	-695.862804192114	253.608007610153	
0.192241379310	0.015549301123	0.544651526911	2.620935807230	6.120985761740	214.402191776654	1031.731949349800	620.053456754916	-698.220672810165	255.069279347824	
0.193103448276	0.012428284563	0.543270451852	2.620195779413	4.892396915636	213.858531280026	1031.440637238853	618.791141146070	-698.498369247108	254.356213274394	
0.193965517241	0.010144554533	0.540611800263	2.619814311523	3.993406093672	212.811952505026	1031.290472321351	617.051660453555	-698.540047154452	252.970000170816	
0.194827586207	0.009999999803	0.537807131703	2.621066728979	3.936502092641	211.707894117562	1031.783486724657	615.738126635995	-697.606508097268	251.280999524450	
0.195689655172	0.011840161115	0.534857571568	2.619275707319	4.660881992548	210.546799130235	1031.078450659398	614.890633142519	-694.891236971920	249.281836381668	
0.196551724138	0.013663059422	0.532499292828	2.615956440577	5.378466306842	209.618462192598	1029.771820586129	614.199763156948	-692.298167619636	247.829149620824	
0.197413793103	0.015009158160	0.527677196791	2.609745347560	5.908358367236	207.720243040783	1027.326822471788	614.611760188819	-687.869492118370	244.838275954996	
0.198275862069	0.018619543458	0.527003078632	2.609029220809	7.329587323139	207.454876281518	1027.044919020819	614.010405290291	-686.333004190881	243.404384060520	
0.199137931034	0.018908432809	0.526595461745	2.602749062884	7.443308678877	207.294417805347	1024.572733490515	613.456389469018	-682.468209725478	242.345918980969	
0.200000000000	0.017891431139	0.526638004936	2.595876341208	7.042965750875	207.311164941848	1021.867285111428	613.193645913715	-679.079639602642	241.899683160847	
0.200862068966	0.018449517146	0.526105793293	2.587431531875	7.262656428552	207.101659712770	1018.542984084628	612.377673161685	-675.388252798226	241.576273592470	
0.201724137931	0.018097956919	0.523658543327	2.579640981003	7.124264668883	206.138299232467	1015.476232043152	612.443589560048	-671.379235511364	240.617308283941	
0.202586206897	0.016115063237	0.523245839281	2.575946304868	6.343698140897	205.975838195485	1014.021821980722	612.530945520732	-669.764866526879	240.590028673953	
0.203448275862	0.014649724560	0.521915853659	2.576589205940	5.766867252590	205.452289066547	1014.274900127063	613.339317267006	-669.671054725594	239.828559904424	
0.204310344828	0.012768621394	0.522797069998	2.584592701090	5.026370582892	205.799180069573	1017.425477730089	614.594299207567	-673.689103291938	240.711966362499	
0.205172413793	0.011866963962	0.523685858471	2.593767492497	4.671432939230	206.149051845191	1021.037136358342	615.649848046957	-678.216757276930	241.550684146559	
0.206034482759	0.010231131286	0.525079833471	2.600218228932	4.027487051090	206.697790406185	1023.576470156067	616.172531030404	-682.074942523145	242.584408708462	
0.206896551724	0.007789593859	0.526917318773	2.610366003016	3.066375313288	207.421116894219	1027.571143626902	616.958752582030	-687.331266179596	243.927518212737	
0.207758620690	0.007422586234	0.528317953686	2.623448584405	2.921902682057	207.972477131922	1032.721104629748	617.977410881776	-692.835781809694	244.701220688609	
0.208620689655	0.008477303483	0.530491612631	2.633606746743	3.337092355860	208.828138447050	1036.719867438820	618.470142122592	-696.945666308947	245.850045585525	
0.209482758621	0.010139987848	0.532669852690	2.639155581190	3.991608417176	209.685603119318	1038.904167323258	618.840983141030	-698.428886385450	246.454578563892	
0.210344827586	0.011745330019	0.532496423930	2.633676278619	4.623551711305	209.617332850062	1036.747238676999	618.594785232702	-694.864044171781	245.530036092798	
0.211206896552	0.012897853778	0.532795868271	2.629031102121	5.077242938970	209.735209179831	1034.918663940423	618.189305083281	-693.027506385960	245.183492270332	
0.212068965517	0.014121863539	0.532344753964	2.623062599283	5.559074646899	209.557627935005	1032.569161502697	617.668756437210	-690.667376513135	244.209687750030	
0.212931034483	0.016216853207	0.532184752398	2.619536335796	6.383767784739	209.494643283849	1031.181047115714	617.423113178385	-689.171305400615	243.698271196706	
0.213793103448	0.017612534138	0.530647030777	2.614211245306	6.933177885805	208.889318833923	1029.084824088798	616.998531608624	-686.060729517911	242.137840938891	
0.214655172414	0.020098680457	0.529199478121	2.613175008762	7.911849923881	208.319489416952	1028.676909348324	616.342789779610	-685.209483141040	240.529034472902	
0.215517241379	0.023765705918	0.527637655371	2.612937278437	9.355375292782	207.704677552540	1028.583326754226	615.918678347275	-684.970054756268	239.347992662656	
0.216379310345	0.026711517342	0.525032577702	2.613361750635	10.514994599077	206.679188162593	1028.750420327102	615.245104008829	-684.753858058868	237.854600848771	
0.217241379310	0.026624275477	0.524016496168	2.607161417462	10.480651820066	206.279207446299	1026.309657827772	614.216900402432	-682.796621862224	237.116736772912	
0.218103448276	0.027701315608	0.520138568182	2.607718365174	10.904628901129	204.752660253046	1026.528900415578	613.735804096114	-683.512992146919	235.698795778376	
0.218965517241	0.031324963496	0.522361442767	2.613470816624	12.331078678663	205.627695315573	1028.793354177256	612.906076352648	-686.661061693232	237.207834833573	
0.219827586207	0.033466990983	0.524290298087	2.611285235208	13.174288264039	206.386989631124	1027.932999578841	612.125603216586	-686.473031406712	238.225666885353	
0.220689655172	0.031075401436	0.527657417249	2.608258651302	12.232838519582	207.712456819822	1026.741584167252	611.605159666679	-688.254241718188	241.408763297692	
0.221551724138	0.029443227241	0.528014267925	2.606752404155	11.590332793471	207.852931165979	1026.148649651022	611.286575099620	-687.970394264486	242.559883329561	
0.222413793103	0.027120740830	0.531853786965	2.609874309760	10.676085513807	209.364358669578	1027.377588469723	611.597018276120	-689.358657108243	245.363811406096	
0.223275862069	0.023469066950	0.534709928976	2.601184499545	9.238603298362	210.488679592050	1023.956842792722	611.786137342699	-685.896711612664	247.057635068374	
0.224137931034	0.020350466287	0.534789956396	2.598403729106	8.010965470482	210.520182403046	1022.862191906008	612.375173771550	-684.535041951031	247.692889920878	
0.225000000000	0.016503194105	0.534032945569	2.598845010668	6.496485941293	210.222184926629	1023.035902488384	612.671634851036	-684.895349677520	248.714027876434	
0.225862068966	0.012466225145	0.535830560567	2.611383178360	4.907332234098	210.929816460763	1027.971554921685	614.562194262452	-690.337864516317	251.058648322215	
0.226724137931	0.008080648804	0.537031302158	2.619289043504	3.180949155559	211.402488648698	1031.083700451560	615.631380185224	-694.558181140861	253.262554092328	
0.227586206897	0.007760028859	0.535571436975	2.629713311379	3.054737044618	210.827812402698	1035.187215762786	617.092398470277	-698.091258588112	253.333699689462	
0.228448275862	0.007647872736	0.534353785733	2.634107033430	3.010586762406	210.348483726902	1036.916805402020	618.531151645316	-697.587586772091	252.892595938954	
0.229310344828	0.005860883578	0.530904972593	2.630684480213	2.307138092393	208.990857685795	1035.569516585079	618.978001808152	-694.088681808500	250.528562329412	
0.230172413793	0.004333279437	0.524563552945	2.622153401076	1.705796390863	206.494556465013	1032.211255431514	618.896150736028	-688.886550093719	246.678072597054	
0.231034482759	0.004235483892	0.518680646533	2.618346457823	1.667299153465	204.178749079185	1030.712651393438	618.564145946912	-686.509012389136	243.453942917319	
0.231896551724	0.005707007090	0.515680625995	2.616994897463	2.246564579453	202.997790343550	1030.180609364444	618.586019976295	-685.054745346490	240.958484599629	
0.232758620690	0.007080551588	0.515883472163	2.620070344437	2.787260669188	203.077640781370	1031.391259733216	618.419019646689	-687.095701233999	240.559687019790	
0.233620689655	0.007554240647	0.518808691419	2.627871203184	2.973728470385	204.229153976321	1034.462069472309	618.323413059720	-691.647317798984	241.545118743499	
0.234482758621	0.007058273419	0.522136383763	2.635054906621	2.778490863375	205.539100789957	1037.289935889125	618.487169403656	-696.214954443146	242.659340223026	
0.235344827586	0.005174922110	0.526444804808	2.641242815805	2.037109211585	207.235111669373	1039.725807682379	618.336872253107	-700.942331928110	244.890029669735	
0.236206896552	0.004302702005	0.529682127090	2.645490701894	1.693759578055	208.509484288237	1041.397988963339	617.703874783286	-703.774081056376	246.620446009769	
0.237068965517	0.003595231834	0.532442812002	2.650637780907	1.415263791672	209.596228502859	1043.424137733827	617.736152376793	-707.077579034983	248.185155119768	
0.237931034483	0.003136853235	0.536068220655	2.656329606520	1.234822956831	211.023371406340	1045.664726121737	618.391133651452	-710.282639254994	250.089271809592	
0.238793103448	0.002891707050	0.537972873406	2.657050119865	1.138321107666	211.773138374824	1045.948356356345	618.667789531015	-710.758145288999	251.290570313994	
0.239655172414	0.003303884682	0.540815229850	2.659569705155	1.300574922116	212.892032606097	1046.940191652624	619.637896337198	-711.174785900233	253.115558772774	
0.240517241379	0.002257497883	0.541361156611	2.658332932693	0.888664531403	213.106936793804	1046.453335904537	621.513236415737	-708.577581446908	253.430928128323	
0.241379310345	0.000577170846	0.541581926565	2.652486617170	0.227203428863	213.193842934318	1044.151932530313	622.188689177368	-705.149909913022	253.811991278277	
0.242241379310	0.000780688632	0.540327935650	2.648962026409	0.307318249291	212.700209138579	1042.764476611922	623.520429813233	-700.602172957873	253.052506827199	
0.243103448276	0.000831599863	0.539280095679	2.645079106740	0.327359466574	212.287726706290	1041.235964441638	625.242711798771	-695.929373303328	252.224820411342	
0.243965517241	-0.001450850464	0.535104668845	2.635755241503	-0.571127599853	210.644069027185	1037.565622867355	626.525757170632	-689.828242237598	250.048124988334	
0.244827586207	-0.001052521733	0.531308770346	2.630636851549	-0.414325408598	209.149812759001	1035.550767551178	627.914891405968	-685.273176573625	247.824792188190	
0.245689655172	0.002576991640	0.529961004844	2.632834973707	1.014433318421	208.619264576838	1036.416058815830	629.781604858341	-684.489151440028	246.822674172059	
0.246551724138	0.003573384720	0.526593644930	2.631352647634	1.406663670593	207.293702615705	1035.832540835498	630.294111274950	-682.841436162346	245.168311444721	
0.247413793103	0.002582251808	0.522440095357	2.631846444160	1.016503984818	205.658656924938	1036.026923945149	630.568791214006	-683.199541120445	243.566219945980	
0.248275862069	0.000906418058	0.518527715195	2.636362191097	0.356811665243	204.118547624959	1037.804548706936	631.295667689508	-686.369032808289	242.346483916286	
0.249137931034	0.003757896231	0.518872394022	2.648743929762	1.479296666788	204.254230519883	1042.678622819626	632.215806007100	-690.703727200377	242.409532628880	
0.250000000000	0.003219414300	0.518856538426	2.649796151456	1.267323138057	204.247988961036	1043.092830117890	631.979478047087	-690.765483178741	241.976899672755	
0.250862068966	0.002995402155	0.517998131310	2.645812188324	1.179140708365	203.910076813788	1041.524542166239	631.080688202425	-689.803824450473	241.196328336486	
0.251724137931	0.004656214764	0.514724804251	2.639654989703	1.832919952460	202.621530906644	1039.100759592790	630.738959596812	-686.852354610272	239.014489040727	
0.252586206897	0.007288300904	0.511804821218	2.632101318677	2.869041232542	201.472078951711	1036.127255353899	630.427557164646	-683.328660473030	237.115465377350	
0.253448275862	0.011458767552	0.510770754841	2.628357669998	4.510746333865	201.065018498064	1034.653567239066	630.229929650327	-681.233839590040	236.093643082954	
0.254310344828	0.014139423897	0.509662986024	2.623713270048	5.565987285907	200.628945062803	1032.825298190604	629.057701943863	-678.314938058955	235.076598226265	
0.255172413793	0.013710238313	0.510111701370	2.619231263971	5.397038287677	200.805581956291	1031.060955525779	628.650383589595	-677.042314248034	235.333128290246	
0.256034482759	0.011321603200	0.509858189118	2.616184728755	4.456751556680	200.705786803066	1029.861686276689	627.975434280196	-677.608848379788	236.096444963290	
0.256896551724	0.010099183015	0.512030606293	2.620715217129	3.975545585912	201.560959295653	1031.645114008650	628.430497791090	-680.770970768535	238.226465969459	
0.257758620690	0.008777610508	0.516620651514	2.625641728177	3.455308281570	203.367831592986	1033.584436151617	628.833568332913	-684.143048063638	241.408050664017	
0.258620689655	0.007133208033	0.518425706686	2.628503521457	2.807988890205	204.078391953391	1034.710981697695	630.075863156490	-685.530983612963	242.817472839432	
0.259482758621	0.005503823802	0.519069067824	2.632703612634	2.166581434181	204.331651204644	1036.364348500831	631.441132330775	-687.191814153185	243.780821913510	
0.260344827586	0.005346204941	0.518714567868	2.636258977806	2.104534735511	204.192102220370	1037.763918772714	632.387122542728	-687.739201591160	243.573693924002	
0.261206896552	0.003687964457	0.519526106901	2.640016974462	1.451768008839	204.511564736490	1039.243254971835	633.250988022874	-689.086122001002	244.045301925455	
0.262068965517	0.000199715649	0.520464501191	2.643716316398	0.078618108601	204.880963852682	1040.699501727889	633.687647600455	-691.335033021055	244.929276994408	
0.262931034483	-0.001671976314	0.521583931809	2.652079965269	-0.658173839054	205.321627958224	1043.991853921205	634.699181578925	-695.605889750369	246.183439626436	
0.263793103448	-0.004108051374	0.524307982671	2.659379985106	-1.617135314787	206.393951171280	1046.865508314299	635.528163385479	-699.850540516822	248.707805861966	
0.264655172414	-0.007868510371	0.528190872882	2.660534903154	-3.097440815207	207.922451745494	1047.320142054362	635.215427053949	-702.562694614369	251.606773652131	
0.265517241379	-0.013635591150	0.531917768112	2.656170071092	-5.367653415447	209.389544861668	1045.601924966098	634.409546903235	-703.471013573706	254.368795434463	
0.266379310345	-0.017468849449	0.533990463879	2.652544625200	-6.876616377123	210.205462000461	1044.174767403716	633.366841549037	-704.517340663426	256.323618547127	
0.267241379310	-0.019062619044	0.534883724511	2.653678830009	-7.504004123987	210.557094241816	1044.621247372844	631.944684461201	-707.529778118669	257.928199153640	
0.268103448276	-0.017806256941	0.535436680273	2.655444784851	-7.009436909443	210.774765397527	1045.316415879647	630.555836878334	-710.051064856114	258.390010663091	
0.268965517241	-0.014528730894	0.535271878114	2.658019366063	-5.719238069612	210.709890991941	1046.329900332722	629.881614575756	-711.936971203135	257.820978762536	
0.269827586207	-0.011806723767	0.534851069663	2.655567067238	-4.647719373500	210.544239654180	1045.364552368091	629.376846660566	-711.831517208391	256.663810074929	
0.270689655172	-0.009819430406	0.533745871890	2.652086080050	-3.865420910496	210.109178310839	1043.994261005734	629.039365777097	-710.364118251674	254.884447115157	
0.271551724138	-0.010866548027	0.530401238894	2.638614833523	-4.277618989048	208.792562805829	1038.691301886717	628.336989321233	-704.568251186825	251.987604625932	
0.272413793103	-0.007888353237	0.525091304780	2.629548210441	-3.105251963619	206.702306089779	1035.122223742878	627.763398439623	-699.376436367455	247.936033746136	
0.273275862069	-0.002786848517	0.520510365090	2.619878092543	-1.097043523641	204.899018186245	1031.315579733390	626.655901089132	-693.510770381093	244.273998322204	
0.274137931034	0.001937909758	0.516250075764	2.610155961867	0.762858596744	203.221954368597	1027.488460882873	625.842429042772	-688.199388139884	241.127289472916	
0.275000000000	0.007669177414	0.512329686028	2.601351330925	3.018973353405	201.678692098304	1024.022516001770	624.667417898358	-682.690070133905	238.050435284570	
0.275862068966	0.011945200559	0.511072438844	2.594658688101	4.702230792674	201.183776471112	1021.387955701517	623.944185155220	-678.826731330790	236.911184885756	
0.276724137931	0.012822601610	0.507813388625	2.588977283271	5.047619906730	199.900850645442	1019.151469456905	624.308312829943	-674.911269352295	235.132679965357	
0.277586206897	0.015093896600	0.504420834427	2.586480917206	5.941715672312	198.565370948929	1018.168774413628	624.798609315550	-672.510569978785	233.255607711157	
0.278448275862	0.015528303014	0.501791187810	2.583539830671	6.112719851757	197.530209987363	1017.011015060779	625.778985222282	-670.116690142879	232.200162523143	
0.279310344828	0.015174493896	0.500565200900	2.583266682745	5.973442815438	197.047599974244	1016.903490320520	627.235248672352	-668.866073691570	231.958915581281	
0.280172413793	0.015764256079	0.502849419386	2.582518892249	6.205602826866	197.946783077055	1016.609122429630	627.848715929707	-668.256645186077	233.353806566833	
0.281034482759	0.012732344210	0.502356940892	2.578990971195	5.012090061817	197.752918811004	1015.220355540911	629.136065122457	-666.171534524084	233.638253606476	
0.281896551724	0.010780969485	0.504337541823	2.582357674162	4.243930977735	198.532582797467	1016.545658894583	630.362536118326	-667.931749032220	235.659225979526	
0.282758620690	0.008398411396	0.506301915120	2.583163688528	3.306036468959	199.305858771904	1016.862946624896	631.165564539669	-667.838487842726	237.234525193715	
0.283620689655	0.006278342931	0.508309679265	2.584454094582	2.471471057350	200.096215563475	1017.370915248076	631.954974552199	-668.260307632345	238.994353417610	
0.284482758621	0.005712415893	0.508307742254	2.591035195616	2.248693755940	200.095453058741	1019.961567098367	632.559056971733	-671.192329552145	239.852043007325	
0.285344827586	0.005281037108	0.509294009209	2.594316230424	2.078881403832	200.483697259460	1021.253147162587	632.966821576035	-672.628351185573	240.909601416909	
0.286206896552	0.004394179979	0.510455900102	2.597273862469	1.729769902484	200.941075861680	1022.417419658847	632.003248408670	-675.080644312238	242.573903542373	
0.287068965517	0.003965103087	0.510284404312	2.602782706057	1.560863690895	200.873566506697	1024.585977133042	632.198480567063	-677.909184240988	243.024057682258	
0.287931034483	0.003322349347	0.510413537333	2.606488191747	1.307843541498	200.924399748370	1026.044642379217	631.377468814335	-680.775130683584	243.504581604606	
0.288793103448	0.006074382289	0.512507749518	2.612090607113	2.391181906465	201.748786829561	1028.250034403814	629.731271873796	-685.284007033199	244.296094791267	
0.289655172414	0.008543852435	0.514749762349	2.613719009147	3.363289365394	202.631355667219	1028.891055218063	628.630080742585	-687.056338316355	244.439246313144	
0.290517241379	0.010585547411	0.517385517792	2.613149055665	4.167003035639	203.668921369515	1028.666692906057	626.954429227920	-688.938836053400	244.587463224585	
0.291379310345	0.013215894718	0.519949172708	2.610633725280	5.202439824056	204.678104683422	1027.676532554049	624.899898213723	-689.229360522926	244.379866155714	
0.292241379310	0.016186096843	0.521814001640	2.608017059907	6.371660535128	205.412194997090	1026.646481662293	622.889738116698	-689.726332762557	243.795283450341	
0.293103448276	0.018663541719	0.522354622023	2.607622887269	7.346907248298	205.625010328495	1026.491315517784	621.324684198374	-690.670269977638	242.883209092071	
0.293965517241	0.021281874776	0.524500810709	2.606829189338	8.377614624468	206.469857970326	1026.178876154829	619.990713176215	-691.569031732903	242.870172365294	
0.294827586207	0.021987561956	0.524352187953	2.597247016334	8.655408535895	206.411352590197	1022.406851672062	618.743220070241	-687.670728690089	241.689526804169	
0.295689655172	0.021271490603	0.523201942586	2.587578893985	8.373526892384	205.958558251784	1018.600993211041	618.304722281546	-684.107387368311	240.476573601830	
0.296551724138	0.023009460141	0.522344266440	2.580915893997	9.057678978180	205.620933850796	1015.978101819816	618.159011309859	-680.594612828556	239.615062538112	
0.297413793103	0.023473655741	0.523344686554	2.575212802132	9.240409677218	206.014749445803	1013.733078469146	618.612407179767	-677.443761353850	239.980694242702	
0.298275862069	0.023003164751	0.525045798358	2.568601318258	9.055200796635	206.684392476829	1011.130466407486	619.283357444784	-674.125944310171	240.842163116284	
0.299137931034	0.020947080018	0.525781795955	2.563712746223	8.245822595324	206.974118090583	1009.206078964767	619.995356350396	-672.100410006049	241.717293771364	
0.300000000000	0.020536630382	0.527437465539	2.564266318526	8.084249006932	207.625872781550	1009.423992821986	620.889320988128	-672.406060193340	243.231277826699	
0.300862068966	0.020357986099	0.529282782106	2.565533269625	8.013925646422	208.352282048807	1009.922728397003	621.106899057714	-672.791748345135	244.428990199699	
0.301724137931	0.018828509707	0.531180682633	2.568226412203	7.411846932422	209.099391003167	1010.982884557518	620.900014335568	-674.624388774870	246.105057477123	
0.302586206897	0.016088663496	0.532283739117	2.568568120129	6.333305877016	209.533609427156	1011.117397956799	619.639730024937	-675.841015951488	247.322524445927	
0.303448275862	0.015672038284	0.532773707634	2.571913739067	6.169301271948	209.726485640345	1012.434401577760	618.718323378025	-677.985342474333	248.064087048521	
0.304310344828	0.016196081206	0.532321388234	2.571605269936	6.375590881904	209.548430010491	1012.312972637463	617.158145607290	-678.824797711033	248.227679915750	
0.305172413793	0.016270272746	0.531256755746	2.570823359609	6.404796397732	209.129337200402	1012.005173467509	615.671792300620	-679.048926085279	248.075687647742	
0.306034482759	0.016699622058	0.530660702112	2.573201252006	6.573809847526	208.894700558111	1012.941231325835	614.930866138598	-680.534461472279	247.896170792639	
0.306896551724	0.017728912248	0.532240326836	2.575390783773	6.978990154188	209.516520173327	1013.803140980858	613.765962261479	-682.225755607724	248.365206887578	
0.307758620690	0.016985224973	0.531089014091	2.571152127635	6.686237497074	209.063305661510	1012.134593072458	612.384234756839	-681.607905557015	247.495911045158	
0.308620689655	0.017938183897	0.530918023362	2.573084134302	7.061369984110	208.995995123807	1012.895127916137	611.961141332312	-683.343915189099	246.974945161543	
0.309482758621	0.018461496168	0.530946973574	2.570358236418	7.267371973457	209.007391381128	1011.822077622529	611.029799653233	-682.181334605938	246.102428508221	
0.310344827586	0.018078306854	0.530297563758	2.562717379014	7.116529416671	208.751751066098	1008.814252447054	609.988948391097	-678.863119758026	244.880861690145	
0.311206896552	0.018982130512	0.528206799153	2.553941416542	7.472319795849	207.928721125598	1005.359592915256	609.371117872816	-674.124836173050	242.873903565068	
0.312068965517	0.019823253590	0.526034068024	2.547642603531	7.803428078210	207.073425045021	1002.880063806414	609.206630672064	-670.793307967721	241.440897111626	
0.312931034483	0.022073635925	0.521873868274	2.537877139129	8.689291572618	205.435761510572	999.035886625075	608.473516690324	-665.148850294310	238.401092051713	
0.313793103448	0.024969380157	0.520920688842	2.535271259614	9.829201917890	205.060542220330	998.010081588500	608.321497549279	-663.567243431575	237.812899179328	
0.314655172414	0.025239401154	0.520932160484	2.536514319512	9.935495741963	205.065058034956	998.499412386960	608.681382359742	-664.246476034903	238.397198412092	
0.315517241379	0.023528925096	0.521899407769	2.539415674120	9.262166470621	205.445815138374	999.641531258083	609.459832342252	-665.912653709213	239.958651609112	
0.316379310345	0.022322079820	0.522671430779	2.546996711486	8.787091565711	205.749722163743	1002.625808262790	610.335088252247	-669.423379372693	241.441210210905	
0.317241379310	0.020975293831	0.523728282298	2.554894468662	8.256928969041	206.165751993916	1005.734762089200	610.899736306364	-672.758904257073	243.063272290077	
0.318103448276	0.019852292481	0.525824902182	2.568478732597	7.814859243665	206.991086865980	1011.082210535203	612.459694650025	-677.962137374536	244.889008442729	
0.318965517241	0.016923379973	0.527512296806	2.576619771730	6.661892199197	207.655330125933	1014.286932357094	613.466656693994	-680.971209027710	246.314467782017	
0.319827586207	0.014724598824	0.529197143750	2.581437459644	5.796341522655	208.318570491134	1016.183416249777	614.148359213347	-682.584622287938	247.649337310276	
0.320689655172	0.011207733492	0.530785301111	2.578492746566	4.411926721737	208.943748980976	1015.024229307481	613.916973496577	-681.711315739762	249.339905747156	
0.321551724138	0.008038043138	0.530360673417	2.578352896001	3.164177425654	208.776594197099	1014.969177102373	614.231477178972	-681.109420948256	250.076594440230	
0.322413793103	0.005458384804	0.530143110094	2.580561801585	2.148694362927	208.690950347775	1015.838713264951	615.419458355888	-681.393633458085	251.209998365295	
0.323275862069	0.002182202776	0.529378529323	2.581874494318	0.859024596506	208.389972961258	1016.355455044347	616.396522298126	-681.701735281751	252.048297016862	
0.324137931034	-0.000960068553	0.530691471643	2.589951418437	-0.377931194077	208.906812990531	1019.534937976767	618.153365489239	-685.484467685570	253.877289120106	
0.325000000000	-0.002861871484	0.530855174077	2.594870462843	-1.126576330826	208.971254489289	1021.471320874478	619.601060393252	-687.968462664281	254.522516799515	
0.325862068966	-0.003535913863	0.530791289424	2.598326515718	-1.391913259389	208.946106281965	1022.831796838973	620.931221703436	-689.705155687830	254.664975168284	
0.326724137931	-0.002902281881	0.529543855142	2.598224323544	-1.142483892163	208.455053505872	1022.791568867434	621.310183595553	-690.442479130359	253.989566948778	
0.327586206897	-0.001711016713	0.529425994013	2.596359177007	-0.673542100511	208.408657447126	1022.057353528283	621.567209782169	-690.550633602258	253.563590207344	
0.328448275862	0.001143283326	0.528781517726	2.590074274756	0.450053729287	208.154959216711	1019.583300393330	620.983077518704	-688.105882624720	252.245232930988	
0.329310344828	0.003380459673	0.529440785556	2.584159198630	1.330718683869	208.414480140964	1017.254829392323	620.434571902089	-685.884245887139	251.804040624121	
0.330172413793	0.007033174189	0.530689297584	2.577789630017	2.768610545895	208.905957171665	1014.747447325711	619.657578426711	-682.947016728536	251.419208780781	
0.331034482759	0.010424936199	0.532431532042	2.570362042754	4.103778397187	209.591788144549	1011.823575987313	618.830610868927	-679.809374604837	251.148238786105	
0.331896551724	0.015053672675	0.531691298575	2.562680551727	5.925881515770	209.300395079581	1008.799755377534	618.476734352711	-675.472845063103	249.081791404629	
0.332758620690	0.020444847879	0.529420405388	2.556725920245	8.048118804928	208.406457483314	1006.455713402101	618.741546120315	-670.679335110494	245.992843301641	
0.333620689655	0.025076177402	0.526267806852	2.546250403251	9.871242676733	207.165436385752	1002.332023864063	618.457666729425	-664.013612318117	242.480298655624	
0.334482758621	0.030305319471	0.524671611827	2.541668740419	11.929695586912	206.537093867404	1000.528451295768	618.287598718327	-660.139102275886	240.102230508666	
0.335344827586	0.031421324178	0.526387361432	2.541865448525	12.369011082358	207.212499072120	1000.605885484380	617.080786848256	-660.691732038820	240.732941502586	
0.336206896552	0.029795492472	0.530068111362	2.543835005379	11.729002078147	208.661427080615	1001.381201967320	615.927528032439	-663.408003694806	243.036832195734	
0.337068965517	0.027280772148	0.535040797617	2.550868988258	10.739081876924	210.618926104396	1004.150130854193	615.381462624344	-669.326434981875	246.835426910423	
0.337931034483	0.027083952022	0.540722559993	2.557539406550	10.661603591530	212.855553096628	1006.775942462645	615.067804362959	-673.948154019977	250.485527786909	
0.338793103448	0.027006343136	0.543175731532	2.558300773001	10.631052836912	213.821244605269	1007.075654531538	615.236562213322	-674.230305105340	251.884749078199	
0.339655172414	0.027430160438	0.544173939069	2.560543196004	10.797888609857	214.214189219074	1007.958384833252	616.422570957899	-674.429477096449	252.135705937232	
0.340517241379	0.026708492032	0.544380298750	2.562951263195	10.513803685084	214.295422752159	1008.906321005492	617.420592475694	-674.674101020965	252.297497957027	
0.341379310345	0.024145382456	0.542405749467	2.568014562977	9.504835044165	213.518140998554	1010.899490063803	619.570630980572	-675.682472433685	251.824839196516	
0.342241379310	0.022849657974	0.540825880102	2.576775409945	8.994772820535	212.896225079852	1014.348199374017	621.814972576449	-677.725364517376	251.399977785256	
0.343103448276	0.018550889166	0.540729689587	2.578931291289	7.302561546340	212.858359663108	1015.196862533039	622.004132852578	-678.846883112956	252.363442740277	
0.343965517241	0.012474158885	0.539542770457	2.577061401773	4.910455352367	212.391128689674	1014.460780119083	621.459938660734	-678.727121216370	253.237551496219	
0.344827586207	0.009435908294	0.537605814340	2.575018532333	3.714447348026	211.628645493986	1013.656604120612	621.369604205553	-678.384138482017	253.467802855800	
0.345689655172	0.008016946033	0.536298899268	2.575279684580	3.155872545675	211.114178092155	1013.759406759595	621.095331346407	-678.578865740458	253.799864314411	
0.346551724138	0.007708435254	0.536929539426	2.579163144999	3.034427210683	211.362429727467	1015.288131796412	622.082097845785	-679.229251362471	254.358883157681	
0.347413793103	0.006382079530	0.537777239217	2.576908286056	2.512306992292	211.696126933817	1014.400506084091	621.849246010492	-678.477611849553	254.897359757443	
0.348275862069	0.007628142351	0.538137840260	2.570832159722	3.002819892066	211.838077612993	1012.008637633998	621.008113414159	-675.624232170575	254.397774106157	
0.349137931034	0.008658736711	0.536708609437	2.562682622492	3.408513585569	211.275460589152	1008.800570534630	619.442150819676	-672.903959306014	253.157643253012	
0.350000000000	0.011858796608	0.536305834600	2.555571925271	4.668217858639	211.116908187013	1006.001443030061	617.231122923875	-670.398087418061	251.785822269401	
0.350862068966	0.011930963721	0.535348970756	2.549939842572	4.696626458064	210.740238527301	1003.784372453273	615.237872023636	-669.765600664338	251.075368743641	
0.351724137931	0.012555630160	0.536756437571	2.549520014240	4.942526537439	211.294288144616	1003.619106939583	612.915162379800	-672.147293373384	251.693389127390	
0.352586206897	0.012795074866	0.540546758364	2.553952909687	5.036783997782	212.786348747433	1005.364117194159	611.237594965019	-676.499432719526	253.720506350488	
0.353448275862	0.012042877867	0.543455335813	2.562756091923	4.740681486258	213.931310891237	1008.829491792200	611.465091062031	-681.930719343205	255.227356999930	
0.354310344828	0.011229705835	0.544958407589	2.565720511223	4.420576139030	214.522995422005	1009.996436092913	610.932935132274	-684.492025594666	255.608405877513	
0.355172413793	0.012984600785	0.547048685594	2.570683326672	5.111390917030	215.345833812370	1011.950049471383	611.135438770986	-687.457172177611	255.909183418430	
0.356034482759	0.014789513237	0.546337346323	2.575020491093	5.821895095531	215.065814954291	1013.657375187251	612.073257610469	-688.118696396131	254.953310087847	
0.356896551724	0.016630133962	0.548151514337	2.579073576532	6.546455843495	215.779962586510	1015.252873149969	611.907264517289	-689.830669375894	255.613815236496	
0.357758620690	0.017712497748	0.549475843959	2.577980511020	6.972528582655	216.301285229532	1014.822587673769	611.145488462605	-688.975508098297	255.735952295486	
0.358620689655	0.017142648785	0.549568064831	2.576792746655	6.748207414680	216.337587995939	1014.355023973732	610.817188012774	-688.366289240297	255.755435998008	
0.359482758621	0.015422339108	0.547888945550	2.577338109918	6.071007136974	215.676602326670	1014.569706340723	611.117730665091	-688.484951256849	255.290975964003	
0.360344827586	0.015666909804	0.547286957155	2.583668522923	6.167282444411	215.439629464382	1017.061674794038	611.942837452671	-690.554833593617	255.438033029227	
0.361206896552	0.015803755228	0.546711181455	2.591451439576	6.221151675338	215.212975234970	1020.125421623617	612.395045471837	-692.522246336365	255.610644740983	
0.362068965517	0.013416945947	0.545182293120	2.595394247718	5.281583684131	214.611128010140	1021.677508904138	612.956787928371	-693.545162268543	255.458086852428	
0.362931034483	0.012219650464	0.542966294444	2.597549544528	4.810268057396	213.738799650357	1022.525941961442	613.140780068370	-693.627778829122	254.766843987474	
0.363793103448	0.013446927032	0.541507211923	2.602479860212	5.293385744690	213.164431499132	1024.466761800220	614.279148717404	-693.867656649132	254.084197694968	
0.364655172414	0.012330338754	0.539557378194	2.599019663997	4.853840526476	212.396879028708	1023.104654809215	614.360945572247	-690.840304800057	252.914674133739	
0.365517241379	0.012080803892	0.538022689069	2.596803358669	4.755611074141	211.792748321334	1022.232205735846	614.576714565690	-688.955084729783	251.904157936887	
0.366379310345	0.013110214880	0.537642396329	2.591599166304	5.160838932952	211.643046001929	1020.183574282099	614.419568041862	-686.361421614053	251.411367064832	
0.367241379310	0.017135914296	0.540363406735	2.589215710555	6.745556381649	212.714172338785	1019.245326409328	614.237508117148	-685.479119142603	252.184045623397	
0.368103448276	0.020999511826	0.541607947652	2.586566222900	8.266462388037	213.204086140849	1018.202355018575	613.852893720835	-683.662677204690	251.617208113065	
0.368965517241	0.025399248776	0.544056505415	2.585724143935	9.998419793070	214.167961435471	1017.870870451253	613.658480072227	-683.217008410194	251.350614143853	
0.369827586207	0.028331759527	0.546696416512	2.585604519936	11.152803286901	215.207163012054	1017.823780438410	613.752511004289	-683.428588058447	251.143678666478	
0.370689655172	0.030938664202	0.546420045307	2.580575120646	12.179011877995	215.098369427253	1015.843956316335	612.284196571439	-681.324799077609	249.644788386866	
0.371551724138	0.034167799974	0.546837269757	2.580505815804	13.450161875506	215.262609922422	1015.816674450005	611.540842917197	-681.009587211833	248.588496121903	
0.372413793103	0.035809766266	0.545520541642	2.581345850580	14.096522262459	214.744279614235	1016.147354321837	611.019873330069	-680.743487064182	247.145451888115	
0.373275862069	0.035588346115	0.546388950637	2.586353500537	14.009360172073	215.086129003521	1018.118616814177	610.113713421329	-684.115133168542	247.861371664690	
0.374137931034	0.034314577691	0.545163583758	2.584513581961	13.507940955639	214.603763065680	1017.394332467478	608.231849516590	-684.742108130995	247.620448516330	
0.375000000000	0.034856997390	0.544883107516	2.589718211565	13.721464587884	214.493353532100	1019.443136040970	606.794785568198	-688.433503591408	248.613089761099	
0.375862068966	0.034892408141	0.545513139689	2.596546086464	13.735404037658	214.741365833608	1022.130930476751	605.844899999041	-692.076459081602	250.159308231919	
0.376724137931	0.032921921199	0.546709842029	2.597209914096	12.959721425124	215.212447969693	1022.392246368255	605.274479454889	-692.858989355036	251.881769204486	
0.377586206897	0.029669198493	0.546115982803	2.601398581545	11.679286426201	214.978675156601	1024.041116218366	606.356399704734	-694.108121314506	252.915921620635	
0.378448275862	0.025616392863	0.543581399713	2.599962612480	10.083898610287	213.980935972842	1023.475846684569	607.116914952825	-691.916273101479	252.463878116153	
0.379310344828	0.021577385425	0.540133056300	2.598487419431	8.493942455487	212.623494840117	1022.895136620470	607.851366819238	-690.282978721361	251.798056626281	
0.380172413793	0.020095515879	0.538344889790	2.603600357948	7.910604187173	211.919582705323	1024.907845977532	609.975999960629	-689.535622545780	251.587418884357	
0.381034482759	0.016008898076	0.536384363354	2.606627226503	6.301906202061	211.147821048329	1026.099373441150	611.962001952014	-689.022147276382	250.849400533119	
0.381896551724	0.013245155857	0.536036531002	2.611703175374	5.213958477959	211.010896767263	1028.097521815719	612.360012276126	-691.233993289056	251.439290490249	
0.382758620690	0.011446375490	0.534277227964	2.615640532976	4.505868195994	210.318346744477	1029.647463490322	613.148856918006	-692.968919453872	251.401713573605	
0.383620689655	0.009286357521	0.533260367764	2.616042266129	3.655576653619	209.918059506311	1029.805605832969	612.818239800170	-693.744667417190	251.771680679188	
0.384482758621	0.007667647143	0.531969287973	2.616391761000	3.018370961873	209.409825666420	1029.943184565026	612.387635613105	-694.887437127385	251.987656332707	
0.385344827586	0.007354656762	0.529677854299	2.616576418953	2.895162230548	208.507802303194	1030.015875208115	612.593217010421	-695.312652744148	251.373185452877	
0.386206896552	0.007266315217	0.527684043634	2.612257457406	2.860386562231	207.722938302274	1028.315715057769	612.112608925838	-693.846280602138	250.308163188097	
0.387068965517	0.007951917544	0.525131928307	2.604094864580	3.130274067115	206.718297549677	1025.102508620233	611.338294302208	-690.770696946193	248.535999281461	
0.387931034483	0.010590070471	0.524386893379	2.601551226934	4.168783539164	206.425014388525	1024.101205108824	611.611740355429	-689.993524593666	247.675305931308	
0.388793103448	0.013856946696	0.523348846178	2.599867214390	5.454790074146	206.016386882631	1023.438293205437	611.856067059902	-688.023099710033	246.002379384496	
0.389655172414	0.013965338136	0.522236323996	2.589066869509	5.497458388271	205.578442284138	1019.186735099172	610.682654236277	-684.265476867383	244.647054481778	
0.390517241379	0.015342378926	0.519007135452	2.580545469791	6.039530793954	204.307271513079	1015.832284250474	610.338266463186	-680.213670454533	241.769291260388	
0.391379310345	0.016820287889	0.514955939426	2.568967699415	6.621309978130	202.712517318394	1011.274692429553	609.864964774502	-674.757315832681	238.739888492660	
0.392241379310	0.017432158847	0.514106363976	2.558792550521	6.862173113310	202.378081757877	1007.269242858950	608.737395280381	-670.944438569409	237.723613333417	
0.393103448276	0.018599298688	0.513325548110	2.550493528841	7.321617965117	202.070713422688	1004.002331173275	608.861915461105	-666.670946523100	236.281870447530	
0.393965517241	0.020094067109	0.517050199433	2.547016881017	7.910033878506	203.536923224637	1002.633748002882	608.543722124545	-666.220061567567	237.896243481574	
0.394827586207	0.021187374009	0.521047336001	2.542800498163	8.340414377121	205.110396901952	1000.973967977488	608.279394573565	-665.707876207234	239.812948858847	
0.395689655172	0.022765936500	0.525070831004	2.542730968905	8.961815844145	206.694246583077	1000.946597769795	608.066315886254	-667.080401379469	241.955932794114	
0.396551724138	0.022326862334	0.530431534549	2.546615667048	8.788974203429	208.804488697085	1002.475810037120	607.603297667527	-670.990038705860	245.257199220035	
0.397413793103	0.022152132856	0.533499243309	2.550300225366	8.720191906347	210.012092916429	1003.926237218610	607.388299250192	-673.331489406974	246.829719862803	
0.398275862069	0.019719335050	0.537535162323	2.559926193839	7.762520522224	211.600833311998	1007.715501797177	607.859572755098	-678.816397808973	249.599110672347	
0.399137931034	0.015713004502	0.536911361730	2.565276512425	6.185427632288	211.355274073227	1009.821655869552	608.361987221194	-681.725179512188	250.083324459538	
0.400000000000	0.012315113029	0.536073497051	2.575007999960	4.847846916698	211.025448460635	1013.652458050043	608.608253977825	-686.856698940142	250.985536451795	
0.400862068966	0.010241570108	0.533895136911	2.584372506740	4.031596295738	210.167936518628	1017.338798176287	609.530995913696	-690.409128117597	251.027864509573	
0.401724137931	0.008931083219	0.534602718192	2.590368914226	3.515722847377	210.446476043371	1019.699285284533	610.701204877752	-692.484248245672	252.252502541121	
0.402586206897	0.007779230910	0.533101490478	2.588967831768	3.062295935898	209.855517427956	1019.147748870721	610.953630855057	-690.627498790569	251.940250749918	
0.403448275862	0.008590206681	0.534528898425	2.592139319686	3.381536724334	210.417416876028	1020.396205778183	611.653411009813	-691.224322086916	253.110212716388	
0.404310344828	0.009487937594	0.534621989704	2.591178606059	3.734928693174	210.454062278514	1020.018020650189	612.017694120137	-688.956732558823	252.704310602090	
0.405172413793	0.009782267932	0.534670415779	2.585198936240	3.850791894348	210.473125213518	1017.664122328103	612.357436423924	-685.306686681390	251.988804213857	
0.406034482759	0.010830626737	0.534992005112	2.585274619126	4.263478565729	210.599718924171	1017.693914912788	611.911799025450	-684.507591635700	251.373088065819	
0.406896551724	0.012554870353	0.533435878657	2.585253152357	4.942227439176	209.987149407208	1017.685464514516	612.068343031910	-682.461424778245	249.020002328582	
0.407758620690	0.015783851014	0.533563648575	2.589533415547	6.213316377120	210.037446063355	1019.370391048243	612.596239138603	-683.022586070720	247.858971124125	
0.408620689655	0.018515090690	0.530985797171	2.587123768024	7.288469468418	209.022674298646	1018.421832777945	611.891474062416	-680.910469119805	245.271940707038	
0.409482758621	0.022798882490	0.528181567524	2.585335618691	8.974785040289	207.918788689267	1017.717927404736	612.231562346252	-678.649687041132	242.573446315493	
0.410344827586	0.025347719708	0.523308551690	2.578710507185	9.978135364189	206.000524948957	1015.109950822528	611.719495569888	-674.325597154892	239.127659778356	
0.411206896552	0.029461023619	0.520937683461	2.576913432803	11.597338341496	205.067232156070	1014.402532102052	611.199675733693	-672.372962172946	237.032609634014	
0.412068965517	0.032391622007	0.519885434675	2.575395905466	12.750969033146	204.653014192979	1013.805157136517	610.840587584587	-670.424305946462	235.929508444292	
0.412931034483	0.032857612956	0.520886073364	2.573703332708	12.934406471473	205.046915830116	1013.138875503004	609.650797891734	-669.734480183537	236.704601637181	
0.413793103448	0.033038021997	0.521421067028	2.572088905409	13.005424529645	205.257516202065	1012.503355846346	609.134839871070	-669.427782423725	237.066710303525	
0.414655172414	0.033848811287	0.524098858184	2.572320051855	13.324591909496	206.311629271726	1012.594346695085	608.179037160336	-670.699235731999	238.728266156066	
0.415517241379	0.032916763371	0.527240023902	2.569541678234	12.957691045136	207.548149838114	1011.500639315873	607.345472242017	-671.128274345678	240.752543950040	
0.416379310345	0.030591609401	0.530084067030	2.569988855477	12.042393680240	208.667708033065	1011.676670734985	606.921887371861	-673.008287820130	242.756685586783	
0.417241379310	0.027231534738	0.533035178856	2.572436442497	10.719699559916	209.829413843723	1012.640163896412	606.798883854544	-675.728707040681	244.947897191768	
0.418103448276	0.025135598769	0.538131242861	2.583254533255	9.894633910786	211.835480545354	1016.898707671391	607.849532602091	-682.306527937585	248.457469656028	
0.418965517241	0.022790391670	0.541879998481	2.588362235966	8.971442627200	213.311179008711	1018.909355951999	608.760432680352	-686.201710038931	251.313324976299	
0.419827586207	0.019835241618	0.543741536277	2.593427067735	7.808147167671	214.043973766276	1020.903128077112	609.992168157319	-689.576516333893	253.120119769941	
0.420689655172	0.016115425189	0.543248021823	2.591134595420	6.343840623075	213.849701694325	1020.000695852731	609.948555360963	-689.518219055334	253.884268183022	
0.421551724138	0.014804806739	0.542916634101	2.592086756742	5.827915385856	213.719250845442	1020.375514363779	610.512025635785	-690.441497370103	254.644234429721	
0.422413793103	0.015111407935	0.541020418917	2.592151934829	5.948609013470	212.972805326709	1020.401171731929	611.118382242167	-688.914376197756	253.909924044204	
0.423275862069	0.015627014494	0.540725947360	2.593547579841	6.151577647117	212.856886534474	1020.950567693831	611.420602166914	-688.355158074961	253.734909230636	
0.424137931034	0.014341230094	0.538515601864	2.586771834429	5.645428338921	211.986783550293	1018.283294041807	610.905605558355	-684.697450939241	251.964418292878	
0.425000000000	0.014583532663	0.537206871919	2.582865873598	5.740810797848	211.471601723464	1016.745711712789	610.512224971486	-683.572034691942	250.977022273871	
0.425862068966	0.016411561593	0.535125213822	2.577807629380	6.460414783121	210.652156561557	1014.754532778676	610.309703590247	-681.101178302140	249.049728527669	
0.426724137931	0.020174388471	0.534567088168	2.579593835913	7.941652400051	210.432450276717	1015.457673368039	610.122663899288	-682.349675631834	248.398439543472	
0.427586206897	0.023737901120	0.534039489927	2.578684566496	9.344429927699	210.224761114912	1015.099739264782	610.140849913166	-681.838913220169	247.224465358875	
0.428448275862	0.025959635159	0.535044061567	2.578676889282	10.219016014520	210.620210959021	1015.096717127724	610.123730981613	-682.062915957867	247.045390070271	
0.429310344828	0.026108517578	0.534559445661	2.574378938072	10.277623611082	210.429441802353	1013.404827700970	609.358508777308	-680.627183340315	246.372419695266	
0.430172413793	0.025169975850	0.532541431485	2.570331474566	9.908166456203	209.635050084127	1011.811542813706	608.656975037005	-678.983126587119	245.404856489898	
0.431034482759	0.024384304186	0.531442325838	2.570776083198	9.598886635038	209.202386907504	1011.986563097886	608.377616289918	-679.106024271535	245.066186215076	
0.431896551724	0.022591237957	0.528308862741	2.569197610893	8.893045724702	207.968898479384	1011.365197132485	608.149956726730	-677.708965485846	243.772883910821	
0.432758620690	0.021635379832	0.526808393676	2.569877141639	8.516771966612	207.378238506312	1011.632694558236	608.156796317657	-677.723223312647	243.631297327514	
0.433620689655	0.023406459894	0.528032522243	2.571259074398	9.213958017372	207.860116982192	1012.176692688876	608.135561055222	-677.760160229098	244.509991871911	
0.434482758621	0.023850589959	0.528598300586	2.564017001801	9.388789913690	208.082835749582	1009.325849239053	608.504927546505	-673.630331355774	244.851743840389	
0.435344827586	0.024206226797	0.526891333139	2.562387543253	9.528786432313	207.410887643730	1008.684412528186	609.890746488795	-671.095586139398	244.260901630707	
0.436206896552	0.024167866528	0.528540702919	2.565083960460	9.513685904095	208.060162415709	1009.745857746987	611.460063933695	-670.995292885513	245.535287809454	
0.437068965517	0.024150561635	0.529025039879	2.564117734615	9.506873829008	208.250821765190	1009.365502733228	612.839699441113	-669.806738740999	246.193345529836	
0.437931034483	0.024041234456	0.527901072380	2.566208922916	9.463837161274	207.808371715284	1010.188699461811	614.808782784375	-669.648284332481	246.620996509234	
0.438793103448	0.023425472395	0.525630318465	2.567776801886	9.221442292528	206.914488943527	1010.805895358625	616.211929176487	-669.450261560954	246.506395631747	
0.439655172414	0.021491205908	0.521903526115	2.570578742870	8.460017869829	205.447436326169	1011.908880035067	617.840107679970	-669.378100252829	245.464808539152	
0.440517241379	0.017447475460	0.516053436061	2.571514332215	6.868202501441	203.144547106761	1012.277174983739	619.140248162361	-668.050014117770	243.325405615096	
0.441379310345	0.015059369092	0.514382522678	2.575716382224	5.928123911626	202.486791691041	1013.931312881653	620.428451024368	-669.292349758564	242.795530062588	
0.442241379310	0.012419091293	0.515333515175	2.578658436605	4.888777982960	202.861150093705	1015.089453227294	620.862253050378	-671.119371101354	243.803697367767	
0.443103448276	0.011462344906	0.517897207073	2.583879869466	4.512154559959	203.870347965681	1017.144871406362	620.483656700080	-674.590584536443	245.569716017610	
0.443965517241	0.011481782928	0.522752410227	2.589298808866	4.519806341531	205.781599741322	1019.278038077310	620.680717975412	-679.031908733647	248.365802252632	
0.444827586207	0.010717764028	0.525595191504	2.587492693052	4.219050135644	206.900661207949	1018.567060195330	619.410448687594	-680.261035074783	249.832200917039	
0.445689655172	0.012633495848	0.529794112960	2.591790010875	4.973178382450	208.553567550172	1020.258700288974	618.814934121867	-683.662640395529	251.128721927926	
0.446551724138	0.013150774142	0.530190925287	2.590870289856	5.176805095105	208.709772809011	1019.896651910217	618.405009923210	-684.012176276747	250.528500948731	
0.447413793103	0.015221322532	0.530547353033	2.591858209974	5.991876918130	208.850080668576	1020.285546879071	618.451742305400	-684.872505337397	249.504826466516	
0.448275862069	0.016265856498	0.529639854346	2.584965594740	6.403057940761	208.492843613353	1017.572267396072	616.732440258531	-683.013257521047	247.712419979995	
0.449137931034	0.018179827786	0.530618978691	2.584638238989	7.156493153723	208.878276124382	1017.443403733576	615.842477031936	-683.957512620469	247.356957436031	
0.450000000000	0.019198619816	0.530616000822	2.585286737070	7.557540857479	208.877103885395	1017.698685144174	615.802442929521	-684.421031002391	246.568376671396	
0.450862068966	0.019239786770	0.532178968494	2.586269993515	7.573746237898	209.492366448858	1018.085744257026	615.407445572038	-685.711851855948	247.107008726595	
0.451724137931	0.020141651352	0.535221478387	2.589981837630	7.928765426255	210.690051128429	1019.546912498355	614.886390747815	-688.252390023864	248.631165732540	
0.452586206897	0.020502523523	0.536582572851	2.591245554288	8.070822834559	211.225846259805	1020.044374835249	614.999557634208	-688.629651039229	249.362927310826	
0.453448275862	0.019576393613	0.537063321415	2.587578355597	7.706251594665	211.415093036183	1018.600781274630	614.762340814602	-687.428895983483	249.529878731620	
0.454310344828	0.018598700547	0.536139205654	2.587517294447	7.321382507039	211.051314666477	1018.576744539797	615.106007928845	-687.206118060397	249.309766709114	
0.455172413793	0.018067049903	0.535451148147	2.590291660334	7.112098115456	210.780460679580	1019.668874273152	615.796379983291	-686.931778610104	249.011950070773	
0.456034482759	0.016418452098	0.532568172935	2.592421135542	6.463127231913	209.645576861687	1020.507142650951	616.417317851960	-686.893067543494	248.181822427189	
0.456896551724	0.015035421337	0.528716474065	2.597670670287	5.918696872569	208.129354765387	1022.573623142695	617.432581036504	-686.833729562414	246.703525412801	
0.457758620690	0.012681127366	0.526317576995	2.606794515147	4.991928539888	207.185028413019	1026.165226651973	618.981174838610	-688.525531616521	246.319202679140	
0.458620689655	0.008946429259	0.525215060989	2.611691839928	3.521763819353	206.751022747963	1028.093059614892	619.386196625168	-688.976077614999	246.444890870666	
0.459482758621	0.005388255880	0.522112649583	2.615210715773	2.121088096610	205.529757824860	1029.478265854951	620.556514642302	-688.634188128115	245.517996370160	
0.460344827586	0.003255541662	0.520119781353	2.617439740490	1.281544681819	204.745264813361	1030.355721918464	621.127453009053	-688.207400271426	245.306820989199	
0.461206896552	0.003319785951	0.519844227294	2.620157393154	1.306834459980	204.636792898412	1031.425526479613	621.854747526201	-687.506125531258	245.487224941942	
0.462068965517	0.002102414507	0.518569434484	2.615730320131	0.827615926833	204.134970432026	1029.682808223307	622.310296485682	-684.014835954578	245.082139193336	
0.462931034483	0.003298979863	0.516245813658	2.611335361357	1.298644139191	203.220276589819	1027.952731748082	622.449838872157	-680.263257244749	243.702679287515	
0.463793103448	0.004922323172	0.513109267354	2.599768129439	1.937673584834	201.985574456482	1023.399288393060	621.714538692722	-672.790492701466	240.777891936067	
0.464655172414	0.007348112659	0.511708774126	2.590042402103	2.892586142924	201.434269992990	1019.570753716480	621.429902069821	-667.055281366382	238.190260517222	
0.465517241379	0.011153182117	0.509912018587	2.578019617859	4.390452560840	200.726976785474	1014.837982089481	620.102292756023	-660.528397256480	235.280147704962	
0.466379310345	0.016437923144	0.509351229144	2.570570201279	6.470792013172	200.506221899353	1011.905517636002	619.177146815786	-657.009240840131	232.895133666650	
0.467241379310	0.019734200919	0.510904079425	2.565014931672	7.768372474896	201.117501749649	1009.718684549595	617.638098767966	-656.089155599023	232.219994552744	
0.468103448276	0.021341571447	0.510942453661	2.559481731564	8.401114232120	201.132607775997	1007.540539126166	615.774088727030	-656.055941803544	231.419750946350	
0.468965517241	0.023326372980	0.512409152253	2.559927869205	9.182431786030	201.709973995052	1007.716161305237	614.991118729946	-658.557717265308	231.878051302992	
0.469827586207	0.024097722007	0.515947266838	2.561154266314	9.486073498052	203.102753569186	1008.198932793398	613.424814978323	-662.001345846009	233.787957874795	
0.470689655172	0.024850112637	0.519540637402	2.564442855644	9.782252233052	204.517284671652	1009.493486696847	612.548603450582	-665.842132236182	235.658031480843	
0.471551724138	0.025773770416	0.525778955045	2.571564055639	10.145850318176	206.972999765664	1012.296748620602	611.575739237458	-671.991845881999	239.102449876152	
0.472413793103	0.025939909775	0.531154144273	2.579521079733	10.211251112728	209.088944171754	1015.429032882102	611.341368401849	-677.795802993005	242.084407157946	
0.473275862069	0.024593055424	0.536344617202	2.582593739875	9.681061605326	211.132174966796	1016.638586213729	610.136718456083	-682.186860561121	245.340818039099	
0.474137931034	0.024998087337	0.541993085044	2.592866228629	9.840502505678	213.355695558686	1020.682353641098	610.531472265264	-688.295174283136	248.861489427883	
0.475000000000	0.024276399884	0.545719429454	2.598735897305	9.556410083080	214.822571844577	1022.992949989514	611.166583173905	-691.088180211207	251.189637818510	
0.475862068966	0.022134699585	0.548953525063	2.605089647941	8.713329295704	216.095674282835	1025.494105306243	612.456166902736	-694.154987215407	253.421119180500	
0.476724137931	0.019677222160	0.551704380363	2.609777742100	7.745942774070	217.178549068723	1027.339574589352	613.044966611479	-696.203705676154	255.516560474496	
0.477586206897	0.017039910885	0.555882947412	2.616203598324	6.707764617998	218.823442894667	1029.869114286579	614.119537356974	-699.095067330057	258.579837266202	
0.478448275862	0.014180651700	0.558267438869	2.621473650684	5.582216619417	219.762098473931	1031.943671542108	615.009380868401	-701.378246859214	260.908463110690	
0.479310344828	0.011731213620	0.560381676376	2.624736097406	4.617994787511	220.594368527601	1033.227934402195	615.955789552829	-703.096495486715	262.921483075084	
0.480172413793	0.008791254848	0.557222274542	2.618448345278	3.460679378816	219.350669309832	1030.752759412348	616.373349845986	-700.774393737990	262.301270616201	
0.481034482759	0.009295868347	0.554652148158	2.619979766471	3.659320592481	218.338938500973	1031.355603697492	616.224768554227	-701.037653229815	261.853352111060	
0.481896551724	0.011415946335	0.552110212234	2.622325143059	4.493889752373	217.338304872725	1032.278861700150	618.006696018611	-699.255376787905	259.852490361472	
0.482758620690	0.010364833692	0.547827937426	2.616031385795	4.080119032575	215.652586465140	1029.801322787184	617.509623393769	-696.235036570132	257.916988879217	
0.483620689655	0.012506778208	0.545058724347	2.622271132341	4.923295956142	214.562485135699	1032.257600369366	618.007690267656	-697.269453193853	256.582477835813	
0.484482758621	0.014507375581	0.546458233233	2.621570227864	5.710831545975	215.113402112371	1031.981689170053	617.626140994912	-695.868198170922	256.822084471041	
0.485344827586	0.017930608557	0.549472324310	2.626041103269	7.058387949971	216.299899719256	1033.741650243270	617.974102194952	-697.036864513043	257.697168787503	
0.486206896552	0.020211511087	0.549968946627	2.627193026925	7.956265725856	216.495395201978	1034.195105240752	617.453624092321	-696.295429068983	256.653261725524	
0.487068965517	0.019522615838	0.548115927341	2.622776965003	7.685081961537	215.765953757700	1032.456721506592	617.789852780784	-693.577909916358	254.537673440123	
0.487931034483	0.019455633482	0.544372752339	2.615605732125	7.658714342697	214.292452105892	1029.633764127793	617.406743888521	-689.499716573569	251.645579768549	
0.488793103448	0.020746898578	0.540630606907	2.611747437205	8.167021128088	212.819355744382	1028.114945495248	617.191778285565	-686.664067531119	249.069137764790	
0.489655172414	0.020808267674	0.537448317333	2.608475014237	8.191179085938	211.566646763113	1026.826755483577	616.207333350798	-683.592901084583	246.925690090464	
0.490517241379	0.021361060639	0.534695317609	2.606677615597	8.408786156793	210.482927823964	1026.119209118805	615.491897595943	-682.539147816507	245.535972926780	
0.491379310345	0.021634694279	0.533045504235	2.606626625242	8.516502098455	209.833478431258	1026.099136754330	614.903251213472	-681.858760142654	244.565814778484	
0.492241379310	0.022784428521	0.535361659964	2.609949854547	8.969095232356	210.745233636960	1027.407326691680	614.538475412889	-683.488503517000	245.555050916299	
0.493103448276	0.024206815412	0.538074602342	2.615959920564	9.529018140498	211.813183992495	1029.773190483797	615.701534323173	-685.557751302379	246.671274932924	
0.493965517241	0.025716751257	0.542213825286	2.617115240609	10.123404713607	213.442590003116	1030.227982470004	616.063972522473	-686.262639222840	248.535540871564	
0.494827586207	0.026270063104	0.547147349338	2.622744721174	10.341216042282	215.384672816610	1032.444028716181	616.745136380555	-688.805625925114	250.818019769669	
0.495689655172	0.025076627258	0.549317633532	2.627824525780	9.871419762724	216.239005660791	1034.443694902003	617.815357080963	-690.719326109784	252.119227390707	
0.496551724138	0.020994978276	0.546724092429	2.625723249704	8.264677754942	215.218057642630	1033.616527118499	617.205468018654	-689.551232019723	251.268756603331	
0.497413793103	0.018452405318	0.544811012197	2.632148277130	7.263793358334	214.464973194102	1036.145740559176	617.626317158946	-691.489512937526	250.874347605943	
0.498275862069	0.015200242262	0.543319792773	2.635546172575	5.983578665509	213.877954344130	1037.483322838509	617.378817353692	-692.784876874388	250.727001953700	
0.499137931034	0.013468567622	0.543258228259	2.638869733394	5.301904567394	213.853719459894	1038.791643276300	617.058896995921	-694.250816715883	250.908947771827	
0.500000000000	0.009889906551	0.542635137647	2.641622657831	3.893163860232	213.608439705331	1039.875332578414	616.837715798482	-696.152504363471	251.510686530669	
0.500862068966	0.007892333453	0.541236642379	2.639832765524	3.106818776798	213.057921739627	1039.170741083511	616.297208170956	-695.679441047837	251.388599889050	
