dbx_v3_0_m5_0										
Time	Cx	Cy	Cz	Fx	Fy	Fz	Mx	My	Mz	
0.000000000000	0.000000000000	0.000000000000	0.000000000000	0.000000000000	0.000000000000	0.000000000000	0.000000000000	0.000000000000	0.000000000000	
0.000862068966	1.902439370442	-0.240268825128	0.652269625336	748.895584817987	-94.581864265101	256.766050006260	149.841824884470	-99.023084012452	-140.482082850640	
0.001724137931	0.339924691066	0.109901562759	0.436221062840	133.811413002264	43.262769049826	171.718496284915	94.980479926648	-34.744347587202	13.926531719825	
0.002586206897	0.059441120200	0.119653386959	0.174998621069	23.399007172774	47.101576320461	68.888237230497	97.913389649224	74.013688187611	-53.596430108210	
0.003448275862	0.041812617822	0.130121560652	0.273520029978	16.459544184597	51.222374692324	107.671206763541	113.424336363216	-1.241151009926	-37.301870793098	
0.004310344828	0.083828828586	0.084314795973	0.319816184703	32.999232766196	33.190533911412	125.895696019917	112.475800688966	-7.014265666616	-41.731092952071	
0.005172413793	0.094304221981	0.064790698703	0.332286522292	37.122873174787	25.504869668818	130.804646553002	121.626520399436	5.181322037424	-47.788987511935	
0.006034482759	0.095526366903	0.057872372186	0.343533371593	37.603970733161	22.781469247394	135.231970711410	123.985641315084	-0.490377284851	-47.011904314241	
0.006896551724	0.106776411091	0.041242344155	0.382934171344	42.032552559286	16.235055857896	150.742102298245	130.967525919835	-7.900563714945	-50.332123990258	
0.007758620690	0.116096640425	0.044295283602	0.404719856042	45.701462436582	17.436845995483	159.318040820298	140.178781045982	-10.544257990983	-50.131573641347	
0.008620689655	0.111931905918	0.042579252486	0.404246685742	44.062013983189	16.761330051813	159.131777250497	141.624965620619	-9.600252365499	-51.219354944683	
0.009482758621	0.105153381582	0.037112919139	0.427280259284	41.393646714268	14.609506991145	168.198947429865	147.013769239599	-13.861290077617	-53.362208782005	
0.010344827586	0.105838444193	0.035878052796	0.446353897378	41.663321728616	14.123401643264	175.707288340516	152.236005829524	-17.819835215721	-54.290771658757	
0.011206896552	0.109181292684	0.038729361072	0.453951075340	42.979234611307	15.245819635814	178.697918749592	154.654175928064	-19.731939568519	-52.971913118394	
0.012068965517	0.111958273510	0.038451538237	0.466236376169	44.072393590068	15.136454628973	183.534029530309	157.505625532197	-21.966089969227	-52.942129356953	
0.012931034483	0.112494449164	0.031665757059	0.481861385417	44.283459228208	12.465230703002	189.684817103670	160.687353185891	-25.155716121274	-54.777020430191	
0.013793103448	0.111086020017	0.029080833592	0.494035143987	43.729030852658	11.447675136581	194.477019254932	163.606447153607	-28.003273038415	-55.340358589557	
0.014655172414	0.109475176035	0.026697618724	0.503747273613	43.094921842826	10.509522194724	198.300200749920	165.874904099051	-30.187153646925	-55.773576229519	
0.015517241379	0.108722998235	0.025088701297	0.513547352500	42.798826922476	9.876171573192	202.158003486266	168.112503397654	-32.515271717966	-56.140406339374	
0.016379310345	0.108281313820	0.026987818056	0.522066522372	42.624957776719	10.623759211475	205.511576169293	170.074390470428	-34.889362130832	-55.511278491655	
0.017241379310	0.108684999958	0.029829013863	0.530029375031	42.783868894483	11.742196428594	208.646154485538	171.720664949469	-37.218859882587	-54.503447471219	
0.018103448276	0.109966596905	0.031988973362	0.538103225821	43.288369752709	12.592464856280	211.824427235407	173.350996310691	-39.491745920481	-53.623506532534	
0.018965517241	0.110912307741	0.032573474643	0.546031094009	43.660648985430	12.822553886104	214.945233908723	175.002134017140	-41.766920075018	-53.128842493885	
0.019827586207	0.110629950442	0.031396415123	0.552798616970	43.549498986170	12.359204203817	217.609270484184	176.621357314441	-43.919222086631	-53.008014084657	
0.020689655172	0.109703572204	0.029876576407	0.559911896331	43.184830034077	11.760919432335	220.409414126018	178.299163271961	-46.004617915677	-53.034032670897	
0.021551724138	0.109233750025	0.029147385770	0.564854970056	42.999884452537	11.473873412710	222.355255946468	179.506391151813	-47.268882683702	-52.997799304163	
0.022413793103	0.109342612791	0.026395928884	0.566590212907	43.042738299066	10.390761937118	223.038334592783	180.450357645031	-46.370964313104	-54.258581147085	
0.023275862069	0.109838186348	0.023142692941	0.564461372534	43.237820914751	9.110125049721	222.200316214550	180.666195227247	-42.721593160600	-56.730570201009	
0.024137931034	0.109312274960	0.016433600594	0.555945089342	43.030795806586	6.469089695535	218.847879873772	179.810870977208	-35.383488185633	-61.188805066886	
0.025000000000	0.107856108120	0.011455038363	0.551601687946	42.457575479921	4.509277818348	217.138099168368	179.860779510177	-30.559532418427	-64.249945695191	
0.025862068966	0.107124516543	0.008563410516	0.549973241945	42.169584330168	3.370988020004	216.497061120550	180.245983197119	-27.690595684130	-66.180582680604	
0.026724137931	0.107110204678	0.006219583936	0.548493491403	42.163950461972	2.448340284456	215.914557065494	180.670127187512	-25.346800849591	-67.779998558314	
0.027586206897	0.106857689572	0.004082487018	0.547267987390	42.064547847158	1.607071715607	215.432137200334	181.192483063543	-23.360613337826	-69.104054377865	
0.028448275862	0.106394556366	0.002141033177	0.546550647632	41.882235381227	0.842818077628	215.149756281405	181.704684679879	-21.737225515279	-70.236781962526	
0.029310344828	0.106120123941	0.000127028698	0.545551130024	41.774205010017	0.050004868622	214.756296003729	182.120066546887	-19.957891040182	-71.466079008363	
0.030172413793	0.105821927107	-0.001734781247	0.544777898887	41.656819775060	-0.682896935931	214.451913433708	182.553481521202	-18.422262022584	-72.549502547988	
0.031034482759	0.105366353595	-0.003699052315	0.543708618962	41.477483183950	-1.456132578873	214.030991207797	182.942448981454	-16.999770805086	-73.540454003340	
0.031896551724	0.104949506451	-0.005098682535	0.543745706205	41.313391233801	-2.007097255279	214.045590607159	183.402783108028	-15.811378259547	-74.430287317062	
0.032758620690	0.104568547113	-0.006176331585	0.543856030150	41.163426525318	-2.431313988701	214.089019646955	183.787366822227	-14.825515010803	-75.153380925655	
0.033620689655	0.104392587536	-0.007254151547	0.543684600200	41.094160007285	-2.855598002173	214.021536218001	184.182718436370	-13.949252132458	-75.808452442925	
0.034482758621	0.104236666809	-0.008301976011	0.543592136017	41.032781786670	-3.268074282003	213.985137676468	184.570038131017	-13.103920419346	-76.420648559312	
0.035344827586	0.104081917265	-0.009310340623	0.543456087230	40.971864602075	-3.665017184901	213.931582047934	184.903042356625	-12.312939758377	-77.019352309389	
0.036206896552	0.103918802396	-0.010270424149	0.543335128468	40.907654405725	-4.042954229499	213.883966610463	185.202465496502	-11.592248568841	-77.566838043227	
0.037068965517	0.103763179738	-0.011131875611	0.543340122055	40.846393519842	-4.382064745714	213.885932336933	185.500037242749	-10.966967797361	-78.058683246687	
0.037931034483	0.103604910051	-0.011947124155	0.543268465393	40.784090630131	-4.702987475083	213.857724679660	185.774026431287	-10.361646181027	-78.520726846513	
0.038793103448	0.103485142351	-0.012654385805	0.543262484094	40.736944054486	-4.981401144887	213.855370140380	186.027659042443	-9.860060745253	-78.911024586603	
0.039655172414	0.103392525057	-0.013281584214	0.543287572185	40.700485240911	-5.228297906395	213.865246071729	186.255777680832	-9.420749437827	-79.268121901999	
0.040517241379	0.103320855020	-0.013840151632	0.543470797421	40.672272318552	-5.448178066405	213.937372717226	186.482692377867	-9.083061498630	-79.564140123696	
0.041379310345	0.103272576410	-0.014326943942	0.543687635665	40.653267435548	-5.639803942837	214.022731129084	186.706068741152	-8.790919317658	-79.827907194680	
0.042241379310	0.103204249890	-0.014761207233	0.543969878539	40.626370688901	-5.810751761869	214.133836085172	186.914461013906	-8.575208292981	-80.048011185386	
0.043103448276	0.103185611420	-0.015057548918	0.544398685909	40.619033652115	-5.927406716874	214.302636179863	187.128032999242	-8.424233660440	-80.224447238815	
0.043965517241	0.103138783691	-0.015304186694	0.544918109379	40.600599908419	-6.024495719637	214.507107317858	187.339458529995	-8.322126602260	-80.376716020695	
0.044827586207	0.103052919703	-0.015539591188	0.545464163408	40.566799535181	-6.117162739357	214.722061580112	187.548560711429	-8.235020470290	-80.517904321952	
0.045689655172	0.102890099718	-0.015812547165	0.545186035535	40.502705419912	-6.224611906571	214.612576495469	187.653332499149	-8.026299363785	-80.646658989684	
0.046551724138	0.102725650996	-0.016373134473	0.546215348219	40.437970152285	-6.445287196322	215.017765610193	187.953516460362	-8.097895537618	-80.791555641273	
0.047413793103	0.102542793420	-0.016025083170	0.546950055403	40.365988236232	-6.308276741267	215.306983219144	188.122465855907	-8.075472663287	-80.798721875258	
0.048275862069	0.102425445025	-0.016099413100	0.547544721188	40.319794020354	-6.337536731206	215.541073507522	188.291191225319	-8.090154983826	-80.865111229175	
0.049137931034	0.102383150992	-0.016138506336	0.547873432415	40.303144966791	-6.352925790210	215.670470738314	188.458232667212	-8.040408429166	-80.908069577523	
0.050000000000	0.102321280513	-0.016217982278	0.548214386745	40.278789642041	-6.384211508409	215.804687468881	188.597797261159	-8.001301422635	-80.961785108894	
0.050862068966	0.102281082904	-0.016318022823	0.548482226365	40.262965846586	-6.423592486097	215.910122581532	188.723943220936	-7.963285478559	-81.012099441932	
0.051724137931	0.102210598438	-0.016511824801	0.548781003882	40.235219624363	-6.499882667878	216.027736402221	188.848433663329	-7.943882699148	-81.087836446750	
0.052586206897	0.102176646344	-0.016734962928	0.549078122306	40.221854376920	-6.587721030130	216.144697121034	188.967381523884	-7.934350865414	-81.161736842848	
0.053448275862	0.102170147070	-0.016963860988	0.549280656431	40.219295936592	-6.677826790617	216.224424713838	189.068390515293	-7.909212901450	-81.231067794503	
0.054310344828	0.102172193244	-0.017180683790	0.549550849576	40.220101413107	-6.763179123884	216.330786292131	189.176256143410	-7.916240954482	-81.295951599422	
0.055172413793	0.102156784153	-0.017375190587	0.549886259700	40.214035621759	-6.839746757967	216.462820544814	189.282837008529	-7.947609742533	-81.349000650199	
0.056034482759	0.102144831013	-0.017540855917	0.550227393117	40.209330266371	-6.904960943510	216.597107772994	189.383303999887	-7.986150714311	-81.396559730163	
0.056896551724	0.102136858110	-0.017677599738	0.550602966541	40.206191731648	-6.958790171974	216.744952315868	189.487113306985	-8.042384296857	-81.430190975182	
0.057758620690	0.102125082870	-0.017785572702	0.550989889081	40.201556406348	-7.001293748062	216.897264440054	189.590630873331	-8.103795536298	-81.455627146159	
0.058620689655	0.102133078210	-0.017845957792	0.551385029705	40.204703773331	-7.025064348934	217.052811614658	189.690900306373	-8.169309732821	-81.470282425900	
0.059482758621	0.102143615602	-0.017847847351	0.551771406012	40.208851819533	-7.025808174019	217.204908714427	189.786450436656	-8.232333460487	-81.464996294801	
0.060344827586	0.102146462277	-0.017829631977	0.552136119605	40.209972413505	-7.018637689038	217.348478282872	189.878966704984	-8.295368316131	-81.455532911344	
0.061206896552	0.102128993125	-0.017836257957	0.552490500209	40.203095678894	-7.021246007329	217.487980268280	189.969538169446	-8.362823525362	-81.448886478982	
0.062068965517	0.102109832445	-0.017881237510	0.552796878612	40.195553073978	-7.038952216000	217.608586179242	190.056251597793	-8.413787301759	-81.457154275359	
0.062931034483	0.102100741455	-0.017956561982	0.553098646585	40.191974403982	-7.068603707199	217.727377193847	190.138803403412	-8.476802468584	-81.463627014974	
0.063793103448	0.102110755474	-0.018051125123	0.553403803354	40.195916424585	-7.105828503900	217.847502208133	190.218140076086	-8.548300763988	-81.471695159560	
0.064655172414	0.102128174348	-0.018169030097	0.553718736323	40.202773367331	-7.152241817314	217.971475625420	190.296984877384	-8.619370841837	-81.490404902642	
0.065517241379	0.102107560503	-0.018313797646	0.554032903822	40.194658723443	-7.209229587846	218.095147715432	190.372003913578	-8.691796836809	-81.513898180636	
0.066379310345	0.102081132017	-0.018467791702	0.554350287734	40.184255145471	-7.269849374457	218.220085946715	190.450368834638	-8.761488483054	-81.545013133080	
0.067241379310	0.102046727452	-0.018597002889	0.554664631173	40.170711782801	-7.320713380248	218.343827295605	190.528117914385	-8.830943383256	-81.569795363774	
0.068103448276	0.101986848140	-0.018699958077	0.554941865312	40.147140281340	-7.361241707899	218.452960562021	190.598245231046	-8.891882261033	-81.588200783398	
0.068965517241	0.101915658272	-0.018750253118	0.555197732793	40.119116377544	-7.381040359112	218.553682840048	190.663051905033	-8.950984453572	-81.594885519379	
0.069827586207	0.101848274914	-0.018724116375	0.555426857958	40.092590906856	-7.370751625782	218.643878000422	190.720869764771	-9.004021438245	-81.583537505052	
0.070689655172	0.101787881205	-0.018626772192	0.555634051344	40.068816913012	-7.332432071499	218.725439712513	190.772218929795	-9.051463013214	-81.553342489417	
0.071551724138	0.101745976870	-0.018451180127	0.555830295327	40.052321264301	-7.263310224871	218.802691189851	190.819597996261	-9.098252113983	-81.502629792173	
0.072413793103	0.101721924411	-0.018210888248	0.556030612313	40.042853009916	-7.168719285638	218.881546005994	190.865076295146	-9.150984835996	-81.430705446702	
0.073275862069	0.101714439033	-0.017949275663	0.556216755731	40.039906389490	-7.065735446527	218.954821394523	190.907089986634	-9.199409576984	-81.353222007154	
0.074137931034	0.101728531161	-0.017712016955	0.556378470793	40.045453757926	-6.972338515516	219.018480556324	190.943151267813	-9.235790975659	-81.285662410919	
0.075000000000	0.101772775968	-0.017484617190	0.556559044451	40.062870733958	-6.882822558975	219.089563407799	190.982713840257	-9.286882074499	-81.210194442320	
0.075862068966	0.101828372374	-0.017324414323	0.556727588418	40.084756268608	-6.819758672663	219.155910769252	191.019491117633	-9.330677198871	-81.152063078090	
0.076724137931	0.101857479452	-0.017288205066	0.556871686948	40.096214275098	-6.805504892437	219.212635180415	191.054674308315	-9.366527000484	-81.130666193944	
0.077586206897	0.101904748602	-0.017337889045	0.557024355203	40.114821783949	-6.825062999289	219.272733065321	191.094676544898	-9.404760326603	-81.129681805406	
0.078448275862	0.101956457864	-0.017450678079	0.557172384262	40.135177143750	-6.869462421980	219.331004729703	191.132613384053	-9.445557711867	-81.142245926388	
0.079310344828	0.101983035433	-0.017642550822	0.557309806308	40.145639408535	-6.944993160397	219.385100941714	191.170887740904	-9.480422321430	-81.178094250210	
0.080172413793	0.101975821785	-0.017874003736	0.557442759224	40.142799754462	-7.036104639488	219.437437879707	191.207507555444	-9.517178282047	-81.225674532526	
0.081034482759	0.101964603527	-0.018100579863	0.557571916284	40.138383685561	-7.125296370770	219.488280578712	191.239610949365	-9.554497051192	-81.275946329713	
0.081896551724	0.101946835070	-0.018306850010	0.557712215367	40.131389129243	-7.206494649717	219.543509336714	191.274205839921	-9.589974648894	-81.324310134001	
0.082758620690	0.101910949830	-0.018456127510	0.557847147276	40.117262898516	-7.265257763339	219.596625306121	191.307333152176	-9.621066956309	-81.360693526266	
0.083620689655	0.101858955832	-0.018534936756	0.557967944298	40.096795451999	-7.296281036443	219.644177074372	191.336437402781	-9.650192760722	-81.379437947492	
0.084482758621	0.101800520039	-0.018536270435	0.558064606832	40.073792192188	-7.296806039460	219.682228297742	191.360458659720	-9.674393264690	-81.380282381427	
0.085344827586	0.101746603970	-0.018470611225	0.558159472859	40.052568122576	-7.270959279900	219.719572325193	191.381652141594	-9.700531760839	-81.363639172672	
0.086206896552	0.101699536121	-0.018346967871	0.558259208178	40.034039855566	-7.222287052545	219.758833150637	191.400952567870	-9.730024112660	-81.330640787516	
0.087068965517	0.101664349684	-0.018187154979	0.558359044193	40.020188708540	-7.159376680207	219.798133615128	191.419014701510	-9.758926923782	-81.287921924686	
0.087931034483	0.101649695200	-0.017999316622	0.558458924656	40.014419968397	-7.085434078493	219.837451576615	191.435569919893	-9.788385164245	-81.236178523261	
0.088793103448	0.101655264192	-0.017796879633	0.558565609848	40.016612203085	-7.005744723133	219.879448220658	191.452363700248	-9.821134994842	-81.176393624062	
0.089655172414	0.101673424216	-0.017610753719	0.558672325613	40.023760899733	-6.932476225092	219.921456900213	191.470402823335	-9.849727822132	-81.122581116508	
0.090517241379	0.101698133199	-0.017448290902	0.558787023346	40.033487595111	-6.868522709482	219.966607682259	191.490402091811	-9.881322054547	-81.071934198215	
0.091379310345	0.101733786422	-0.017315125978	0.558893937389	40.047522492405	-6.816102314240	220.008694413540	191.508329244107	-9.910265434793	-81.028170811995	
0.092241379310	0.101767059671	-0.017237443062	0.559001852373	40.060620512563	-6.785522421159	220.051175165885	191.530079624832	-9.939157745261	-81.000622025616	
0.093103448276	0.101786904935	-0.017212571026	0.559099749727	40.068432604139	-6.775731539876	220.089712475706	191.550186121515	-9.965492476750	-80.983966293832	
0.093965517241	0.101800605062	-0.017255718270	0.559179846939	40.073825661650	-6.792716459804	220.121242757003	191.573136524527	-9.984518743147	-80.989498822338	
0.094827586207	0.101817373346	-0.017337817704	0.559278810846	40.080426499359	-6.825034915945	220.160199916147	191.593579320414	-10.013039420288	-81.001388344761	
0.095689655172	0.101829400911	-0.017463403226	0.559335940536	40.085161152514	-6.874471678435	220.182689028603	191.614775296057	-10.022760458725	-81.029328825141	
0.096551724138	0.101840945583	-0.017599103292	0.559428900689	40.089705714416	-6.927890032537	220.219282808742	191.638065717617	-10.046950364563	-81.054715767824	
0.097413793103	0.101846477478	-0.017736023745	0.559490456210	40.091883345813	-6.981788792546	220.243514150132	191.656090401990	-10.059943279964	-81.087327202932	
0.098275862069	0.101832916478	-0.017871367497	0.559589592520	40.086545056063	-7.035066883527	220.282539175586	191.680344894465	-10.095128904982	-81.110271172584	
0.099137931034	0.101803542951	-0.018043734112	0.559599478852	40.074982162009	-7.102919031382	220.286430931644	191.692181834287	-10.077082546413	-81.164552031828	
0.100000000000	0.101787097651	-0.018160298857	0.559687147912	40.068508466830	-7.148804762991	220.320941872101	191.712608337749	-10.114498061924	-81.186641693923	
0.100862068966	0.101754081099	-0.018253247942	0.559759250748	40.055511495511	-7.185394186287	220.349325166248	191.729800283772	-10.145328685709	-81.196089463408	
0.101724137931	0.101743550071	-0.018346833107	0.559775664212	40.051365954562	-7.222234002571	220.355786328950	191.739165543054	-10.136412577266	-81.229647917136	
0.102586206897	0.101746779186	-0.018351688219	0.559822427625	40.052637096301	-7.224145218376	220.374194754542	191.751749031065	-10.149015872557	-81.221905803644	
0.103448275862	0.101752223611	-0.018279795233	0.559914737324	40.054780295212	-7.195844531910	220.410532483496	191.766005115620	-10.188795658120	-81.193573355565	
0.104310344828	0.101762389267	-0.018182520766	0.559958702904	40.058782007406	-7.157552421492	220.427839541330	191.772815660188	-10.195472468524	-81.174035242358	
0.105172413793	0.101740689822	-0.018045839943	0.560014257245	40.050240016953	-7.103747992112	220.449708517314	191.784653259977	-10.212661981383	-81.131125484854	
0.106034482759	0.101722650031	-0.017898500536	0.560076903523	40.043138650385	-7.045747809114	220.474369235414	191.793393624256	-10.238029862601	-81.092013440441	
0.106896551724	0.101716105308	-0.017756162588	0.560143824078	40.040562318876	-6.989716451494	220.500712523345	191.803513818719	-10.263221303745	-81.055945608156	
0.107758620690	0.101704226973	-0.017624794684	0.560198847600	40.035886410377	-6.938003453330	220.522372542319	191.815582250927	-10.275980941169	-81.017733301359	
0.108620689655	0.101706777603	-0.017497054724	0.560261417321	40.036890466059	-6.887718596441	220.547003123791	191.825218191821	-10.292188246269	-80.981880079500	
0.109482758621	0.101718892190	-0.017359756669	0.560349814671	40.041659375547	-6.833671193489	220.581800755826	191.836225717148	-10.332468878491	-80.937823729737	
0.110344827586	0.101720483616	-0.017266845588	0.560390943400	40.042285840367	-6.797096730227	220.597991086820	191.846332999423	-10.335925691573	-80.913519153625	
0.111206896552	0.101719020808	-0.017178736643	0.560444124851	40.041710006127	-6.762412628896	220.618925974482	191.858686846604	-10.346465750447	-80.886525017931	
0.112068965517	0.101724589615	-0.017093334019	0.560530218848	40.043902167926	-6.728793871520	220.652816891111	191.869617738825	-10.387794440180	-80.856290024430	
0.112931034483	0.101722934400	-0.017050995789	0.560552687642	40.043250591949	-6.712127419895	220.661661735630	191.878212286452	-10.384671380420	-80.847079479678	
0.113793103448	0.101716676906	-0.017016605504	0.560602105949	40.040787328506	-6.698589678469	220.681115260502	191.891915925152	-10.392326878464	-80.834086421480	
0.114655172414	0.101715485208	-0.016963803832	0.560703366631	40.040318216230	-6.677804291096	220.720976545417	191.903558146301	-10.444733457040	-80.807852079367	
0.115517241379	0.101709873248	-0.016970761749	0.560710880074	40.038109067344	-6.680543276300	220.723934213715	191.910589419165	-10.430788828758	-80.816435033039	
0.116379310345	0.101713189401	-0.016953000305	0.560756046104	40.039414471537	-6.673551480963	220.741713828979	191.924326190136	-10.435860471832	-80.807817233595	
0.117241379310	0.101710320780	-0.016901559170	0.560861972157	40.038285238571	-6.653301669247	220.783411638148	191.935686502786	-10.493099633775	-80.778080614671	
0.118103448276	0.101706373195	-0.016902298694	0.560873598591	40.036731270841	-6.653592782817	220.787988385736	191.941496206561	-10.485735639406	-80.782876684664	
0.118965517241	0.101703604683	-0.016901731328	0.560903353032	40.035641445776	-6.653369439397	220.799701226498	191.953714473001	-10.483686809369	-80.782741166661	
0.119827586207	0.101694258704	-0.016902313313	0.560954644837	40.031962399435	-6.653598537919	220.819892254564	191.960118607145	-10.506989921433	-80.776615084150	
0.120689655172	0.101706946856	-0.016902455002	0.561001677942	40.036957092502	-6.653654313548	220.838406844204	191.968982633814	-10.530311347838	-80.770531685968	
0.121551724138	0.101703431720	-0.016934096003	0.561059111118	40.035573358852	-6.666109799282	220.861015423762	191.980829508477	-10.549624299856	-80.768960084119	
0.122413793103	0.101705745501	-0.016987262585	0.561081084995	40.036484179209	-6.687038833082	220.869665444482	191.987541896058	-10.555125111098	-80.779110530036	
0.123275862069	0.101725426955	-0.017064929006	0.561101168839	40.044231786701	-6.717612233243	220.877571452937	191.991912270723	-10.561749785614	-80.800090155882	
0.124137931034	0.101725261236	-0.017143695616	0.561145936821	40.044166551657	-6.748618722714	220.895194376758	192.003985958642	-10.578974579909	-80.812182110104	
0.125000000000	0.101733800126	-0.017258676992	0.561178401136	40.047527887121	-6.793881161088	220.907973960060	192.012012202092	-10.585317694755	-80.838731952150	
0.125862068966	0.101734629282	-0.017379436365	0.561106039687	40.047854284578	-6.841418109092	220.879488863195	192.006391212455	-10.574238332706	-80.865230315386	
0.126724137931	0.101603399866	-0.017730017113	0.560377406691	39.996195802202	-6.979424280847	220.592662359007	191.930889365839	-10.462889815571	-80.907783274061	
0.127586206897	0.101573225553	-0.018033011727	0.560944689106	39.984317678699	-7.098698162482	220.815973179372	192.039959628379	-10.587771329213	-80.958717634277	
0.128448275862	0.101466465672	-0.017770799206	0.561241529409	39.942291633485	-6.995478158476	220.932824415414	192.026731930260	-10.632032031976	-80.913682682086	
0.129310344828	0.101439892071	-0.017869218938	0.561301800599	39.931830930639	-7.034221103216	220.956550179805	192.033735574886	-10.672655549488	-80.939094590636	
0.130172413793	0.101457804593	-0.017904131368	0.561267096500	39.938882198064	-7.047964387270	220.942888905188	192.047752136820	-10.659662911700	-80.943102704393	
0.131034482759	0.101439883894	-0.017940695192	0.561254651082	39.931827711834	-7.062357742686	220.937989764115	192.050415181509	-10.654493263034	-80.951107450698	
0.131896551724	0.101444887318	-0.017943110621	0.561210495280	39.933797310652	-7.063308576820	220.920607825117	192.047693218701	-10.646881989999	-80.950053441781	
0.132758620690	0.101434832938	-0.017935910456	0.561239280602	39.929839401962	-7.060474230549	220.931939172163	192.050379158789	-10.658549970103	-80.948624512034	
0.133620689655	0.101425237261	-0.017913170742	0.561252712486	39.926062062108	-7.051522738216	220.937226635482	192.055239116059	-10.660747236637	-80.943335189656	
0.134482758621	0.101411874872	-0.017888482990	0.561243601986	39.920801955373	-7.041804400405	220.933640285635	192.057287911032	-10.662037921841	-80.936951416182	
0.135344827586	0.101400143562	-0.017841923644	0.561269772856	39.916183923332	-7.023476305732	220.943942453184	192.061256206703	-10.672008088296	-80.925034925360	
0.136206896552	0.101386475127	-0.017795354704	0.561309089539	39.910803341426	-7.005144434749	220.959419472194	192.066033536089	-10.683994586618	-80.911987884576	
0.137068965517	0.101381883712	-0.017736212112	0.561332658484	39.908995930191	-6.981862943099	220.968697391439	192.070388858884	-10.692371369407	-80.895995067290	
0.137931034483	0.101376205207	-0.017687471499	0.561350549873	39.906760585661	-6.962676192495	220.975740339765	192.073396192729	-10.698749739251	-80.882659910517	
0.138793103448	0.101370227977	-0.017640273437	0.561367625701	39.904407648163	-6.944096667145	220.982462242482	192.077318016598	-10.704257877405	-80.868926948908	
0.139655172414	0.101368981250	-0.017600878471	0.561388917256	39.903916873800	-6.928588832313	220.990843666859	192.079831954131	-10.712691428464	-80.856694683918	
0.140517241379	0.101364466337	-0.017576786613	0.561397337900	39.902139577617	-6.919105068077	220.994158454815	192.081839043179	-10.714592250120	-80.849713853058	
0.141379310345	0.101360019878	-0.017570455106	0.561402986851	39.900389228087	-6.916612669360	220.996382165377	192.083885097643	-10.717728544551	-80.846025517080	
0.142241379310	0.101362249701	-0.017576056982	0.561401715574	39.901266998340	-6.918817848886	220.995881726898	192.085433032963	-10.717423954465	-80.847185788710	
0.143103448276	0.101362026408	-0.017594415925	0.561394408220	39.901179098945	-6.926044849774	220.993005185754	192.085612118482	-10.716004741609	-80.849127437087	
0.143965517241	0.101368298775	-0.017618951365	0.561389324754	39.903648217325	-6.935703230053	220.991004078480	192.086736968576	-10.715071939846	-80.854314486396	
0.144827586207	0.101370726929	-0.017651708725	0.561383311044	39.904604060772	-6.948598170351	220.988636780287	192.086721626009	-10.713492558169	-80.861133579600	
0.145689655172	0.101374189650	-0.017687540394	0.561372686638	39.905967161348	-6.962703313072	220.984454481033	192.087069384086	-10.709853598048	-80.869511547174	
0.146551724138	0.101382330623	-0.017721575067	0.561373430005	39.909171856765	-6.976101067743	220.984747107580	192.087921501307	-10.710923960858	-80.877144114247	
0.147413793103	0.101386003246	-0.017750292240	0.561369443249	39.910617585634	-6.987405588019	220.983177720563	192.088617809202	-10.708915499361	-80.883487073350	
0.148275862069	0.101391739317	-0.017773479991	0.561368499652	39.912875590657	-6.996533449939	220.982806273476	192.089250365367	-10.708670083053	-80.888226983114	
0.149137931034	0.101397477363	-0.017784442133	0.561372281870	39.915134373767	-7.000848699379	220.984295143994	192.090503992214	-10.709688705444	-80.890907056211	
0.150000000000	0.101398893890	-0.017787472894	0.561378148983	39.915691989855	-7.002041758922	220.986604734141	192.092465195124	-10.710982438646	-80.890818606567	
0.150862068966	0.101405746779	-0.017775575442	0.561391277038	39.918389630775	-6.997358324683	220.991772595379	192.094578559042	-10.715207212455	-80.887346247556	
0.151724137931	0.101409517375	-0.017747579902	0.561406544041	39.919873926557	-6.986337875740	220.997782453762	192.096353967163	-10.719973465912	-80.878880016182	
0.152586206897	0.101409083979	-0.017710925383	0.561421195854	39.919703319841	-6.971908817824	221.003550142482	192.098686614548	-10.725458670751	-80.868079079429	
0.153448275862	0.101412278878	-0.017662695345	0.561443718401	39.920960992429	-6.952923055242	221.012416147037	192.101833030277	-10.734378644334	-80.854588473295	
0.154310344828	0.101416185464	-0.017599532027	0.561469340438	39.922498820954	-6.928058804139	221.022502266321	192.104522917607	-10.745415421867	-80.835610913099	
0.155172413793	0.101417827167	-0.017533500261	0.561498806980	39.923145077338	-6.902065388211	221.034101775265	192.107841227396	-10.758184158022	-80.815530282310	
0.156034482759	0.101416026934	-0.017467075264	0.561529408567	39.922436415424	-6.875917176763	221.046148095475	192.111269927595	-10.771106609518	-80.795873746123	
0.156896551724	0.101414752578	-0.017403177957	0.561559966083	39.921934764826	-6.850763991044	221.058177067033	192.114679070799	-10.783894251690	-80.776914483219	
0.157758620690	0.101413391434	-0.017347307298	0.561589111017	39.921398950491	-6.828770496391	221.069649975008	192.118349475864	-10.795933904179	-80.759904834408	
0.158620689655	0.101411297677	-0.017301642568	0.561615684010	39.920574742516	-6.810794567553	221.080110438524	192.121796573809	-10.806582162375	-80.745645613622	
0.159482758621	0.101409277721	-0.017267754585	0.561641339962	39.919779586556	-6.797454557116	221.090209908175	192.125437981550	-10.816706190968	-80.734405166400	
0.160344827586	0.101407769147	-0.017244597123	0.561668346983	39.919185736032	-6.788338618394	221.100841226715	192.129611931537	-10.828298297494	-80.724932834363	
0.161206896552	0.101405402617	-0.017245006267	0.561681712474	39.918254151106	-6.788499677827	221.106102554493	192.131740519849	-10.831380182905	-80.725036233354	
0.162068965517	0.101404475440	-0.017250047846	0.561704248537	39.917889167662	-6.790484296466	221.114973879513	192.136580336024	-10.841187664730	-80.722622865308	
0.162931034483	0.101406200184	-0.017269507792	0.561718280465	39.918568113748	-6.798144707359	221.120497550404	192.138696469762	-10.845164455707	-80.726312559113	
0.163793103448	0.101399171850	-0.017304842563	0.561733045062	39.915801408762	-6.812054246001	221.126309636817	192.142904319576	-10.852122150898	-80.732976192781	
0.164655172414	0.101395961421	-0.017350682357	0.561744055012	39.914537622796	-6.830099088804	221.130643705385	192.145485278748	-10.855618146186	-80.743281487952	
0.165517241379	0.101390578707	-0.017407192341	0.561752951289	39.912418716482	-6.852344253747	221.134145726182	192.149067839644	-10.859640537267	-80.756668953788	
0.166379310345	0.101391731862	-0.017457609619	0.561766391096	39.912872656083	-6.872191023946	221.139436308711	192.151942044463	-10.865077973647	-80.766788979500	
0.167241379310	0.101385809687	-0.017518858872	0.561770320999	39.910541390808	-6.896301802867	221.140983315467	192.154216871976	-10.866037084246	-80.782530739213	
0.168103448276	0.101383306366	-0.017560852939	0.561787112524	39.909555958111	-6.912832774468	221.147593302353	192.157551714950	-10.874543006616	-80.789239999800	
0.168965517241	0.101377802300	-0.017612568311	0.561784092143	39.907389281527	-6.933190539530	221.146404328690	192.158711216939	-10.872077598903	-80.804264434039	
0.169827586207	0.101372853499	-0.017641872424	0.561802807578	39.905441185289	-6.944726108764	221.153771663032	192.161795406904	-10.882059331814	-80.807821399932	
0.170689655172	0.101370161672	-0.017667627197	0.561801450210	39.904381547187	-6.954864479735	221.153237334857	192.162620486894	-10.880906725010	-80.815059914262	
0.171551724138	0.101363299071	-0.017682025609	0.561816900508	39.901680083048	-6.960532416860	221.159319347317	192.164642835810	-10.888035286489	-80.816871580872	
0.172413793103	0.101361404378	-0.017676642941	0.561822820842	39.900934236696	-6.958413528780	221.161649887746	192.165763106757	-10.891784575030	-80.813917347889	
0.173275862069	0.101355306245	-0.017677278869	0.561829506574	39.898533705958	-6.958663861846	221.164281727546	192.166625078467	-10.893008693126	-80.815094231924	
0.174137931034	0.101354171843	-0.017646411182	0.561846221754	39.898087148086	-6.946512791456	221.170861660745	192.168146922589	-10.902828532954	-80.803080381194	
0.175000000000	0.101351952375	-0.017629734231	0.561844984903	39.897213454268	-6.939947906918	221.170374774150	192.168061872394	-10.899704357308	-80.801225665864	
0.175862068966	0.101348853183	-0.017592882606	0.561867358670	39.895993456735	-6.925441258451	221.179182211649	192.170016567362	-10.911241743585	-80.787559027928	
0.176724137931	0.101352583575	-0.017558891752	0.561867115375	39.897461926349	-6.912060753164	221.179086438417	192.169920820595	-10.909383145636	-80.779814137544	
0.177586206897	0.101351123846	-0.017528422364	0.561885003113	39.896887303868	-6.900066473260	221.186127949675	192.171495875768	-10.916580644202	-80.769926165027	
0.178448275862	0.101358267349	-0.017485851731	0.561893371980	39.899699344818	-6.883308536175	221.189422355282	192.172341323949	-10.920185991162	-80.756796929159	
0.179310344828	0.101360300823	-0.017466488774	0.561900052693	39.900499822139	-6.875686304936	221.192052219179	192.173205601138	-10.920139206572	-80.752622911738	
0.180172413793	0.101367777294	-0.017429258817	0.561917072997	39.903442936517	-6.861030725901	221.198752264690	192.175028999649	-10.928683160538	-80.738536336807	
0.181034482759	0.101374963570	-0.017418304273	0.561914275426	39.906271815251	-6.856718467672	221.197651000468	192.175627275792	-10.923754760846	-80.737407368436	
0.181896551724	0.101380873271	-0.017401580856	0.561931559181	39.908598170084	-6.850135291600	221.204454753868	192.177429327329	-10.931469143217	-80.729591512749	
0.182758620690	0.101391954227	-0.017390993414	0.561932229115	39.912960190093	-6.845967543265	221.204718473362	192.179008968194	-10.930594612762	-80.725529343011	
0.183620689655	0.101396570117	-0.017403426432	0.561934658620	39.914777236042	-6.850861803154	221.205674848503	192.179908350559	-10.928155290178	-80.729819792274	
0.184482758621	0.101406349085	-0.017398576287	0.561945137822	39.918626728596	-6.848952542667	221.209799988065	192.182089166816	-10.934583292230	-80.724281740017	
0.185344827586	0.101414367586	-0.017420341444	0.561939253186	39.921783212927	-6.857520400558	221.207483500093	192.183030495102	-10.928312390848	-80.731359264930	
0.186206896552	0.101417235226	-0.017441947477	0.561943014971	39.922912059917	-6.866025618860	221.208964327364	192.184189288433	-10.929777602091	-80.736086961024	
0.187068965517	0.101426117049	-0.017459016867	0.561943907958	39.926408390860	-6.872744987450	221.209315851851	192.186250626070	-10.930518617658	-80.738207172165	
0.187931034483	0.101427649616	-0.017501147349	0.561935828099	39.927011686203	-6.889329658934	221.206135214060	192.186197998852	-10.923865548586	-80.752105857545	
0.188793103448	0.101429153619	-0.017525133633	0.561942602226	39.927603737043	-6.898771863695	221.208801850370	192.188261215083	-10.929613437892	-80.754633474187	
0.189655172414	0.101432431047	-0.017571232172	0.561927026759	39.928893897267	-6.916918561358	221.202670564995	192.188094084464	-10.919332935516	-80.770459729533	
0.190517241379	0.101429143070	-0.017607384172	0.561935358252	39.927599584492	-6.931149802365	221.205950258451	192.189676605369	-10.925116856019	-80.777422725832	
0.191379310345	0.101431350116	-0.017645662466	0.561924150185	39.928468388508	-6.946218059577	221.201538201092	192.189703659605	-10.919301699025	-80.788913776873	
0.192241379310	0.101423854607	-0.017696666770	0.561924079543	39.925517780349	-6.966295912627	221.201510393058	192.190599299376	-10.918503650418	-80.803573701294	
0.193103448276	0.101424138794	-0.017723544055	0.561926673745	39.925629650548	-6.976876160166	221.202531600995	192.191398883461	-10.921900290018	-80.808373519751	
0.193965517241	0.101418521486	-0.017776704319	0.561915071005	39.923418396162	-6.997802707328	221.197964180490	192.191211566894	-10.913509132337	-80.826791586469	
0.194827586207	0.101414914614	-0.017799552731	0.561928847232	39.921998550388	-7.006796988521	221.203387194672	192.192407679373	-10.922283729201	-80.829448065486	
0.195689655172	0.101414554749	-0.017829879489	0.561920489850	39.921856889617	-7.018735122320	221.200097309642	192.192908511061	-10.916493240967	-80.839740091804	
0.196551724138	0.101407369406	-0.017857986157	0.561928362637	39.919028377948	-7.029799316825	221.203196433428	192.193260582531	-10.918867895473	-80.847996841855	
0.197413793103	0.101408244027	-0.017858131699	0.561937469603	39.919372672918	-7.029856609633	221.206781392188	192.194660361550	-10.924923776689	-80.845247416933	
0.198275862069	0.101405799412	-0.017876362360	0.561933919496	39.918410349470	-7.037033112347	221.205383892276	192.194946294794	-10.918412345082	-80.854155454222	
0.199137931034	0.101404375288	-0.017862639454	0.561953151167	39.917849742867	-7.031631088137	221.212954442547	192.196410056044	-10.928622371537	-80.847718570200	
0.200000000000	0.101409255779	-0.017842564054	0.561958647483	39.919770949105	-7.023728403383	221.215118068574	192.197739971649	-10.928838299971	-80.842370701421	
0.200862068966	0.101406571559	-0.017827254003	0.561965112591	39.918714305583	-7.017701599157	221.217663059468	192.198237680922	-10.927633549335	-80.841226489733	
0.201724137931	0.101411159231	-0.017774643450	0.561987756784	39.920520243278	-6.996991445818	221.226576949568	192.200842899996	-10.939211749743	-80.823224330333	
0.202586206897	0.101414854476	-0.017736375951	0.561989994338	39.921974877019	-6.981927438275	221.227457763339	192.201681501733	-10.934829910436	-80.816280601338	
0.203448275862	0.101413421465	-0.017681996979	0.562008123397	39.921410772011	-6.960521146758	221.234594270471	192.203243885313	-10.941577300073	-80.801509062949	
0.204310344828	0.101420055854	-0.017611495702	0.562022237622	39.924022400578	-6.932768306947	221.240150337717	192.205845846605	-10.946296128933	-80.781547357390	
0.205172413793	0.101419727074	-0.017556454607	0.562029616570	39.923892976129	-6.911101370339	221.243055061540	192.206750438312	-10.944409752566	-80.770410050791	
0.206034482759	0.101419475672	-0.017478371661	0.562050066028	39.923794011886	-6.880364005195	221.251104994370	192.208992209435	-10.953923295287	-80.747461890227	
0.206896551724	0.101420999049	-0.017413205343	0.562055224078	39.924393689158	-6.854711273014	221.253135461808	192.211233409398	-10.951728815419	-80.732554293096	
0.207758620690	0.101416074270	-0.017351189753	0.562068760492	39.922455049382	-6.830298825482	221.258464073322	192.212449145526	-10.955342149626	-80.717714444249	
0.208620689655	0.101415854385	-0.017276510968	0.562084029774	39.922368491419	-6.800901508883	221.264474828839	192.215128687801	-10.962324114274	-80.695764020149	
0.209482758621	0.101409980269	-0.017232883939	0.562083188929	39.920056144662	-6.783727721622	221.264143830142	192.215920145678	-10.956482712035	-80.689277552670	
0.210344827586	0.101402874732	-0.017173280192	0.562104445678	39.917259048985	-6.760264696246	221.272511553074	192.218719475008	-10.967650407018	-80.670503022991	
0.211206896552	0.101401440272	-0.017133584979	0.562100424323	39.916694373553	-6.744638668817	221.270928545818	192.219415301347	-10.961918436551	-80.663447533819	
0.212068965517	0.101390535743	-0.017101580740	0.562115623540	39.912401803646	-6.732040194639	221.276911720267	192.221559363745	-10.968493128916	-80.654370929838	
0.212931034483	0.101387574929	-0.017067514366	0.562119360764	39.911236278786	-6.718629960614	221.278382879083	192.222753828356	-10.969884614344	-80.644978480840	
0.213793103448	0.101377214479	-0.017064259013	0.562120417299	39.907157885979	-6.717348490341	221.278798784149	192.224034154256	-10.967659841804	-80.647099935096	
0.214655172414	0.101373324230	-0.017041758358	0.562135933928	39.905626488836	-6.708491103753	221.284906907758	192.225739393125	-10.977053987356	-80.637067489710	
0.215517241379	0.101368426566	-0.017054514634	0.562125393712	39.903698522408	-6.713512613986	221.280757750164	192.226017669613	-10.968672544014	-80.644808631119	
0.216379310345	0.101362308309	-0.017052328411	0.562146285239	39.901290069363	-6.712652006957	221.288981703201	192.228163242878	-10.980630926019	-80.639320154518	
0.217241379310	0.101363329381	-0.017067084669	0.562135170144	39.901692014730	-6.718460810262	221.284606244418	192.228130614392	-10.973574450153	-80.645636633770	
0.218103448276	0.101357444591	-0.017088310873	0.562149262495	39.899375465857	-6.726816509039	221.290153700631	192.230017868861	-10.980383408187	-80.648853587478	
0.218965517241	0.101361994370	-0.017099755894	0.562148990083	39.901166487233	-6.731321843651	221.290046465553	192.230452701737	-10.981071646489	-80.650046244326	
0.219827586207	0.101359869438	-0.017137579007	0.562148822609	39.900330007536	-6.746210918568	221.289980539560	192.231459732362	-10.978705332893	-80.661368568363	
0.220689655172	0.101364485701	-0.017149190494	0.562162332823	39.902147200071	-6.750781782616	221.295298837460	192.232805760489	-10.987627328296	-80.659012365890	
0.221551724138	0.101368458017	-0.017189786327	0.562150441686	39.903710903186	-6.766762338867	221.290617889222	192.232900456145	-10.978783912013	-80.672956175539	
0.222413793103	0.101371000990	-0.017209733563	0.562169862075	39.904711944910	-6.774614571838	221.298262728988	192.234876630722	-10.990088247577	-80.672396224633	
0.223275862069	0.101380025270	-0.017240986143	0.562157384492	39.908264354248	-6.786917155232	221.293350926196	192.234747843603	-10.982229682517	-80.682424116511	
0.224137931034	0.101381130345	-0.017273747790	0.562169952006	39.908699367130	-6.799813783528	221.298298129991	192.236570037362	-10.988072040400	-80.688328569800	
0.225000000000	0.101391332626	-0.017292587940	0.562167843819	39.912715496694	-6.807230211748	221.297468241987	192.236953034350	-10.987606049182	-80.691417915233	
0.225862068966	0.101393313936	-0.017334472422	0.562165336241	39.913495440049	-6.823718045371	221.296481133365	192.237869306190	-10.983880050991	-80.704053650811	
0.226724137931	0.101400348552	-0.017347747529	0.562176082378	39.916264617672	-6.828943793214	221.300711352262	192.239090714389	-10.991292539808	-80.702648002230	
0.227586206897	0.101405087647	-0.017387966334	0.562161142438	39.918130163083	-6.844775932739	221.294830242329	192.239036457599	-10.980945423455	-80.717180455299	
0.228448275862	0.101406839139	-0.017406620162	0.562176723993	39.918819638201	-6.852119015369	221.300963924156	192.240666811352	-10.990414269226	-80.717300076107	
0.229310344828	0.101413743017	-0.017435308482	0.562160526758	39.921537351247	-6.863412177682	221.294587879713	192.240279149337	-10.980965490749	-80.727679598024	
0.230172413793	0.101411705409	-0.017465067804	0.562168979954	39.920735246375	-6.875126939676	221.297915481580	192.241596151879	-10.985007742504	-80.734065252681	
0.231034482759	0.101417740775	-0.017479351895	0.562163402910	39.923111069306	-6.880749874448	221.295720077218	192.241524377342	-10.983451621346	-80.736875034260	
0.231896551724	0.101414546543	-0.017519028113	0.562154446239	39.921853659433	-6.896368424679	221.292194282467	192.241493420669	-10.976575384587	-80.750906026275	
0.232758620690	0.101416674538	-0.017525935293	0.562164425366	39.922691344694	-6.899087437293	221.296122567500	192.242347401850	-10.984711012868	-80.748457802397	
0.233620689655	0.101417271349	-0.017556941440	0.562146978607	39.922926279601	-6.911293012385	221.289254647621	192.241883052737	-10.973816732326	-80.760757444694	
0.234482758621	0.101412549856	-0.017578066219	0.562153083794	39.921067662932	-6.919608785098	221.291657955680	192.241950709768	-10.977571312371	-80.765746444721	
0.235344827586	0.101416307527	-0.017585054795	0.562151255420	39.922546870785	-6.922359839301	221.290938215950	192.242681921937	-10.978146384383	-80.766211061021	
0.236206896552	0.101412346327	-0.017614974120	0.562141643630	39.920987543724	-6.934137586726	221.287154533232	192.241708888921	-10.970196210826	-80.778412923472	
0.237068965517	0.101410708238	-0.017616389498	0.562151753518	39.920342709764	-6.934694750560	221.291134292280	192.242418255227	-10.978250140460	-80.775638957769	
0.237931034483	0.101412255979	-0.017630313378	0.562142922889	39.920951978532	-6.940175888355	221.287658113673	192.242601016296	-10.971618417438	-80.781656344060	
0.238793103448	0.101407147117	-0.017644971194	0.562145569913	39.918940873852	-6.945945940267	221.288700115227	192.242167405364	-10.972050493072	-80.787128722021	
0.239655172414	0.101409803180	-0.017636105425	0.562154095862	39.919986433445	-6.942455928700	221.292056356325	192.243498214576	-10.978015877429	-80.781530765676	
0.240517241379	0.101407688313	-0.017654739965	0.562144199579	39.919153915670	-6.949791418353	221.288160682710	192.242758048885	-10.968548245687	-80.791804672944	
0.241379310345	0.101405138414	-0.017644137851	0.562163505741	39.918150147749	-6.945617894318	221.295760556981	192.244555967512	-10.980290987828	-80.784717384973	
0.242241379310	0.101409316557	-0.017646883624	0.562154476582	39.919794874303	-6.946698768700	221.292206226972	192.244227349656	-10.972113519444	-80.788984183491	
0.243103448276	0.101404128110	-0.017646336635	0.562169649372	39.917752441455	-6.946483446003	221.298178998353	192.245969210821	-10.978686978868	-80.787785414108	
0.243965517241	0.101408309504	-0.017631820591	0.562174087219	39.919398447633	-6.940769202879	221.299925957642	192.246565889272	-10.980151363969	-80.782988364160	
0.244827586207	0.101403292678	-0.017642541516	0.562175090269	39.917423573226	-6.944989496968	221.300320808107	192.247751394014	-10.976537144929	-80.789343569764	
0.245689655172	0.101404800310	-0.017620700946	0.562195335744	39.918017052971	-6.936391952832	221.308290442832	192.249505002894	-10.987726321702	-80.778796493662	
0.246551724138	0.101403800535	-0.017631771250	0.562184495055	39.917623491167	-6.940749779889	221.304023004001	192.249843883505	-10.977350086851	-80.787294734739	
0.247413793103	0.101399999393	-0.017618030572	0.562211278694	39.916127171318	-6.935340759598	221.314566388154	192.252513567857	-10.991266924315	-80.778584070898	
0.248275862069	0.101402353360	-0.017618710000	0.562200902101	39.917053810820	-6.935608216562	221.310481640194	192.252573060600	-10.982938143393	-80.782366769020	
0.249137931034	0.101394958338	-0.017622513286	0.562218847631	39.914142759011	-6.937105380862	221.317545901249	192.255124093490	-10.990307361168	-80.781834743923	
0.250000000000	0.101397496721	-0.017612096236	0.562221016634	39.915141993717	-6.933004707382	221.318399729850	192.255729770513	-10.991310728071	-80.778026673286	
0.250862068966	0.101390555193	-0.017630750004	0.562221114133	39.912409460249	-6.940347766237	221.318438110271	192.257154883882	-10.987674274063	-80.786079771397	
0.251724137931	0.101389722991	-0.017617850224	0.562238304436	39.912081863576	-6.935269765675	221.325205076022	192.258742780905	-10.998305416211	-80.777662502127	
0.252586206897	0.101386656588	-0.017638909535	0.562223991461	39.910874773741	-6.943559767173	221.319570771087	192.258809353231	-10.987306521345	-80.788553335556	
0.253448275862	0.101381142288	-0.017635741946	0.562246487475	39.908704068680	-6.942312844960	221.328426330727	192.260984008663	-11.000457987273	-80.782377342837	
0.254310344828	0.101382341641	-0.017646143759	0.562231909644	39.909176194071	-6.946407520349	221.322687764883	192.260476056678	-10.991541161969	-80.788343298831	
0.255172413793	0.101374434881	-0.017658973836	0.562244741338	39.906063696737	-6.951458082603	221.327738963669	192.262134599800	-10.997775656081	-80.790054817599	
0.256034482759	0.101377278340	-0.017654761997	0.562243014968	39.907183024810	-6.949800091260	221.327059377844	192.262084117839	-10.998392906353	-80.787430440096	
0.256896551724	0.101371325885	-0.017677531236	0.562238333502	39.904839840001	-6.958763206355	221.325216517857	192.262412335097	-10.993686898777	-80.796329812882	
0.257758620690	0.101372083679	-0.017665531605	0.562251900854	39.905138145467	-6.954039549627	221.330557308278	192.263132489366	-11.003991931777	-80.787792960248	
0.258620689655	0.101371001939	-0.017684843186	0.562233783958	39.904712318262	-6.961641556485	221.323425589003	192.262164887769	-10.992252468277	-80.797915670658	
0.259482758621	0.101368385772	-0.017676816937	0.562253242000	39.903682463953	-6.958482022482	221.331085250570	192.263470194709	-11.004939124841	-80.790315419289	
0.260344827586	0.101372913698	-0.017678880958	0.562236188745	39.905464882478	-6.959294524713	221.324372233814	192.261979818357	-10.995687818125	-80.793750876591	
0.261206896552	0.101368557324	-0.017680999036	0.562247158883	39.903749995096	-6.960128306282	221.328690630552	192.262910681796	-11.001575745561	-80.792528664655	
0.262068965517	0.101374992996	-0.017663180456	0.562244106602	39.906283398711	-6.953114019405	221.327489099522	192.261991861622	-11.002081536029	-80.786118700771	
0.262931034483	0.101372525997	-0.017671099788	0.562238061632	39.905312264142	-6.956231465734	221.325109496271	192.261710227737	-10.997008942166	-80.791189532696	
0.263793103448	0.101376762880	-0.017642412267	0.562251212159	39.906980113787	-6.944938618150	221.330286203215	192.261878165093	-11.007199588079	-80.778251573986	
0.264655172414	0.101378899593	-0.017644079685	0.562232355022	39.907821231401	-6.945594997537	221.322863088187	192.260361539834	-10.995172259881	-80.783888179348	
0.265517241379	0.101378770658	-0.017618374325	0.562251516100	39.907770476091	-6.935476078105	221.330405849727	192.261235527890	-11.007604347871	-80.771846828173	
0.266379310345	0.101385136669	-0.017603123826	0.562233782768	39.910276457305	-6.929472716487	221.323425120628	192.259357435562	-10.997936251560	-80.771076380575	
0.267241379310	0.101382077180	-0.017588915407	0.562244034447	39.909072088925	-6.923879570028	221.327460695759	192.259943613282	-11.003381092120	-80.765966802464	
0.268103448276	0.101389212641	-0.017556159821	0.562240037905	39.911880964276	-6.910985327961	221.325887456542	192.258710129096	-11.003345603815	-80.756089518412	
0.268965517241	0.101386868188	-0.017550691627	0.562233054400	39.910958070088	-6.908832772296	221.323138398399	192.258162294274	-10.997796290168	-80.758107836470	
0.269827586207	0.101390728194	-0.017510675956	0.562244758471	39.912477562189	-6.893080596467	221.327745707836	192.258021276105	-11.007251778618	-80.742755007583	
0.270689655172	0.101392120730	-0.017503190387	0.562224269573	39.913025734154	-6.890133900969	221.319680249689	192.256272995805	-10.994397174568	-80.746635702139	
0.271551724138	0.101391044478	-0.017469802604	0.562242409093	39.912602067371	-6.876990794730	221.326820875103	192.256934030795	-11.006388995702	-80.733012587504	
0.272413793103	0.101395863834	-0.017449781845	0.562222517271	39.914499207528	-6.869109619483	221.318990455824	192.254732481038	-10.995767291914	-80.731619185424	
0.273275862069	0.101391011439	-0.017432903765	0.562231332623	39.912589061646	-6.862465560234	221.322460620710	192.255125742802	-11.000643839910	-80.726293895522	
0.274137931034	0.101396636259	-0.017399629140	0.562225584961	39.914803273030	-6.849366998342	221.320198052407	192.253699944625	-10.999913319664	-80.716812868761	
0.275000000000	0.101392543384	-0.017396065546	0.562216979234	39.913192111817	-6.847964188975	221.316810406725	192.252932414510	-10.993646333655	-80.719757493443	
0.275862068966	0.101395135903	-0.017359189856	0.562227951363	39.914212657636	-6.833448067413	221.321129587056	192.252734898493	-11.002866594965	-80.705557619388	
0.276724137931	0.101394821578	-0.017357141757	0.562206578685	39.914088923291	-6.832641832869	221.312716228781	192.250853711241	-10.989612914893	-80.711084547205	
0.277586206897	0.101392453024	-0.017330710911	0.562224132501	39.913156541828	-6.822237325865	221.319626291187	192.251514305008	-11.001347433377	-80.699588045579	
0.278448275862	0.101396263545	-0.017318908957	0.562204498926	39.914656553808	-6.817591484619	221.311897531054	192.249431153503	-10.990705112108	-80.700457663642	
0.279310344828	0.101390605276	-0.017311036636	0.562213791798	39.912429175294	-6.814492544060	221.315555671939	192.249944126899	-10.995641176548	-80.697558546330	
0.280172413793	0.101395396664	-0.017287752838	0.562209017595	39.914315306118	-6.805326872798	221.313676306125	192.248717291373	-10.995095587487	-80.690704588126	
0.281034482759	0.101390407552	-0.017294775433	0.562201634772	39.912351341465	-6.808091318806	221.310770056632	192.248237426694	-10.989079786600	-80.696409229535	
0.281896551724	0.101392238565	-0.017268938685	0.562214062623	39.913072119699	-6.797920678523	221.315662281969	192.248370223853	-10.998651804828	-80.685036102711	
0.282758620690	0.101391212971	-0.017278125226	0.562194368031	39.912668394427	-6.801536961852	221.307909502507	192.246869845962	-10.985807379768	-80.693396998926	
0.283620689655	0.101388164646	-0.017262796567	0.562213693123	39.911468421004	-6.795502832475	221.315516828546	192.247932871258	-10.997977729294	-80.684664768957	
0.284482758621	0.101391354656	-0.017261703335	0.562195876626	39.912724169046	-6.795072481729	221.308503361192	192.246273251433	-10.987797964299	-80.688171105449	
0.285344827586	0.101385156596	-0.017263925772	0.562206942369	39.910284301594	-6.795947344508	221.312859393108	192.247212618555	-10.993195920722	-80.687722856337	
0.286206896552	0.101389509735	-0.017249916067	0.562203832606	39.911997915475	-6.790432421728	221.311635234289	192.246399081082	-10.993092649154	-80.683085743085	
0.287068965517	0.101384200253	-0.017265215052	0.562197942998	39.909907836954	-6.796454869429	221.309316788982	192.246306828249	-10.987484308799	-80.690732556779	
0.287931034483	0.101385857245	-0.017246550345	0.562211642790	39.910560112313	-6.789107504465	221.314709714361	192.246793214241	-10.997417501888	-80.681000971275	
0.288793103448	0.101384831331	-0.017261767419	0.562192979850	39.910156261040	-6.795097708433	221.307363044898	192.245605155735	-10.984883572739	-80.690695765779	
0.289655172414	0.101381976576	-0.017251348966	0.562213107055	39.909032486034	-6.790996482405	221.315286122754	192.246937931040	-10.997315834574	-80.682997529798	
0.290517241379	0.101385568532	-0.017254109323	0.562195876511	39.910446460432	-6.792083097426	221.308503315832	192.245507482852	-10.987351517058	-80.687255906611	
0.291379310345	0.101379981155	-0.017259238766	0.562207335193	39.908246988167	-6.794102303517	221.313014028027	192.246637356436	-10.992922816774	-80.687308582895	
0.292241379310	0.101385141889	-0.017247343697	0.562204472285	39.910278511975	-6.789419807778	221.311887043944	192.245983506417	-10.992961655287	-80.682964194369	
0.293103448276	0.101380816607	-0.017264150324	0.562198739668	39.908575864093	-6.796035739275	221.309630398243	192.246029343054	-10.987476710751	-80.690746369788	
0.293965517241	0.101383603578	-0.017246592794	0.562212573710	39.909672955700	-6.789124214726	221.315076171113	192.246644151170	-10.997529333679	-80.681049758744	
0.294827586207	0.101383812439	-0.017262728044	0.562194094221	39.909755173789	-6.795475858571	221.307801717196	192.245587819826	-10.985129179836	-80.690735393613	
0.295689655172	0.101382243893	-0.017253261429	0.562214511923	39.909137715666	-6.791749323959	221.315839148997	192.247067437092	-10.997719835216	-80.683046336621	
0.296551724138	0.101387118140	-0.017257211862	0.562197735762	39.911056463584	-6.793304412322	221.309235210438	192.245810278871	-10.987953781697	-80.687386418017	
0.297413793103	0.101382755687	-0.017263963322	0.562209850957	39.909339183486	-6.795962126058	221.314004359232	192.247148936942	-10.993769982742	-80.687646823085	
0.298275862069	0.101389032988	-0.017254290141	0.562207879775	39.911810243840	-6.792154276506	221.313228402869	192.246747363104	-10.994109618997	-80.683680613787	
0.299137931034	0.101385673236	-0.017274054751	0.562203286564	39.910487677138	-6.799934618806	221.311420284750	192.247093378774	-10.988983600759	-80.692046818998	
0.300000000000	0.101389237976	-0.017260303937	0.562218495350	39.911890937576	-6.794521608453	221.317407225890	192.248056533994	-10.999447868157	-80.683170961408	
0.300862068966	0.101390014414	-0.017281156451	0.562201605575	39.912196582614	-6.802730204142	221.310758562913	192.247394706148	-10.987509261191	-80.693926982748	
0.301724137931	0.101388790966	-0.017277357365	0.562223774666	39.911714971935	-6.801234693049	221.319485429561	192.249308176727	-11.000594409359	-80.687569720482	
0.302586206897	0.101393785418	-0.017287914715	0.562208867193	39.913681039002	-6.805390595777	221.313617100069	192.248517105572	-10.991348543787	-80.693496007736	
0.303448275862	0.101389327692	-0.017302172079	0.562222890270	39.911926254180	-6.811003009735	221.319137286916	192.250341364419	-10.997688041569	-80.695586908320	
0.304310344828	0.101395308775	-0.017300824923	0.562222798638	39.914280708569	-6.810472701608	221.319101215975	192.250432799124	-10.998538300719	-80.693673234422	
0.305172413793	0.101391478900	-0.017329608169	0.562219974024	39.912773077491	-6.821803231270	221.317989306272	192.251263449799	-10.993889916951	-80.704279232549	
0.306034482759	0.101394427818	-0.017325412585	0.562236762736	39.913933919879	-6.820151638804	221.324598185520	192.252687816243	-11.004777794379	-80.697790944690	
0.306896551724	0.101394476427	-0.017356143567	0.562221193104	39.913953054809	-6.832248895211	221.318469197348	192.252447183091	-10.993193611479	-80.711025148798	
0.307758620690	0.101392445916	-0.017362307337	0.562244353901	39.913153743545	-6.834675264264	221.327586449043	192.254726569874	-11.006544215897	-80.707178036620	
0.308620689655	0.101396584619	-0.017382625554	0.562230062579	39.914782944850	-6.842673533753	221.321960667407	192.254231461345	-10.997465979470	-80.715572537345	
0.309482758621	0.101391251968	-0.017406129101	0.562244285054	39.912683745975	-6.851925709023	221.327559347479	192.256268963750	-11.003863755515	-80.720012647922	
0.310344827586	0.101396361551	-0.017413177407	0.562243956607	39.914695133980	-6.854700276204	221.327430054132	192.256479879231	-11.004659519261	-80.720245301070	
0.311206896552	0.101391684523	-0.017449150752	0.562240453842	39.912854021152	-6.868861189636	221.326051190195	192.257327946498	-10.999843596228	-80.732706593239	
0.312068965517	0.101393824993	-0.017450590117	0.562256132573	39.913696617410	-6.869427795672	221.332223125017	192.258661675240	-11.010453705763	-80.727696502837	
0.312931034483	0.101393114790	-0.017485058392	0.562239049085	39.913417045999	-6.882996238257	221.325498207097	192.258219482790	-10.998490170060	-80.741946609701	
0.313793103448	0.101390382668	-0.017492750859	0.562260328979	39.912341545784	-6.886024379053	221.333875041294	192.260186258204	-11.011369862054	-80.738576194570	
0.314655172414	0.101393880811	-0.017512123533	0.562243840562	39.913718590294	-6.893650435476	221.327384373111	192.259270301893	-11.001742546409	-80.746842220637	
0.315517241379	0.101387971907	-0.017532000646	0.562255605977	39.911392549260	-6.901475064336	221.332015830562	192.260784283733	-11.007528419241	-80.750496577227	
0.316379310345	0.101392571342	-0.017532613748	0.562252623673	39.913203117683	-6.901716412241	221.330841846019	192.260377353872	-11.007665066780	-80.749253597056	
0.317241379310	0.101387451956	-0.017559303291	0.562246332605	39.911187870408	-6.912222755246	221.328365366212	192.260523502977	-11.002158449322	-80.759538451194	
0.318103448276	0.101389221084	-0.017548665479	0.562259156605	39.911884287938	-6.908035179019	221.333413535903	192.261084692506	-11.012063589440	-80.751661972950	
0.318965517241	0.101388213341	-0.017568428487	0.562239207175	39.911487589913	-6.915814890358	221.325560439245	192.259812886508	-10.999391783318	-80.762396394465	
0.319827586207	0.101385262446	-0.017559047144	0.562257675504	39.910325969419	-6.912121923000	221.332830500352	192.260910399023	-11.011577436903	-80.754920906994	
0.320689655172	0.101388626146	-0.017559346447	0.562238471244	39.911650090416	-6.912239743743	221.325270739804	192.259101117731	-11.001275626717	-80.758583862070	
0.321551724138	0.101382672013	-0.017558602850	0.562247670155	39.909306244935	-6.911947026695	221.328891893013	192.259717080886	-11.006420181507	-80.757245414006	
0.322413793103	0.101387322841	-0.017537577788	0.562242299736	39.911137044289	-6.903670507567	221.326777826621	192.258424048250	-11.005951649142	-80.750749917262	
0.323275862069	0.101382354244	-0.017542205852	0.562233831731	39.909181155164	-6.905492345538	221.323444394995	192.257714847700	-10.999881275315	-80.755668932219	
0.324137931034	0.101384378846	-0.017509701246	0.562244712095	39.909978140091	-6.892696901996	221.327727452069	192.257468014776	-11.009268644549	-80.742463270593	
0.325000000000	0.101383730614	-0.017508441951	0.562223062285	39.909722963617	-6.892201180265	221.319205000781	192.255451700755	-10.996121503360	-80.748068633735	
0.325862068966	0.101381241511	-0.017479501941	0.562240090820	39.908743127684	-6.880808940386	221.325908286206	192.255883227604	-11.007880752242	-80.735814084932	
0.326724137931	0.101385164146	-0.017462306872	0.562219701929	39.910287273797	-6.874040098436	221.317882195803	192.253498783790	-10.997194077129	-80.735200429299	
0.327586206897	0.101379854619	-0.017446664878	0.562227980503	39.908197177396	-6.867882624866	221.321141057875	192.253641888774	-11.002000213660	-80.730218267991	
0.328448275862	0.101385224496	-0.017413791108	0.562221945452	39.910311030492	-6.854941859532	221.318765358938	192.251986257910	-11.001235580324	-80.720826459974	
0.329310344828	0.101381029344	-0.017409984342	0.562213065120	39.908659608028	-6.853443325662	221.315269615060	192.251030918945	-10.994911405810	-80.723689116717	
0.330172413793	0.101383863099	-0.017372697447	0.562223782208	39.909775116250	-6.838765332813	221.319488398348	192.250657867515	-11.004090184935	-80.709325815048	
0.331034482759	0.101384035003	-0.017370445610	0.562202203194	39.909842786092	-6.837878896763	221.310993815774	192.248635350092	-10.990775502907	-80.714710817916	
0.331896551724	0.101382351648	-0.017344298141	0.562219538545	39.909180133403	-6.827585941113	221.317817879750	192.249179484903	-11.002416198249	-80.703170581994	
0.332758620690	0.101387040469	-0.017333565615	0.562199673070	39.911025888373	-6.823361080402	221.309997832177	192.247020818627	-10.991656186926	-80.704181206240	
0.333620689655	0.101382429654	-0.017327816761	0.562208692788	39.909210840497	-6.821098043002	221.313548445591	192.247496977999	-10.996442106746	-80.701673283059	
0.334482758621	0.101388408170	-0.017307917412	0.562203600397	39.911564284323	-6.813264660980	221.311543825124	192.246271479582	-10.995710915541	-80.695520058367	
0.335344827586	0.101384707331	-0.017319729947	0.562195859746	39.910107448135	-6.817914667342	221.308496716370	192.245833341216	-10.989478522612	-80.702277818422	
0.336206896552	0.101387903348	-0.017300182295	0.562207902409	39.911365561018	-6.810219730947	221.313237312773	192.246051219843	-10.998811822205	-80.692334406587	
0.337068965517	0.101388290199	-0.017317217810	0.562187825133	39.911517845089	-6.816925764261	221.305333889831	192.244680550494	-10.985716514219	-80.702522258708	
0.337931034483	0.101386664237	-0.017311289497	0.562206828056	39.910877784742	-6.814592082624	221.312814393647	192.245922359945	-10.997645668565	-80.696012527300	
0.338793103448	0.101391248904	-0.017321082082	0.562188783867	39.912682539820	-6.818446935450	221.305711295671	192.244493260738	-10.987244611493	-80.702124441679	
0.339655172414	0.101386372370	-0.017335547352	0.562199764023	39.910762891080	-6.824141191452	221.310033635840	192.245715512994	-10.992460682289	-80.704633175443	
0.340517241379	0.101391930284	-0.017334963621	0.562196756551	39.912950765139	-6.823911405685	221.308849744061	192.245239010460	-10.992230887240	-80.703263566134	
0.341379310345	0.101387665311	-0.017364658971	0.562191205662	39.911271857468	-6.835600985480	221.306664635401	192.245538771916	-10.986568456879	-80.714436529595	
0.342241379310	0.101390169336	-0.017361098461	0.562205521295	39.912257567511	-6.834199389963	221.312299986876	192.246471079811	-10.996535622198	-80.708423241065	
0.343103448276	0.101389757188	-0.017391842769	0.562187777674	39.912095325365	-6.846301892160	221.305315207289	192.245780162403	-10.984133959690	-80.721957402501	
0.343965517241	0.101387248291	-0.017397067923	0.562209142796	39.911107697740	-6.848358774941	221.313725591435	192.247656642852	-10.996804999236	-80.718141417308	
0.344827586207	0.101390892181	-0.017415276516	0.562193463971	39.912542115733	-6.855526590870	221.307553619157	192.246809336834	-10.987188286359	-80.726245710566	
0.345689655172	0.101385045490	-0.017435354316	0.562206773016	39.910240564626	-6.863430220227	221.312792727166	192.248552948340	-10.993215150494	-80.730029796120	
0.346551724138	0.101389630907	-0.017437617497	0.562206025578	39.912045614696	-6.864321121754	221.312498497811	192.248532611751	-10.993811815613	-80.729226987482	
0.347413793103	0.101384421391	-0.017467529113	0.562202627534	39.909994887924	-6.876095834263	221.311160857265	192.249219516168	-10.988976588601	-80.740291402871	
0.348275862069	0.101386034339	-0.017461792712	0.562218945849	39.910629825318	-6.873837699352	221.317584565054	192.250467369525	-10.999753145833	-80.733556755739	
0.349137931034	0.101384811804	-0.017488268181	0.562203025307	39.910148574155	-6.884259772038	221.311317440750	192.250020552838	-10.988132821511	-80.745829604316	
0.350000000000	0.101381596242	-0.017487512425	0.562225984296	39.908882767779	-6.883962268555	221.320355250702	192.252068766019	-11.001533221995	-80.740313262112	
0.350862068966	0.101384657085	-0.017498435028	0.562211650086	39.910087668792	-6.888261953258	221.314712586592	192.251324161033	-10.992586735292	-80.746378871337	
0.351724137931	0.101378370209	-0.017510362460	0.562226010703	39.907612839213	-6.892957188711	221.320365645930	192.253102270614	-10.999202926573	-80.747901508192	
0.352586206897	0.101382669307	-0.017504053790	0.562226006499	39.909305179632	-6.890473779760	221.320363991046	192.253053225079	-11.000299596940	-80.744727711420	
0.353448275862	0.101377340072	-0.017525388513	0.562223018730	39.907207325614	-6.898872197273	221.319187855165	192.253651046988	-10.995862690961	-80.753418592607	
0.354310344828	0.101379003049	-0.017511469219	0.562239401446	39.907861956539	-6.893392864922	221.325636913991	192.254754706520	-11.006924616408	-80.744413940813	
0.355172413793	0.101378003445	-0.017530481114	0.562223199093	39.907468462340	-6.900876900304	221.319258855211	192.254113159032	-10.995475254556	-80.754602593156	
0.356034482759	0.101375180639	-0.017523264106	0.562245524119	39.906357264207	-6.898035924205	221.328047105325	192.255921018158	-11.008921904940	-80.747266249928	
0.356896551724	0.101378796391	-0.017528919784	0.562230222577	39.907780605867	-6.900262282699	221.322023650748	192.254895831936	-10.999902130914	-80.751825429075	
0.357758620690	0.101373217515	-0.017536896642	0.562243291536	39.905584480118	-6.903402374326	221.327168248555	192.256357758820	-11.006322090797	-80.752191665387	
0.358620689655	0.101378360780	-0.017527994241	0.562241700206	39.907609127514	-6.899897942504	221.326541821375	192.255962117954	-11.007106387523	-80.748224879749	
0.359482758621	0.101373995911	-0.017548047501	0.562236857259	39.905890895949	-6.907791911643	221.324635394699	192.256187390195	-11.002246922067	-80.756478301958	
0.360344827586	0.101376720430	-0.017534053109	0.562251150260	39.906963403246	-6.902283016927	221.330261836888	192.256896996229	-11.012783321041	-80.747369482647	
0.361206896552	0.101376856581	-0.017554015506	0.562232664556	39.907016999408	-6.910141218039	221.322984936371	192.255844032581	-11.000717937563	-80.757743744334	
0.362068965517	0.101375217473	-0.017548552045	0.562252550009	39.906371764078	-6.907990525364	221.330812848207	192.257226864357	-11.013467678444	-80.750830300474	
0.362931034483	0.101380037175	-0.017556498799	0.562234698210	39.908269040571	-6.911118766511	221.323785484482	192.255766678564	-11.003684456833	-80.755984525902	
0.363793103448	0.101375654883	-0.017567017388	0.562245146518	39.906543950793	-6.915259410921	221.327898462767	192.256786852997	-11.009287298207	-80.757047376772	
0.364655172414	0.101381959043	-0.017560613826	0.562240908626	39.909025584375	-6.912738647665	221.326230216017	192.255946048049	-11.009215166034	-80.753805669953	
0.365517241379	0.101378692491	-0.017582835385	0.562233431334	39.907739705578	-6.921486168281	221.323286778531	192.255725370508	-11.003473410867	-80.762740698717	
0.366379310345	0.101382427713	-0.017570410397	0.562245145198	39.909210076171	-6.916595069563	221.327897943118	192.255991877113	-11.013117359347	-80.754200757320	
0.367241379310	0.101383464129	-0.017591111539	0.562224165322	39.909618061545	-6.924744077711	221.319639211446	192.254500616303	-11.000159678951	-80.764972989515	
0.368103448276	0.101382595588	-0.017585358950	0.562241683263	39.909276160462	-6.922479570192	221.326535151816	192.255454334314	-11.012034967841	-80.758232381703	
0.368965517241	0.101388041343	-0.017591848246	0.562221610826	39.911419882726	-6.925034082629	221.318633633535	192.253575862607	-11.001401945053	-80.763298002145	
0.369827586207	0.101384128575	-0.017599648255	0.562230021670	39.909879620777	-6.928104557533	221.321944563622	192.254193518150	-11.006196177861	-80.763981761675	
0.370689655172	0.101390741383	-0.017589227399	0.562223945877	39.912482753893	-6.924002385689	221.319552826875	192.252968183691	-11.005363715402	-80.760056904202	
0.371551724138	0.101387619337	-0.017606156671	0.562214854209	39.911253760149	-6.930666596520	221.315973889937	192.252385776826	-10.998920176494	-80.768006260664	
0.372413793103	0.101391340565	-0.017587224481	0.562225196819	39.912718621942	-6.923213936648	221.320045260367	192.252316997377	-11.007932051588	-80.758185034611	
0.373275862069	0.101392211424	-0.017600329543	0.562203097463	39.913061435844	-6.928372746434	221.311345845211	192.250521058024	-10.994414012116	-80.767409404982	
0.374137931034	0.101391038549	-0.017586035433	0.562219771080	39.912599733200	-6.922745867752	221.317909417401	192.251205810731	-11.005814873742	-80.758880044542	
0.375000000000	0.101396058166	-0.017583231258	0.562199128247	39.914575706289	-6.921642003785	221.309783362455	192.249097747073	-10.994790883234	-80.761961875673	
0.375862068966	0.101391614314	-0.017581190666	0.562207262325	39.912826383358	-6.920838724168	221.312985343618	192.249530802113	-10.999289039475	-80.760509429595	
0.376724137931	0.101397614888	-0.017560602508	0.562201202375	39.915188510341	-6.912734192398	221.310599843459	192.248169575290	-10.998254833948	-80.754346247146	
0.377586206897	0.101393818491	-0.017567272783	0.562192426267	39.913694058044	-6.915359947469	221.307145126784	192.247504788756	-10.991707057447	-80.760009409528	
0.378448275862	0.101396828281	-0.017538205299	0.562203389269	39.914878862227	-6.903917527296	221.311460714405	192.247411172314	-11.000716593095	-80.747900906235	
0.379310344828	0.101396970602	-0.017541526757	0.562182207149	39.914934887028	-6.905225019909	221.303122369128	192.245651022371	-10.987292876230	-80.754893016446	
0.380172413793	0.101395072919	-0.017517992157	0.562200102620	39.914187863973	-6.895960620324	221.310166924370	192.246435988893	-10.998891057279	-80.744227559629	
0.381034482759	0.101399390367	-0.017506678833	0.562180968231	39.915887427804	-6.891507128319	221.302634668971	192.244493703346	-10.988158538778	-80.745316846057	
0.381896551724	0.101394280780	-0.017497016746	0.562190898388	39.913876038196	-6.887703646446	221.306543676945	192.245160557455	-10.993044820213	-80.742050978246	
0.382758620690	0.101399666608	-0.017469825932	0.562186900367	39.915996170119	-6.876999977750	221.304969855416	192.244100397550	-10.992487599297	-80.734286241944	
0.383620689655	0.101395313232	-0.017471024500	0.562180439402	39.914282463046	-6.877471794156	221.302426495467	192.243804105992	-10.986501359629	-80.738588116163	
0.384482758621	0.101397831061	-0.017437690626	0.562193946243	39.915273607034	-6.864349908967	221.307743465713	192.244143608409	-10.996150594177	-80.725377272511	
0.385344827586	0.101397547429	-0.017438012511	0.562175510295	39.915161954934	-6.864476619033	221.300486151526	192.242878681395	-10.983435361257	-80.731544116111	
0.386206896552	0.101395289046	-0.017412772445	0.562196323092	39.914272942204	-6.854540862672	221.308679112677	192.244215764344	-10.995802870832	-80.720338965153	
0.387068965517	0.101399307163	-0.017401059687	0.562180241005	39.915854674856	-6.849930133310	221.302348396466	192.242877318577	-10.985889369701	-80.721180645566	
0.387931034483	0.101393952852	-0.017392293246	0.562193317812	39.913746949327	-6.846479222459	221.307496083768	192.244192029012	-10.991633070404	-80.717960037377	
0.388793103448	0.101399140523	-0.017367265127	0.562192517113	39.915789076858	-6.836626899168	221.307180888407	192.243815990151	-10.991959559992	-80.710530660462	
0.389655172414	0.101394625850	-0.017371848683	0.562189256941	39.914011875099	-6.838431216938	221.305897521283	192.244230387754	-10.986870561934	-80.715450765591	
0.390517241379	0.101397008776	-0.017343066043	0.562205916592	39.914949914425	-6.827100925686	221.312455595589	192.245296908752	-10.997415811995	-80.703132774942	
0.391379310345	0.101396606275	-0.017349030849	0.562190537951	39.914791469645	-6.829448972632	221.306401791062	192.244764498066	-10.985584338365	-80.710451524103	
0.392241379310	0.101394235178	-0.017330447476	0.562214255168	39.913858086768	-6.822133624558	221.315738077664	192.246827416179	-10.998805552866	-80.700644878329	
0.393103448276	0.101398136970	-0.017326308276	0.562200880500	39.915394027880	-6.820504227581	221.310473137121	192.246196847009	-10.989706852198	-80.703110038745	
0.393965517241	0.101392656333	-0.017325931377	0.562216412452	39.913236574133	-6.820355861200	221.316587292612	192.248188671504	-10.996209248613	-80.701718905881	
0.394827586207	0.101397699869	-0.017309998281	0.562217772966	39.915221963071	-6.814083795480	221.317122859354	192.248447616339	-10.997228672020	-80.696301264082	
0.395689655172	0.101393021371	-0.017324256957	0.562216338566	39.913380271409	-6.819696725718	221.316558207600	192.249443221065	-10.992755819999	-80.703387245537	
0.396551724138	0.101395217124	-0.017305609802	0.562234448153	39.914244629986	-6.812356269832	221.323687049401	192.251026107212	-11.003827383261	-80.693365386782	
0.397413793103	0.101394605663	-0.017322026306	0.562220123412	39.914003928461	-6.818818629637	221.318048112844	192.250936222041	-10.992429996910	-80.703074551902	
0.398275862069	0.101392006338	-0.017314080286	0.562244463893	39.912980703866	-6.815690677418	221.327629747382	192.253358000402	-11.005978623071	-80.695726611022	
0.399137931034	0.101395664166	-0.017320614535	0.562231281423	39.914420608483	-6.818262885552	221.322440465782	192.252996923894	-10.997103796520	-80.700680521286	
0.400000000000	0.101389932479	-0.017330804491	0.562246555920	39.912164328728	-6.822274163474	221.328453274109	192.255161759607	-11.003716693156	-80.701776808586	
0.400862068966	0.101394723175	-0.017325190650	0.562247221112	39.914050186928	-6.820064274071	221.328715127005	192.255494767520	-11.004736310736	-80.698810734033	
0.401724137931	0.101389802178	-0.017349373367	0.562244659737	39.912113035737	-6.829583804738	221.327706841238	192.256462443137	-11.000153093238	-80.708275792178	
0.402586206897	0.101391773640	-0.017340130804	0.562261229029	39.912889102026	-6.825945468167	221.334229345812	192.257915976765	-11.011004067572	-80.700532144443	
0.403448275862	0.101390968037	-0.017365296955	0.562244981800	39.912571976350	-6.835852128050	221.327833621640	192.257596890755	-10.999284719616	-80.712382054868	
0.404310344828	0.101388215215	-0.017365341344	0.562267043278	39.911488327338	-6.835869601681	221.336518126167	192.259693284366	-11.012410081787	-80.707014015939	
0.405172413793	0.101391769496	-0.017379002498	0.562251272632	39.912887470869	-6.841247317072	221.330310008383	192.258916408155	-11.003023517993	-80.713757772387	
0.406034482759	0.101385995345	-0.017395375705	0.562263686926	39.910614475192	-6.847692632918	221.335196897517	192.260581943111	-11.009040422555	-80.716434402938	
0.406896551724	0.101390810873	-0.017394939745	0.562261272874	39.912510108833	-6.847521017430	221.334246605655	192.260341158391	-11.009391768316	-80.714821794993	
0.407758620690	0.101385990513	-0.017423247345	0.562255462478	39.910612573250	-6.858664308944	221.331959342253	192.260670474308	-11.004077891959	-80.725399793269	
0.408620689655	0.101388141766	-0.017417058027	0.562268665855	39.911459414241	-6.856227882742	221.337156853611	192.261432369821	-11.014146127833	-80.718522713848	
0.409482758621	0.101387598489	-0.017444198897	0.562248991761	39.911245553276	-6.866911891110	221.329412143233	192.260380483936	-11.001604987259	-80.730988492508	
0.410344827586	0.101385190455	-0.017445158519	0.562267617405	39.910297630120	-6.867289646313	221.336744131388	192.261715647702	-11.013880212277	-80.725988703604	
0.411206896552	0.101389169660	-0.017458709952	0.562248457138	39.911864044954	-6.872624170341	221.329201688815	192.260162308707	-11.003628012675	-80.732859468447	
0.412068965517	0.101383895733	-0.017473999965	0.562257578201	39.909787962715	-6.878643086371	221.332792197029	192.261049379793	-11.008775822840	-80.735432417298	
0.412931034483	0.101389279439	-0.017471574109	0.562252017932	39.911907259245	-6.877688147699	221.330603395887	192.260041452904	-11.008266792545	-80.733499858822	
0.413793103448	0.101385084983	-0.017497064387	0.562243252295	39.910256110974	-6.887722400213	221.327152801576	192.259627487136	-11.002112504464	-80.743559697200	
0.414655172414	0.101387908043	-0.017487316008	0.562253737963	39.911367408961	-6.883884949221	221.331280486600	192.259682733518	-11.011373749032	-80.735984277025	
0.415517241379	0.101388068042	-0.017510254958	0.562231616215	39.911430392758	-6.892914870519	221.322572256638	192.257971520560	-10.998066807261	-80.747595901671	
0.416379310345	0.101386378615	-0.017506464747	0.562248106563	39.910765349616	-6.891422853513	221.329063684813	192.258706207129	-11.009632732509	-80.741605431216	
0.417241379310	0.101391075489	-0.017514823567	0.562227143618	39.912614274672	-6.894713304381	221.320811618099	192.256619424133	-10.998732433025	-80.747375367124	
0.418103448276	0.101386498797	-0.017524578476	0.562234827723	39.910812659366	-6.898553326025	221.323836467419	192.257049397735	-11.003307300866	-80.748758659015	
0.418965517241	0.101392543165	-0.017516372891	0.562228208803	39.913192025531	-6.895323196142	221.321230928181	192.255666367804	-11.002305734816	-80.745570523539	
0.419827586207	0.101388952745	-0.017535941503	0.562218779157	39.911778656108	-6.903026383565	221.317518946561	192.254965333708	-10.995747112460	-80.754333281329	
0.420689655172	0.101392308031	-0.017520213910	0.562229005085	39.913099465214	-6.896835213689	221.321544384901	192.254824891705	-11.004700852800	-80.745436138823	
0.421551724138	0.101392911851	-0.017537214282	0.562207023937	39.913337158884	-6.903527413322	221.312891502329	192.253011531191	-10.991183141395	-80.755726971533	
0.422413793103	0.101391564184	-0.017527600209	0.562224060547	39.912806649491	-6.899742831567	221.319597966703	192.253738609344	-11.002645230481	-80.748429643993	
0.423275862069	0.101396490820	-0.017530334110	0.562204029612	39.914746020642	-6.900819032246	221.311712785824	192.251737244705	-10.991743265569	-80.752928749879	
0.424137931034	0.101392021464	-0.017534733069	0.562213025149	39.912986658058	-6.902550683095	221.315253880461	192.252343886128	-10.996424822120	-80.753090606198	
0.425000000000	0.101398048321	-0.017521505115	0.562208069613	39.915359131310	-6.897343497099	221.313303132641	192.251224376128	-10.995633867941	-80.748745432991	
0.425862068966	0.101394311137	-0.017536451881	0.562200630653	39.913887988146	-6.903227293903	221.310374784943	192.250868776731	-10.989387479820	-80.756430989504	
0.426724137931	0.101397394403	-0.017516549779	0.562213144828	39.915101716234	-6.895392828029	221.315300992118	192.251149206134	-10.998752859352	-80.746544827713	
0.427586206897	0.101397604812	-0.017529880181	0.562193706941	39.915184544061	-6.900640343112	221.307649264256	192.249824206603	-10.985735885704	-80.755949830527	
0.428448275862	0.101395751287	-0.017517135386	0.562213508621	39.914454903615	-6.895623352154	221.315444199059	192.251099005547	-10.997785162788	-80.747874975126	
0.429310344828	0.101400071732	-0.017517316266	0.562196411371	39.916155647574	-6.895694555676	221.308713863752	192.249694518312	-10.987542826392	-80.751715334960	
0.430172413793	0.101394908974	-0.017519764446	0.562208468737	39.914123326837	-6.896658282380	221.313460248007	192.250937614139	-10.992949595975	-80.751341537802	
0.431034482759	0.101400173132	-0.017505202838	0.562206647340	39.916195563701	-6.890926102581	221.312743254588	192.250482627766	-10.992935408371	-80.746587799651	
0.431896551724	0.101395620685	-0.017519442214	0.562202366963	39.914403492174	-6.896531435424	221.311058283694	192.250808979579	-10.987505572555	-80.753994330491	
0.432758620690	0.101397856524	-0.017499450452	0.562218009549	39.915283630383	-6.888661675015	221.317215990233	192.251776740357	-10.997713581578	-80.743957131373	
0.433620689655	0.101397206164	-0.017513294583	0.562201619797	39.915027616063	-6.894111419731	221.310764161711	192.251133468964	-10.985551385597	-80.753336698269	
0.434482758621	0.101394498724	-0.017501635729	0.562224336829	39.913961831672	-6.889521909582	221.319706725023	192.253072384196	-10.998452910270	-80.745356199163	
0.435344827586	0.101397990400	-0.017503433051	0.562209976022	39.915336330538	-6.890229425694	221.314053591064	192.252303880454	-10.989047056178	-80.749402065405	
0.436206896552	0.101392042182	-0.017507972650	0.562224543078	39.912994813596	-6.892016439789	221.319787915052	192.254143531521	-10.995259451861	-80.749334182606	
0.437068965517	0.101396579404	-0.017495911267	0.562224965146	39.914780891831	-6.887268474180	221.319954062333	192.254236178692	-10.996007642381	-80.744973386158	
0.437931034483	0.101391372962	-0.017512978397	0.562222624784	39.912731375301	-6.893986953045	221.319032778424	192.255051555555	-10.991284622413	-80.752842509666	
0.438793103448	0.101393038699	-0.017496057335	0.562239870776	39.913387092651	-6.887325974046	221.325821666031	192.256441591597	-11.002130884530	-80.743321782338	
0.439655172414	0.101391910959	-0.017513112746	0.562224726636	39.912943157574	-6.894039839480	221.319860172755	192.256146610608	-10.990531590904	-80.753248140633	
0.440517241379	0.101388825701	-0.017504707601	0.562248306007	39.911728645424	-6.890731152671	221.329142196235	192.258353450682	-11.003907537197	-80.745827050668	
0.441379310345	0.101392041317	-0.017509689965	0.562234419124	39.912994473104	-6.892692460901	221.323675622354	192.257768119484	-10.994885551629	-80.750419225642	
0.442241379310	0.101385921822	-0.017517238598	0.562249059428	39.910585533059	-6.895663981610	221.329438780352	192.259702255709	-11.001381742450	-80.750863730369	
0.443103448276	0.101390388936	-0.017507905404	0.562249159639	39.912344013030	-6.891989968219	221.329478228409	192.259799048737	-11.002312608129	-80.746958866244	
0.443965517241	0.101385212378	-0.017527311863	0.562246109581	39.910306260309	-6.899629324275	221.328277572775	192.260527486112	-10.997669417823	-80.755203705762	
0.444827586207	0.101387001046	-0.017512253445	0.562262269160	39.911010369569	-6.893701575317	221.334638793797	192.261740272980	-11.008490095144	-80.745962068110	
0.445689655172	0.101386083368	-0.017530600871	0.562245689593	39.910649125645	-6.900924042721	221.328112244412	192.261180513980	-10.996766374919	-80.756047987250	
0.446551724138	0.101383287563	-0.017522850903	0.562267501240	39.909548556303	-6.897873266719	221.336698402924	192.263038148951	-11.009916490989	-80.748655990758	
0.447413793103	0.101386861963	-0.017527788123	0.562251556002	39.910955619475	-6.899816804021	221.330421557251	192.262025167972	-11.000578246593	-80.753130658491	
0.448275862069	0.101381163062	-0.017534549425	0.562263873797	39.908712246061	-6.902478391677	221.335270459483	192.263458744612	-11.006669260609	-80.753303878490	
0.449137931034	0.101386100525	-0.017523663908	0.562261433635	39.910655879258	-6.898193306273	221.334309889094	192.262990485521	-11.007116622520	-80.748968674092	
0.450000000000	0.101381436288	-0.017540740787	0.562255664040	39.908819801556	-6.904915622550	221.332038687017	192.263097317686	-11.001919532887	-80.756621097124	
0.450862068966	0.101383767736	-0.017522593796	0.562268970020	39.909737576497	-6.897772056509	221.337276588195	192.263641998597	-11.012124455229	-80.746630421355	
0.451724137931	0.101383414618	-0.017537117598	0.562249450340	39.909598571464	-6.903489353334	221.329592663007	192.262377516498	-10.999735762822	-80.755814507349	
0.452586206897	0.101381195572	-0.017524862207	0.562268278830	39.908725043878	-6.898665016670	221.337004501174	192.263504896616	-11.012179958999	-80.747381162260	
0.453448275862	0.101385349696	-0.017524674588	0.562249356523	39.910360315372	-6.898591160559	221.329555731882	192.261747117923	-11.002108382197	-80.750687736670	
0.454310344828	0.101380225656	-0.017525773374	0.562258746207	39.908343236123	-6.899023697866	221.333251982806	192.262432923710	-11.007448613943	-80.749584811100	
0.455172413793	0.101385724397	-0.017508782490	0.562253471852	39.910507816628	-6.892335233539	221.331175731925	192.261225136917	-11.007139965357	-80.743886070400	
0.456034482759	0.101381601078	-0.017519416478	0.562245002425	39.908884671433	-6.896521304516	221.327841740473	192.260612026868	-11.001192647971	-80.750111097877	
0.456896551724	0.101384445579	-0.017494604557	0.562255782163	39.910004409548	-6.886754087726	221.332085186152	192.260467099858	-11.010664614469	-80.738654177675	
0.457758620690	0.101384571875	-0.017502363826	0.562233943534	39.910054126221	-6.889808525171	221.323488405980	192.258553626700	-10.997569899718	-80.746361006033	
0.458620689655	0.101382792185	-0.017483368841	0.562250693880	39.909353550705	-6.882331146232	221.330082182827	192.259082323031	-11.009346726623	-80.736465660521	
0.459482758621	0.101387341443	-0.017476594930	0.562229958583	39.911144367099	-6.879664595055	221.321919729501	192.256784717645	-10.998653704479	-80.738354892407	
0.460344827586	0.101382562773	-0.017471385944	0.562237825855	39.909263242842	-6.877614076608	221.325016682488	192.256997503352	-11.003429021053	-80.735905828675	
0.461206896552	0.101388354854	-0.017448486102	0.562231336238	39.911543296298	-6.868599549936	221.322462043648	192.255390009842	-11.002618529716	-80.728958571926	
0.462068965517	0.101384468851	-0.017453728331	0.562221971265	39.910013570684	-6.870663154365	221.318775520369	192.254455959595	-10.996238788385	-80.734059201992	
0.462931034483	0.101387493660	-0.017424143019	0.562232187147	39.911204287378	-6.859016890946	221.322797004242	192.254073270833	-11.005355671397	-80.721622021621	
0.463793103448	0.101387742219	-0.017427848515	0.562210113365	39.911302132645	-6.860475560367	221.314107656139	192.252007638021	-10.991983693841	-80.728516891831	
0.464655172414	0.101386026224	-0.017405596789	0.562226964469	39.910626630894	-6.851716164570	221.320741096200	192.252471984208	-11.003569637863	-80.717991404374	
0.465517241379	0.101390583321	-0.017396435107	0.562206650266	39.912420532886	-6.848109666697	221.312744406684	192.250197208201	-10.992768780571	-80.719449683299	
0.466379310345	0.101385756762	-0.017389760221	0.562215256741	39.910520556850	-6.845482096773	221.316132346757	192.250519719200	-10.997524697349	-80.716777863688	
0.467241379310	0.101391450851	-0.017366350485	0.562209803093	39.912762035968	-6.836266849995	221.313985517524	192.249105593973	-10.996780062776	-80.709822803919	
0.468103448276	0.101387418861	-0.017372065090	0.562201754320	39.911174842549	-6.838516405572	221.310817116660	192.248445525743	-10.990550131801	-80.715135962172	
0.468965517241	0.101390256277	-0.017343930510	0.562213544453	39.912291791983	-6.827441223102	221.315458304611	192.248412124327	-10.999899689315	-80.703127570421	
0.469827586207	0.101390281328	-0.017350059593	0.562193272492	39.912301653058	-6.829853937713	221.307478243395	192.246765407474	-10.986835477717	-80.710667355385	
0.470689655172	0.101388311729	-0.017331168860	0.562212129366	39.911526320190	-6.822417597396	221.314901254998	192.247711328663	-10.998803359152	-80.700991259714	
0.471551724138	0.101392593241	-0.017326264377	0.562193986599	39.913211737984	-6.820486946757	221.307759351764	192.245973017390	-10.988448017641	-80.703494992106	
0.472413793103	0.101387474453	-0.017324683058	0.562204901389	39.911196726351	-6.819864460411	221.312055960922	192.246878512504	-10.993708827271	-80.702049006580	
0.473275862069	0.101392868634	-0.017307128954	0.562201854031	39.913320146589	-6.812954284349	221.310856367795	192.246084799496	-10.993518580983	-80.696483004494	
0.474137931034	0.101388534402	-0.017319380664	0.562196274158	39.911613975418	-6.817777172127	221.308659849971	192.246073163484	-10.987883813024	-80.703329919139	
0.475000000000	0.101391074911	-0.017298366688	0.562210559618	39.912614047231	-6.809505016831	221.314283323603	192.246706507394	-10.997860687871	-80.692976882645	
0.475862068966	0.101390813859	-0.017312100502	0.562192770875	39.912511284241	-6.814911335217	221.307280781776	192.245734989555	-10.985444765490	-80.702271633697	
0.476724137931	0.101388574408	-0.017301188104	0.562214064993	39.911629723859	-6.810615667610	221.315663214961	192.247354801151	-10.998072960103	-80.694424842214	
0.477586206897	0.101392606946	-0.017304522513	0.562198277069	39.913217133190	-6.811928258352	221.309448296250	192.246279436436	-10.988379128483	-80.698807055039	
0.478448275862	0.101387263549	-0.017311325346	0.562211432744	39.911113703873	-6.814606194912	221.314627029972	192.247827691517	-10.994292789391	-80.699263254384	
0.479310344828	0.101392460140	-0.017302183733	0.562210480727	39.913159343011	-6.811007597199	221.314252267966	192.247647664208	-10.994736970564	-80.695597416252	
0.480172413793	0.101387957192	-0.017322760874	0.562206824492	39.911386756483	-6.819107792210	221.312812990526	192.248212597426	-10.989709341532	-80.704316862427	
0.481034482759	0.101390358453	-0.017309875026	0.562222834645	39.912332013454	-6.814035276197	221.319115389907	192.249377581351	-11.000256133360	-80.695785731560	
0.481896551724	0.101389987500	-0.017331430008	0.562206554929	39.912185987674	-6.822520398452	221.312706877120	192.248886564734	-10.988367406717	-80.706826574186	
0.482758620690	0.101387667024	-0.017327934582	0.562229119438	39.911272532114	-6.821144423195	221.321589400028	192.250929320581	-11.001469684844	-80.700631055269	
0.483620689655	0.101391644912	-0.017338187017	0.562214356663	39.912838428389	-6.825180296238	221.315778030963	192.250215282980	-10.992194605134	-80.706547730243	
0.484482758621	0.101386272567	-0.017351326546	0.562228276916	39.910723603718	-6.830352674120	221.321257741002	192.252058695675	-10.998463280816	-80.708405376353	
0.485344827586	0.101391461691	-0.017347869727	0.562227828700	39.912766303130	-6.828991896570	221.321081300897	192.252105671720	-10.999197072010	-80.705992849822	
0.486206896552	0.101386971632	-0.017373414013	0.562224412879	39.910998790890	-6.839047409188	221.319736662316	192.252827277590	-10.994390677101	-80.715802896945	
0.487068965517	0.101389402030	-0.017364735237	0.562240402066	39.911955517450	-6.835631007672	221.326030808252	192.254078434537	-11.005086897192	-80.708192926845	
0.487931034483	0.101389073956	-0.017389693489	0.562223851753	39.911826371059	-6.845455827586	221.319515774906	192.253603532250	-10.993279138794	-80.719973933724	
0.488793103448	0.101386807815	-0.017388780479	0.562245900299	39.910934304239	-6.845096420974	221.328195188605	192.255593856529	-11.006389745737	-80.714337297157	
0.489655172414	0.101390847402	-0.017400779718	0.562230397915	39.912524488178	-6.849819923668	221.322092672700	192.254761665870	-10.997057072312	-80.720626477506	
0.490517241379	0.101385543805	-0.017414833740	0.562243365652	39.910436726425	-6.855352291707	221.327197424526	192.256424440463	-11.003200926180	-80.722673120323	
0.491379310345	0.101390804289	-0.017411476034	0.562241776281	39.912507516886	-6.854030530400	221.326571768236	192.256232922754	-11.003748544128	-80.720269830803	
0.492241379310	0.101386388476	-0.017436325827	0.562237051472	39.910769231496	-6.863812655584	221.324711846365	192.256663140126	-10.998698820398	-80.729913973043	
0.493103448276	0.101388893007	-0.017426202851	0.562251585895	39.911755140222	-6.859827744231	221.330433324673	192.257575821836	-11.009097869641	-80.721974480577	
0.493965517241	0.101388638338	-0.017449009161	0.562233464438	39.911654890086	-6.868805452176	221.323299810097	192.256721771847	-10.996947775564	-80.733270094142	
0.494827586207	0.101386444088	-0.017445298110	0.562253845744	39.910791122941	-6.867344596352	221.331322914487	192.258298808643	-11.009673360896	-80.727007891509	
0.495689655172	0.101390552348	-0.017453915984	0.562236612164	39.912408340323	-6.870737023905	221.324538912921	192.257026506068	-10.999922639345	-80.732544069336	
0.496551724138	0.101385314781	-0.017464076981	0.562247805937	39.910346571082	-6.874736902043	221.328945343330	192.258229243737	-11.005619595477	-80.733727116948	
0.497413793103	0.101390636811	-0.017456393346	0.562244429270	39.912441589040	-6.871712237716	221.327616118046	192.257565377514	-11.005699537703	-80.730366980191	
0.498275862069	0.101386278541	-0.017476562465	0.562237926305	39.910725955288	-6.879651815191	221.325056224703	192.257517779087	-11.000167570064	-80.738978366597	
0.499137931034	0.101388835442	-0.017461489598	0.562250716899	39.911732479766	-6.873718378166	221.330091244013	192.257954611373	-11.010076508931	-80.729949387003	
0.500000000000	0.101388627716	-0.017479159266	0.562230906803	39.911650708474	-6.880674046224	221.322292996505	192.256632975475	-10.997434762967	-80.740117128671	
0.500862068966	0.101386474280	-0.017470208682	0.562249676655	39.910803008049	-6.877150647427	221.329681751820	192.257757573743	-11.009673935083	-80.732706974243	
