dbx_v3_0_5_0										
Time	Cx	Cy	Cz	Fx	Fy	Fz	Mx	My	Mz	
0.000000000000	0.000000000000	0.000000000000	0.000000000000	0.000000000000	0.000000000000	0.000000000000	0.000000000000	0.000000000000	0.000000000000	
0.000862068966	1.948246994029	0.149796123501	13.720032553850	766.927897353420	58.967280011290	5400.894111678221	2538.573752385536	-3727.621759295325	331.427353675135	
0.001724137931	-0.143685175778	0.356132299322	3.324055853732	-56.561703971979	140.191565204861	1308.515385575424	454.848819101691	-908.573922948832	403.568521871021	
0.002586206897	-0.500248997328	0.749146923806	2.712430834290	-196.923138005596	294.901866572604	1067.749049701729	728.251912310461	-710.259891870819	415.103026121206	
0.003448275862	-0.562967899852	0.594948975131	2.949117064624	-221.612449055017	234.201807023510	1160.920641147112	780.544999852845	-877.275675819651	419.310559750837	
0.004310344828	-0.543110520778	0.592738931931	3.243036151129	-213.795587011044	233.331822986925	1276.621960177447	778.824886463421	-966.202137244411	449.786791841398	
0.005172413793	-0.591503432624	0.526976837310	3.341830278548	-232.845468387647	207.444558636948	1315.512292175560	786.206881685238	-969.862833389763	445.674968555784	
0.006034482759	-0.632253959306	0.558406892019	3.598882048621	-248.886923008423	219.817007225699	1416.700783232956	817.623693224855	-1042.067086294141	464.778103121108	
0.006896551724	-0.671089624517	0.516581157167	3.646890084992	-264.174591950627	203.352296650485	1435.599158286543	835.800449682884	-1059.704348136392	468.200042271633	
0.007758620690	-0.698200871055	0.499299336079	3.632247307102	-274.846940664867	196.549303626618	1429.835025251456	860.690992914198	-1050.560052072085	473.633402018511	
0.008620689655	-0.739765865826	0.523784167014	3.668628516482	-291.209010844253	206.187763207762	1444.156497066090	859.076271134477	-1065.093072063930	489.486330116561	
0.009482758621	-0.780867383182	0.502007736996	3.810782246662	-307.388633028142	197.615466298260	1500.115347110494	882.889163445644	-1101.130008021151	489.251264444499	
0.010344827586	-0.811888970511	0.478615155864	3.883263840280	-319.600288334692	188.406971114610	1528.647743854892	904.878632731581	-1118.376304614744	492.074941272602	
0.011206896552	-0.836856289147	0.496390529757	3.899291701490	-329.428679314907	195.404251318888	1534.957115271969	911.822317607486	-1123.649013165175	504.947770392427	
0.012068965517	-0.857556038941	0.509144394542	3.925788978408	-337.577140795518	200.424813256206	1545.387774697900	920.351689939714	-1128.651136085260	512.914824912350	
0.012931034483	-0.876421763009	0.499534798608	3.968587688475	-345.003637608373	196.641993507710	1562.235497199825	931.534644654373	-1136.788797851521	514.044897536390	
0.013793103448	-0.896911129542	0.490878758226	4.013858382870	-353.069281667631	193.234541131175	1580.056316926738	942.655155886279	-1146.106474226899	515.017731647569	
0.014655172414	-0.921279249458	0.476768175242	4.053842243717	-362.661797927917	187.679906749029	1595.795973357228	952.150079654153	-1154.035166253709	515.709718990064	
0.015517241379	-0.940009558831	0.468741221078	4.096342759300	-370.034988713561	184.520094313394	1612.526311529120	963.379468818138	-1164.149592115269	518.375039681019	
0.016379310345	-0.955886621421	0.473826817245	4.135040114542	-376.284998216997	186.522040466887	1627.759534718766	973.587694834288	-1174.106475160798	524.496287181536	
0.017241379310	-0.968036843560	0.481115535739	4.165037666761	-381.067936081730	189.391246253118	1639.568078357948	981.064203830953	-1181.040514787154	530.625580323527	
0.018103448276	-0.978108613530	0.484786731639	4.191299794952	-385.032690750784	190.836413401586	1649.906171431349	988.614435571919	-1186.314788118517	535.682135030390	
0.018965517241	-0.984125930007	0.484593245890	4.219009698590	-387.401408827949	190.760247689940	1660.814181656955	996.881473567362	-1190.985315627064	537.988048120333	
0.019827586207	-0.989522506239	0.481497304121	4.242982406387	-389.525772358347	189.541529468509	1670.251043841834	1003.232670215898	-1194.482954042668	539.428725253271	
0.020689655172	-0.992974484929	0.475468767723	4.264053329875	-390.884644599035	187.168394666931	1678.545617935927	1009.551019461755	-1196.274693516103	539.483154597814	
0.021551724138	-0.995823137698	0.467520079124	4.276862257518	-392.006017445960	184.039391489840	1683.587855380331	1015.771514968174	-1192.820277464474	537.039597635621	
0.022413793103	-0.996419225252	0.455268883362	4.276629094184	-392.240667454810	179.216705334374	1683.496070578187	1020.905605503684	-1181.328623446163	530.127229988274	
0.023275862069	-0.997234399726	0.438916133404	4.266837406928	-392.561561082517	172.779441383768	1679.641570536726	1024.788579886671	-1165.002204110952	521.101120851795	
0.024137931034	-0.999899399463	0.420917774225	4.257393831170	-393.610638869544	165.694382968174	1675.924104670452	1030.075573501984	-1148.015429541400	511.139170376771	
0.025000000000	-1.003958335630	0.409062960218	4.252142459237	-395.208440066948	161.027732585582	1673.856900847058	1034.409717751799	-1134.724251548654	504.021756669865	
0.025862068966	-1.010141187721	0.401065750915	4.251398530376	-397.642321278183	157.879629221858	1673.564053072106	1036.900615695051	-1126.219058958857	499.890599485942	
0.026724137931	-1.022184359339	0.397872444561	4.261424867162	-402.383118679539	156.622583408245	1677.510922957307	1040.330999048815	-1125.738090951783	500.132010564711	
0.027586206897	-1.032455169606	0.397753203329	4.274907788582	-406.426225609280	156.575644068390	1682.818478214309	1043.846448262691	-1128.434295052098	501.942770755842	
0.028448275862	-1.040840128650	0.397310101611	4.286118528660	-409.726966751764	156.401216970791	1687.231588739988	1045.742830636893	-1130.965446568477	503.202102362444	
0.029310344828	-1.049387707195	0.393832977403	4.294309702195	-413.091723099778	155.032446190671	1690.456046170326	1048.626570199149	-1130.299269693657	502.771263846278	
0.030172413793	-1.053335397574	0.384262248699	4.302687098212	-414.645732366378	151.264926536680	1693.753810125201	1052.998945386464	-1127.996868845154	500.233225029939	
0.031034482759	-1.060879484184	0.378518191723	4.306146246874	-417.615463872984	149.003777127824	1695.115504827503	1056.199181564925	-1124.409594308189	497.427208330987	
0.031896551724	-1.069210807846	0.377327144830	4.305383852503	-420.895091434669	148.534921232135	1694.815388100081	1057.869627348515	-1119.770448380110	495.590186772475	
0.032758620690	-1.077158295890	0.373187095036	4.308996937798	-424.023622012813	146.905189635998	1696.237679994476	1060.624870005093	-1118.603236310403	494.492863354498	
0.033620689655	-1.084625430022	0.372427990972	4.315969950425	-426.963061158389	146.606368138809	1698.982608090709	1063.286619227923	-1119.358460056541	494.814856687029	
0.034482758621	-1.090474484088	0.374267468804	4.321184722148	-429.265542696874	147.330479029442	1701.035404232734	1063.955213859733	-1120.875835432253	495.607648163995	
0.035344827586	-1.096875541104	0.377688999175	4.329276945295	-431.785320329469	148.677365281857	1704.220909819028	1064.736608694194	-1125.231245470213	498.264566254688	
0.036206896552	-1.103332664725	0.382760224997	4.339484377363	-434.327168594458	150.673654545626	1708.239067905306	1066.053514634380	-1130.732197410302	501.998082922346	
0.037068965517	-1.108150525988	0.388516937982	4.348741981700	-436.223720838059	152.939785995301	1711.883326077116	1066.887489278395	-1135.720727915925	505.442381780061	
0.037931034483	-1.111361179534	0.392860727035	4.355829549526	-437.487595378241	154.649719599832	1714.673348855065	1067.204892672641	-1139.516932454867	508.338925029725	
0.038793103448	-1.114909260431	0.396100623786	4.362777187789	-438.884298275706	155.925105734222	1717.408288326733	1068.159852026384	-1142.788572989769	511.053466542430	
0.039655172414	-1.118395635219	0.398847652278	4.368612265412	-440.256710548840	157.006474160414	1719.705268034920	1069.578346460818	-1145.116633288682	512.922432887828	
0.040517241379	-1.120208489435	0.402411849752	4.372696989352	-440.970341046574	158.409521352599	1721.313220595779	1069.770684665524	-1147.297579760318	514.715351041307	
0.041379310345	-1.121738092817	0.404837116177	4.376738601838	-441.572469785271	159.364228063602	1722.904202321755	1070.223010005940	-1149.463278007836	516.624883853453	
0.042241379310	-1.123561407937	0.406093409080	4.380970268262	-442.290218220379	159.858768066705	1724.569998826668	1071.548354228712	-1150.941098477415	517.899530826323	
0.043103448276	-1.126105520007	0.408457641249	4.385308898124	-443.291708548370	160.789448627835	1726.277901514216	1072.408351200497	-1152.867862602923	519.301457798480	
0.043965517241	-1.127287686271	0.409633484419	4.388005379567	-443.757068582191	161.252319574314	1727.339372082300	1072.527731237569	-1154.217118090771	520.273058731185	
0.044827586207	-1.128660683269	0.409309186947	4.391223156485	-444.297549180374	161.124659796614	1728.606050739102	1073.493581614574	-1155.465674829924	521.068530210303	
0.045689655172	-1.129633835632	0.409375557703	4.395579506363	-444.680630841932	161.150786660680	1730.320928915578	1074.841057577462	-1156.939977378616	521.820603428061	
0.046551724138	-1.130385686366	0.409961089906	4.397855246508	-444.976597063942	161.381281553247	1731.216774570545	1075.242357274678	-1157.846486696453	522.398269793240	
0.047413793103	-1.131513140045	0.409587558424	4.398706805938	-445.420419475763	161.234240795315	1731.551991144610	1075.654134299129	-1158.301818367129	522.867946317904	
0.048275862069	-1.132793436727	0.409840817073	4.400323803261	-445.924408572204	161.333936123424	1732.188522529424	1076.785143947757	-1158.850286573656	523.678865279391	
0.049137931034	-1.133044499570	0.411610992983	4.401626051032	-446.023239520536	162.030766295759	1732.701152677585	1077.515471969423	-1159.305415642430	524.603050452930	
0.050000000000	-1.133198063127	0.413245644509	4.401273154908	-446.083689851650	162.674247261875	1732.562235033265	1077.596006628428	-1159.307052895473	525.198485600485	
0.050862068966	-1.133732255154	0.414523459481	4.401754532179	-446.293974671688	163.177259432711	1732.751729311935	1078.214139388635	-1159.485507273646	525.972978182931	
0.051724137931	-1.133828868724	0.417201933320	4.403484160845	-446.332006626688	164.231641302824	1733.432598051820	1079.111591075699	-1160.036441994480	527.104132712655	
0.052586206897	-1.134141111508	0.419532057263	4.401773766432	-446.454921073709	165.148895152925	1732.759300879984	1079.220225636755	-1159.756775638384	527.922867043512	
0.053448275862	-1.133636568188	0.421277662153	4.399393033017	-446.256307474385	165.836052937514	1731.822124599290	1079.096194240012	-1159.151703433315	528.536883788483	
0.054310344828	-1.133158733885	0.422437393380	4.397299880457	-446.068207886178	166.292581413486	1730.998154590832	1079.537770351472	-1158.688748649282	529.133202961553	
0.055172413793	-1.131899237265	0.424607842454	4.396108869396	-445.572406739177	167.146979213328	1730.529312800727	1079.897480680363	-1158.706802994343	529.899655585800	
0.056034482759	-1.130015151597	0.426519748832	4.393823983810	-444.830735963262	167.899601618121	1729.629867040597	1079.688412870004	-1158.228852901333	530.307886373159	
0.056896551724	-1.128627776826	0.428004965284	4.391708010178	-444.284595551075	168.484257431471	1728.796913511873	1079.691439931802	-1157.946267820463	530.853545225310	
0.057758620690	-1.127223117867	0.429521405417	4.389373625892	-443.731651214434	169.081204454164	1727.877982576879	1079.987991392512	-1157.572662449595	531.404685387416	
0.058620689655	-1.124793337255	0.431121044814	4.386290247888	-442.775167492497	169.710902887325	1726.664210084843	1079.884595720828	-1156.945036473347	531.658637795810	
0.059482758621	-1.122833512511	0.432108899875	4.382297400392	-442.003682011132	170.099772269472	1725.092424708356	1079.627577223743	-1156.013786790770	531.781538070525	
0.060344827586	-1.120978079214	0.432705038473	4.378267071222	-441.273290248000	170.334442371584	1723.505884662287	1079.677270699646	-1155.000597194450	531.876723623891	
0.061206896552	-1.118289087179	0.433833374778	4.373938274119	-440.214767887338	170.778612229481	1721.801852642508	1079.653376471398	-1153.910972377815	531.998209262223	
0.062068965517	-1.115166779273	0.434698076323	4.367914518428	-438.985670629648	171.119002200208	1719.430599767046	1079.255571689025	-1152.277450416017	531.911031170060	
0.062931034483	-1.111923637250	0.435023800542	4.362875762162	-437.709006993084	171.247223617566	1717.447092152194	1078.931185063441	-1151.121470943142	531.781595060513	
0.063793103448	-1.108209229491	0.436907380298	4.360467064747	-436.246829486262	171.988695240777	1716.498907835950	1078.915789753695	-1151.067473204632	532.309297927222	
0.064655172414	-1.104476233145	0.439092344200	4.356557270039	-434.777334577738	172.848806806197	1714.959816209840	1078.628965057826	-1150.497599477384	532.785047821707	
0.065517241379	-1.100851914096	0.440702407089	4.352465578213	-433.350620512994	173.482608449086	1713.349120739300	1078.171406196867	-1150.180660915065	533.160383063748	
0.066379310345	-1.097708447209	0.442165080091	4.347893058796	-432.113194017689	174.058390027831	1711.549147372088	1077.870902030519	-1149.731260247801	533.562590178086	
0.067241379310	-1.093867801717	0.443532404753	4.343983357485	-430.601322997042	174.596637709450	1710.010092511452	1077.605521365935	-1149.307290651634	533.850515188674	
0.068103448276	-1.090175342162	0.445115838861	4.339693451883	-429.147785405588	175.219956926744	1708.321370140469	1077.078995319277	-1148.875618618920	534.099143097975	
0.068965517241	-1.086629841033	0.446199475644	4.334592493947	-427.752098034437	175.646530806600	1706.313376822903	1076.594030765919	-1148.008917600727	534.165030699242	
0.069827586207	-1.083278717993	0.446925404783	4.330072082387	-426.432927644265	175.932292986926	1704.533915726330	1076.351533028707	-1147.166506660657	534.105682310580	
0.070689655172	-1.080553020829	0.447897873044	4.324652610892	-425.359956300715	176.315105351580	1702.400539470103	1075.904174671739	-1146.176343857112	534.162291503390	
0.071551724138	-1.078226848105	0.448808196687	4.320370366597	-424.444257848919	176.673454472146	1700.714832974112	1075.305945432650	-1145.795521817626	534.338754769981	
0.072413793103	-1.077157263406	0.448942881416	4.317985279914	-424.023215575153	176.726473148117	1699.775943028425	1074.879591242106	-1146.298406712664	534.689300780089	
0.073275862069	-1.075835863561	0.450020589090	4.318571802165	-423.503046208564	177.150713032924	1700.006827653217	1074.682856531146	-1147.447626505696	535.281136464642	
0.074137931034	-1.074864844098	0.450869597656	4.317759260431	-423.120804163744	177.484925459171	1699.686970404678	1074.287325806951	-1147.831515535348	535.609541077496	
0.075000000000	-1.074391997972	0.452236974796	4.317275896770	-422.934668172849	178.023193798875	1699.496694183269	1073.857124550375	-1148.137445934104	536.140168237025	
0.075862068966	-1.074626764108	0.453192840070	4.313477922095	-423.027083918724	178.399470393352	1698.001620540016	1073.430078409527	-1147.411597743370	536.550982756910	
0.076724137931	-1.074592383339	0.453510388988	4.310393084893	-423.013549920702	178.524473601478	1696.787273633911	1073.024528265321	-1146.776857221826	536.482268150720	
0.077586206897	-1.074649944323	0.454960663192	4.307858107408	-423.036208815922	179.095374390115	1695.789379137970	1072.571975147871	-1146.489586150303	536.738108191841	
0.078448275862	-1.074665718452	0.454876402759	4.302974122175	-423.042418305258	179.062205250695	1693.866797177455	1072.208652050332	-1145.496840234420	536.597192261817	
0.079310344828	-1.071570464616	0.455545347317	4.301329867535	-421.823970889244	179.325535436700	1693.219535943324	1072.063793811287	-1145.300520933886	536.622259653590	
0.080172413793	-1.068246338888	0.455502375964	4.295070998402	-420.515427997685	179.308619752993	1690.755730605174	1071.882035214946	-1143.097985328993	536.326192044703	
0.081034482759	-1.067507024486	0.455295589727	4.286928176319	-420.224396705391	179.227218301260	1687.550306735339	1071.695484201524	-1140.000670730713	535.881067235083	
0.081896551724	-1.066334330606	0.456335865036	4.283312526202	-419.762765477794	179.636722926468	1686.127005197947	1071.707772853206	-1138.855702740530	535.947467268237	
0.082758620690	-1.063812742712	0.456583738992	4.279390432471	-418.770141797408	179.734298568967	1684.583072058203	1071.683424009058	-1137.703513620338	535.641644476285	
0.083620689655	-1.062327386020	0.456161256189	4.270665357160	-418.185430778638	179.567988112130	1681.148444065525	1071.239604338982	-1134.834751276343	535.100454409720	
0.084482758621	-1.060794528014	0.454206616482	4.267632698184	-417.582020856291	178.798543721769	1679.954637130829	1071.041533550628	-1133.777441872682	534.139474967332	
0.085344827586	-1.061589147016	0.453330540426	4.269130540155	-417.894822817344	178.453676171650	1680.544262982741	1071.252441936062	-1133.828894234545	533.702132044250	
0.086206896552	-1.064888264276	0.452364463406	4.268630069499	-419.193521119682	178.073379720516	1680.347252588599	1071.232716323791	-1133.300691045731	533.571192526287	
0.087068965517	-1.066594960701	0.451672994354	4.271673743091	-419.865362577497	177.801182762246	1681.545395429600	1071.132547398841	-1133.651869074273	533.366132371686	
0.087931034483	-1.066628496365	0.453209438460	4.279038947399	-419.878563899645	178.406004353885	1684.444709875317	1071.297660880435	-1135.476958276400	534.054458593979	
0.088793103448	-1.067946168608	0.455415393343	4.283280863886	-420.397265894684	179.274379023454	1686.114541319502	1071.454147272414	-1135.633544971674	534.898777526623	
0.089655172414	-1.070155713713	0.454513566399	4.284386399936	-421.267053856203	178.919374630460	1686.549735851579	1071.549461873392	-1134.579845864634	534.424946482406	
0.090517241379	-1.070441745502	0.452675171691	4.285219756337	-421.379650338569	178.195690111591	1686.877786798808	1071.777881356805	-1133.999861707802	533.635538556729	
0.091379310345	-1.072647516630	0.452633345508	4.274207379683	-422.247952673157	178.179225224858	1682.542762082753	1071.612434903960	-1130.286766375579	533.597072163082	
0.092241379310	-1.074225735625	0.453626727402	4.260030914136	-422.869218959765	178.570270246217	1676.962193013689	1071.044055868597	-1126.367225996351	534.067583663090	
0.093103448276	-1.070612663803	0.455793559015	4.255048130808	-421.446932368939	179.423244031202	1675.000719159337	1070.507308850526	-1125.458403598905	534.852001650062	
0.093965517241	-1.065484545406	0.459136598502	4.254869721924	-419.428247329656	180.739232328604	1674.930488459374	1070.173721348621	-1126.126493607041	535.923089946560	
0.094827586207	-1.061470004640	0.462783688224	4.253190707818	-417.847922392303	182.174910074021	1674.269544152812	1070.028810353365	-1126.283782322398	537.168012248898	
0.095689655172	-1.061611606604	0.461599438483	4.247223528909	-417.903664039542	181.708729878841	1671.920562741746	1069.962273086735	-1124.960205522505	536.876678236230	
0.096551724138	-1.062603682861	0.460015086025	4.249035614223	-418.294195096481	181.085049152939	1672.633890560797	1070.052052039246	-1127.225773451080	536.935105652546	
0.097413793103	-1.063461652912	0.459641944000	4.262294652063	-418.631935213390	180.938161705267	1677.853313992609	1070.528094388315	-1133.394217307188	537.729140969903	
0.098275862069	-1.065896604590	0.461184692304	4.273134127482	-419.590454526380	181.545464946016	1682.120276096016	1070.656388714869	-1139.109906957828	539.338538701074	
0.099137931034	-1.067448201157	0.463746307859	4.280820679222	-420.201240887895	182.553845524727	1685.146089035521	1070.567827338166	-1143.201597569245	541.034210367258	
0.100000000000	-1.069310711039	0.463391085253	4.286147960663	-420.934418350353	182.414012060588	1687.243174654959	1070.441364728661	-1145.473699089321	541.319570259161	
0.100862068966	-1.071389666018	0.464200031638	4.296071508884	-421.752799477494	182.732453999228	1691.149581796667	1070.582118935114	-1149.099854615181	541.839870642301	
0.101724137931	-1.069683427437	0.462890927831	4.306499389977	-421.081138250336	182.217124971153	1695.254519694520	1070.932594051963	-1152.212215802694	540.732140608698	
0.102586206897	-1.068837802658	0.458179829050	4.299320290434	-420.748257852715	180.362599803828	1692.428465434531	1071.106341459416	-1148.150694021050	537.651647224011	
0.103448275862	-1.070970165881	0.449954019560	4.281704937472	-421.587663147719	177.124507921374	1685.494177507974	1071.042741783638	-1140.002310926240	532.701001788510	
0.104310344828	-1.067034827322	0.444278429394	4.269511974428	-420.038516178390	174.890310488966	1680.694414676017	1070.991159678090	-1132.632369699033	528.022638227393	
0.105172413793	-1.062846349257	0.441309081411	4.252970594946	-418.389720781674	173.721425941974	1674.182896667843	1070.724307848430	-1123.577516683828	524.467865817792	
0.106034482759	-1.060698485056	0.439192141405	4.232998221470	-417.544213522958	172.888091999812	1666.320767050111	1070.239966035578	-1113.469913786511	521.578668232701	
0.106896551724	-1.059536456500	0.437739386801	4.217774124194	-417.086780702430	172.316214800879	1660.327797498831	1069.874698966984	-1106.187615930903	519.940299794911	
0.107758620690	-1.056322363181	0.440157495063	4.212533724018	-415.821552095207	173.268103699106	1658.264912710585	1069.610024773142	-1103.388110788641	520.591640619154	
0.108620689655	-1.054714270150	0.443281758047	4.214267026443	-415.188525886980	174.497970573632	1658.947227626368	1069.253683488318	-1104.366755177601	522.367703961981	
0.109482758621	-1.055864225596	0.444634931991	4.217656242215	-415.641206124841	175.030647821715	1660.281393229767	1068.833050448509	-1106.938196519192	523.646105193721	
0.110344827586	-1.058831171961	0.442736131708	4.228677163366	-416.809145274456	174.283184634299	1664.619781488876	1068.753008349499	-1112.721167426490	524.354034005339	
0.111206896552	-1.061578096323	0.443600364409	4.243708704059	-417.890472709360	174.623390044374	1670.536951094789	1068.658454848340	-1120.032111966437	526.401796217002	
0.112068965517	-1.065901608657	0.444187253667	4.252400703820	-419.592424378542	174.854419141856	1673.958558889160	1068.312756347496	-1124.601308464356	528.058110231058	
0.112931034483	-1.067649443759	0.440203725340	4.260400898494	-420.280460086611	173.286302258681	1677.107837445091	1068.687703948667	-1126.567258985000	526.577663400142	
0.113793103448	-1.062440847698	0.435930768647	4.266774478808	-418.230094995380	171.604251829764	1679.616798867336	1069.592846190403	-1126.264446582929	523.470997544103	
0.114655172414	-1.064661259571	0.427908563638	4.241948682285	-419.104160662870	168.446308900339	1669.844118100521	1069.835233432272	-1112.809385873641	517.742120251558	
0.115517241379	-1.057297836903	0.424188741025	4.240118878062	-416.205547560135	166.981999834942	1669.123815228236	1069.804043015088	-1110.071075811349	514.765812388503	
0.116379310345	-1.053141693584	0.428108722252	4.230044701898	-414.569480743886	168.525101386927	1665.158113360732	1069.421980896239	-1105.584182708092	515.739926902189	
0.117241379310	-1.052269056514	0.426931681820	4.225784517630	-414.225966951533	168.061759138170	1663.481090799746	1069.516216536844	-1103.589334468710	514.332768781810	
0.118103448276	-1.049629444041	0.426904508538	4.216565808459	-413.186882867480	168.051062368841	1659.852143719638	1069.661151076833	-1099.543929133108	513.170049934491	
0.118965517241	-1.049286083551	0.424302775369	4.208988739277	-413.051718927999	167.026889481976	1656.869428615193	1069.776737298570	-1096.740565696501	511.261889523285	
0.119827586207	-1.047351693309	0.423457315512	4.206046765849	-412.290245744327	166.694074005994	1655.711320068609	1070.217952305948	-1095.633257916521	510.955252116555	
0.120689655172	-1.045870683084	0.421134580174	4.204998385419	-411.707245713379	165.779728682212	1655.298624860159	1070.337470030630	-1094.126483081889	509.951606997188	
0.121551724138	-1.044199798763	0.421972530024	4.210891679185	-411.049501698869	166.109587841642	1657.618521367375	1070.361832629866	-1097.059546748145	511.147336168166	
0.122413793103	-1.045011209702	0.422299388575	4.214996051323	-411.368913810044	166.238255789017	1659.234208445860	1070.440896216347	-1098.707622910049	511.774814560764	
0.123275862069	-1.048160151344	0.425226001709	4.223195642251	-412.608495444095	167.390317752289	1662.461979384897	1070.279765585891	-1102.780617233422	513.783174302773	
0.124137931034	-1.052592860429	0.428191478722	4.236610100019	-414.353432440719	168.557678491223	1667.742583908807	1070.085421341286	-1109.254150511809	516.143935445258	
0.125000000000	-1.056514750429	0.431323847148	4.251125978427	-415.897285381456	169.790736074700	1673.456762932098	1069.796848581525	-1116.231522540279	518.702764597831	
0.125862068966	-1.056293044614	0.431247100886	4.259570423970	-415.810010834117	169.760524890155	1676.780920949104	1069.951247242164	-1119.456339399441	519.260201758872	
0.126724137931	-1.057913801231	0.430117700637	4.248277566785	-416.448022065915	169.315936211035	1672.335485004549	1069.734353045436	-1114.937536215018	518.430982551038	
0.127586206897	-1.055987009921	0.429140761475	4.231862151368	-415.689540203685	168.931363874966	1665.873552781088	1069.407591613237	-1107.937418724860	516.796271643828	
0.128448275862	-1.046350905042	0.429649665988	4.219886046212	-411.896285202695	169.131694258738	1661.159156108914	1069.353368261103	-1101.461747907367	515.308848772495	
0.129310344828	-1.042652489513	0.428886667411	4.200627984597	-410.440403041156	168.831339685744	1653.578215526492	1069.022419425578	-1091.957112647386	513.415457296510	
0.130172413793	-1.038665757062	0.428132257908	4.192537925600	-408.871024853675	168.534366203655	1650.393561858455	1069.018461316315	-1086.969466713731	511.729533680166	
0.131034482759	-1.036397723264	0.426106454664	4.186687906165	-407.978212804016	167.736908269541	1648.090700301949	1069.180422054087	-1083.845999762717	510.070611055525	
0.131896551724	-1.035139234052	0.423718396915	4.189973514973	-407.482808223211	166.796848762940	1649.384080998713	1069.496240459562	-1085.211634451001	509.227531931123	
0.132758620690	-1.033509098104	0.426590994054	4.200560990780	-406.841104815721	167.927647316856	1653.551843394490	1069.429572583019	-1091.527332904969	511.723066993726	
0.133620689655	-1.034558355907	0.430302922033	4.209581565992	-407.254145401892	169.388848657950	1657.102794994146	1069.077491658170	-1098.402880489997	515.302802255915	
0.134482758621	-1.035712038688	0.434918174482	4.221106529853	-407.708292906094	171.205643893366	1661.639599787462	1068.598477036909	-1106.289380019853	518.872018068824	
0.135344827586	-1.037641496791	0.441015909995	4.233061828532	-408.467824551650	173.606018943300	1666.345805985200	1068.005283436484	-1114.619930328440	522.948381822445	
0.136206896552	-1.039878723434	0.444910538090	4.245587327648	-409.348509357492	175.139140229088	1671.276471722172	1067.590588388048	-1121.551606073954	525.458740428416	
0.137068965517	-1.041170853320	0.447778160237	4.256318138837	-409.857156597682	176.267980376090	1675.500658125134	1067.536896660162	-1126.030219770326	526.887796765963	
0.137931034483	-1.044931823155	0.445926752688	4.259006040862	-411.337663276913	175.539173349745	1676.558751402961	1067.913180120303	-1125.657561425830	526.004890830573	
0.138793103448	-1.047290862927	0.438466885921	4.252839056937	-412.266299849832	172.602595004141	1674.131116698981	1068.319416014683	-1121.456070214375	522.098536384544	
0.139655172414	-1.048526025523	0.431794673259	4.244306940813	-412.752521902677	169.976076886644	1670.772447136599	1068.734624767999	-1117.477371466688	518.749531775435	
0.140517241379	-1.046832017020	0.425335786402	4.232495447750	-412.085675048599	167.433534523205	1666.122850054073	1069.080158408020	-1111.419872656762	514.885917704376	
0.141379310345	-1.043645015461	0.423064897329	4.225009218628	-410.831111118706	166.539598493776	1663.175894161509	1069.566387974269	-1106.857924601734	512.479603128729	
0.142241379310	-1.042749760420	0.423465798056	4.207936394760	-410.478693757067	166.697413161356	1656.455172943228	1069.198212015672	-1099.183026515588	511.202384596484	
0.143103448276	-1.043341144822	0.426759236693	4.190768636991	-410.711492368755	167.993876072138	1649.697080972382	1068.369956597262	-1092.818660877542	511.826535779950	
0.143965517241	-1.040348499538	0.430968649592	4.179876923040	-409.533436833671	169.650912471360	1645.409555158250	1067.485385478668	-1088.708803610070	513.177694826903	
0.144827586207	-1.039947562457	0.434748356649	4.176982748790	-409.375607855220	171.138795062760	1644.270262769230	1066.841191329494	-1088.702535641569	515.123930017948	
0.145689655172	-1.040720272894	0.439228064064	4.183592155926	-409.679785504668	172.902232963012	1646.872057476478	1066.406464803497	-1093.715460082694	518.191054971233	
0.146551724138	-1.043959361727	0.442899993027	4.194100292053	-410.954853602181	174.347688681643	1651.008587787832	1065.994642097344	-1100.585537338320	521.550311095994	
0.147413793103	-1.046518430576	0.445889080250	4.208745383920	-411.962231669206	175.524343585370	1656.773631720445	1065.758024993859	-1108.366545271231	524.299930425564	
0.148275862069	-1.047184859845	0.446624687361	4.226127397800	-412.224571711448	175.813915501337	1663.616065661196	1066.169025219327	-1115.487372868629	525.372988936169	
0.149137931034	-1.045727548290	0.445148415034	4.241599753074	-411.650900667412	175.232780544906	1669.706762032789	1066.867432958539	-1121.142556375746	525.189362292181	
0.150000000000	-1.042865446968	0.442053255812	4.241950830739	-410.524233794148	174.014370373481	1669.844963839849	1067.097725276741	-1120.164074248293	523.428664913609	
0.150862068966	-1.042385567954	0.436865456455	4.223339827423	-410.335329304946	171.972191909926	1662.518737912280	1066.825517604143	-1111.347268779745	519.850424160582	
0.151724137931	-1.039449781899	0.432481166178	4.207863327298	-409.179656419302	170.246314989223	1656.426409919215	1066.522912640193	-1103.412628487354	516.349600893876	
0.152586206897	-1.029115875116	0.430667588616	4.197769894693	-405.111711530772	169.532399745939	1652.453127748897	1066.498226576228	-1097.187742122194	513.715099313949	
0.153448275862	-1.026204625940	0.431510275812	4.175804692803	-403.965697592997	169.864123762975	1643.806520746830	1066.251477198241	-1086.489262415868	512.068561081676	
0.154310344828	-1.024627728143	0.428935385507	4.158684809773	-403.344951396496	168.850517575992	1637.067274678095	1066.197514804227	-1077.821484135784	509.241679320460	
0.155172413793	-1.024730811151	0.423340817335	4.149647081460	-403.385530047460	166.648214470491	1633.509570756079	1066.606622446844	-1072.333669625413	505.746986706688	
0.156034482759	-1.022344662050	0.419322515045	4.147858239075	-402.446221880325	165.066408808531	1632.805392521519	1067.067434641306	-1069.866555463183	503.372263481582	
0.156896551724	-1.020345229984	0.418183360132	4.149385683880	-401.659144967221	164.617980203155	1633.406671535774	1067.091515343740	-1070.302528308252	503.246700146294	
0.157758620690	-1.020978085567	0.418777144152	4.153859544296	-401.908268719240	164.851723425547	1635.167807763573	1067.002544105166	-1072.328903887846	504.261439612428	
0.158620689655	-1.023874867168	0.423570052015	4.164786787626	-403.048587492697	166.738452757505	1639.469319726270	1066.802065934408	-1078.210037895610	507.320957952786	
0.159482758621	-1.022740728704	0.428373752283	4.181983345624	-402.602133613734	168.629430522368	1646.238748914512	1066.591956775654	-1086.958078607574	510.565364053498	
0.160344827586	-1.020098985978	0.429838289580	4.194479942735	-401.562210954911	169.205945981020	1651.158037369992	1066.112619139787	-1094.065521171136	512.483767220198	
0.161206896552	-1.022180653642	0.433801073090	4.194678118496	-402.381659930954	170.765896662099	1651.236049306010	1065.213039498103	-1096.889142986889	515.537945191754	
0.162068965517	-1.025299705905	0.435855621403	4.196855972638	-403.609475603981	171.574670099192	1652.093362112441	1064.660270649620	-1099.778354543666	517.570985021796	
0.162931034483	-1.019101246234	0.437084934763	4.204921814748	-401.169450465068	172.058589598879	1655.268482797379	1064.843857038598	-1103.419843445289	518.561324233555	
0.163793103448	-1.016002159219	0.436631135637	4.195836811671	-399.949494116736	171.879951463722	1651.692169152656	1065.001704467774	-1098.179528506320	517.399209946744	
0.164655172414	-1.014607199894	0.432109529209	4.184107737837	-399.400368043276	170.100020007044	1647.075016419648	1065.342546200071	-1091.163579374403	514.063662032788	
0.165517241379	-1.014547594817	0.425841432113	4.174479661582	-399.376904490542	167.632582078744	1643.284921888395	1065.891876182453	-1085.400729931930	510.017225590307	
0.166379310345	-1.013964755414	0.419341097266	4.165594529359	-399.147469619451	165.073723704148	1639.787287453464	1066.484125486604	-1079.414487948610	505.838644559263	
0.167241379310	-1.014788363952	0.414833279527	4.157254488149	-399.471683318215	163.299220168055	1636.504228227087	1066.588386722153	-1074.655637649609	503.261214496353	
0.168103448276	-1.015349864527	0.412522515433	4.155432512430	-399.692718154651	162.389587327154	1635.787007047822	1066.594479926903	-1073.055296647349	502.437577735606	
0.168965517241	-1.016956404519	0.414051386569	4.159385375001	-400.325133008450	162.991427817470	1637.343052348667	1066.492492023313	-1075.051889438159	503.796539088462	
0.169827586207	-1.019106323006	0.416816600695	4.169320952756	-401.171448937453	164.079955022396	1641.254194919369	1066.205810233933	-1080.561253923624	505.980327878435	
0.170689655172	-1.023303907381	0.420918616491	4.184589866273	-402.823829035427	165.694714526152	1647.264806394425	1065.896858323753	-1089.449598920361	509.287330539417	
0.171551724138	-1.024213349266	0.423967727133	4.204776504494	-403.181831051966	166.894997663065	1655.211281380766	1065.780629624455	-1098.636754697731	511.591969154880	
0.172413793103	-1.023285021864	0.425845899591	4.218221360098	-402.816394747125	167.634340702760	1660.503852019971	1065.839075513174	-1104.384858950321	513.100286481886	
0.173275862069	-1.026659176985	0.424598134199	4.218503972013	-404.144631721061	167.143157556247	1660.615102268286	1066.077107982759	-1104.349473652613	512.817948161059	
0.174137931034	-1.030584041781	0.423732435202	4.214921844790	-405.689655691407	166.802374938052	1659.204997026041	1066.250796973330	-1103.091926598492	512.313767033163	
0.175000000000	-1.026673599967	0.423430736421	4.211906963591	-404.150309331511	166.683611140389	1658.018188317847	1066.495178758548	-1101.701854160292	511.776572825192	
0.175862068966	-1.022663705853	0.426220602434	4.202937815088	-402.571813550063	167.781842566637	1654.487480854473	1066.629317315909	-1097.797185815039	512.125290373888	
0.176724137931	-1.020098360035	0.428921477998	4.188159757668	-401.561964552189	168.845042881765	1648.670094999909	1066.713697668425	-1090.903622311404	511.522544120205	
0.177586206897	-1.018448898139	0.433422581941	4.175201924313	-400.912653480646	170.616903530222	1643.569240785970	1066.619278568100	-1086.208073311176	512.623766192750	
0.178448275862	-1.018590300790	0.432839448322	4.168537804557	-400.968316668207	170.387352840918	1640.945908442578	1066.746226015955	-1083.606456739716	511.886709276160	
0.179310344828	-1.019153031686	0.431879615474	4.172335971366	-401.189835820629	170.009514409917	1642.441057719525	1067.034914916501	-1085.201345308315	512.099709316100	
0.180172413793	-1.019529616516	0.431722388725	4.178494098636	-401.338078529297	169.947622062333	1644.865205999299	1066.830078427363	-1087.532874509855	513.044894449538	
0.181034482759	-1.019721672485	0.432164601688	4.187530471199	-401.413681407726	170.121699301317	1648.422376230013	1066.467411798663	-1090.969815138179	514.215951335952	
0.181896551724	-1.021469529173	0.434806926530	4.195399246183	-402.101725612804	171.161851110293	1651.519921393344	1066.112572972618	-1093.590729493063	515.596287357524	
0.182758620690	-1.026029841073	0.435841903670	4.202388753233	-403.896893488176	171.569270110411	1654.271342523040	1065.909293055542	-1096.227170356925	516.661933907645	
0.183620689655	-1.028055633736	0.435104461760	4.207029245140	-404.694347256848	171.278975925232	1656.098073277550	1065.518952432862	-1097.727490644825	516.636230166202	
0.184482758621	-1.030517097481	0.431328270041	4.199389779269	-405.663303051650	169.792477147472	1653.090795701553	1065.022392067866	-1094.598368021549	515.075375669801	
0.185344827586	-1.033789687380	0.423565930918	4.180725858047	-406.951558851622	166.736830486627	1645.743738627815	1064.485921563826	-1085.363632890374	510.631315374005	
0.186206896552	-1.028845940277	0.421888798994	4.178628147551	-405.005451616743	166.076627101717	1644.917974386752	1064.423533426642	-1083.416179668414	508.657686768576	
0.187068965517	-1.021036026995	0.421416366715	4.165820259771	-401.931077376577	165.890654021513	1639.876146284744	1064.567558315277	-1075.804910200552	506.292729276761	
0.187931034483	-1.014286462096	0.416933553002	4.147811193629	-399.274109532007	164.125993326454	1632.786873070419	1064.737607551554	-1064.999266849567	501.735188412504	
0.188793103448	-1.006573538188	0.414057455390	4.142739542220	-396.237915182121	162.993816810036	1630.790416274597	1065.452155251408	-1059.881724901258	498.762907707714	
0.189655172414	-0.998849458053	0.408209474441	4.135972023933	-393.197329181138	160.691757704201	1628.126381074485	1066.395153337532	-1053.656378560332	494.665131804904	
0.190517241379	-0.991807858758	0.403236070989	4.129578851648	-390.425401926690	158.733976240588	1625.609707268360	1067.167373852508	-1048.224334049093	491.210009330366	
0.191379310345	-0.986054904548	0.402198635684	4.132224249009	-388.160750119308	158.325589583454	1626.651068575317	1067.544090577258	-1048.260737475501	490.354746810900	
0.192241379310	-0.981528555055	0.403791047680	4.134145479659	-386.378951553610	158.952442948246	1627.407361482062	1067.686727312720	-1049.030190062828	490.734866533446	
0.193103448276	-0.980726909949	0.406093780199	4.135684812798	-386.063383765029	159.858914157538	1628.013320342440	1067.396475691521	-1050.539071247077	491.684666348836	
0.193965517241	-0.980861670657	0.405572907291	4.141851450472	-386.116432350089	159.653872412407	1630.440818744337	1066.948374429288	-1053.432039333092	491.791232221347	
0.194827586207	-0.983704229529	0.405605763718	4.146843043100	-387.235406333465	159.666806352546	1632.405760381983	1066.113750895813	-1056.405439037645	492.450815824447	
0.195689655172	-0.987223559430	0.406884970630	4.154567022066	-388.620791394376	160.170366460972	1635.446306557868	1065.382253820605	-1060.325097778797	493.335745330923	
0.196551724138	-0.991014609249	0.406993642369	4.159658124564	-390.113139066862	160.213145117180	1637.450420279725	1064.975587080421	-1062.128850050031	493.870829248635	
0.197413793103	-0.996383364261	0.400144063709	4.155137179311	-392.226550767243	157.516806831709	1635.670749094587	1064.757177650052	-1057.721806928991	490.540169202719	
0.198275862069	-1.000281509559	0.390788491127	4.145779907695	-393.761056600421	153.833983436519	1631.987256874102	1064.565054753419	-1049.523136799737	485.248870197521	
0.199137931034	-1.001525922210	0.381447033353	4.131993238821	-394.250919939479	150.156716339120	1626.560131359302	1064.573807529016	-1038.248846125322	478.862348974514	
0.200000000000	-1.002304637797	0.375749647696	4.117294490661	-394.557461517717	147.913939106470	1620.773965614050	1064.361150875346	-1028.894770184647	474.737187691504	
0.200862068966	-1.005233230857	0.370973059207	4.103863191851	-395.710302879528	146.033633899726	1615.486731610009	1064.539450927176	-1022.023346292878	471.704393711956	
0.201724137931	-1.010343424951	0.368879337505	4.094794549199	-397.721932012269	145.209439848587	1611.916858250974	1064.600263383317	-1018.288688333712	470.555397041280	
0.202586206897	-1.013010352997	0.367622043523	4.094194309495	-398.771768878737	144.714505770394	1611.680573746959	1064.707101223999	-1018.424822368276	470.180723340695	
0.203448275862	-1.013556032176	0.370996141013	4.101864461516	-398.986575618608	146.042720058245	1614.699930933410	1064.861815575398	-1023.070509567562	472.395684473922	
0.204310344828	-1.015071119097	0.375836804433	4.114653420960	-399.582989948993	147.948248376632	1619.734307891370	1065.429895806646	-1030.806047228940	475.546498279137	
0.205172413793	-1.016689029928	0.382433741803	4.126103969243	-400.219880936462	150.545134357585	1624.241818974430	1065.849853588458	-1039.576640497084	480.248941920656	
0.206034482759	-1.018676856481	0.390039025384	4.141654853600	-401.002389336576	153.538956067030	1630.363428338499	1066.123547681681	-1049.999974666851	486.006836849289	
0.206896551724	-1.023409267167	0.393853341947	4.156762773912	-402.865303940448	155.040462698452	1636.310664799891	1066.539575116166	-1059.516444689007	490.011816534145	
0.207758620690	-1.029436573463	0.396325734435	4.170571138860	-405.237954512111	156.013720595379	1641.746330979655	1066.907836982152	-1067.663648324224	492.647075921139	
0.208620689655	-1.032920794066	0.395176627363	4.173583412921	-406.609518789788	155.561374320278	1642.932113387559	1067.055657775850	-1069.898336615761	492.365421586035	
0.209482758621	-1.035265239418	0.395812440263	4.170021983504	-407.532410266044	155.811662221258	1641.530155841927	1066.763021742096	-1068.518928123470	491.914770187142	
0.210344827586	-1.036384316309	0.399752195634	4.170686649214	-407.972935152887	157.362547869854	1641.791801658179	1066.319315489847	-1068.689748036719	493.392419466656	
0.211206896552	-1.040288037103	0.406875635773	4.176360080636	-409.509635781713	160.166691792151	1644.025149300642	1065.979600800595	-1073.319034165992	497.876865346103	
0.212068965517	-1.039817596838	0.408852298579	4.186285506348	-409.324446858273	160.944805580667	1647.932295517329	1066.506088122629	-1077.574999960991	499.728599915898	
0.212931034483	-1.039890816481	0.407732348352	4.189493908488	-409.353269788104	160.503936904885	1649.195283790680	1067.587181191166	-1077.754348938658	500.176308177526	
0.213793103448	-1.042886715616	0.404120082663	4.193543017258	-410.532606202526	159.081967648385	1650.789216431147	1068.835653179347	-1077.399819560377	499.107358160214	
0.214655172414	-1.036352395589	0.405765728950	4.201504344184	-407.960369554052	159.729776704796	1653.923194688362	1070.138774399617	-1077.693752084645	499.611769675267	
0.215517241379	-1.038095641705	0.407021149127	4.190096492986	-408.646598806180	160.223973158900	1649.432491323164	1070.589984587357	-1071.007140533256	499.612800578301	
0.216379310345	-1.038176342277	0.409770320327	4.179638510786	-408.678366605895	161.306185062499	1645.315704117088	1070.551180765438	-1066.994172581837	500.321203868787	
0.217241379310	-1.038352480633	0.415560469985	4.168996444975	-408.747703512086	163.585478866719	1641.126452353167	1070.079874399117	-1064.687933413626	502.541053547535	
0.218103448276	-1.037183091434	0.419503456354	4.165314304572	-408.287373172818	165.137636398499	1639.676976898945	1069.544261131407	-1066.193097093540	504.649207673256	
0.218965517241	-1.037611673242	0.422029328024	4.167580004077	-408.456084504642	166.131946388148	1640.568870053425	1069.170099880300	-1070.074767078566	506.994356048406	
0.219827586207	-1.036716490410	0.422093170748	4.180804610276	-408.103695567814	166.157078091937	1645.774739461560	1069.267978825096	-1077.367826794344	508.292909348970	
0.220689655172	-1.037204674656	0.422236840242	4.197703826412	-408.295869413454	166.213633622636	1652.427119954249	1069.431168914285	-1086.029870357234	510.164134305961	
0.221551724138	-1.038745854651	0.422644336456	4.212163139714	-408.902555288823	166.374044605227	1658.119032110192	1069.630721521802	-1092.975484741064	511.480298468263	
0.222413793103	-1.040270251257	0.424850850106	4.222462993372	-409.502634378890	167.242639233843	1662.173571977741	1069.969791696652	-1097.164387601838	512.797379023407	
0.223275862069	-1.043876825929	0.425195529465	4.228948619122	-410.922363365512	167.378322346254	1664.726640112601	1070.309790426597	-1099.597511148710	513.112642429081	
0.224137931034	-1.045082260604	0.424129847827	4.235158073491	-411.396883014744	166.958816513479	1667.170993317172	1070.582833736357	-1101.700428583016	512.684877661559	
0.225000000000	-1.043021602913	0.423102993177	4.234605555385	-410.585704619577	166.554594933631	1666.953494431945	1070.725772543628	-1100.718595079660	511.936623280147	
0.225862068966	-1.039487804777	0.423014751129	4.225512160574	-409.194624134302	166.519858430307	1663.373877379483	1070.886759870361	-1096.187954676382	511.123542525750	
0.226724137931	-1.035651220036	0.423511293983	4.209245354680	-407.684351628865	166.715322644084	1656.970445330362	1070.826584091121	-1088.558932366296	509.741164960290	
0.227586206897	-1.031087308576	0.422066474852	4.191308638773	-405.887766786150	166.146569245910	1649.909652803447	1070.864257600671	-1079.801895477609	507.379788967842	
0.228448275862	-1.027325758984	0.417856505214	4.177687090564	-404.407031885205	164.489313686432	1644.547527077614	1071.140704912341	-1072.072881471216	503.872319258061	
0.229310344828	-1.025256686860	0.414380262273	4.171806420489	-403.592541146369	163.120889817206	1642.232599889541	1071.512400480372	-1067.751018026749	501.180428861205	
0.230172413793	-1.024541725394	0.409705066942	4.167054117542	-403.311096393612	161.280498051692	1640.361854692527	1071.818001876612	-1064.298618962094	498.506814945284	
0.231034482759	-1.024678597802	0.408207327735	4.170124418200	-403.364976249878	160.690912653097	1641.570479284503	1071.841729928734	-1065.930998019897	498.373249546996	
0.231896551724	-1.025518889634	0.409283531198	4.175720626912	-403.695757331354	161.114560404830	1643.773428188732	1071.289821672927	-1069.736025969788	499.569855635095	
0.232758620690	-1.027966115104	0.412365861091	4.187520313056	-404.659108225612	162.327920307845	1648.418377474696	1070.408415782732	-1076.917460386937	501.995135664493	
0.233620689655	-1.034707755128	0.417904036325	4.199090767235	-407.312956441322	164.508024319426	1652.973089542392	1069.223850263654	-1085.194264574202	505.888373865307	
0.234482758621	-1.042597810626	0.423339400501	4.211894145002	-410.418878684109	166.647656733482	1658.013142277090	1068.108969736001	-1094.397186197843	509.825531207828	
0.235344827586	-1.047716609319	0.428501263458	4.228831949549	-412.433895019654	168.679625326756	1664.680713107027	1067.821661161612	-1104.788503471036	513.860764703636	
0.236206896552	-1.052927940242	0.432666925063	4.240747179353	-414.485336689440	170.319439018817	1669.371146182769	1067.835601255762	-1112.191496966002	517.199956936918	
0.237068965517	-1.055395761818	0.435269221563	4.249242916655	-415.456795246045	171.343833661465	1672.715495212881	1068.196376052134	-1117.308128631476	519.263887190453	
0.237931034483	-1.054256951271	0.434210023479	4.246707914677	-415.008502200418	170.926880080864	1671.717591075420	1068.543439273377	-1116.842301623938	519.087819762957	
0.238793103448	-1.051385830606	0.431446074672	4.241824419164	-413.878284860711	169.838850969130	1669.795201893115	1069.036482561456	-1113.325696349908	517.457521510839	
0.239655172414	-1.046935665066	0.431526746887	4.238205586708	-412.126476126729	169.870607605859	1668.370647626990	1069.575493986800	-1109.494936581968	516.780661765968	
0.240517241379	-1.043553576216	0.428944795735	4.227018702457	-410.795116038045	168.854221914517	1663.966927953637	1069.814903454780	-1102.185716111958	514.619467715164	
0.241379310345	-1.039984022377	0.427468924669	4.216389575717	-409.389960311495	168.273244914777	1659.782769658339	1069.939093158255	-1095.676898324222	513.119095684868	
0.242241379310	-1.038713299722	0.427843532822	4.208132753588	-408.889740033310	168.420709504091	1656.532469642962	1069.748865618761	-1092.392894143530	513.096707247917	
0.243103448276	-1.040890214267	0.428237638907	4.202615328030	-409.746682966967	168.575849459081	1654.360533746481	1069.325947099762	-1092.316731659439	514.012849563039	
0.243965517241	-1.044392830478	0.429411976520	4.207294180728	-411.125488679851	169.038127742727	1656.202365235126	1068.718956377651	-1098.016388397557	516.063354155965	
0.244827586207	-1.047108584391	0.430880160270	4.228431791250	-412.194545860557	169.616078628788	1664.523190696502	1068.938541186406	-1110.218261966581	518.815079108667	
0.245689655172	-1.046930557207	0.435080577305	4.246865602502	-412.124465416668	171.269573803674	1671.779664925466	1068.906443978543	-1119.928307918985	522.071171697347	
0.246551724138	-1.052760317817	0.436846405145	4.257017289740	-414.419352081795	171.964692357470	1675.775879046181	1068.964103309410	-1125.646503980441	524.282506348771	
0.247413793103	-1.060066692767	0.435665867144	4.266767705389	-417.295508336395	171.499973289565	1679.614132509274	1069.433566678354	-1129.446795106291	524.358499479397	
0.248275862069	-1.064316177117	0.435700399139	4.275894645863	-418.968318872070	171.513566817607	1683.206954819961	1070.203718476863	-1131.688418438379	523.938094179581	
0.249137931034	-1.064203974265	0.433481106438	4.277065799059	-418.924150192356	170.639941712751	1683.667979557148	1070.814770845764	-1129.127304965932	521.532373693057	
0.250000000000	-1.060371684936	0.430228895274	4.270719822515	-417.415568576878	169.359708006362	1681.169884365574	1071.147047798657	-1124.106280601105	518.589940986711	
0.250862068966	-1.059810752780	0.428896838450	4.254862617094	-417.194757498963	168.835343517408	1674.927691641327	1070.945821771999	-1116.302709888001	516.711919791825	
0.251724137931	-1.060219557524	0.428407134750	4.236308436545	-417.355683584595	168.642571538533	1667.623834009672	1070.542468287351	-1107.916151008015	515.423964642904	
0.252586206897	-1.055572016585	0.428625650732	4.229109508020	-415.526177977367	168.728590407276	1664.789974065795	1070.426812350811	-1104.259286515854	514.850425181155	
0.253448275862	-1.052680401651	0.431842461594	4.218225731180	-414.387893063556	169.994888775881	1660.505572697605	1070.035780822178	-1099.321159705528	515.518151191665	
0.254310344828	-1.051437689373	0.434877109065	4.208943284216	-413.898699076836	171.189478482102	1656.851535219647	1069.638139810025	-1096.174184241559	516.590321902653	
0.255172413793	-1.049511531891	0.435575446311	4.207779856659	-413.140466721240	171.464379106730	1656.393551682352	1069.536745568106	-1096.959744269262	517.491660551500	
0.256034482759	-1.048828852036	0.434057503686	4.212125089551	-412.871729632142	170.866840627739	1658.104053654449	1069.295504472587	-1100.441063059310	517.922690390433	
0.256896551724	-1.049843583280	0.434835112379	4.227141180712	-413.271178830477	171.172946476821	1664.015141548266	1069.168396969538	-1108.854265505996	519.962584264950	
0.257758620690	-1.051718573735	0.438087945618	4.241967180536	-414.009269273434	172.453425062965	1669.851399941399	1068.981162121680	-1116.795018757096	522.788293698924	
0.258620689655	-1.055644819746	0.439420736994	4.251609541523	-415.554836959017	172.978078708250	1673.647117660837	1068.743567206440	-1122.072120871392	524.356764647899	
0.259482758621	-1.060975282719	0.438914570414	4.263468624038	-417.653174989452	172.778826112379	1678.315448342822	1068.956808589642	-1127.071821129041	524.823101583834	
0.260344827586	-1.065026790817	0.438261935107	4.273886151671	-419.248052125876	172.521916067213	1682.416310598601	1069.396782826109	-1130.473505755039	524.682529514900	
0.261206896552	-1.064713461504	0.437018109347	4.275268723673	-419.124709966433	172.032283757659	1682.960560399409	1069.691422387246	-1129.533953130707	523.477196305364	
0.262068965517	-1.059524790243	0.434376655729	4.268608803468	-417.082188277539	170.992474906245	1680.338881210578	1069.885926164981	-1126.201910246914	521.590753069702	
0.262931034483	-1.057035440099	0.432929200976	4.245383647257	-416.102254995160	170.422683995096	1671.196292886963	1069.484688935807	-1116.209103721360	519.451868453707	
0.263793103448	-1.055483955823	0.433279887914	4.229530002630	-415.491512837043	170.560731992445	1664.955501870284	1069.150911989787	-1109.621661987137	518.355737930989	
0.264655172414	-1.047914393593	0.434306196579	4.223953587203	-412.511752846416	170.964738645012	1662.760344597459	1069.197188085024	-1106.026721830958	517.499334147171	
0.265517241379	-1.044311175995	0.436300755832	4.217615029004	-411.093345373032	171.749897374109	1660.265169639233	1069.316014597491	-1101.889312867582	517.262681542926	
0.266379310345	-1.042760012725	0.437304883626	4.212991884876	-410.482729579165	172.145172521396	1658.445267842144	1069.575461052733	-1098.874412625757	516.643922771337	
0.267241379310	-1.043199662558	0.437039897130	4.202858611833	-410.655797841567	172.040860523717	1654.456302473770	1069.585886341812	-1094.076189019048	515.670731227975	
0.268103448276	-1.044264210962	0.434219138225	4.194319549583	-411.074857576696	170.930468102928	1651.094898567159	1069.278155382694	-1091.501515155356	514.767461059446	
0.268965517241	-1.043163311288	0.432965034046	4.199335445121	-410.641488155603	170.436789691664	1653.069407051182	1068.894902002671	-1095.067877567209	515.036725848393	
0.269827586207	-1.043146784066	0.436739593281	4.210058797354	-410.634982210337	171.922645841384	1657.290657234310	1068.250911702701	-1102.047670446805	518.076966793019	
0.270689655172	-1.046958944213	0.441728407332	4.221582203561	-412.135639968293	173.886493691247	1661.826848856860	1067.525681926069	-1110.128364087246	521.933187309392	
0.271551724138	-1.049705236501	0.445098850565	4.236272666871	-413.216718587599	175.213269479998	1667.609753268957	1067.308030052764	-1118.002186500455	524.730016121501	
0.272413793103	-1.054518619265	0.446660352386	4.243109885035	-415.111507869098	175.827955046945	1670.301225841979	1067.236899098026	-1121.518462710916	526.310115402023	
0.273275862069	-1.053210440541	0.444918952096	4.253345322032	-414.596543000270	175.142452404364	1674.330408075357	1067.533388564182	-1124.328553650358	525.564382467865	
0.274137931034	-1.047333236207	0.439624556962	4.251042601919	-412.282980101809	173.058312487603	1673.423941749758	1068.302840131421	-1120.343055572213	522.268994424271	
0.275000000000	-1.047369026248	0.429033991365	4.233612663950	-412.297068859896	168.889333795448	1666.562642479637	1068.873939508359	-1109.497118003850	515.683584006114	
0.275862068966	-1.038841491649	0.423592731254	4.225185371090	-408.940202815924	166.747380445294	1663.245236620610	1069.520703899951	-1102.195992339648	511.159875985382	
0.276724137931	-1.036037161647	0.420986434925	4.202101180492	-407.836277636700	165.721411269022	1654.158139444416	1069.595737225975	-1089.600670695132	507.916376859286	
0.277586206897	-1.032356363326	0.416706168343	4.183012274033	-406.387330493163	164.036483300644	1646.643786830142	1069.736073090489	-1078.377590701247	503.959833362122	
0.278448275862	-1.027596084941	0.418553809746	4.169822604151	-404.513445763307	164.763807783019	1641.451670111524	1069.551699752310	-1071.907862476159	503.611054939555	
0.279310344828	-1.027375580719	0.422642584245	4.158954012879	-404.426644223243	166.373354846919	1637.173246545650	1069.139513279326	-1068.027122513639	505.128905166199	
0.280172413793	-1.029982330305	0.423880642204	4.159869331472	-405.452791824022	166.860716660192	1637.533561929602	1069.007685591566	-1070.624322515920	506.695556445898	
0.281034482759	-1.033521160595	0.428533993417	4.172646716394	-406.845853218239	168.692509483336	1642.563382574446	1068.692223430315	-1080.599083962221	511.485765022335	
0.281896551724	-1.037648933572	0.431914944860	4.192729779191	-408.470752042617	170.023421831284	1650.469085070573	1068.455533131756	-1093.756738414052	515.810565737970	
0.282758620690	-1.042218602647	0.436801096361	4.214684422304	-410.269603371782	171.946856543816	1659.111535607540	1067.907876305455	-1107.032682911533	520.234783007916	
0.283620689655	-1.047307043329	0.439745558949	4.235486836509	-412.272669269160	173.105944948852	1667.300410958032	1067.669859335009	-1117.158034945511	523.131495637926	
0.284482758621	-1.053384733940	0.441724729555	4.247975067160	-414.665153638544	173.885045933657	1672.216405954803	1067.592906845529	-1121.838275232883	524.561460269077	
0.285344827586	-1.055657297987	0.439070454261	4.253925205733	-415.559749021646	172.840189826244	1674.558679433528	1067.836145413335	-1123.100290919688	523.434197008947	
0.286206896552	-1.051820903113	0.436164374259	4.249951559268	-414.049551257640	171.696210735058	1672.994452547756	1068.159000682930	-1119.705983522023	521.137170166155	
0.287068965517	-1.049108423744	0.436254870204	4.234172897432	-412.981783102282	171.731834485559	1666.783178524691	1068.189707045193	-1112.409984814467	519.583374238974	
0.287931034483	-1.045345972912	0.437527896733	4.218032148377	-411.500693428076	172.232961684708	1660.429368780524	1068.149291663859	-1105.124828346684	518.272363656337	
0.288793103448	-1.041260753320	0.439108878239	4.196552733839	-409.892545754104	172.855315434572	1651.973992086163	1067.657198460767	-1095.412051540208	517.032656322882	
0.289655172414	-1.038512447306	0.437985587145	4.181883340491	-408.810674431154	172.413131625312	1646.199381870066	1067.054192726260	-1089.073994723513	515.499812638541	
0.290517241379	-1.034668949287	0.440275062326	4.180396986343	-407.297680512595	173.314384080714	1645.614278202484	1066.735422567028	-1088.745646868142	516.165024993039	
0.291379310345	-1.032284472615	0.443814724436	4.185205322212	-406.359030697789	174.707772920724	1647.507080772504	1066.356322802149	-1092.433497764216	518.449106582405	
0.292241379310	-1.031208442636	0.445203611719	4.194974927453	-405.935451237874	175.254508733214	1651.352888223471	1066.520666735893	-1097.882788547030	520.260725472196	
0.293103448276	-1.031797051269	0.444339363407	4.205949580838	-406.167157167834	174.914297177698	1655.673063165616	1066.807797012978	-1104.107203675362	521.262230439012	
0.293965517241	-1.034186526211	0.447169343051	4.222033235233	-407.107774552895	176.028319344624	1662.004397583027	1066.764846832947	-1113.761321172233	524.331085028956	
0.294827586207	-1.037188169797	0.452844751670	4.237290098014	-408.289372271549	178.262445311040	1668.010265282860	1066.521017746337	-1122.869096689551	528.397016438210	
0.295689655172	-1.041605394010	0.456868634260	4.244009741433	-410.028213644785	179.846447659497	1670.655454529371	1066.174887973256	-1127.136640088537	531.028810012651	
0.296551724138	-1.045971073529	0.459157485340	4.246882429539	-411.746764436405	180.747454437385	1671.786288892405	1065.963086024389	-1128.649168225349	532.508531948826	
0.297413793103	-1.046889711919	0.461501322249	4.250237694470	-412.108386659337	181.670106399792	1673.107089738974	1065.905063581600	-1129.576913013588	533.729808478431	
0.298275862069	-1.042426127073	0.461634011781	4.246103245495	-410.351295412068	181.722339665847	1671.479562906626	1066.085250389990	-1127.010167071561	533.452551936754	
0.299137931034	-1.043617926952	0.459390495371	4.227486429557	-410.820447720740	180.839178891987	1664.151048838927	1066.094042441308	-1118.621648305073	531.798210699169	
0.300000000000	-1.044081677502	0.454997610725	4.217424901075	-411.003003236429	179.109918795713	1660.190325734218	1066.461670505010	-1113.067950365376	529.066589468114	
0.300862068966	-1.038262433474	0.449803377276	4.209606503825	-408.712256426331	177.065207550085	1657.112611778226	1067.054075482856	-1108.076867857574	525.667703968852	
0.301724137931	-1.035313854432	0.443316384644	4.195199642855	-407.551547577847	174.511601341734	1651.441347495132	1067.625427291790	-1099.257269170859	520.956930462299	
0.302586206897	-1.032780445413	0.436814554242	4.185922694612	-406.554270508916	171.952154241630	1647.789474590209	1067.936567079918	-1092.936559734607	516.239167315263	
0.303448275862	-1.028365308841	0.430527635246	4.178310209606	-404.816250936260	169.477307068055	1644.792818038345	1068.140992898367	-1087.878581952029	511.825843917833	
0.304310344828	-1.028271104268	0.427900293779	4.172639747043	-404.779167283337	168.443053468250	1642.560639087894	1067.870136433667	-1085.460009028599	510.216756547905	
0.305172413793	-1.028037652262	0.428432614558	4.175451992438	-404.687268845377	168.652601671112	1643.667680163234	1067.403976773760	-1087.825437414743	510.949375480588	
0.306034482759	-1.028918571547	0.433356080777	4.182343617449	-405.034042933581	170.590725331232	1646.380570005130	1066.573415001527	-1093.137099620772	514.192419716845	
0.306896551724	-1.033589543440	0.438611623170	4.191118514251	-406.872772141517	172.659570857184	1649.834810239691	1065.720984639063	-1099.793078628684	517.972766042273	
0.307758620690	-1.039754330959	0.441854718817	4.207398808466	-409.299542229774	173.936216237605	1656.243551969405	1065.498384884776	-1108.559048837907	521.090434750907	
0.308620689655	-1.047016529020	0.444738336481	4.221396817721	-412.158308241378	175.071353024210	1661.753871676445	1065.674181154457	-1114.559279913364	523.454771302543	
0.309482758621	-1.047649097582	0.444782339611	4.231383380401	-412.407319008140	175.088674866947	1665.685084475177	1065.788342088439	-1118.150042697462	523.903640062130	
0.310344827586	-1.043608872696	0.440935251649	4.224269910978	-410.816883510795	173.574267766175	1662.884865527447	1065.630369367167	-1113.864674950147	521.584138177412	
0.311206896552	-1.042825384267	0.439703211336	4.205461227687	-410.508463102364	173.089274801059	1655.480822830067	1065.241039779909	-1105.408475629092	519.976030110442	
0.312068965517	-1.036259547266	0.437908934627	4.191165389604	-407.923819789400	172.382957343131	1649.853262733757	1065.154608119060	-1097.656502018183	517.450645273195	
0.312931034483	-1.028693700725	0.437867708269	4.178099565451	-404.945522480428	172.366728577590	1644.709897916290	1065.185615320570	-1090.074061143369	515.569656606678	
0.313793103448	-1.025448297944	0.437503286068	4.165222016046	-403.667968895857	172.223273690531	1639.640647498342	1065.351330899921	-1082.439411229296	513.731792744664	
0.314655172414	-1.022635200464	0.436120813551	4.150749776464	-402.560592396928	171.679063052058	1633.943646909325	1065.554862123027	-1074.144509091327	511.654901906385	
0.315517241379	-1.020172205942	0.430706134863	4.142845814153	-401.591034011396	169.547573485225	1630.832250246502	1065.679981975020	-1069.606958196038	508.768926652250	
0.316379310345	-1.017395003016	0.427192957261	4.145115344993	-400.497787412339	168.164610278175	1631.725651606884	1066.092241178828	-1069.959813721364	507.520811080512	
0.317241379310	-1.019838724702	0.425559065342	4.152701107262	-401.459759040998	167.521428331615	1634.711788746859	1066.280278229765	-1074.557374442631	507.938097525577	
0.318103448276	-1.023325343252	0.429056745610	4.170025054050	-402.832267270939	168.898291009497	1641.531364562782	1066.021524758678	-1085.454524393758	511.381904442928	
0.318965517241	-1.028610255336	0.435481798834	4.190115706274	-404.912674182936	171.427514754961	1649.440054638727	1065.742021555212	-1097.151810878055	516.264432682188	
0.319827586207	-1.035627544059	0.441033699136	4.209039914517	-407.675031574772	173.613021643052	1656.889573760904	1065.364019544606	-1108.015179035350	520.585520001876	
0.320689655172	-1.041622389844	0.444853597106	4.222258185579	-410.034904058875	175.116725396952	1662.092949340578	1065.112888096047	-1114.970369056579	523.698880479060	
0.321551724138	-1.042561805905	0.445505459921	4.232572723789	-410.404705416907	175.373331350566	1666.153269785412	1065.134254468345	-1119.286096633382	524.880838400786	
0.322413793103	-1.041421367952	0.447032798785	4.231173922033	-409.955771742488	175.974568661535	1665.602631137999	1065.299818675527	-1118.837073284131	526.024247976178	
0.323275862069	-1.040335466956	0.448048783518	4.218265897255	-409.528306554503	176.374511295917	1660.521384082500	1065.369397560581	-1113.147207098107	525.953956012411	
0.324137931034	-1.038759019417	0.444529146131	4.202447691860	-408.907737602206	174.989005192704	1654.294543727624	1065.632034983747	-1105.637190786089	523.472744634037	
0.325000000000	-1.032517761464	0.438406244054	4.194879840911	-406.450864909301	172.578723318541	1651.315457383156	1066.393587240896	-1099.155910375514	519.047266785916	
0.325862068966	-1.028487776829	0.436095931577	4.184274301616	-404.864460489165	171.669268256994	1647.140584291122	1066.968973497725	-1091.359139151381	515.963228024741	
0.326724137931	-1.024331261085	0.434255741507	4.174049311406	-403.228247067749	170.944876993789	1643.115514438088	1067.300054459435	-1084.441544892790	513.319219597231	
0.327586206897	-1.023637492529	0.431888210518	4.167506526437	-402.955144909112	170.012897851052	1640.539945562999	1067.225906908778	-1081.775331565632	511.758775289928	
0.328448275862	-1.024136288976	0.430665980556	4.166351220395	-403.151496250175	169.531766732625	1640.085159061695	1066.959720790258	-1082.998032242525	511.669343084159	
0.329310344828	-1.026395982793	0.430818707335	4.172723176340	-404.041025264086	169.591887665976	1642.593481050530	1066.529481194205	-1088.054805369026	512.799818166547	
0.330172413793	-1.028907550630	0.434173856712	4.192251853133	-405.029704546956	170.912643024365	1650.280949362975	1066.231908412463	-1098.830498221522	515.899763851275	
0.331034482759	-1.033920260329	0.440306715591	4.208472824977	-407.002958924519	173.326844395796	1656.666338827002	1065.808721962130	-1108.667215080845	520.474235904759	
0.331896551724	-1.039439743749	0.443384637673	4.217047277235	-409.175704899015	174.538469162948	1660.041674018995	1065.284757305554	-1114.324628197841	523.149924891973	
0.332758620690	-1.045071626477	0.445188461419	4.227918101050	-411.392696888194	175.248544813958	1664.320976425709	1065.227205994491	-1119.471673108734	524.936448470937	
0.333620689655	-1.047178962209	0.447168530349	4.243121854548	-412.222250105392	176.027999424071	1670.305937643845	1065.629823492711	-1124.744332742448	526.357933722855	
0.334482758621	-1.045869924294	0.448043431780	4.253940488753	-411.706947015821	176.372404582673	1674.564695598359	1066.196360347766	-1127.302482735884	527.003048633400	
0.335344827586	-1.047020690709	0.443444588254	4.242295741188	-412.159946491591	174.562068723863	1669.980737921135	1066.337690242932	-1120.699035610739	524.474022348266	
0.336206896552	-1.047264712262	0.439285097074	4.226073216534	-412.256005634260	172.924684021277	1663.594737192789	1066.279782929774	-1113.255395813274	521.659943554818	
0.337068965517	-1.040060551787	0.436329632296	4.210184449889	-409.420086132137	171.761264601143	1657.340120384909	1066.054854617406	-1104.875599340934	518.850206388777	
0.337931034483	-1.032872326483	0.434235188840	4.190447361627	-406.590439513997	170.936786431408	1649.570610847887	1066.065487073986	-1093.195512171474	516.001103906802	
0.338793103448	-1.029282389174	0.430788979414	4.173327154456	-405.177259829841	169.580185262719	1642.831237181079	1066.209121394999	-1082.482578707201	512.485204633426	
0.339655172414	-1.025065407090	0.428444498256	4.162620985354	-403.517243819042	168.657279691609	1638.616751141654	1066.583954832824	-1074.830914415191	509.541214103212	
0.340517241379	-1.023313539740	0.426322228357	4.159840374915	-402.827620815752	167.821847635769	1637.522163173931	1066.765210518185	-1072.899432936192	508.235727884229	
0.341379310345	-1.020354366467	0.424030929392	4.164960044727	-401.662741545819	166.919877247781	1639.537522425613	1066.982805957641	-1075.028036214060	507.392315673975	
0.342241379310	-1.019315599221	0.423630027690	4.168356282088	-401.253830569698	166.762062196160	1640.874452079060	1066.812269368819	-1077.875575416937	508.121150523964	
0.343103448276	-1.019651658583	0.421927307291	4.177497791826	-401.386120418316	166.091785902194	1644.473009584079	1066.621470207065	-1083.589965483225	508.893476918748	
0.343965517241	-1.020064698295	0.423201609706	4.194603398237	-401.548713600077	166.593415354110	1651.206635658019	1066.923076584970	-1091.449480524658	510.573816590531	
0.344827586207	-1.023155513951	0.427647877456	4.207833927076	-402.765413925877	168.343689722064	1656.414836514806	1066.962288912445	-1097.687214111968	513.061504934398	
0.345689655172	-1.025220005050	0.431019466229	4.216140360643	-403.578101342980	169.670916453024	1659.684666084440	1067.000587502333	-1101.288501214104	514.863683426688	
0.346551724138	-1.026355541751	0.430701130973	4.218852756690	-404.025105638231	169.545603702813	1660.752401440020	1067.133424496326	-1101.120011365731	514.541312416694	
0.347413793103	-1.023892939893	0.423971058754	4.221907084091	-403.055701825154	166.896309156823	1661.954738155608	1067.697961217588	-1098.394621263860	510.573968119628	
0.348275862069	-1.017764385002	0.417746724751	4.216211814713	-400.643194719730	164.446098580771	1659.712793996194	1068.009977244886	-1092.156481354119	506.451508718953	
0.349137931034	-1.013960739484	0.409363497754	4.197057786320	-399.145888747579	161.146039258752	1652.172806116923	1068.259586990815	-1079.517499767050	500.573058330687	
0.350000000000	-1.012500641051	0.399807915838	4.177885165109	-398.571120648616	157.384482141596	1644.625499169902	1068.493114039386	-1067.343807333672	494.472333251220	
0.350862068966	-1.009121217149	0.391414794038	4.159342244036	-397.240809617339	154.080527727928	1637.326073833748	1068.804529551735	-1055.899192531142	488.683672910942	
0.351724137931	-1.009707669908	0.384199635532	4.141778319509	-397.471666886985	151.240278848239	1630.412030723427	1069.005555092699	-1046.484455473194	483.914371843994	
0.352586206897	-1.007389453690	0.378581629501	4.133720902713	-396.559100515847	149.028749424237	1627.240226665502	1069.074295702367	-1042.295131944796	480.291764050151	
0.353448275862	-1.004822570399	0.380744285280	4.133103155054	-395.548646291580	149.880079391467	1626.997050151161	1068.892823997501	-1042.658332668384	480.601456067759	
0.354310344828	-1.004719570201	0.384963611138	4.131915811876	-395.508100238645	151.541018029341	1626.529652223476	1068.442519752524	-1043.889318869775	482.533811334473	
0.355172413793	-1.005842142287	0.390490449339	4.137819995102	-395.950001010006	153.716659215204	1628.853835369241	1068.028537986705	-1049.012012663492	485.800986222160	
0.356034482759	-1.007944624118	0.397498757855	4.146932922588	-396.777643487952	156.475481546445	1632.441141463827	1067.578459903015	-1055.930943119852	490.042959409110	
0.356896551724	-1.011536970820	0.404158155927	4.155289588868	-398.191771630491	159.096955197848	1635.730745153315	1067.053821371216	-1061.922087467734	494.000541216025	
0.357758620690	-1.016069623638	0.408760107448	4.166928165112	-399.976051501387	160.908514520097	1640.312273488294	1066.695266525448	-1069.055114282194	497.415427351034	
0.358620689655	-1.019073730087	0.411140888604	4.184554255372	-401.158618727053	161.845709594060	1647.250788154629	1066.718817821784	-1077.648385281153	499.883178802956	
0.359482758621	-1.021402670909	0.411914485265	4.193185341782	-402.075406841395	162.150236105365	1650.648417393735	1066.712702804323	-1080.444472271102	500.637137556936	
0.360344827586	-1.018107034315	0.407758288267	4.189863456867	-400.778078704271	160.514148158426	1649.340756598899	1066.954748721345	-1076.435219081302	497.576286241019	
0.361206896552	-1.014009149898	0.403857086752	4.170379930344	-399.164945518568	158.978439244592	1641.671061701388	1066.972145133290	-1065.983433333945	493.911857716443	
0.362068965517	-1.016366504347	0.403271771102	4.142272542740	-400.092918664022	158.748029598462	1630.606581816745	1066.529297762227	-1053.504691463405	492.081652914699	
0.362931034483	-1.010674899448	0.400723133186	4.129698676211	-397.852417028006	157.744757670588	1625.656876236210	1066.548541586292	-1046.660050439425	489.166552029427	
0.363793103448	-1.006094441127	0.400823531683	4.111626868635	-396.049318509135	157.784279562726	1618.542904841681	1066.744770009514	-1037.091077186434	487.351615492502	
0.364655172414	-1.004329131707	0.399609979916	4.102413328543	-395.354404031897	157.306564618059	1614.915992570465	1066.956900895684	-1031.738275237956	485.342496947502	
0.365517241379	-1.005319004565	0.399737973332	4.100356983894	-395.744067720152	157.356949257253	1614.106512004950	1067.441939823899	-1031.037279050414	485.469507995784	
0.366379310345	-1.007562007785	0.399635208120	4.104138688096	-396.627026476625	157.316495706719	1615.595180773132	1067.496647285004	-1035.198216696394	486.682867490875	
0.367241379310	-1.007277877162	0.401013842737	4.116181065816	-396.515178388836	157.859195555152	1620.335665656109	1068.042624835179	-1042.304105681712	488.736065128115	
0.368103448276	-1.009254108582	0.402280802065	4.131005617921	-397.293122361940	158.357934399075	1626.171354154356	1068.188879458306	-1050.896975583213	491.023515333624	
0.368965517241	-1.013144556427	0.406659280485	4.152314247641	-398.824598091036	160.081523481150	1634.559501364254	1068.207954680090	-1062.121711978727	494.817120510003	
0.369827586207	-1.019086631565	0.415255764453	4.171830534201	-401.163697396822	163.465531460776	1642.242092258384	1067.953477845417	-1072.796711616781	500.299291950642	
0.370689655172	-1.026768056281	0.423632747921	4.181564186921	-404.187492082392	166.763133015791	1646.073746990311	1067.224149890235	-1080.001427603281	505.887297602521	
0.371551724138	-1.029225782847	0.429575551587	4.187998988145	-405.154976735459	169.102519107171	1648.606808038413	1066.655120677898	-1084.926951264132	509.780125235290	
0.372413793103	-1.033238223875	0.432805321071	4.176265790615	-406.734475110515	170.373918640443	1643.988032011357	1066.002135766252	-1082.703663665536	511.870363606682	
0.373275862069	-1.034160181321	0.433341558707	4.169295530352	-407.097403880427	170.585008714931	1641.244187383853	1065.742557147913	-1081.374447570643	512.469330621465	
0.374137931034	-1.026728421010	0.436304072342	4.165121144545	-404.171889648461	171.751202918921	1639.600939407849	1065.642023278482	-1080.118884077860	513.497156930479	
0.375000000000	-1.024089911204	0.434315932826	4.154542999499	-403.133239629070	170.968571320763	1635.436850068716	1065.715404860842	-1074.723662026197	511.894086736593	
0.375862068966	-1.022008447289	0.432929353061	4.147467986211	-402.313870858659	170.422743863118	1632.651769387609	1065.731764771365	-1070.022271928247	510.145275766474	
0.376724137931	-1.023954322446	0.430659729158	4.145649575546	-403.079865081823	169.529305868250	1631.935951592669	1065.740879952891	-1069.323213129609	508.628894902740	
0.377586206897	-1.024026273337	0.431529030291	4.154355865931	-403.108188567474	169.871506468500	1635.363184894520	1065.798877915077	-1074.488054624302	509.440582226354	
0.378448275862	-1.026125463251	0.435607175673	4.161983008616	-403.934535181749	171.476869377835	1638.365611445234	1065.474515755180	-1079.654151283643	512.213527380465	
0.379310344828	-1.028882178301	0.439434079856	4.175737410589	-405.019716723381	172.983331129060	1643.780035087311	1065.284161139029	-1088.534734188232	515.706268058682	
0.380172413793	-1.032993415169	0.442202016408	4.190974566038	-406.638106104391	174.072930017759	1649.778144990916	1065.232486825310	-1097.597131850520	518.837352218897	
0.381034482759	-1.040409844358	0.443714604193	4.205321974359	-409.557585236855	174.668360563100	1655.426005724132	1065.099030491617	-1106.263408075210	521.662632869396	
0.381896551724	-1.046738192114	0.445955755158	4.222597342807	-412.048740851454	175.550590178944	1662.226458665108	1064.968818186177	-1116.077221158963	524.823080622532	
0.382758620690	-1.050190261426	0.448736372323	4.239392120913	-413.407648765736	176.645180794001	1668.837727102074	1065.030976036160	-1123.939335599408	527.471095045337	
0.383620689655	-1.050611528131	0.449963103855	4.253310813796	-413.573480505482	177.128083956291	1674.316823900159	1065.395757277633	-1129.464095824767	528.879238841344	
0.384482758621	-1.051950010339	0.449558867651	4.250341407056	-414.100374348360	176.968956277539	1673.147916223364	1065.674962950517	-1127.962311812580	528.630982524337	
0.385344827586	-1.053920324732	0.449010035137	4.238789688198	-414.875989082376	176.752908226682	1668.600579319030	1065.809662606557	-1123.132537575221	527.595242233968	
0.386206896552	-1.049828221133	0.450142345302	4.233805082292	-413.265131517646	177.198642394975	1666.638388006435	1066.175261498809	-1121.181767888326	527.590618278089	
0.387068965517	-1.043225187665	0.449537079382	4.221905140399	-410.665845806048	176.960379320062	1661.953973020819	1066.536744261581	-1114.381484291312	526.085514677683	
0.387931034483	-1.040438740475	0.448388431491	4.203800854929	-409.568960200253	176.508213801813	1654.827216695093	1066.750988557057	-1104.350152920229	523.856984057034	
0.388793103448	-1.035284232080	0.447020755835	4.190915187776	-407.539886731714	175.969827951169	1649.754770723960	1066.773436371132	-1096.083395002054	521.437617374703	
0.389655172414	-1.030983570443	0.442987092259	4.177781915809	-405.846930245150	174.381975315293	1644.584855058118	1066.833486681976	-1088.079932241978	518.523445938541	
0.390517241379	-1.027804975016	0.439651866175	4.176939913790	-404.595675391587	173.069062765924	1644.253400760999	1066.901306272453	-1086.170210177443	516.800903336430	
0.391379310345	-1.028133488016	0.439796056060	4.189931205153	-404.724994612732	173.125823148760	1649.367425728017	1066.858846286713	-1092.468417864516	517.897200727290	
0.392241379310	-1.029893735425	0.441503509876	4.206483915304	-405.417916428465	173.797962753631	1655.883404056568	1066.500542743376	-1101.829121300086	520.247275747783	
0.393103448276	-1.033670839939	0.445317678803	4.223593867413	-406.904774527798	175.299411268441	1662.618740815565	1066.046046080437	-1111.871567800865	523.845666907736	
0.393965517241	-1.037584084792	0.446427656038	4.233817786877	-408.445224304789	175.736354073882	1666.643389169128	1065.611395343486	-1117.676623152629	525.478394419132	
0.394827586207	-1.041022790350	0.444581593362	4.239775725243	-409.798871573767	175.009651057595	1668.988733038771	1065.679321902914	-1120.212408546020	525.311112990265	
0.395689655172	-1.043908972820	0.442032645581	4.248373711991	-410.935017996768	174.006257151145	1672.373332588147	1066.212911851544	-1122.026181876843	523.912205981478	
0.396551724138	-1.043682713239	0.440006893694	4.253252409321	-410.845950858406	173.208819433958	1674.293832964366	1066.891243810433	-1121.881165355788	522.299317552011	
0.397413793103	-1.045516600780	0.433618641380	4.240909249503	-411.567861129626	170.694082375601	1669.434945135976	1067.494767871410	-1115.040992141759	518.368630919759	
0.398275862069	-1.047223229039	0.429198509372	4.223976364832	-412.239675753610	168.954096348628	1662.769311016524	1067.655085174915	-1107.395658314780	515.041074871920	
0.399137931034	-1.043682527868	0.430097919048	4.211065274036	-410.845877886781	169.308149183641	1657.686857022063	1067.495115388077	-1101.886258817458	513.990412045342	
0.400000000000	-1.039669239607	0.431217752359	4.196972176510	-409.266045998521	169.748971835749	1652.139105794467	1067.175786267332	-1095.491623597264	513.423712980089	
0.400862068966	-1.037886703016	0.432029819137	4.184632163130	-408.564350041114	170.068642118068	1647.281456562383	1066.892488594474	-1089.657164178211	512.915035946105	
0.401724137931	-1.036971555902	0.435850969280	4.179885957064	-408.204102159875	171.572838789960	1645.413111403700	1066.678129816518	-1088.386360944255	514.380900306700	
0.402586206897	-1.034209464742	0.437340352962	4.180536629034	-407.116804311163	172.159135034188	1645.669248581352	1066.530247955493	-1089.383879417587	515.279784023751	
0.403448275862	-1.031703851538	0.438298143739	4.186417455844	-406.130469071017	172.536169603743	1647.984237468108	1066.315639651637	-1092.949115235467	516.324450380895	
0.404310344828	-1.029759425720	0.440580716580	4.199117765570	-405.365045380612	173.434704950952	1652.983717443426	1066.131795508394	-1099.911361247028	518.555835458624	
0.405172413793	-1.030736073851	0.442077535017	4.211553880804	-405.749503152323	174.023927888554	1657.879197193668	1065.832664644302	-1107.381927057190	520.858670051360	
0.406034482759	-1.033684691239	0.445411340422	4.225217665695	-406.910227095462	175.336281187294	1663.257949399501	1065.711538305643	-1114.961610254957	523.778653330481	
0.406896551724	-1.038313368594	0.449578362694	4.232459997273	-408.732307048693	176.976630506006	1666.108894965489	1065.493846336601	-1119.282354471211	526.514027873565	
0.407758620690	-1.041933015699	0.452652284588	4.234840268040	-410.157182001031	178.186680598026	1667.045889124707	1065.434472749170	-1120.407057872689	527.871366947779	
0.408620689655	-1.043763496707	0.451077021987	4.232298469986	-410.877751289715	177.566578096667	1666.045309710015	1065.577436751541	-1117.626547253019	526.042523737028	
0.409482758621	-1.039042473772	0.444262234525	4.227946278217	-409.019319477020	174.883935374685	1664.332068374483	1065.929661620113	-1111.778885456397	520.854299613823	
0.410344827586	-1.033848983899	0.434120941545	4.210374343316	-406.974900940629	170.891812956276	1657.414871978274	1065.956196127124	-1100.295085719671	514.029570321563	
0.411206896552	-1.031914789088	0.423153336439	4.192411431339	-406.213504688546	166.574412570695	1650.343767362050	1066.030300033035	-1089.310899286526	507.452249027192	
0.412068965517	-1.029067986088	0.417083188379	4.180684171474	-405.092860003400	164.184897328284	1645.727328698202	1066.028620454852	-1082.042926708825	503.496595669317	
0.412931034483	-1.027618701569	0.414668415081	4.171147749229	-404.522348804069	163.234321239290	1641.973313789850	1066.157077899137	-1076.911680721060	501.483297919908	
0.413793103448	-1.027632584742	0.411139779733	4.159969422974	-404.527813918541	161.845273086895	1637.572962973505	1066.559896632331	-1071.139605546373	498.706857269939	
0.414655172414	-1.026134314339	0.413440282922	4.157284757241	-403.938019414477	162.750866720025	1636.516143662435	1066.619732070133	-1070.925640328359	499.548873171919	
0.415517241379	-1.025651717597	0.419301058290	4.152531003605	-403.748045091150	165.057962351857	1634.644827401364	1066.197570385369	-1070.902433031955	502.384271075534	
0.416379310345	-1.025693983814	0.424960749162	4.151006136839	-403.764683197452	167.285901023479	1634.044563232581	1065.475171219852	-1073.206331630483	505.826341333010	
0.417241379310	-1.025312309046	0.427566582478	4.159629484816	-403.614436833197	168.311687934413	1637.439146236103	1065.027741328485	-1079.367253161834	508.441925904376	
0.418103448276	-1.025390530653	0.430030470030	4.174714171139	-403.645228787599	169.281597861415	1643.377236631811	1064.768481981330	-1087.391855336067	511.156601848311	
0.418965517241	-1.027034030377	0.431867202993	4.188449645892	-404.292192848874	170.004628233769	1648.784209568833	1064.496325405469	-1094.489401245829	513.266641984580	
0.419827586207	-1.030826434687	0.433089628154	4.201979339083	-405.785073716915	170.485836192180	1654.110176544621	1064.519199572485	-1101.094686238396	514.880048589045	
0.420689655172	-1.034409974913	0.436217634583	4.211984263260	-407.195735188159	171.717176674401	1658.048617350811	1064.767947755701	-1105.265540603238	516.712843189983	
0.421551724138	-1.038230622268	0.436393428949	4.219911485427	-408.699733937575	171.786378168811	1661.169170262101	1065.445044859563	-1107.386355320542	516.589008769533	
0.422413793103	-1.035667670133	0.434395871190	4.222160687643	-407.690827213654	171.000039076996	1662.054569254552	1065.842586923782	-1106.678563997051	514.744325372669	
0.423275862069	-1.033588749536	0.430746412895	4.202603495584	-406.872459621214	169.563428942412	1654.355875901323	1065.609780141810	-1097.689326848564	511.634961289372	
0.424137931034	-1.034056404677	0.425033967445	4.182995768180	-407.056552179789	167.314723418184	1646.637289296828	1065.353653522062	-1089.004915245201	507.825776485288	
0.425000000000	-1.026537503304	0.421692061723	4.175892549000	-404.096734847278	165.999181427927	1643.841105359818	1065.481566524315	-1084.435593421361	504.934591858135	
0.425862068966	-1.023070002222	0.420417635004	4.159127646636	-402.731752213283	165.497503043520	1637.241597515636	1065.252988570281	-1076.202783751385	502.895559528388	
0.426724137931	-1.020363182415	0.417515410597	4.151274650736	-401.666211945881	164.355041708514	1634.150263792788	1065.202426614288	-1071.714091042984	500.739143697955	
0.427586206897	-1.017310034602	0.421164583894	4.152717606535	-400.464339575581	165.791539653514	1634.718283689779	1065.211236948910	-1072.640913926960	502.490478678126	
0.428448275862	-1.018229810015	0.425790946905	4.147720264880	-400.826409387898	167.612708564640	1632.751078946535	1064.686373637556	-1072.291221273316	505.451159151986	
0.429310344828	-1.022125500702	0.429655044006	4.148864288572	-402.359948963092	169.133811316807	1633.201424147481	1064.253647709600	-1076.231707481222	509.153817285639	
0.430172413793	-1.024510394731	0.432983536701	4.162747365838	-403.298763070762	170.444073266167	1638.666500849534	1064.154703925962	-1085.598223228897	512.843798065508	
0.431034482759	-1.028700835932	0.438364381644	4.180842412303	-404.948331256297	172.562244170975	1645.789620238734	1064.197902668984	-1096.308953378815	517.193732582722	
0.431896551724	-1.034654476558	0.442111658309	4.198719912134	-407.291983319419	174.037360530736	1652.827102343017	1064.184471570740	-1106.220802241075	520.663438157956	
0.432758620690	-1.040513849049	0.445432181890	4.214504013747	-409.598526708371	175.344485436261	1659.040517735602	1064.145990917542	-1114.705042232127	523.712415395442	
0.433620689655	-1.043973572628	0.445880731637	4.222570807295	-410.960447726727	175.521057151766	1662.216012954391	1064.257804462664	-1118.217952596512	524.562433824438	
0.434482758621	-1.041590916714	0.448313115625	4.229508619441	-410.022514653719	176.478565693367	1664.947084372787	1064.449450852325	-1120.638756735548	525.704909438582	
0.435344827586	-1.039916136153	0.448971982495	4.220453398945	-409.363236883300	176.737928795002	1661.382494648488	1064.695051725280	-1116.122165906981	525.664779863997	
0.436206896552	-1.040216248472	0.445250208839	4.205257128997	-409.481376169635	175.272851700778	1655.400479331931	1064.821328161925	-1108.310563498071	523.266781003179	
0.437068965517	-1.034797658763	0.439330026719	4.196636168847	-407.348347028768	172.942370586852	1652.006836297384	1065.358526352572	-1102.317231316261	519.708448134920	
0.437931034483	-1.027573765607	0.433433513130	4.184683309658	-404.504659752088	170.621206595410	1647.301590405131	1065.842039041676	-1094.743407014128	516.065694516624	
0.438793103448	-1.024461484215	0.428338063849	4.175000368825	-403.279509434089	168.615381761632	1643.489898419467	1066.358486016716	-1087.500515092897	512.485364214800	
0.439655172414	-1.022555571980	0.428985107633	4.168656021651	-402.529246624815	168.870090702838	1640.992444629903	1066.653238229489	-1082.921976745532	511.604244669175	
0.440517241379	-1.022038943902	0.430348260918	4.162334583380	-402.325875857868	169.406696320999	1638.504008935783	1066.582557719074	-1079.942353677557	511.441492417871	
0.441379310345	-1.023683913902	0.434606809674	4.157564818804	-402.973418693704	171.083075062025	1636.626389964326	1066.339024469956	-1079.044732887302	513.107973836769	
0.442241379310	-1.026039225093	0.437231943392	4.157622964830	-403.900587509953	172.116459580908	1636.649279161188	1065.840536503725	-1080.852209703473	514.597475896622	
0.443103448276	-1.029982934795	0.437422345542	4.163814961766	-405.453029781727	172.191411432941	1639.086760242935	1065.497539007536	-1085.590716825287	515.751700137818	
0.443965517241	-1.032788731540	0.437285306455	4.181069284427	-406.557532344662	172.137465963377	1645.878928504626	1065.337248118875	-1094.706650743231	517.329775143669	
0.444827586207	-1.036903220150	0.440072065070	4.195247570257	-408.177201774578	173.234474161798	1651.460214128695	1065.094357818542	-1102.563644274994	520.309519348236	
0.445689655172	-1.041083691310	0.441264255915	4.208260837835	-409.822845251228	173.703780374450	1656.582890037750	1064.834865133375	-1108.803274523200	521.992950810361	
0.446551724138	-1.040986204939	0.442026531570	4.223319428373	-409.784469718175	174.003850369466	1662.510707821367	1065.176780124249	-1113.938369712136	522.653965673678	
0.447413793103	-1.038738325499	0.440312554300	4.233000202577	-408.899591436362	173.329142805199	1666.321546913270	1065.682256326943	-1116.011326658001	521.744780348175	
0.448275862069	-1.039799546938	0.437242946183	4.223602493007	-409.317341510609	172.120790832221	1662.622136282721	1066.022019731221	-1110.310800734810	519.480654387437	
0.449137931034	-1.040377039753	0.432309431420	4.202566785331	-409.544671695980	170.178711560118	1654.341424901458	1066.004799439871	-1099.533708531269	515.695514012114	
0.450000000000	-1.035675911453	0.430359841555	4.187690638644	-407.694071411249	169.411255041515	1648.485426183411	1066.059157533209	-1091.468962163336	513.334335902121	
0.450862068966	-1.029890034753	0.432778681789	4.173279409528	-405.416459658083	170.363432080944	1642.812442378877	1066.016537722838	-1083.915570757437	512.903311345053	
0.451724137931	-1.028718499215	0.439343379288	4.159691313511	-404.955284411687	172.947626828658	1637.463485116431	1065.449345031381	-1079.239000146197	515.185923528504	
0.452586206897	-1.030548930712	0.441717029109	4.157087911285	-405.675834210348	173.882014651099	1636.438655204851	1065.050226882543	-1080.446702831211	516.982007648210	
0.453448275862	-1.030507556186	0.443885023825	4.168580821380	-405.659547118391	174.735446291930	1640.962842025338	1064.978154463511	-1087.638862168007	519.182521712410	
0.454310344828	-1.029848903730	0.446314901778	4.187996644900	-405.400268420654	175.691968332206	1648.605885619384	1065.066702101485	-1097.890000536745	521.763970627293	
0.455172413793	-1.032528990159	0.448395791564	4.203827010601	-406.455285087522	176.511111096397	1654.837512881458	1065.198965047394	-1106.905926254024	524.595348683462	
0.456034482759	-1.035675786485	0.451408864830	4.219273026269	-407.694022217616	177.697208111465	1660.917840660892	1065.211900844744	-1115.641607140654	527.617342937402	
0.456896551724	-1.037967877680	0.453727963934	4.231229768949	-408.596304467234	178.610122031089	1665.624615290233	1065.295395846298	-1121.748294560061	529.571704149884	
0.457758620690	-1.042229282005	0.454873186306	4.236895122783	-410.273807303907	179.060939092907	1667.854783188136	1065.192789099871	-1125.194551050583	530.607764728588	
0.458620689655	-1.044757835816	0.453002120226	4.244820797321	-411.269173119066	178.324393481136	1670.974726874719	1065.589792166381	-1127.528800271479	529.590266662033	
0.459482758621	-1.048448374670	0.451007124686	4.246261486602	-412.721954625634	177.539063007233	1671.541854556402	1066.044302481109	-1126.786592878794	528.425368358784	
0.460344827586	-1.049979513792	0.447727820646	4.246957756968	-413.324687909205	176.248164184087	1671.815941553196	1066.605555457544	-1126.587059333883	526.906339427317	
0.461206896552	-1.048942152856	0.445159320770	4.241309764787	-412.916330527240	175.237073590522	1669.592608073802	1066.763533273341	-1124.294929790315	525.560186477488	
0.462068965517	-1.049622724427	0.441691282833	4.226626663894	-413.184237689588	173.871879623547	1663.812601878996	1066.655020097885	-1117.859139301440	523.461666622555	
0.462931034483	-1.046465614249	0.438025616412	4.220903606143	-411.941440509674	172.428889155779	1661.559718820122	1066.922837250750	-1113.951596198155	520.788306940441	
0.463793103448	-1.040215939146	0.435069046561	4.215582712488	-409.481254403670	171.265034723559	1659.465147754476	1067.398875405921	-1108.805141966832	517.693319180470	
0.464655172414	-1.038268889635	0.432418747455	4.202412061222	-408.714797895819	170.221743843910	1654.280517718747	1067.537123118907	-1100.908976308875	514.949555941419	
0.465517241379	-1.037717346854	0.430970264528	4.193726213548	-408.497682947414	169.651548191530	1650.861331694430	1067.463228513180	-1096.023092776433	513.275095327753	
0.466379310345	-1.037557271842	0.430038307300	4.188087411423	-408.434669380377	169.284683004872	1648.641615883204	1067.135773755992	-1093.709551562047	512.534123597755	
0.467241379310	-1.037671252260	0.434297032522	4.190825220983	-408.479537799293	170.961131211542	1649.719355274403	1066.401440267190	-1097.346294306352	515.427294677955	
0.468103448276	-1.037652567653	0.441621191190	4.199120100116	-408.472182599245	173.844288031124	1652.984636438202	1065.432355443283	-1103.563134209291	520.126925509894	
0.468965517241	-1.041199116186	0.446025042467	4.204848098283	-409.868282281494	175.577865144766	1655.239464293153	1064.500184526660	-1108.278156363577	523.405713363796	
0.469827586207	-1.045813232958	0.447768317342	4.215005123147	-411.684630457674	176.264105718056	1659.237779571440	1064.136853681905	-1113.942017382089	525.364077344440	
0.470689655172	-1.050992311942	0.446624857157	4.224060576535	-413.723376143991	175.813982341755	1662.802460973484	1064.381734427957	-1117.444888989222	525.366319784277	
0.471551724138	-1.051390572853	0.440700350259	4.225589380240	-413.880151647351	173.481798777510	1663.404274919355	1064.899090508897	-1114.576277574140	521.407379964335	
0.472413793103	-1.043699668649	0.433620822614	4.220606021439	-410.852625359459	170.694941018728	1661.442574530003	1065.525680467996	-1108.114726053545	516.045909683123	
0.473275862069	-1.037222036161	0.431180741041	4.203497421484	-408.302703773914	169.734402321438	1654.707770046654	1065.607690200325	-1097.784773327897	512.710781767867	
0.474137931034	-1.037159680628	0.433218400889	4.185814003492	-408.278157503359	170.536527610230	1647.746688304764	1065.208375246234	-1090.227705436021	512.531466783291	
0.475000000000	-1.033079749443	0.434448732180	4.185127750096	-406.672091612058	171.020847818329	1647.476544490488	1065.128392155114	-1090.618534108384	512.962318281370	
0.475862068966	-1.029951020595	0.438562984197	4.179532215415	-405.440466749263	172.640424113822	1645.273860918792	1064.896524301398	-1088.818789272589	514.721324407261	
0.476724137931	-1.029992796906	0.439082959063	4.175930547028	-405.456912004276	172.845112344665	1643.856063292797	1064.745806848349	-1088.486911540823	515.056476720399	
0.477586206897	-1.026684707939	0.439711997656	4.178531410333	-404.154681987245	173.092733537850	1644.879893757737	1064.911987785065	-1090.535020975239	515.626167462261	
0.478448275862	-1.027032730865	0.437096912161	4.173346090413	-404.291681295864	172.063304504300	1642.838691325377	1065.118438851864	-1089.327592898291	514.586519880980	
0.479310344828	-1.026184698555	0.432789718363	4.169244647499	-403.957853173059	170.367776630697	1641.224157336551	1065.553957421681	-1087.568193579605	512.846849460404	
0.480172413793	-1.024936780117	0.428778325417	4.167274077060	-403.466609780300	168.788690833669	1640.448441809776	1065.764106005720	-1085.270071264456	510.980919339906	
0.481034482759	-1.025114454007	0.426528372407	4.170350853247	-403.536551149809	167.902996290621	1641.659615494956	1065.960793292183	-1085.280942322422	510.037755552051	
0.481896551724	-1.026542130461	0.425421351598	4.176919706916	-404.098556328785	167.467217283207	1644.245446320522	1066.025048950177	-1086.477243829540	509.743314181565	
0.482758620690	-1.030289184988	0.427676102846	4.187739119024	-405.573585243829	168.354800653777	1648.504510496624	1065.695902539023	-1090.609867405310	511.396244555269	
0.483620689655	-1.032291673262	0.432437581274	4.202669149960	-406.361865233907	170.229157781077	1654.381720762202	1065.329248601210	-1097.644823702818	514.308862869011	
0.484482758621	-1.030842184398	0.433216575009	4.209530700732	-405.791273594409	170.535808852210	1657.082771872224	1065.122651557198	-1100.607003544645	515.059086342975	
0.485344827586	-1.036171467459	0.431928407460	4.198925678048	-407.889147152023	170.028721386732	1652.908102144440	1064.936845479303	-1096.845374501820	514.620036946183	
0.486206896552	-1.039466194618	0.428297287998	4.190998403883	-409.186117289909	168.599330338237	1649.787528764522	1064.964643690818	-1093.882253861319	512.651149632087	
0.487068965517	-1.033719177741	0.427947969292	4.185880517196	-406.923802715368	168.461820945535	1647.772871440239	1065.181039022589	-1091.502106861112	511.949751842534	
0.487931034483	-1.032010538079	0.428085020668	4.169897320964	-406.251196301756	168.515771252689	1641.481082402955	1065.405526262208	-1083.481037479805	510.866438824198	
0.488793103448	-1.032909718377	0.430652208230	4.164814355252	-406.605158842021	169.526345253183	1639.480171729138	1065.501572399780	-1081.043594999453	511.240130863707	
0.489655172414	-1.029397574600	0.437356771390	4.170900418909	-405.222602600280	172.165598152330	1641.875952149885	1065.647468966041	-1084.778157037129	514.189734869293	
0.490517241379	-1.029032772384	0.441423256739	4.165751960977	-405.078998120397	173.766371087298	1639.849260447858	1065.284876394620	-1084.816546483953	516.840701749386	
0.491379310345	-1.030268000544	0.439972339229	4.174555505989	-405.565245982539	173.195217060814	1643.314778057344	1065.451826285000	-1089.775568068518	517.771695153956	
0.492241379310	-1.031670012976	0.440381698361	4.187740388791	-406.117148512994	173.356361381448	1648.505010340796	1065.623347301298	-1097.618028565599	519.812305074661	
0.493103448276	-1.033609956831	0.442258366835	4.201549007589	-406.880807877700	174.095112377020	1653.940776448577	1065.462861555056	-1106.138853491736	522.561874312817	
0.493965517241	-1.034440286843	0.446323455165	4.217791275274	-407.207667486430	175.695335375166	1660.334549025780	1065.021831622757	-1115.223373120358	525.938390386673	
0.494827586207	-1.035602514805	0.449849881222	4.231914761105	-407.665178803232	177.083513839833	1665.894262616920	1064.606238127049	-1122.493315978146	528.814417998356	
0.495689655172	-1.038311726824	0.450192721344	4.241987138099	-408.731660765530	177.218472936181	1669.859256240748	1064.878175071691	-1125.570122463484	529.111267325704	
0.496551724138	-1.039376320576	0.448930449764	4.253666566317	-409.150738351536	176.721579425374	1674.456865965339	1065.558121445669	-1128.483296936514	528.451437685060	
0.497413793103	-1.038729098791	0.444208264271	4.253822273418	-408.895959340292	174.862689971187	1674.518160102993	1066.398200571064	-1125.903929374516	525.358974585167	
0.498275862069	-1.040200799527	0.437221356913	4.241323916977	-409.475294688925	172.112292210737	1669.598179086735	1067.079601195816	-1118.853897954822	521.149180326469	
0.499137931034	-1.041201998434	0.428041429292	4.221732633367	-409.869416879160	168.498611497016	1661.886065586248	1067.419563233116	-1108.554023794959	515.759988164566	
0.500000000000	-1.036700404927	0.421489063547	4.205450045950	-408.097363513336	165.919271146831	1655.476421136715	1067.659969834511	-1099.207979175646	511.288418866604	
0.500862068966	-1.033636566907	0.419309776698	4.188106058655	-406.891282940732	165.061394355211	1648.648956370269	1067.726852227959	-1090.210156213034	508.626877347877	
