dbx_v3_0_10_0										
Time	Cx	Cy	Cz	Fx	Fy	Fz	Mx	My	Mz	
0.000000000000	0.000000000000	0.000000000000	0.000000000000	0.000000000000	0.000000000000	0.000000000000	0.000000000000	0.000000000000	0.000000000000	
0.000862068966	2.033920898011	0.123591830253	11.518056652094	800.652311953828	48.651884509258	4534.079322717234	2121.898898354859	-3150.427143154820	273.051213439177	
0.001724137931	0.000317798063	0.332583981442	2.856252752248	0.125101105882	130.921578081418	1124.362983756301	384.702642702458	-797.982472744487	351.782277651918	
0.002586206897	-0.333512747295	0.657171655423	2.342033010349	-131.287186462778	258.695412284355	921.940546577712	622.659154691666	-627.128550920924	347.993475363027	
0.003448275862	-0.375478346160	0.537590124672	2.576395812928	-147.806931054050	211.622180893454	1014.197388967375	671.520798452709	-788.117303222810	356.918179359461	
0.004310344828	-0.344724173304	0.544534966804	2.848350648227	-135.700560730685	214.356015781134	1121.252323031847	670.048307125649	-875.047935413187	387.006570815812	
0.005172413793	-0.378416891090	0.487662959507	2.943242596653	-148.963688327209	191.968368270976	1158.606508225570	679.660495703803	-880.390603353273	381.743442302628	
0.006034482759	-0.407969500664	0.511136112522	3.162784779371	-160.597063648354	201.208567459183	1245.029218339682	705.796619943335	-944.317063693403	396.624935900059	
0.006896551724	-0.432142608278	0.481079213518	3.204301734526	-170.112799740497	189.376678764984	1261.372354477724	718.990167388424	-961.564250874960	400.532620928297	
0.007758620690	-0.453579254103	0.470691701090	3.200425221645	-178.551328523534	185.287637815241	1259.846366420391	740.966248617506	-959.071707383390	406.958876983436	
0.008620689655	-0.488224250468	0.492314596734	3.233624665568	-192.189320278751	193.799483779752	1272.915316918187	739.750296453738	-973.827169013411	420.880658642878	
0.009482758621	-0.523332766355	0.475452581281	3.358581539299	-206.009776345364	187.161756781989	1322.104550356422	760.745574630533	-1007.890307593873	421.746183478026	
0.010344827586	-0.547490685624	0.457579607520	3.429604120540	-215.519533550669	180.126066368793	1350.062566780346	779.809823184642	-1028.148168163471	424.900304097256	
0.011206896552	-0.565630780928	0.477373906017	3.454981425926	-222.660376273896	187.918085650610	1360.052334941167	787.012307229195	-1038.117546934661	437.947177669222	
0.012068965517	-0.584899320237	0.492189375010	3.483780577419	-230.245430619023	193.750190288218	1371.389111729065	794.464887191966	-1046.077369867779	447.208931037837	
0.012931034483	-0.602613506741	0.483868007942	3.525139463783	-237.218614479304	190.474486799484	1387.670024138020	804.576513783282	-1056.655234514658	448.649943367762	
0.013793103448	-0.621459579197	0.478951204469	3.571859096980	-244.637364883050	188.538988682657	1406.061192825783	814.783344071354	-1070.130581420775	451.881905133559	
0.014655172414	-0.640165991357	0.472926704506	3.615446375746	-252.001138055772	186.167446196083	1423.219311191761	824.115794030396	-1083.071064071339	455.359740158957	
0.015517241379	-0.657000196836	0.468364814564	3.656364114298	-258.627917666411	184.371659677294	1439.326565905469	833.434902296971	-1095.053751877138	458.587239086084	
0.016379310345	-0.673383078311	0.472801905199	3.692845052355	-265.077033726922	186.118318988603	1453.687275521054	841.720921757037	-1106.415975386912	464.458101910979	
0.017241379310	-0.687500432727	0.480230092488	3.724928463303	-270.634325784443	189.042422542917	1466.316899994954	848.574198013198	-1116.645126438661	470.842395175863	
0.018103448276	-0.699450457812	0.487154357720	3.755342405060	-275.338449342920	191.768157340079	1478.289338454608	855.324598024741	-1126.775287789528	477.221160152456	
0.018965517241	-0.710813610623	0.491596369746	3.787880804583	-279.811550818105	193.516753955611	1491.098069035240	862.470997800964	-1137.934220718415	482.995247757602	
0.019827586207	-0.721037853715	0.494524398220	3.821047202591	-283.836320845875	194.669371429014	1504.154011019236	869.407860683284	-1149.214543519179	488.296466765699	
0.020689655172	-0.729949830254	0.495812651137	3.848961587154	-287.344517564414	195.176491778487	1515.142499587653	875.618255289276	-1157.601386974474	492.049967475872	
0.021551724138	-0.736398324936	0.491725029315	3.867575977006	-289.882965436584	193.567400753588	1522.470048208400	881.453428551465	-1160.246195936370	491.696493631814	
0.022413793103	-0.738681454431	0.483817577695	3.877238520863	-290.781718633283	190.454634948789	1526.273705512023	886.221786047421	-1157.208026700799	488.053387389476	
0.023275862069	-0.735271333502	0.471743620116	3.876488340038	-289.439325618517	185.701725403851	1525.978397069819	890.431783684735	-1146.687960870348	480.601831111819	
0.024137931034	-0.729863567405	0.459445458342	3.873441025137	-287.310560221430	180.860557948752	1524.778822532046	894.197723105490	-1134.541225977024	472.673668122025	
0.025000000000	-0.726002134636	0.448511331675	3.871688828674	-285.790508444994	176.556342478339	1524.089070954059	897.507979089362	-1123.570489014464	465.467150501327	
0.025862068966	-0.725826876919	0.438486110703	3.868852763571	-285.721518300987	172.609917444479	1522.972654831990	900.460598742083	-1113.501548868368	459.136043939829	
0.026724137931	-0.727178271591	0.431579464614	3.869075421882	-286.253494381800	169.891118416908	1523.060304205098	903.173779301987	-1106.722570876011	455.205286639144	
0.027586206897	-0.728564095579	0.422658532206	3.864783351362	-286.799023552208	166.379396223622	1521.370732015302	905.580544303929	-1097.615676762661	450.023003320439	
0.028448275862	-0.729001031708	0.412973366490	3.861311857645	-286.971023319805	162.566833832466	1520.004179622327	907.927953143708	-1088.389946816342	444.353284822653	
0.029310344828	-0.728643834311	0.404563660976	3.859578910728	-286.830412678540	159.256355942876	1519.322005621957	910.242097037991	-1080.057385306150	439.162651239734	
0.030172413793	-0.730331778925	0.395782713360	3.856908458950	-287.494871536734	155.799738717930	1518.270783132347	912.369172421929	-1071.799152320917	433.796108169857	
0.031034482759	-0.732992123963	0.390025791704	3.858829547879	-288.542115511524	153.533528346561	1519.027019175927	914.229354904187	-1067.354874101415	430.519027675023	
0.031896551724	-0.735863078788	0.386156672708	3.863294462045	-289.672265961215	152.010450889495	1520.784631211477	916.005442608148	-1065.288643655893	428.763800063303	
0.032758620690	-0.738534032291	0.383470635572	3.869107221015	-290.723685954984	150.953093228559	1523.072821923654	917.448235512024	-1064.556808030346	427.818042091463	
0.033620689655	-0.740866796811	0.382177630729	3.876146447605	-291.641977963161	150.444102285171	1525.843811222768	918.715304824520	-1064.994434150313	427.738449594827	
0.034482758621	-0.743331208876	0.381784288775	3.884882559566	-292.612092985635	150.289263350412	1529.282778906023	920.043850685932	-1066.545242531081	428.301789871165	
0.035344827586	-0.746183930432	0.381002255088	3.892549480049	-293.735065915099	149.981416039275	1532.300859705925	921.719477526416	-1067.444377111071	428.446257145975	
0.036206896552	-0.749309381366	0.380432815988	3.899076870178	-294.965398677198	149.757256519432	1534.870364745433	923.009316180960	-1068.213552260604	428.803754783638	
0.037068965517	-0.752098734210	0.379769526851	3.905147790784	-296.063426533242	149.496152962543	1537.260180703149	924.392329505496	-1068.785268217676	429.076994965853	
0.037931034483	-0.755358665347	0.378863632041	3.910220750831	-297.346697384227	149.139547759801	1539.257149805537	925.842581339882	-1068.881284917884	429.102637879252	
0.038793103448	-0.757820319725	0.378972414170	3.915512817416	-298.315726844166	149.182369810242	1541.340370126709	927.058670672072	-1069.521358773378	429.383166541414	
0.039655172414	-0.760811656728	0.378390998192	3.919714112916	-299.493265700082	148.953495596134	1542.994208758768	928.156684506995	-1069.778386381439	429.598406508525	
0.040517241379	-0.763487545830	0.378059426480	3.924306572350	-300.546628590417	148.822972497580	1544.802028948122	929.519008347016	-1070.180153977373	429.934883605273	
0.041379310345	-0.765528837840	0.378299883033	3.928552105422	-301.350182538379	148.917628143033	1546.473281686237	930.478576971805	-1070.625114956946	430.212941089281	
0.042241379310	-0.767458095092	0.377833945228	3.932474699808	-302.109634039255	148.734211874688	1548.017409713670	931.396291815233	-1070.923760434079	430.421602228307	
0.043103448276	-0.769735446265	0.377611994948	3.937930649484	-303.006112601446	148.646841218054	1550.165142561127	932.904882442990	-1071.786380374857	430.833368437193	
0.043965517241	-0.772021547794	0.377021322639	3.942260229673	-303.906035738188	148.414323252011	1551.869480419940	933.951327291585	-1072.305447553512	430.773951710344	
0.044827586207	-0.774312666544	0.375813072439	3.946841272386	-304.807933902248	147.938695946816	1553.672806420810	934.735694960888	-1073.295814764537	431.003413006275	
0.045689655172	-0.776403622598	0.374610251441	3.952696002377	-305.631038085245	147.465205844919	1555.977519011869	936.390687929151	-1074.323813499126	431.272212531196	
0.046551724138	-0.777855211410	0.374251746466	3.957947716254	-306.202455557639	147.324080476264	1558.044854502482	937.530106022686	-1075.131297575277	431.372127638589	
0.047413793103	-0.780493445169	0.373129579499	3.962436118682	-307.240995434062	146.882339808113	1559.811712684768	938.294988290912	-1076.195189307005	431.684544236807	
0.048275862069	-0.783269964599	0.372253959658	3.967681309761	-308.333971421193	146.537652337289	1561.876480477906	939.856707053841	-1077.271283394229	432.068378067248	
0.049137931034	-0.784892445265	0.372309519678	3.971441954458	-308.972660417212	146.559523521368	1563.356857061999	940.850035412925	-1077.717661053026	432.255206270854	
0.050000000000	-0.786888306925	0.372246317241	3.974917845719	-309.758330722403	146.534643902185	1564.725140546675	941.414154362972	-1078.547290551082	432.909470767524	
0.050862068966	-0.788972230433	0.372432152300	3.979090982213	-310.578666545522	146.607797814019	1566.367894394930	942.780991712611	-1079.271638275754	433.529177716300	
0.051724137931	-0.790906832671	0.373955561364	3.982872651120	-311.340222098822	147.207487305261	1567.856547152629	943.631108018218	-1080.305372896208	434.282575680546	
0.052586206897	-0.792585265741	0.374301544424	3.984894704034	-312.000936740744	147.343683426582	1568.652527636216	943.929069133310	-1080.632095275141	434.847138465024	
0.053448275862	-0.794165531616	0.375084376790	3.988824893125	-312.623007897901	147.651845137206	1570.199645316797	945.185547172436	-1081.466621225536	435.638742665283	
0.054310344828	-0.795552955423	0.376487353190	3.991959451942	-313.169166836148	148.204126349009	1571.433563394241	945.959265185828	-1082.061934880220	436.195081259829	
0.055172413793	-0.797372068707	0.376654285354	3.993780031680	-313.885260199650	148.269839142219	1572.150234026423	946.230871639565	-1082.450443332642	436.612276936916	
0.056034482759	-0.799538824627	0.376546725161	3.997082298760	-314.738202975645	148.227498106583	1573.450170407906	947.455486545147	-1083.162413925118	437.059858122800	
0.056896551724	-0.800868910455	0.376949825065	3.999612246491	-315.261790837078	148.386178254901	1574.446083524310	948.068506428809	-1083.767099206381	437.316687577093	
0.057758620690	-0.802264119694	0.376185042686	4.001153791505	-315.811014508243	148.085121915722	1575.052912226980	948.149639834350	-1084.186190708123	437.517126408638	
0.058620689655	-0.803839501253	0.375778207803	4.004743319043	-316.431162955913	147.924971493893	1576.465928595652	949.309884709539	-1085.071071843255	437.987315838690	
0.059482758621	-0.804580629928	0.376340477909	4.007638704335	-316.722908022366	148.146308941543	1577.605696091480	949.931267514166	-1085.792329770973	438.292514939926	
0.060344827586	-0.805630200932	0.376096496934	4.009377335483	-317.136071312796	148.050265908826	1578.290107687465	950.002782079599	-1086.265098981714	438.611277715599	
0.061206896552	-0.807063140253	0.376006548008	4.012854641323	-317.700147418961	148.014857542793	1579.658948021089	951.139200700778	-1087.062187474785	439.040318796932	
0.062068965517	-0.807932227962	0.376832376897	4.015601112981	-318.042263518037	148.339944821089	1580.740095711886	951.744311426164	-1087.752911393880	439.353510057917	
0.062931034483	-0.809314526273	0.376745675678	4.017133191674	-318.586404806552	148.305814914009	1581.343198000302	951.783938540546	-1088.272119600145	439.758909329798	
0.063793103448	-0.810826884336	0.376581914377	4.020236949586	-319.181744074922	148.241350330257	1582.564991310976	952.848977902763	-1089.019403008204	440.168527897764	
0.064655172414	-0.811632266718	0.377175350791	4.022396094997	-319.498782592438	148.474956385163	1583.414938212490	953.345480345796	-1089.554269134882	440.400190858687	
0.065517241379	-0.812671551793	0.376885093248	4.023369055055	-319.907896830240	148.360696595964	1583.797943628769	953.242643433599	-1089.935239039298	440.711180988547	
0.066379310345	-0.813852061488	0.376797051951	4.026336346885	-320.372604094821	148.326039167457	1584.966017109851	954.263368903819	-1090.725453025484	441.139628813958	
0.067241379310	-0.814639491952	0.377551162468	4.028467309405	-320.682575845472	148.622894531640	1585.804869825256	954.749610711225	-1091.304745241237	441.425269860590	
0.068103448276	-0.815732745713	0.377524756905	4.029381272339	-321.112934839357	148.612499990391	1586.164651042428	954.630832566824	-1091.704601417248	441.800558183645	
0.068965517241	-0.816911509968	0.377695284098	4.032037140486	-321.576955011919	148.679627965399	1587.210132690448	955.545938240427	-1092.428569119267	442.265783927460	
0.069827586207	-0.817478661206	0.378665628981	4.033928597585	-321.800213915724	149.061603918583	1587.954704173239	955.967478049079	-1092.928659038288	442.513455753004	
0.070689655172	-0.818486180649	0.378736307533	4.034578331009	-322.196823622501	149.089426507835	1588.210471528058	955.776931330950	-1093.251379479171	442.860340454821	
0.071551724138	-0.819674208815	0.379048929226	4.037233907711	-322.664490530662	149.212489937569	1589.255838449026	956.706025951100	-1094.010339350126	443.389645045229	
0.072413793103	-0.820121092341	0.380103785898	4.038880106122	-322.840406088046	149.627733929647	1589.903863927498	957.055914066291	-1094.439747724847	443.669534944748	
0.073275862069	-0.820896993425	0.380112138478	4.039274436778	-323.145839301946	149.631021920094	1590.059092064577	956.807693505218	-1094.645622108376	443.950374811780	
0.074137931034	-0.821873059908	0.380279549489	4.041659287077	-323.530067561273	149.696923211088	1590.997887623017	957.688670534756	-1095.265230974805	444.348645979765	
0.075000000000	-0.822256837948	0.381176409942	4.043191214387	-323.681141664075	150.049972042235	1591.600930319190	958.019798716951	-1095.676251927204	444.558713136501	
0.075862068966	-0.823107768246	0.381021135278	4.043572801496	-324.016110104417	149.988848220301	1591.751141962901	957.760686743643	-1095.936356889787	444.851630674124	
0.076724137931	-0.824044179234	0.380887277777	4.045797535397	-324.384727990699	149.936155257643	1592.626907752732	958.607990876447	-1096.515170253636	445.186754039401	
0.077586206897	-0.824249589861	0.381488785910	4.047131656671	-324.465587818455	150.172938742283	1593.152084166233	958.895323096422	-1096.860454076715	445.297633417852	
0.078448275862	-0.824805785115	0.381109750555	4.047227799892	-324.684533902518	150.023731595497	1593.189930914417	958.594891089869	-1096.990196428483	445.464555495449	
0.079310344828	-0.825536878119	0.381006044467	4.049326355726	-324.972328429858	149.982907727067	1594.016026748175	959.424763529799	-1097.553739323713	445.801255102409	
0.080172413793	-0.825770370297	0.381755840204	4.050566061234	-325.064242551218	150.278064579843	1594.504036425438	959.694493362667	-1097.901724217798	445.971204444992	
0.081034482759	-0.826388676240	0.381493250647	4.050561799473	-325.307638488293	150.174696284304	1594.502358784747	959.376362561842	-1098.010305358407	446.142219791862	
0.081896551724	-0.827180831562	0.381410521844	4.052492847388	-325.619470178033	150.142130117398	1595.262515179526	960.177261934897	-1098.497707684560	446.415474080673	
0.082758620690	-0.827306912548	0.382177692664	4.053588964859	-325.669101917760	150.444126665968	1595.694001472105	960.410375234072	-1098.783242992566	446.508496310808	
0.083620689655	-0.827844085896	0.382000145326	4.053575936753	-325.880560034595	150.374235212750	1595.688872962309	960.067532901844	-1098.905863156554	446.686358115408	
0.084482758621	-0.828731068987	0.381992932092	4.055508330147	-326.229720644964	150.371395725484	1596.449559004585	960.833761072294	-1099.432777758583	447.024031339319	
0.085344827586	-0.828854881640	0.382763307310	4.056502184881	-326.278459456414	150.674653684168	1596.840789603541	960.991523533352	-1099.701227595215	447.113994517205	
0.086206896552	-0.829313784336	0.382477366518	4.056481288494	-326.459106356315	150.562093182892	1596.832563747156	960.649522475960	-1099.787560186487	447.218265989319	
0.087068965517	-0.829964660234	0.382460641038	4.058453433334	-326.715323445463	150.555509202787	1597.608897933796	961.435393925437	-1100.274301642178	447.486446086339	
0.087931034483	-0.830055521184	0.383110128764	4.059536733871	-326.751090829553	150.811179838821	1598.035338844134	961.638777351990	-1100.552908962312	447.542827674753	
0.088793103448	-0.830664711302	0.382796596785	4.059569104784	-326.990898324744	150.687758075272	1598.048081643859	961.279088054848	-1100.707338695201	447.708572457257	
0.089655172414	-0.831428232561	0.382568956745	4.061545587577	-327.291458224639	150.598147646343	1598.826123464091	962.069050854239	-1101.229704480215	447.952315836102	
0.090517241379	-0.831569090477	0.383007915700	4.062484697204	-327.346906898275	150.770943698606	1599.195803668633	962.255202711608	-1101.463249093077	447.951095157506	
0.091379310345	-0.832022782446	0.382528993596	4.062301234100	-327.525502597079	150.582416165618	1599.123583476583	961.861779162276	-1101.550791635789	448.048919544507	
0.092241379310	-0.832643180501	0.382326327584	4.064212449541	-327.769722093220	150.502636754743	1599.875932824452	962.639157578386	-1102.079157532915	448.321634046158	
0.093103448276	-0.832792569693	0.382954453136	4.065154408277	-327.828529100779	150.749898177387	1600.246734580230	962.830206957034	-1102.346622662828	448.417887430147	
0.093965517241	-0.833288198528	0.382621028047	4.064835950073	-328.023633233426	150.618645497835	1600.121373609929	962.431290889266	-1102.381763364707	448.548447142910	
0.094827586207	-0.833905746027	0.382560759611	4.066566881375	-328.266730609283	150.594920847128	1600.802754164087	963.186649006060	-1102.836881657252	448.818692429740	
0.095689655172	-0.833901442666	0.383347377729	4.067365583870	-328.265036592596	150.904572818148	1601.117163146018	963.346109295133	-1103.045675362378	448.894448350053	
0.096551724138	-0.834384689973	0.383127296124	4.066934942488	-328.455266740570	150.817937764718	1600.947641303467	962.918340932000	-1103.062653749972	449.038956471851	
0.097413793103	-0.835157811857	0.383140585918	4.068412080187	-328.759605923473	150.823169287598	1601.529116086961	963.643799154203	-1103.513045719033	449.359625854472	
0.098275862069	-0.835038236001	0.384012410933	4.068974284627	-328.712534925984	151.166362926658	1601.750427685147	963.760124283812	-1103.674906693803	449.449703841563	
0.099137931034	-0.835234457651	0.383839878386	4.068492828541	-328.789777515629	151.098445544612	1601.560902650968	963.291832911773	-1103.613172638163	449.573244202548	
0.100000000000	-0.835667217861	0.383913949976	4.070003121434	-328.960133434161	151.127603802050	1602.155428965989	963.995286439753	-1103.972528603985	449.832748715922	
0.100862068966	-0.835553370017	0.384845391503	4.070661805738	-328.915317266754	151.494265461888	1602.414719831885	964.122581437008	-1104.131558004026	449.905588358292	
0.101724137931	-0.836036026174	0.384774964790	4.070061540207	-329.105314708760	151.466542008747	1602.178425497114	963.652641792151	-1104.092645687818	450.065887477717	
0.102586206897	-0.836639677446	0.384789402853	4.071412138762	-329.342941839154	151.472225547583	1602.710088187188	964.331246059314	-1104.432104254155	450.302703494088	
0.103448275862	-0.836528434561	0.385557037638	4.071869972581	-329.299151113010	151.774404735519	1602.890314323798	964.409796557451	-1104.542484412068	450.310977525647	
0.104310344828	-0.836772717050	0.385278398076	4.071158731002	-329.395312836884	151.664718361108	1602.610334303341	963.903549623109	-1104.454306369409	450.365626814419	
0.105172413793	-0.837196703641	0.385226093140	4.072605437425	-329.562215023008	151.644128539585	1603.179829824552	964.579669562742	-1104.831439704478	450.590997444689	
0.106034482759	-0.837072465281	0.385993835952	4.073196994149	-329.513308632249	151.946350252498	1603.412695939911	964.678794011376	-1104.980098619858	450.628767449047	
0.106896551724	-0.837279270853	0.385752764185	4.072634354610	-329.594717579607	151.851452428477	1603.191213065295	964.202285710657	-1104.918116819715	450.697182945583	
0.107758620690	-0.837725275278	0.385677248313	4.074106364663	-329.770287079106	151.821725629551	1603.770669352410	964.877998819383	-1105.278566898545	450.896431422150	
0.108620689655	-0.837604479459	0.386274875290	4.074562135196	-329.722735843712	152.056981297938	1603.950083277360	964.954862384657	-1105.368294220960	450.840492082919	
0.109482758621	-0.837903774434	0.385806542448	4.073868322740	-329.840553214765	151.872622224539	1603.676964225727	964.448135506567	-1105.302571015740	450.855978287008	
0.110344827586	-0.838450314404	0.385520326928	4.075295456511	-330.055698499627	151.759953576148	1604.238754978768	965.124989438809	-1105.700281307717	451.052212855900	
0.111206896552	-0.838222176525	0.386017746269	4.075850380025	-329.965892096331	151.955762540974	1604.457200442806	965.214431409729	-1105.834627153017	451.006571070015	
0.112068965517	-0.838374983145	0.385525595339	4.075213307145	-330.026044373480	151.762027484768	1604.206416906896	964.713223426643	-1105.755802326801	451.008908391558	
0.112931034483	-0.838789907750	0.385243154388	4.076659954762	-330.189379311985	151.650844694430	1604.775889279568	965.396811460007	-1106.110435925469	451.163688508188	
0.113793103448	-0.838611681943	0.385819869578	4.077211497119	-330.119220779831	151.877868444954	1604.993003752082	965.496001598544	-1106.241588359227	451.132240684844	
0.114655172414	-0.838958611591	0.385397226605	4.076589254148	-330.255789524824	151.711495173695	1604.748058005301	965.008616834392	-1106.196523651321	451.190361417658	
0.115517241379	-0.839450337099	0.385122523810	4.078025540813	-330.449357114137	151.603358506019	1605.313451792452	965.700009802403	-1106.548973519441	451.354877810953	
0.116379310345	-0.839254682127	0.385641456010	4.078540484999	-330.372337596952	151.807636000631	1605.516159406895	965.795738912827	-1106.645057428912	451.287256671161	
0.117241379310	-0.839453146146	0.385158972775	4.077880941482	-330.450462894667	151.617706629370	1605.256530311720	965.296069925362	-1106.557962297239	451.287435287465	
0.118103448276	-0.839896938957	0.384892853557	4.079340771266	-330.625161793063	151.512948884209	1605.831191840192	965.989978480709	-1106.921403590225	451.460162558718	
0.118965517241	-0.839811117098	0.385484554808	4.079898509499	-330.591378045550	151.745871892791	1606.050745317347	966.093984038598	-1107.063548289535	451.465037261365	
0.119827586207	-0.840055195693	0.385082954293	4.079199364025	-330.687459506637	151.587781978184	1605.775526925026	965.583883811270	-1106.979812944661	451.503919099823	
0.120689655172	-0.840495698506	0.384868848993	4.080552941464	-330.860863298331	151.503499495263	1606.308362251549	966.260129346644	-1107.300615019585	451.664955920912	
0.121551724138	-0.840307442046	0.385516520788	4.080994648085	-330.786756202662	151.758455290467	1606.482239921707	966.349785397674	-1107.385762488330	451.625675820643	
0.122413793103	-0.840552740055	0.385225050223	4.080246895403	-330.883317685711	151.643717995709	1606.187887317364	965.834995110659	-1107.299876168100	451.685501048958	
0.123275862069	-0.841126096801	0.385168070122	4.081590390676	-331.109019385524	151.621287797224	1606.716753802309	966.508807288149	-1107.656027479228	451.938085740898	
0.124137931034	-0.840954015038	0.385950581683	4.081964599249	-331.041279454617	151.929323223294	1606.864060887690	966.580914126175	-1107.728808963214	451.948779752319	
0.125000000000	-0.841131780926	0.385719435594	4.081051992262	-331.111256939769	151.838332639194	1606.504813438682	966.033013744304	-1107.565580235379	451.988639432930	
0.125862068966	-0.841528585480	0.385689284992	4.082248008704	-331.267458925414	151.826463864349	1606.975624929109	966.679005460143	-1107.849875640519	452.190525869232	
0.126724137931	-0.841276863033	0.386507420551	4.082598422505	-331.168368464690	152.148522665656	1607.113565210030	966.746897181823	-1107.923171492146	452.195530937533	
0.127586206897	-0.841533024939	0.386313469393	4.081749251890	-331.269206517170	152.072173854504	1606.779289468573	966.202560041288	-1107.813253753955	452.284013736178	
0.128448275862	-0.841961904119	0.386210247651	4.082922659638	-331.438034669344	152.031540648476	1607.241201053837	966.833026089000	-1108.093094348189	452.475188176481	
0.129310344828	-0.841650619306	0.386886355547	4.083251165106	-331.315497502385	152.297690305821	1607.370517126639	966.897375502113	-1108.141661120932	452.415216146889	
0.130172413793	-0.841748284964	0.386516548080	4.082337166888	-331.353943557242	152.152115714527	1607.010722019694	966.336555306989	-1107.986751372978	452.409840319149	
0.131034482759	-0.842108833153	0.386312482944	4.083526124362	-331.495873236725	152.071785539172	1607.478754749929	966.969028331445	-1108.272823820363	452.571361409892	
0.131896551724	-0.841891156558	0.386851947820	4.083717040129	-331.410184914839	152.284145715167	1607.553908680295	967.065642356142	-1108.238728808089	452.481496429381	
0.132758620690	-0.842108009105	0.386496200437	4.083069696246	-331.495548850739	152.144105871515	1607.299081967722	966.496607558762	-1108.283336211601	452.550052458200	
0.133620689655	-0.842473497372	0.386057158109	4.084108837590	-331.639423190140	151.971276999347	1607.708139625858	967.146601552493	-1108.451406536982	452.595403751778	
0.134482758621	-0.842205850880	0.386654108278	4.084661868287	-331.534064233832	152.206266242851	1607.925839983326	967.198574698612	-1108.662467463626	452.574385874475	
0.135344827586	-0.842321413472	0.386043919501	4.083690584954	-331.579555411553	151.966065625425	1607.543494609241	966.664838506330	-1108.439044627773	452.479871017252	
0.136206896552	-0.842815054576	0.385836803595	4.085195615319	-331.773877074259	151.884534515086	1608.135949331922	967.312486646222	-1108.923676470255	452.734214312529	
0.137068965517	-0.842528076173	0.386398231032	4.085512366454	-331.660908117834	152.105540246642	1608.260638314906	967.368966243445	-1108.962271229322	452.661460860153	
0.137931034483	-0.842677604606	0.385926207472	4.084592438083	-331.719769937614	151.919728322759	1607.898508805689	966.796487268297	-1108.813117410972	452.625570695675	
0.138793103448	-0.843055056769	0.385587813486	4.085758111976	-331.868353861000	151.786519638485	1608.357375961075	967.434361443359	-1109.080645059780	452.730131577899	
0.139655172414	-0.842762867568	0.386225784735	4.086091277470	-331.753333675228	152.037656816607	1608.488526451668	967.490776211226	-1109.159534491723	452.689641627160	
0.140517241379	-0.842957368198	0.385935800469	4.085182013720	-331.829898786349	151.923504603219	1608.130595066754	966.921395813461	-1109.033223048801	452.745146992944	
0.141379310345	-0.843374254954	0.385781895071	4.086309370649	-331.994006124538	151.862919792323	1608.574378761750	967.541958804383	-1109.301666966320	452.917413373430	
0.142241379310	-0.843111141766	0.386478493467	4.086565585799	-331.890431702191	152.137135528256	1608.675237773610	967.594480652206	-1109.330820703030	452.854672448709	
0.143103448276	-0.843239526408	0.386199969928	4.085537379318	-331.940970275534	152.027494826159	1608.270484620701	967.000716132482	-1109.146213907919	452.856140397671	
0.143965517241	-0.843616061026	0.386097254662	4.086663765507	-332.089193007532	151.987060994394	1608.713886184646	967.619948520622	-1109.422088217387	453.041010987787	
0.144827586207	-0.843402676845	0.386895623916	4.086964928937	-332.005194393045	152.301338796556	1608.832439072411	967.679561940737	-1109.486021748119	453.053278930494	
0.145689655172	-0.843493992712	0.386698355165	4.085943702448	-332.041140854661	152.223684015646	1608.430433591296	967.084814389930	-1109.293541567918	453.085602857206	
0.146551724138	-0.843847920836	0.386734892173	4.087248409372	-332.180464547773	152.238066797277	1608.944031055123	967.669539580188	-1109.689006794388	453.333437780000	
0.147413793103	-0.843425895504	0.387148535725	4.086856780769	-332.014334410557	152.400897449440	1608.789866580547	967.761337764392	-1109.246181571904	453.039772174119	
0.148275862069	-0.843547298700	0.387176415560	4.086334328450	-332.062124739853	152.411872337436	1608.584203392347	967.148804831868	-1109.428958296641	453.246299810292	
0.149137931034	-0.844063060377	0.387002290784	4.087458451567	-332.265154159261	152.343328174845	1609.026714098010	967.734261528150	-1109.734769683337	453.441582894699	
0.150000000000	-0.843712696583	0.387333138273	4.087139366899	-332.127233563848	152.473566183308	1608.901106520462	967.845236756269	-1109.369549928266	453.167869770746	
0.150862068966	-0.843772562122	0.387198672056	4.086557213086	-332.150799614284	152.420633599981	1608.671941857961	967.194902194237	-1109.508596458057	453.316057999380	
0.151724137931	-0.844132219039	0.386747925922	4.087432076000	-332.292378444783	152.243197528450	1609.016331364666	967.803217450807	-1109.633367393665	453.351592788205	
0.152586206897	-0.843806794354	0.387290486526	4.087733467537	-332.164275121156	152.456776336672	1609.134974046773	967.868095886640	-1109.703017776899	453.262474699294	
0.153448275862	-0.843987430136	0.386844777767	4.086760599767	-332.235382339373	152.281323225951	1608.752004960081	967.282841221891	-1109.547926303721	453.261398178825	
0.154310344828	-0.844329376857	0.386485542207	4.087869185935	-332.369989556820	152.139910262838	1609.188399550930	967.888785979570	-1109.802589724351	453.381028554867	
0.155172413793	-0.843960996100	0.386967349845	4.088146609013	-332.224976589392	152.329573685435	1609.297607057125	967.952433627704	-1109.815182997151	453.253777110321	
0.156034482759	-0.844022290522	0.386491715960	4.087089905603	-332.249105119192	152.142340558620	1608.881636097022	967.355178239125	-1109.613235519377	453.194624314597	
0.156896551724	-0.844358582537	0.386129904693	4.088180007848	-332.381486363214	151.999913668760	1609.310754497788	967.962220358516	-1109.882173540405	453.312443557678	
0.157758620690	-0.844120059535	0.386655919010	4.088532725001	-332.287591859869	152.206979036832	1609.449601492466	968.043724888608	-1109.959407714694	453.252245439594	
0.158620689655	-0.844196820495	0.386214302271	4.087531786121	-332.317808787330	152.033136748658	1609.055582221838	967.446052726324	-1109.783391966775	453.222640137204	
0.159482758621	-0.844521429664	0.385889172624	4.088630294829	-332.445591082778	151.905149566712	1609.488009824135	968.051737815358	-1110.035312179772	453.338287087528	
0.160344827586	-0.844180930403	0.386466666541	4.088941129250	-332.311553657374	152.132479862875	1609.610369694416	968.125588242619	-1110.073129885859	453.242880299241	
0.161206896552	-0.844261362322	0.386138459912	4.087957507229	-332.343215656587	152.003281428102	1609.223167200202	967.531838060482	-1109.909737027306	453.237173061933	
0.162068965517	-0.844730373338	0.385954814570	4.089117022857	-332.527841693433	151.930989497956	1609.679610156924	968.158207121886	-1110.203823298931	453.433971121073	
0.162931034483	-0.844435745177	0.386667554264	4.089460591488	-332.411861411741	152.211559250958	1609.814855838602	968.241788045706	-1110.252930598696	453.389850228589	
0.163793103448	-0.844518636022	0.386401270191	4.088398512095	-332.444491366715	152.106736610605	1609.396768624838	967.630687020093	-1110.041403240474	453.376788630388	
0.164655172414	-0.844895832809	0.386194659954	4.089432851251	-332.592974761112	152.025404556842	1609.803935903376	968.230126080549	-1110.267248373579	453.514359685424	
0.165517241379	-0.844588770947	0.386884078535	4.089719326828	-332.472099957202	152.296793961084	1609.916706922490	968.306988841761	-1110.308336636495	453.456111643561	
0.166379310345	-0.844746810572	0.386629567088	4.088686948715	-332.534312205155	152.196605611035	1609.510311608097	967.702710879291	-1110.144158081767	453.493933416244	
0.167241379310	-0.845104403378	0.386416220523	4.089714658373	-332.675078499119	152.112621804088	1609.914869186729	968.298559746768	-1110.378037116085	453.652498877172	
0.168103448276	-0.844751546477	0.387052522776	4.089952252552	-332.536176492948	152.363101982563	1610.008398059461	968.365676571318	-1110.385706803125	453.563098826860	
0.168965517241	-0.844783916938	0.386743615562	4.088857065178	-332.548919114499	152.241500756318	1609.577277899384	967.745327666267	-1110.176021557530	453.535889662331	
0.169827586207	-0.845118727445	0.386538937355	4.089919251495	-332.680717163700	152.160929245796	1609.995407203889	968.345919959533	-1110.434419405622	453.697779864123	
0.170689655172	-0.844880418743	0.387236196808	4.090238285657	-332.586907019206	152.435405206612	1610.120994899800	968.431102612187	-1110.498124126483	453.674400898048	
0.171551724138	-0.844952964322	0.386970093054	4.089165923635	-332.615464563023	152.330653548948	1609.698859932633	967.813651924993	-1110.297606710390	453.672573334463	
0.172413793103	-0.845288974065	0.386743796938	4.090197470169	-332.747734690995	152.241572154866	1610.104927896118	968.407448936608	-1110.524219204440	453.806864818692	
0.173275862069	-0.844945381805	0.387376119933	4.090471512467	-332.612479707792	152.490485899931	1610.212804559061	968.486943963539	-1110.539401712952	453.710470938969	
0.174137931034	-0.845001762584	0.387071235172	4.089414805617	-332.634673983389	152.370468111137	1609.796832245315	967.872671602838	-1110.348939910082	453.692581133967	
0.175000000000	-0.845450789775	0.386828952978	4.090499904205	-332.811433393620	152.275093803073	1610.223980957829	968.476462437810	-1110.622216001461	453.874308229056	
0.175862068966	-0.845120262842	0.387435363865	4.090788771120	-332.681321572196	152.513807255006	1610.337693326566	968.559534255926	-1110.646328142771	453.791186345146	
0.176724137931	-0.845141080524	0.387070660054	4.089665035933	-332.689516445985	152.370241716342	1609.895335329335	967.930037082924	-1110.416653807485	453.739005368775	
0.177586206897	-0.845474102130	0.386748813961	4.090659384774	-332.820610294888	152.243547104455	1610.286760432976	968.515489108723	-1110.638506592958	453.851506359553	
0.178448275862	-0.845138494172	0.387338970804	4.090958956646	-332.688498329221	152.475862157499	1610.404686804777	968.604017830919	-1110.684214439933	453.763519035629	
0.179310344828	-0.845295204454	0.387014941297	4.089889989645	-332.750187281762	152.348308045432	1609.983888285947	967.984253460273	-1110.513642846894	453.774729215132	
0.180172413793	-0.845672501153	0.386720955014	4.090889310344	-332.898710006815	152.232580438828	1610.377270560203	968.567273464272	-1110.747935551097	453.916903403581	
0.181034482759	-0.845313015856	0.387320809722	4.091154011056	-332.757198734457	152.468713053083	1610.481469910703	968.647488067760	-1110.763139715871	453.813983132119	
0.181896551724	-0.845332447091	0.387019677004	4.090042063192	-332.764847833924	152.350172255023	1610.043751989350	968.014704282562	-1110.548228667199	453.779015773769	
0.182758620690	-0.845674572354	0.386799822759	4.091078152119	-332.899525334405	152.263626701463	1610.451608064462	968.602189107119	-1110.802248257529	453.939200476153	
0.183620689655	-0.845430812433	0.387497106658	4.091404986632	-332.803569319319	152.538112285903	1610.580266366204	968.696353800028	-1110.867245829184	453.911617599854	
0.184482758621	-0.845472198868	0.387252533235	4.090280325352	-332.819861076530	152.441836035797	1610.137543812408	968.060035693839	-1110.651024965249	453.905421998496	
0.185344827586	-0.845762444393	0.387031813831	4.091252659821	-332.934116134485	152.354949912839	1610.520302965865	968.634735914205	-1110.862260919230	454.044935815222	
0.186206896552	-0.845358253951	0.387717726084	4.091529165775	-332.775006696341	152.624959052219	1610.629149446110	968.722111635782	-1110.877097720799	453.961399147494	
0.187068965517	-0.845367234683	0.387510738854	4.090433219464	-332.778541958348	152.543478595303	1610.197730530969	968.092377786694	-1110.676103345957	453.958832196445	
0.187931034483	-0.845821545583	0.387329533489	4.091451036277	-332.957381299025	152.472147161375	1610.598393794079	968.677886372169	-1110.934095653172	454.156442285237	
0.188793103448	-0.845504800658	0.388000457441	4.091711723628	-332.832694760650	152.736256160646	1610.701013286578	968.766595708976	-1110.950866132037	454.082429865475	
0.189655172414	-0.845520772449	0.387721738612	4.090541638023	-332.838982050979	152.626538582879	1610.240409462097	968.121945580848	-1110.712077669050	454.039194440948	
0.190517241379	-0.845867868525	0.387437243623	4.091482538673	-332.975616310590	152.514547221152	1610.610794702292	968.690177874630	-1110.922099457055	454.160974992492	
0.191379310345	-0.845534967505	0.388048242668	4.091761182301	-332.844569930428	152.755066799991	1610.720482677701	968.782945445342	-1110.957902691016	454.071157886761	
0.192241379310	-0.845666082905	0.387745526865	4.090643438552	-332.896183465631	152.635902821070	1610.280483207872	968.145333369991	-1110.772267168637	454.073847095406	
0.193103448276	-0.846011369244	0.387409995625	4.091591415599	-333.032105322847	152.503821055606	1610.653654069354	968.711137200719	-1110.989858138280	454.203980925103	
0.193965517241	-0.845592354453	0.387953123927	4.091846256559	-332.867160283836	152.717623338241	1610.753972131978	968.799557798515	-1110.990521525065	454.080140943050	
0.194827586207	-0.845538736518	0.387606886664	4.090693045904	-332.846053601117	152.581327150074	1610.300011125810	968.153650356046	-1110.753600010366	454.020048119883	
0.195689655172	-0.845833250362	0.387290496959	4.091678987745	-332.961988881754	152.456780443636	1610.688126816608	968.728912414809	-1110.984649992555	454.152223693569	
0.196551724138	-0.845559640654	0.387883493122	4.092005680106	-332.854282507393	152.690213193949	1610.816729160413	968.838327649875	-1111.038414894904	454.089000889675	
0.197413793103	-0.845594966428	0.387532742051	4.090836595014	-332.868188487055	152.552140146804	1610.356519187467	968.193067230720	-1110.803229745032	454.039075013266	
0.198275862069	-0.845928013508	0.387133617446	4.091743529659	-332.999292363713	152.395024873415	1610.713533720688	968.754600635610	-1110.996139006059	454.129911273992	
0.199137931034	-0.845570802266	0.387623299513	4.091999720750	-332.858676272601	152.587788062911	1610.814383261746	968.852225677707	-1111.005011324947	453.990435597174	
0.200000000000	-0.845595766929	0.387237390398	4.090853689548	-332.868503604061	152.435875062815	1610.363248445297	968.208267876385	-1110.794034509219	453.931890715087	
0.200862068966	-0.846053871797	0.386848491038	4.091831095192	-333.048836439035	152.282784953925	1610.748003864712	968.778553736413	-1111.048987198611	454.081968365741	
0.201724137931	-0.845713806326	0.387339624283	4.092113906593	-332.914969775010	152.476119399096	1610.859332482444	968.878895441060	-1111.074023639137	453.965123959845	
0.202586206897	-0.845674008362	0.386944795581	4.090947716202	-332.899303319108	152.320695206671	1610.400262007261	968.226036964901	-1110.835802762354	453.888906121824	
0.203448275862	-0.845955847142	0.386562294798	4.091911429732	-333.010249064908	152.170123895444	1610.779627530716	968.789281942082	-1111.049689585159	453.994280540194	
0.204310344828	-0.845547786156	0.387148398734	4.092284959403	-332.849615987976	152.400843522769	1610.926667366504	968.907841229061	-1111.102523384252	453.902943845120	
0.205172413793	-0.845617764329	0.386907507593	4.091240888481	-332.877162873733	152.306016802102	1610.515669181587	968.277516554610	-1110.930483860708	453.918442409868	
0.206034482759	-0.845962774572	0.386635970014	4.092243425326	-333.012976045608	152.199126120697	1610.910317490493	968.849067448169	-1111.160890120520	454.071702937242	
0.206896551724	-0.845587351222	0.387272440658	4.092586771937	-332.865190763823	152.449672586709	1611.045475774004	968.965740127155	-1111.187794853788	453.976508705340	
0.207758620690	-0.845591610014	0.387053548297	4.091480764623	-332.866867235995	152.363505678433	1610.610096348260	968.324122933526	-1110.972170360285	453.947618345977	
0.208620689655	-0.845959487409	0.386842532754	4.092506500813	-333.011682054722	152.280439477578	1611.013877071584	968.901091767520	-1111.223776689261	454.117129404474	
0.209482758621	-0.845732502755	0.387576395064	4.092928084543	-332.922329618534	152.569324141430	1611.179833372535	969.036746315289	-1111.306351758992	454.096968313107	
0.210344827586	-0.845781829407	0.387431348701	4.091834214467	-332.941747039078	152.512226686920	1610.749231766336	968.397872228581	-1111.094494954160	454.100908752999	
0.211206896552	-0.846141018242	0.387227910819	4.092801755937	-333.083141609531	152.432143429669	1611.130104157009	968.963189114846	-1111.305265287928	454.253596703220	
0.212068965517	-0.845813256755	0.387916818185	4.093134301089	-332.954118404828	152.703331594278	1611.261010450091	969.084458071720	-1111.329031571999	454.170275537937	
0.212931034483	-0.845862105665	0.387739158222	4.092013962972	-332.973347762668	152.633395806601	1610.819989707768	968.441102445832	-1111.121725879056	454.162564052140	
0.213793103448	-0.846342986839	0.387504092540	4.093000526543	-333.162646483164	152.540862275813	1611.208350142534	969.009789775374	-1111.378101875281	454.360197733154	
0.214655172414	-0.846014879288	0.388139102947	4.093325315344	-333.033487050552	152.790833919944	1611.336203150245	969.130755266342	-1111.408993040685	454.284348772637	
0.215517241379	-0.845995606760	0.387894966353	4.092149666757	-333.025900425761	152.694729627484	1610.873409459559	968.474385334174	-1111.165899522822	454.244242135607	
0.216379310345	-0.846336489564	0.387602134363	4.093066188269	-333.160088832847	152.579456408265	1611.234197860232	969.027391689010	-1111.372195137852	454.380195848894	
0.217241379310	-0.846004857540	0.388254170233	4.093411253398	-333.029541992688	152.836130120251	1611.370032637704	969.154106334601	-1111.424404704160	454.309069413874	
0.218103448276	-0.846136434777	0.388068992626	4.092283201927	-333.081337329670	152.763235014265	1610.925975536580	968.507159283796	-1111.237245902027	454.333399949461	
0.218965517241	-0.846533609961	0.387796086175	4.093182263805	-333.237685214123	152.655805477320	1611.279890957889	969.055999462257	-1111.448989185614	454.491429121423	
0.219827586207	-0.846169412792	0.388423486759	4.093464412542	-333.094319114789	152.902781516484	1611.390958717775	969.171936104817	-1111.460272695500	454.393135628759	
0.220689655172	-0.846140756293	0.388210756541	4.092268291044	-333.083038493139	152.819040334290	1610.920105872352	968.510527865810	-1111.215450520662	454.355320184511	
0.221551724138	-0.846483773354	0.387957974581	4.093193965983	-333.218067049603	152.719532796324	1611.284497516410	969.063361516313	-1111.437805093655	454.513971718846	
0.222413793103	-0.846231019750	0.388626138851	4.093551057743	-333.118570674127	152.982555447768	1611.425066573712	969.194414689364	-1111.502158861070	454.474851679026	
0.223275862069	-0.846245216725	0.388396140065	4.092346898040	-333.124159308872	152.892016499419	1610.951049491116	968.528646121516	-1111.260826965070	454.445790763027	
0.224137931034	-0.846564869137	0.388051614656	4.093204320385	-333.249990378994	152.756394182089	1611.288573523427	969.067865784745	-1111.445340624795	454.560462367457	
0.225000000000	-0.846172855186	0.388623478727	4.093501347307	-333.095674212381	152.981508291147	1611.405498076529	969.189087978359	-1111.461132638425	454.446590946412	
0.225862068966	-0.846149867462	0.388393752084	4.092335317853	-333.086625102025	152.891076471288	1610.946490954274	968.526565085211	-1111.247212071246	454.420220840591	
0.226724137931	-0.846599941887	0.388095784695	4.093266217320	-333.263796755575	152.773781703693	1611.312939232210	969.075978627461	-1111.492372335485	454.600756362791	
0.227586206897	-0.846268717971	0.388684920454	4.093578185956	-333.133410567027	153.005694807316	1611.435745585917	969.202025312602	-1111.521553261316	454.506440368555	
0.228448275862	-0.846238296466	0.388426867673	4.092369468209	-333.121435151042	152.904112412267	1610.959934230953	968.533952233963	-1111.272737207334	454.448160435112	
0.229310344828	-0.846569122647	0.388087027196	4.093238994771	-333.251664771466	152.770334317198	1611.302223084247	969.068467648150	-1111.468087410253	454.570616849406	
0.230172413793	-0.846203348554	0.388689857549	4.093580523660	-333.107677916731	153.007638293121	1611.436665822347	969.200836979769	-1111.510456846581	454.479192367215	
0.231034482759	-0.846280049907	0.388470276238	4.092431568943	-333.137871379922	152.921200180325	1610.984380165108	968.543726005573	-1111.305707553071	454.477120466392	
0.231896551724	-0.846631100255	0.388117962428	4.093316032473	-333.276062237449	152.782511961198	1611.332548951031	969.083031924275	-1111.505414786398	454.608565488085	
0.232758620690	-0.846234671860	0.388647802823	4.093614651740	-333.120008326348	152.991083463515	1611.450100330323	969.207673409886	-1111.513698674235	454.481829453598	
0.233620689655	-0.846185105133	0.388331458234	4.092387214561	-333.100496400054	152.866554517084	1610.966920076918	968.534249435912	-1111.257617872731	454.407092958884	
0.234482758621	-0.846523557354	0.387916311133	4.093266302709	-333.233728008625	152.703131993604	1611.312972845645	969.072263101658	-1111.468549710066	454.523557254247	
0.235344827586	-0.846250948288	0.388440965383	4.093645700376	-333.126415536835	152.909661971550	1611.462322615744	969.219672609044	-1111.538653811310	454.445521626036	
0.236206896552	-0.846235797975	0.388124105215	4.092451612048	-333.120451620931	152.784930067544	1610.992270126831	968.550313981249	-1111.301935030266	454.389660714183	
0.237068965517	-0.846564954341	0.387670135806	4.093288861336	-333.250023919329	152.606225154458	1611.321853041942	969.078074574120	-1111.483610437906	454.480818573907	
0.237931034483	-0.846195497312	0.388134301500	4.093611341447	-333.104587277901	152.788943831887	1611.448797234533	969.217188251610	-1111.503743838332	454.337272924783	
0.238793103448	-0.846172820717	0.387813017852	4.092439156297	-333.095660643380	152.662470626262	1610.987366924458	968.555727582443	-1111.280602548172	454.276068049659	
0.239655172414	-0.846619721694	0.387389219939	4.093350317956	-333.271583070373	152.495642713183	1611.346045420795	969.097377924975	-1111.516569082747	454.428350118603	
0.240517241379	-0.846262508171	0.387860069248	4.093692602840	-333.130966081205	152.680992393387	1611.480785755982	969.239712308452	-1111.543686813769	454.305371572776	
0.241379310345	-0.846189903283	0.387508802767	4.092478035238	-333.102385190262	152.542716455148	1611.002671607132	968.568778364485	-1111.282567547798	454.215706295812	
0.242241379310	-0.846495451946	0.387037116820	4.093330515251	-333.222664323615	152.357037432937	1611.338250091932	969.099136616620	-1111.466945367695	454.305787399199	
0.243103448276	-0.846113539964	0.387518883759	4.093702782999	-333.072324793808	152.546684834530	1611.484793172071	969.250289747987	-1111.513133553589	454.185869979860	
0.243965517241	-0.846183852431	0.387223640593	4.092559163084	-333.100003274060	152.430462456729	1611.034607557782	968.592344927376	-1111.311401800440	454.161173507150	
0.244827586207	-0.846556584036	0.386775284276	4.093428352022	-333.246728951632	152.253967135536	1611.376763505780	969.124439105398	-1111.511394543504	454.273219764370	
0.245689655172	-0.846186515120	0.387239421457	4.093771907199	-333.101051440819	152.436674588766	1611.512003891317	969.271993421607	-1111.532519069622	454.128913240994	
0.246551724138	-0.846160743567	0.386920785513	4.092581597392	-333.090906477140	152.311243651200	1611.043438816087	968.604301057902	-1111.289325881637	454.047746247310	
0.247413793103	-0.846542800437	0.386498754962	4.093481164219	-333.241303041969	152.145111459574	1611.397553010186	969.140210655754	-1111.511548616533	454.169774743549	
0.248275862069	-0.846322011578	0.387028610054	4.093899932192	-333.154389578236	152.353688747304	1611.562400888986	969.300961877451	-1111.592904992780	454.099414791405	
0.249137931034	-0.846322456037	0.386759210708	4.092720731022	-333.154564539450	152.247639780707	1611.098208725127	968.630273852059	-1111.362418324535	454.053115946820	
0.250000000000	-0.846642108616	0.386355150394	4.093580399898	-333.280395674891	152.088581567211	1611.436617103618	969.152615722252	-1111.555486224732	454.168583846770	
0.250862068966	-0.846240498720	0.386913705223	4.093958617550	-333.122302067573	152.308456497243	1611.585502361442	969.304982151487	-1111.589992335408	454.060231516623	
0.251724137931	-0.846175519352	0.386758811192	4.092826374310	-333.096722960229	152.247482511257	1611.139795171563	968.642893009137	-1111.378651680247	454.043905376099	
0.252586206897	-0.846612086683	0.386509335965	4.093771437700	-333.268577550630	152.149276667955	1611.511819073347	969.182297227343	-1111.627850575518	454.250243456653	
0.253448275862	-0.846266795365	0.387189705363	4.094180603013	-333.132653733633	152.417103864049	1611.672886868020	969.345345744392	-1111.673744604161	454.186606928644	
0.254310344828	-0.846218715619	0.387099654229	4.093001317203	-333.113727156870	152.381655264188	1611.208661385841	968.677694239818	-1111.425719263698	454.160910095294	
0.255172413793	-0.846585034640	0.386865840584	4.093855155345	-333.257928522774	152.289614597284	1611.544774497639	969.203268321876	-1111.616567130669	454.316006228301	
0.256034482759	-0.846282540295	0.387581772409	4.094243630560	-333.138851720215	152.571440931700	1611.697697642027	969.368625549487	-1111.669215108364	454.257508334626	
0.256896551724	-0.846417343653	0.387529707596	4.093067970309	-333.191917019115	152.550945634473	1611.234899359683	968.702766252373	-1111.462941604069	454.289259399087	
0.257758620690	-0.846846261743	0.387268443633	4.093873207274	-333.360760488264	152.448099159154	1611.551880633505	969.215446231076	-1111.653413522442	454.454716372655	
0.258620689655	-0.846497879310	0.387900499927	4.094188640391	-333.223619854886	152.696907917393	1611.676050779515	969.363522825182	-1111.669545604770	454.357550270146	
0.259482758621	-0.846447507858	0.387761997986	4.092943161106	-333.203791148842	152.642386672434	1611.185768256624	968.679039212424	-1111.410217653230	454.316678731267	
0.260344827586	-0.846793385151	0.387483814815	4.093784923072	-333.339945634617	152.532879955923	1611.517127585707	969.193240653911	-1111.617531070480	454.479490932869	
0.261206896552	-0.846529835561	0.388153757163	4.094198515751	-333.236199422681	152.796602547285	1611.679938211854	969.358354446257	-1111.693545126178	454.445199470070	
0.262068965517	-0.846499019261	0.388037017035	4.092990488136	-333.224068596121	152.750647833356	1611.204398526896	968.677597683856	-1111.451905284222	454.427252291719	
0.262931034483	-0.846826255610	0.387723211692	4.093796526563	-333.352885080373	152.627118460144	1611.521695296161	969.183366589536	-1111.631822018157	454.563057281626	
0.263793103448	-0.846453672013	0.388341481452	4.094154410883	-333.206217666372	152.870500153829	1611.662576344399	969.341955478761	-1111.662736135806	454.465780500058	
0.264655172414	-0.846418199444	0.388237081985	4.092965909225	-333.192253900892	152.829403336904	1611.194723046528	968.667823481252	-1111.439216006646	454.450516754133	
0.265517241379	-0.846891317655	0.387970850826	4.093827173451	-333.378496733547	152.724601526252	1611.533759434030	969.185682801501	-1111.670876906959	454.651812441734	
0.266379310345	-0.846572270586	0.388614995028	4.094195181831	-333.252903956767	152.978168685435	1611.678625815126	969.348190700197	-1111.709087420581	454.579144574959	
0.267241379310	-0.846513152199	0.388493642708	4.092949836507	-333.229632022830	152.930398383712	1611.188396026226	968.662098977302	-1111.445039577267	454.537696213966	
0.268103448276	-0.846850416900	0.388180669304	4.093730667747	-333.362396164705	152.807196503133	1611.495769994367	969.163855725790	-1111.618042822702	454.674992485669	
0.268965517241	-0.846490917879	0.388819495793	4.094107159836	-333.220879489529	153.058670346263	1611.643975985163	969.331924678690	-1111.662508428463	454.597383220035	
0.269827586207	-0.846539451714	0.388722489563	4.092912564094	-333.239984818437	153.020483874972	1611.173723752681	968.655875344346	-1111.444259463241	454.609902685069	
0.270689655172	-0.846902539060	0.388387405529	4.093695938503	-333.382914036184	152.888578151874	1611.482098838420	969.155515008338	-1111.624402435360	454.758221741349	
0.271551724138	-0.846505043484	0.388952298729	4.094034927396	-333.226440029456	153.110948179769	1611.615541707949	969.317159224231	-1111.639400615620	454.642216529652	
0.272413793103	-0.846420842638	0.388775374884	4.092787652900	-333.193294393352	153.041302164821	1611.124552501204	968.629979107555	-1111.378352779745	454.582959903558	
0.273275862069	-0.846773367750	0.388411633486	4.093597604714	-333.332065791413	152.898115479654	1611.443389774064	969.134142854222	-1111.581042471917	454.724926754821	
0.274137931034	-0.846529210485	0.388989350589	4.094014367805	-333.235953361835	153.125533632620	1611.607448431746	969.313476172367	-1111.657507964714	454.665281897175	
0.275000000000	-0.846508037081	0.388807499380	4.092791524950	-333.227618458110	153.053947962406	1611.126076732315	968.629710884762	-1111.411920836220	454.621229710771	
0.275862068966	-0.846846922948	0.388391794918	4.093571905515	-333.361020771571	152.890306033728	1611.433273292318	969.125399612786	-1111.584603268835	454.731579445862	
0.276724137931	-0.846471363289	0.388913969834	4.093960728801	-333.213181831751	153.095860022359	1611.586333454805	969.299417368562	-1111.618731476889	454.609218475585	
0.277586206897	-0.846413231028	0.388735416175	4.092775907869	-333.190298085654	153.025572431618	1611.119929073125	968.622632856266	-1111.389575544012	454.565278346983	
0.278448275862	-0.846875606043	0.388343904251	4.093618456381	-333.372311862562	152.871453887916	1611.451598025892	969.128797384363	-1111.614078355028	454.736428036885	
0.279310344828	-0.846535947868	0.388852659945	4.094018110344	-333.238605530482	153.071725404427	1611.608921680839	969.306008436763	-1111.657031429236	454.630424920416	
0.280172413793	-0.846428689924	0.388629023016	4.092790134726	-333.196383475190	152.983690798477	1611.125529470954	968.620280123881	-1111.395138478030	454.556896953627	
0.281034482759	-0.846724523686	0.388198610350	4.093584536586	-333.312838340919	152.814258989973	1611.438245509390	969.116647318018	-1111.574030417358	454.670836982608	
0.281896551724	-0.846338367336	0.388752639495	4.094028076904	-333.160828017015	153.032352386264	1611.612845013905	969.307571305669	-1111.636256333297	454.577103683518	
0.282758620690	-0.846380800266	0.388624978228	4.092868988654	-333.177531726702	152.982098568966	1611.156570294787	968.638852841135	-1111.427714322590	454.576687537462	
0.283620689655	-0.846778733214	0.388233795972	4.093658483692	-333.334177904460	152.828109799023	1611.467354764243	969.136213435990	-1111.613367363538	454.714296834420	
0.284482758621	-0.846434279655	0.388750990033	4.094048821600	-333.198583871077	153.031703075999	1611.621011157051	969.321007737252	-1111.643060717030	454.589017781676	
0.285344827586	-0.846384858323	0.388554320200	4.092826831741	-333.179129179368	152.954284058778	1611.139975239103	968.639375708122	-1111.387727836918	454.518084478259	
0.286206896552	-0.846767875394	0.388126037730	4.093630872092	-333.329903727006	152.785690801307	1611.456485466571	969.137210057249	-1111.586722336723	454.646260468315	
0.287068965517	-0.846540855949	0.388638038310	4.094086956460	-333.240537595191	152.987239666274	1611.636022932302	969.334779380084	-1111.667218231170	454.572947715672	
0.287931034483	-0.846510161721	0.388414280258	4.092874739585	-333.228454821970	152.899157380566	1611.158834146935	968.651849795078	-1111.418249892287	454.512169464369	
0.288793103448	-0.846847775869	0.387914646096	4.093634998360	-333.361356523614	152.702476551997	1611.458109770547	969.136535695634	-1111.584422602079	454.605988053247	
0.289655172414	-0.846464967800	0.388355478243	4.094042029039	-333.210664249349	152.876009985967	1611.618337267348	969.324827099954	-1111.620463459704	454.467477943326	
0.290517241379	-0.846385566903	0.388142526229	4.092851699572	-333.179408111645	152.792181493869	1611.149764452888	968.646401538619	-1111.390859988626	454.411241989675	
0.291379310345	-0.846844321036	0.387703938793	4.093667205033	-333.359996529482	152.619531689500	1611.470787917413	969.141230123188	-1111.613860125829	454.576943878630	
0.292241379310	-0.846512134358	0.388194589030	4.094088653053	-333.229231349905	152.812675998888	1611.636690795741	969.334876477185	-1111.664883872543	454.471280441991	
0.293103448276	-0.846426838076	0.388005492382	4.092866353105	-333.195654495797	152.738238163574	1611.155532811682	968.649742048285	-1111.409649800313	454.402608827398	
0.293965517241	-0.846772464597	0.387575670732	4.093640824936	-333.331710265459	152.569039008422	1611.460403400642	969.134767249104	-1111.590701644300	454.521328981343	
0.294827586207	-0.846431442521	0.388133430576	4.094117298402	-333.197467034152	152.788600992700	1611.647967028053	969.341165974239	-1111.664758590312	454.432420248434	
0.295689655172	-0.846483393619	0.388042930006	4.092974434243	-333.217917567224	152.752975472225	1611.198078916898	968.671757506078	-1111.461433311053	454.437231700916	
0.296551724138	-0.846880189128	0.387655832318	4.093758004497	-333.374115992678	152.600594591279	1611.506531097160	969.157011301404	-1111.647124738267	454.582864268624	
0.297413793103	-0.846525000994	0.388187022521	4.094190058441	-333.234296297078	152.809697444801	1611.676608994485	969.356443172165	-1111.684308917001	454.466689481381	
0.298275862069	-0.846441562159	0.388041245234	4.092978515921	-333.201450626336	152.752312262480	1611.199685668123	968.673696098351	-1111.427336522811	454.403931890317	
0.299137931034	-0.846800675476	0.387636674761	4.093767367625	-333.342815468691	152.593053224740	1611.510216889700	969.160038333395	-1111.625196644837	454.545126792894	
0.300000000000	-0.846561117085	0.388183513051	4.094248347307	-333.248513384540	152.808315943050	1611.699554387891	969.373039754330	-1111.712961548567	454.486021418264	
0.300862068966	-0.846522659381	0.388029582960	4.093022390539	-333.233374521928	152.747721412113	1611.216956897583	968.688869833173	-1111.460451547307	454.437412890888	
0.301724137931	-0.846881994892	0.387567089754	4.093742537924	-333.374826830906	152.565661109320	1611.500442685925	969.161061948960	-1111.622389159490	454.545073703121	
0.302586206897	-0.846531497548	0.388052916679	4.094163847042	-333.236853663346	152.756906723058	1611.666290885446	969.364031979475	-1111.666105342310	454.421373081376	
0.303448275862	-0.846477467510	0.387911579133	4.092966771075	-333.215584756237	152.701269243029	1611.195062313410	968.683399435306	-1111.437082358423	454.376982910740	
0.304310344828	-0.846970329886	0.387489870124	4.093739338421	-333.409599873198	152.535263626260	1611.499183202426	969.162659318593	-1111.649985108073	454.548314072571	
0.305172413793	-0.846657333127	0.387989886905	4.094169724699	-333.286388798950	152.732095072794	1611.668604623395	969.367396185580	-1111.700700961356	454.445725100167	
0.306034482759	-0.846556373825	0.387831579004	4.092938452998	-333.246646201805	152.669777217849	1611.183914911508	968.677761248034	-1111.438863291202	454.376056769215	
0.306896551724	-0.846883909191	0.387386116016	4.093673734323	-333.375580394254	152.494420854897	1611.473358170088	969.145282655565	-1111.607497961413	454.492538892235	
0.307758620690	-0.846513034982	0.387928170708	4.094156958109	-333.229585880384	152.707800511288	1611.663579059242	969.360098885395	-1111.680225818139	454.401960741735	
0.308620689655	-0.846515576800	0.387857659953	4.092996406244	-333.230586465900	152.680043975078	1611.206728188064	968.684042234295	-1111.472046693385	454.405823553681	
0.309482758621	-0.846877610943	0.387463863218	4.093735575310	-333.373101090963	152.525026016283	1611.497701855157	969.151976579310	-1111.649412809904	454.553591981248	
0.310344827586	-0.846493195770	0.388011905663	4.094180280458	-333.221776180636	152.740762749802	1611.672759894346	969.363460851024	-1111.690160945082	454.444238504862	
0.311206896552	-0.846386936056	0.387941055936	4.092974834869	-333.179947078262	152.712872777454	1611.198236623442	968.680259052074	-1111.437073505168	454.393985000851	
0.312068965517	-0.846754558091	0.387588878299	4.093752045069	-333.324661374777	152.574238162731	1611.504185170240	969.155299419781	-1111.636122940012	454.550165567193	
0.312931034483	-0.846538666166	0.388196413671	4.094270828763	-333.239675587741	152.813394268198	1611.708404205929	969.384638430399	-1111.732358330450	454.505953621500	
0.313793103448	-0.846513923160	0.388134722700	4.093063471084	-333.229935511364	152.789109636934	1611.233128240871	968.700994992560	-1111.484296811587	454.472311574135	
0.314655172414	-0.846887143524	0.387712937809	4.093768708516	-333.376853588414	152.623074149354	1611.510744730747	969.159495001235	-1111.643326552829	454.591458611007	
0.315517241379	-0.846540675659	0.388229481914	4.094218488092	-333.240466624113	152.826411571585	1611.687800317377	969.375468357756	-1111.689167809695	454.475440008454	
0.316379310345	-0.846451991773	0.388145858706	4.093029822995	-333.205556240491	152.793493322453	1611.219882681569	968.693896854547	-1111.455445084433	454.435781880258	
0.317241379310	-0.846905535225	0.387750131915	4.093790880017	-333.384093475676	152.637715597494	1611.519472535371	969.160494831310	-1111.664356973669	454.615927655263	
0.318103448276	-0.846564756146	0.388277513783	4.094249516708	-333.249945899878	152.845319301222	1611.700014722359	969.379348401357	-1111.717280626382	454.521925775955	
0.318965517241	-0.846440667770	0.388170444093	4.093005185838	-333.201098550481	152.803171352188	1611.210184272388	968.688925025935	-1111.445076714706	454.454326715674	
0.319827586207	-0.846779917012	0.387740260002	4.093708758857	-333.334643906051	152.633829521846	1611.487145566940	969.142854118796	-1111.610358126816	454.576528899093	
0.320689655172	-0.846438683622	0.388286763590	4.094208647156	-333.200317491096	152.848960484845	1611.683926435890	969.372638611186	-1111.688013021816	454.486783529939	
0.321551724138	-0.846473038769	0.388235308271	4.093044050651	-333.213841383774	152.828705114912	1611.225483393795	968.697532707224	-1111.477991843890	454.484546806641	
0.322413793103	-0.846879702446	0.387813570347	4.093760284344	-333.373924410162	152.662688115844	1611.507428558185	969.152560495785	-1111.652746758990	454.625499617935	
0.323275862069	-0.846537318586	0.388323855232	4.094233745391	-333.239145113189	152.863561597857	1611.693806348264	969.377921895114	-1111.701443904030	454.509087245934	
0.324137931034	-0.846453589467	0.388224559868	4.093033446894	-333.206185172327	152.824474009386	1611.221309228267	968.692964329579	-1111.448652222500	454.444865114211	
0.325000000000	-0.846835290874	0.387790753897	4.093779936941	-333.356441809311	152.653706427605	1611.515164796694	969.151248989237	-1111.640037510856	454.583401161745	
0.325862068966	-0.846606334613	0.388322205687	4.094327768509	-333.266313250385	152.862912255043	1611.730818518684	969.392799123066	-1111.742969837704	454.525909198183	
0.326724137931	-0.846535013388	0.388226143823	4.093134287961	-333.238237672895	152.825097532856	1611.261005282030	968.709418627566	-1111.496385744571	454.480992109033	
0.327586206897	-0.846875446723	0.387746104658	4.093819881126	-333.372249146408	152.636130268916	1611.530888812453	969.155362178909	-1111.650226701649	454.592838606149	
0.328448275862	-0.846515039081	0.388224768242	4.094304713258	-333.230374792996	152.824556036001	1611.721742826620	969.388067817038	-1111.705081592579	454.475019882934	
0.329310344828	-0.846422984684	0.388148371707	4.093132902177	-333.194137609386	152.794482564267	1611.260459768781	968.710768114685	-1111.477838071606	454.435503696670	
0.330172413793	-0.846904830529	0.387727855200	4.093879811914	-333.383816072147	152.628946375489	1611.554480547944	969.168017747242	-1111.689404429422	454.616779189715	
0.331034482759	-0.846602941988	0.388239800024	4.094372849960	-333.264977744551	152.830473292023	1611.748564817339	969.405740568807	-1111.752955312937	454.524837746726	
0.331896551724	-0.846510714753	0.388159325753	4.093151373593	-333.228672522686	152.798794620982	1611.267731035526	968.719673613837	-1111.489935163524	454.462626791891	
0.332758620690	-0.846890878478	0.387706808827	4.093832687728	-333.378323851624	152.620661477744	1611.535930127325	969.162549382353	-1111.649830458436	454.583287525573	
0.333620689655	-0.846581103865	0.388228470316	4.094353088333	-333.256381174425	152.826013356185	1611.740785659364	969.407154237225	-1111.729621253863	454.491169979634	
0.334482758621	-0.846613282795	0.388179517399	4.093188726827	-333.269048399834	152.806743055834	1611.282435124219	968.731584346256	-1111.517139769654	454.485026988790	
0.335344827586	-0.847018720948	0.387703333205	4.093856071254	-333.428648999367	152.619293300292	1611.545135044977	969.169218957661	-1111.678715343200	454.616232756137	
0.336206896552	-0.846666812665	0.388147916844	4.094318620600	-333.290120416042	152.794303507592	1611.727217447213	969.403532790077	-1111.721351050329	454.486864016582	
0.337068965517	-0.846546814273	0.388016114326	4.093085608074	-333.242883087315	152.742419488347	1611.241842460133	968.713975399490	-1111.458609932453	454.409591949884	
0.337931034483	-0.846908564595	0.387519006071	4.093775062226	-333.385285986046	152.546732982576	1611.513245866680	969.153433986816	-1111.640601537407	454.538526904052	
0.338793103448	-0.846670725736	0.388000130809	4.094321254442	-333.291660795085	152.736127582281	1611.728254258098	969.404737194389	-1111.746017945533	454.473728316390	
0.339655172414	-0.846588804946	0.387901476088	4.093113432093	-333.259412702297	152.697292182568	1611.252795376284	968.719481163912	-1111.498484107297	454.422478934381	
0.340517241379	-0.846940203305	0.387397564330	4.093763927178	-333.397740554200	152.498927479936	1611.508862558677	969.149747568719	-1111.649590485240	454.531845817196	
0.341379310345	-0.846594964951	0.387866431748	4.094269207950	-333.261837586196	152.683496989644	1611.707766173453	969.395351363521	-1111.710935403291	454.413968315811	
0.342241379310	-0.846507061852	0.387817453166	4.093101991028	-333.227234559392	152.664216586502	1611.248291604878	968.718047121623	-1111.483728456765	454.372693962411	
0.343103448276	-0.846990051187	0.387379501314	4.093817038316	-333.417363156945	152.491816979621	1611.529769741110	969.159143487510	-1111.686394182907	454.548792977635	
0.343965517241	-0.846676009426	0.387872326107	4.094330873506	-333.293740718253	152.685817301845	1611.732040799720	969.408730851091	-1111.752323215989	454.452694186227	
0.344827586207	-0.846545086055	0.387795410455	4.093108283837	-333.242202774919	152.655539480195	1611.250768766802	968.721660954361	-1111.484161418015	454.381914967058	
0.345689655172	-0.846886314737	0.387297352704	4.093745917987	-333.376527336609	152.459479205734	1611.501773246665	969.146884511281	-1111.630450520491	454.491197015314	
0.346551724138	-0.846543509336	0.387778577859	4.094280687653	-333.241582099772	152.648913334036	1611.712285154829	969.403229585533	-1111.712575374627	454.391814753408	
0.347413793103	-0.846534744816	0.387728532832	4.093118847171	-333.238131949496	152.629213125294	1611.254927020123	968.728417514556	-1111.499721423706	454.377933284193	
0.348275862069	-0.846922592600	0.387223912044	4.093761939442	-333.390808105828	152.430569313069	1611.508080087220	969.151747391683	-1111.659220286246	454.503971938982	
0.349137931034	-0.846571335771	0.387657847023	4.094257673357	-333.252535967043	152.601387679063	1611.703225584546	969.402333813114	-1111.711246420169	454.373779045576	
0.350000000000	-0.846453767861	0.387565643913	4.093049596730	-333.206255397077	152.565091954153	1611.227666606143	968.718143075252	-1111.455446561646	454.297913730138	
0.350862068966	-0.846842783521	0.387075517003	4.093729272811	-333.359391287447	152.372153652858	1611.495220878324	969.145348591385	-1111.637762643546	454.428166338387	
0.351724137931	-0.846634242783	0.387565855138	4.094310983228	-333.277299292513	152.565175103011	1611.724210998162	969.412632945103	-1111.749920963789	454.365043743735	
0.352586206897	-0.846552430870	0.387510425588	4.093122246731	-333.245094058960	152.543355278280	1611.256265255782	968.730269458012	-1111.504830053765	454.314906459726	
0.353448275862	-0.846898921844	0.387005347993	4.093747091514	-333.381490120158	152.344531644392	1611.502235204891	969.144197242512	-1111.648339935528	454.423450770519	
0.354310344828	-0.846538365047	0.387474597552	4.094271558659	-333.239557052323	152.529251583284	1611.708691529142	969.402324972719	-1111.708148652116	454.306253078757	
0.355172413793	-0.846408763537	0.387467168485	4.093110086568	-333.188539459303	152.526327133466	1611.251478411451	968.725874460633	-1111.476855981798	454.266877703004	
0.356034482759	-0.846865705862	0.387041777587	4.093797213160	-333.368414659602	152.358872142398	1611.521965575009	969.150391443834	-1111.672638097399	454.448337143558	
0.356896551724	-0.846542303291	0.387561979507	4.094341995599	-333.241107340732	152.563649462221	1611.736419008266	969.414174494856	-1111.745853272363	454.362421355793	
0.357758620690	-0.846403732314	0.387559517428	4.093135764044	-333.186558919769	152.562680265327	1611.261586341797	968.730636673781	-1111.481634149887	454.302911087542	
0.358620689655	-0.846768045814	0.387111742117	4.093759049847	-333.329970812634	152.386413657244	1611.506942599163	969.142162496629	-1111.630161904313	454.428201276770	
0.359482758621	-0.846463581150	0.387656914130	4.094336305511	-333.210118395155	152.601020446093	1611.734179106794	969.415045169284	-1111.725177496689	454.348230805164	
0.360344827586	-0.846485537792	0.387715064062	4.093202074446	-333.218761620186	152.623911148061	1611.287689410262	968.745020630114	-1111.519517872410	454.354673384890	
0.361206896552	-0.846905817638	0.387282469855	4.093831953447	-333.384204647170	152.453620576768	1611.535641077683	969.154208995960	-1111.677789272393	454.501387643616	
0.362068965517	-0.846576819212	0.387789829985	4.094359693502	-333.254694521903	152.653342729830	1611.743385782062	969.418672887000	-1111.735855631699	454.393382051383	
0.362931034483	-0.846457003723	0.387795872729	4.093154759697	-333.207529192984	152.655721454352	1611.269063974443	968.735350497990	-1111.475074887475	454.335440982645	
0.363793103448	-0.846837378587	0.387353121262	4.093788970635	-333.357263636878	152.481432480620	1611.518720907589	969.144157565048	-1111.641614004690	454.479537784105	
0.364655172414	-0.846616966086	0.387888984559	4.094379483880	-333.270498326250	152.692374896209	1611.751176258058	969.422193960519	-1111.751953868144	454.432671683494	
0.365517241379	-0.846510168086	0.387903143211	4.093183212636	-333.228457327600	152.697948445099	1611.280264464717	968.739650261042	-1111.501125952530	454.395042135346	
0.366379310345	-0.846854232091	0.387419781690	4.093761746837	-333.363898013126	152.507673336849	1611.508004268166	969.135733030605	-1111.634140747550	454.512570532148	
0.367241379310	-0.846510804684	0.387909246510	4.094296588524	-333.228707923964	152.700351007005	1611.718544527585	969.405647243151	-1111.698826002604	454.405729264072	
0.368103448276	-0.846396792094	0.387948914659	4.093137701935	-333.183826904527	152.715966361075	1611.262349191956	968.731595932165	-1111.472077325440	454.374066054306	
0.368965517241	-0.846895136274	0.387526146280	4.093797791850	-333.379999931915	152.549543723688	1611.522193376038	969.140861895190	-1111.668812612567	454.560966148066	
0.369827586207	-0.846612648152	0.388044849663	4.094368971639	-333.268798572840	152.753731144823	1611.747038117761	969.418237443872	-1111.751864105288	454.479963675546	
0.370689655172	-0.846486066093	0.388070659683	4.093183595042	-333.218969585616	152.763891251033	1611.280414998583	968.738602562970	-1111.495715166793	454.424583806333	
0.371551724138	-0.846854819972	0.387604741770	4.093790254510	-333.364129432476	152.580482813021	1611.519226304727	969.135847041578	-1111.642851964851	454.550826321182	
0.372413793103	-0.846542100778	0.388124983856	4.094397927222	-333.241027621435	152.785275944099	1611.758436473438	969.423533938296	-1111.741853398488	454.470794130045	
0.373275862069	-0.846534478620	0.388182873614	4.093287032848	-333.238027161538	152.808064228815	1611.321133257949	968.758783926150	-1111.539030217589	454.475047854408	
0.374137931034	-0.846930747482	0.387699758368	4.093902763476	-333.394018272426	152.617886066560	1611.563515423314	969.155114115915	-1111.694526551336	454.615988207053	
0.375000000000	-0.846584041448	0.388153514540	4.094474886757	-333.257537553067	152.796507038773	1611.788731570121	969.437418736881	-1111.764456700549	454.503627473190	
0.375862068966	-0.846440421659	0.388138837825	4.093306575541	-333.201001668889	152.790729554880	1611.328826233063	968.763544859034	-1111.514125329269	454.440015046008	
0.376724137931	-0.846822958650	0.387646059878	4.093946372965	-333.351587233128	152.596747673105	1611.580682284641	969.164300586226	-1111.690120494582	454.581323653478	
0.377586206897	-0.846628581304	0.388142339586	4.094597420622	-333.275070653089	152.792108021673	1611.836966986724	969.464514089309	-1111.821608975758	454.534347138710	
0.378448275862	-0.846546220346	0.388158723020	4.093449184579	-333.242649288279	152.798557355372	1611.384964235025	968.794808195361	-1111.586680497619	454.495524108633	
0.379310344828	-0.846924234301	0.387650058974	4.094040519314	-333.391454360816	152.598321916217	1611.617742964849	969.184316352378	-1111.730529882994	454.613928884566	
0.380172413793	-0.846611094882	0.388119225310	4.094631061918	-333.268187128642	152.783009094502	1611.850209872065	969.475764976812	-1111.810862655254	454.509161221993	
0.381034482759	-0.846503725706	0.388167144810	4.093497643590	-333.225921286899	152.801872590222	1611.404040109560	968.810865146760	-1111.586699029701	454.475380882347	
0.381896551724	-0.847002462416	0.387708464501	4.094131750443	-333.422248833506	152.621313233301	1611.653656069644	969.207292250837	-1111.774833479610	454.656691543044	
0.382758620690	-0.846712375642	0.388189436900	4.094723003282	-333.308056267523	152.810647864237	1611.886402560747	969.499719548811	-1111.858198682740	454.570848820794	
0.383620689655	-0.846556351520	0.388202199551	4.093536355336	-333.246637421409	152.815671878073	1611.419278976014	968.823408694049	-1111.596541485394	454.506160365067	
0.384482758621	-0.846907708772	0.387678344702	4.094089899983	-333.384949091753	152.609456583837	1611.637181649249	969.202772457990	-1111.729038791823	454.619033256112	
0.385344827586	-0.846591900429	0.388149316606	4.094696979804	-333.260631238265	152.794854523568	1611.876158426834	969.501406897175	-1111.827793297563	454.529629272617	
0.386206896552	-0.846577474223	0.388196492620	4.093568960754	-333.254952367003	152.813425346339	1611.432114088401	968.837065752023	-1111.621502725290	454.522929802208	
0.387068965517	-0.846992585346	0.387673377645	4.094123860149	-333.418360727801	152.607501303573	1611.650550057893	969.213186858246	-1111.766742885517	454.652871886967	
0.387931034483	-0.846671064848	0.388102194549	4.094687304166	-333.291794286501	152.776304940698	1611.872349615124	969.503884887668	-1111.836171441513	454.532864547227	
0.388793103448	-0.846534764429	0.388105997528	4.093497562107	-333.238139670003	152.777801982233	1611.404008033788	968.827497822505	-1111.580959524899	454.462086724326	
0.389655172414	-0.846927335938	0.387591556523	4.094066678033	-333.392675319238	152.575292444926	1611.628040336196	969.204143211044	-1111.739449590665	454.593230450482	
0.390517241379	-0.846728792644	0.388062778178	4.094690849930	-333.314518815124	152.760788698837	1611.873745404246	969.507926866299	-1111.857978643023	454.534841739718	
0.391379310345	-0.846617267241	0.388081405349	4.093506501832	-333.270616875626	152.768121278923	1611.407527153535	968.830905795578	-1111.607604033822	454.482747103048	
0.392241379310	-0.846959799926	0.387523948137	4.094021148931	-333.405454757882	152.548678425301	1611.610117819734	969.192590463581	-1111.727622951054	454.583114055619	
0.393103448276	-0.846605634049	0.387941948629	4.094591204877	-333.266037473319	152.713224185525	1611.834520160613	969.486314562225	-1111.796428254103	454.461355618009	
0.393965517241	-0.846446593896	0.387972814661	4.093432509626	-333.203431368132	152.725374589083	1611.378400145257	968.815193687895	-1111.561220587123	454.410635490305	
0.394827586207	-0.846915004750	0.387465358411	4.094008289652	-333.387821151180	152.525614598270	1611.605055768788	969.186784160347	-1111.736501329094	454.576508642211	
0.395689655172	-0.846621350465	0.387913451984	4.094601815155	-333.272224235652	152.702006490290	1611.838696893396	969.485547554732	-1111.822642159219	454.481058899595	
0.396551724138	-0.846461097888	0.387939737313	4.093410033343	-333.209140859592	152.712353701827	1611.369552363538	968.807627600607	-1111.561599927823	454.408786465848	
0.397413793103	-0.846823102667	0.387413994487	4.093930024831	-333.351643925387	152.505395206280	1611.574246846681	969.166104348316	-1111.692869817686	454.520146490708	
0.398275862069	-0.846521676476	0.387904515091	4.094558663549	-333.232987601683	152.698488485196	1611.821710277592	969.474170956151	-1111.798484402055	454.435907268285	
0.399137931034	-0.846499841930	0.388015027273	4.093436845907	-333.224392439653	152.741991570593	1611.380107120985	968.810740711541	-1111.589627722895	454.435424754995	
0.400000000000	-0.846907137446	0.387527496141	4.093961081516	-333.384724189315	152.550075096086	1611.586472301020	969.166861219621	-1111.725452796121	454.573384722171	
0.400862068966	-0.846574336986	0.387996263402	4.094546863560	-333.253717394590	152.734605178790	1611.817065215650	969.467353405098	-1111.794122235480	454.464477535534	
0.401724137931	-0.846406073326	0.388067210316	4.093371128956	-333.187480458437	152.762533408521	1611.354237664227	968.792793675283	-1111.535431834759	454.403070641764	
0.402586206897	-0.846770433946	0.387577755873	4.093908615973	-333.330910900330	152.569859823515	1611.565819256826	969.150216407172	-1111.682482329492	454.540951249759	
0.403448275862	-0.846555517848	0.388081060984	4.094559961482	-333.246309246979	152.767985719716	1611.822221208219	969.465774990829	-1111.805608722197	454.495812438206	
0.404310344828	-0.846427599407	0.388167730371	4.093399266977	-333.195954193358	152.802103096173	1611.365314186903	968.794417915380	-1111.560372259522	454.456939917025	
0.405172413793	-0.846779147347	0.387651951232	4.093896837660	-333.334340927903	152.599066802914	1611.561182727427	969.141656298464	-1111.680474985870	454.571289754772	
0.406034482759	-0.846452681942	0.388127045692	4.094510046078	-333.205827925452	152.786087585136	1611.802572025314	969.451881716373	-1111.764634793006	454.470721522857	
0.406896551724	-0.846318799824	0.388253061935	4.093388699441	-333.153125272308	152.835693839238	1611.361154280063	968.790794750025	-1111.541701114176	454.441058581348	
0.407758620690	-0.846825708247	0.387803291283	4.093954466685	-333.352669611050	152.658641765614	1611.583868374759	969.150752241703	-1111.717141410101	454.624944957434	
0.408620689655	-0.846566588473	0.388302798262	4.094588405514	-333.250667194701	152.855272528506	1611.833418192350	969.466873210961	-1111.811164152068	454.548160077461	
0.409482758621	-0.846417941141	0.388397513061	4.093432323802	-333.192152220054	152.892556978568	1611.378326995525	968.799061976762	-1111.554737909015	454.490225530198	
0.410344827586	-0.846787841236	0.387881135114	4.093944492500	-333.337763274261	152.689284964694	1611.579942040254	969.145639950193	-1111.680976857106	454.607957955325	
0.411206896552	-0.846490897997	0.388357162108	4.094612016236	-333.220871663007	152.876672839135	1611.842712545706	969.470699199741	-1111.790003819244	454.526368139399	
0.412068965517	-0.846458570938	0.388463229166	4.093522830797	-333.208146126903	152.918426102651	1611.413955045460	968.817286327661	-1111.585513609974	454.523991401547	
0.412931034483	-0.846867176111	0.387918122579	4.094036897441	-333.368993422661	152.703845068571	1611.616317215712	969.162572038888	-1111.721081078795	454.654859777998	
0.413793103448	-0.846556282005	0.388326246217	4.094666393814	-333.246610057147	152.864502808482	1611.864118261939	969.482015893336	-1111.803930507169	454.541314391774	
0.414655172414	-0.846405017193	0.388368374963	4.093527049006	-333.187064712030	152.881086775838	1611.415615542119	968.819920892777	-1111.559081895882	454.474347787103	
0.415517241379	-0.846804009136	0.387824222047	4.094063960022	-333.344127763172	152.666881154255	1611.626970392098	969.169489627179	-1111.716806489589	454.608698280040	
0.416379310345	-0.846638044323	0.388283776152	4.094764306972	-333.278795767225	152.847784480952	1611.902661745351	969.506013724084	-1111.858697715106	454.564025069545	
0.417241379310	-0.846541445898	0.388360000816	4.093637755628	-333.240769828396	152.877790295545	1611.459195168498	968.847479521815	-1111.624324324937	454.523727641885	
0.418103448276	-0.846927478703	0.387799057864	4.094130134979	-333.392731518773	152.656975281573	1611.653020142812	969.185708923778	-1111.748500244755	454.636188766663	
0.418965517241	-0.846624159824	0.388223914188	4.094784120870	-333.273330138746	152.824219837829	1611.910461479720	969.514207371620	-1111.842047156362	454.532880814655	
0.419827586207	-0.846484075820	0.388320270467	4.093690367968	-333.218186115198	152.862150456469	1611.479905999091	968.862651729762	-1111.622744931123	454.495940759493	
0.420689655172	-0.846978208368	0.387796739107	4.094238037983	-333.412701235026	152.656062503462	1611.695496125754	969.210505107800	-1111.792994913772	454.668695150022	
0.421551724138	-0.846704249658	0.388222755740	4.094899731710	-333.304857476515	152.823763814978	1611.955971649876	969.542508724405	-1111.892470752364	454.582756495562	
0.422413793103	-0.846538105189	0.388273362735	4.093756562821	-333.239454759154	152.843685242688	1611.505963581986	968.881962135858	-1111.639421093616	454.513261583779	
0.423275862069	-0.846908368151	0.387680757794	4.094232324874	-333.385208655960	152.610406496929	1611.693247162369	969.214658257582	-1111.761358184853	454.617193618731	
0.424137931034	-0.846625208424	0.388099662716	4.094914105717	-333.273742919668	152.775308285633	1611.961629973143	969.553881314188	-1111.880747518068	454.528509868312	
0.425000000000	-0.846603677138	0.388190237247	4.093822407173	-333.265267136201	152.810962920778	1611.531883189955	968.905496756202	-1111.681147591062	454.518792951220	
0.425862068966	-0.847037023292	0.387604538525	4.094283583903	-333.435853711175	152.580402805796	1611.713425262577	969.233740933111	-1111.808732238803	454.640895320817	
0.426724137931	-0.846751948943	0.387986052529	4.094910195301	-333.323634284702	152.730585671645	1611.960090639490	969.562936562304	-1111.892610598743	454.522533862949	
0.427586206897	-0.846602715066	0.388031244500	4.093753916332	-333.264888416868	152.748375476567	1611.504921792259	968.900696429044	-1111.641592715092	454.447728075819	
0.428448275862	-0.846995537819	0.387448284615	4.094229610821	-333.419522967912	152.518893504120	1611.692178776079	969.227345183488	-1111.782534389639	454.569064271147	
0.429310344828	-0.846811632881	0.387863911654	4.094912106470	-333.347128848020	152.682504955262	1611.960842970382	969.567888791666	-1111.912832463019	454.509848148516	
0.430172413793	-0.846673686158	0.387921198791	4.093757987956	-333.292826164292	152.705056018640	1611.506524585814	968.904442830677	-1111.665178508158	454.453180399797	
0.431034482759	-0.847021025515	0.387300745354	4.094176448555	-333.429556191280	152.460814721123	1611.671251467228	969.215491293400	-1111.768981990146	454.545239400663	
0.431896551724	-0.846691349145	0.387674257355	4.094804977098	-333.299779193444	152.607847600968	1611.918671527402	969.545586620438	-1111.854128294275	454.425573132088	
0.432758620690	-0.846518047621	0.387762752494	4.093681029124	-333.231559103831	152.642683684120	1611.476229766166	968.888318680973	-1111.628333392701	454.375005169677	
0.433620689655	-0.846996508852	0.387216157517	4.094156493877	-333.419905214757	152.427516745986	1611.663396314604	969.208760485103	-1111.787327718509	454.537282056593	
0.434482758621	-0.846726292822	0.387644336665	4.094798379708	-333.313534760953	152.596069330889	1611.916074466718	969.543101980573	-1111.885307362147	454.449267003247	
0.435344827586	-0.846554259924	0.387748875931	4.093632096451	-333.245814065669	152.637221179658	1611.456967435261	968.878052853144	-1111.627307814115	454.381086332569	
0.436206896552	-0.846926556208	0.387195709653	4.094049983690	-333.392368378643	152.419467450825	1611.621468613330	969.183856158734	-1111.738005060371	454.489806065557	
0.437068965517	-0.846641226854	0.387665400099	4.094730858805	-333.280048569816	152.604360944886	1611.889494885100	969.526035346952	-1111.854085067837	454.410874406696	
0.437931034483	-0.846590954489	0.387838912695	4.093632232581	-333.260258869194	152.672664122989	1611.457021022680	968.874321106975	-1111.644699826906	454.408691683531	
0.438793103448	-0.846992783875	0.387302556108	4.094044983113	-333.418438878609	152.461527523932	1611.619500137747	969.176076346456	-1111.754482536701	454.537036081514	
0.439655172414	-0.846675157839	0.387731475395	4.094675718979	-333.293405491312	152.630371464271	1611.867789110092	969.509407775629	-1111.831128897803	454.428110539139	
0.440517241379	-0.846487156051	0.387851182069	4.093515253560	-333.219398647469	152.677493958137	1611.410972268283	968.845532615601	-1111.571771043920	454.360916539599	
0.441379310345	-0.846853978319	0.387306787147	4.093936805527	-333.363798115789	152.463193070985	1611.576916065494	969.147030629204	-1111.697540705657	454.487858739137	
0.442241379310	-0.846661938045	0.387773330193	4.094624352038	-333.288201523585	152.646847592203	1611.847568530274	969.494037828045	-1111.830457201870	454.443520249843	
0.443103448276	-0.846516970770	0.387921908235	4.093467518957	-333.231135201864	152.705335290769	1611.392181557366	968.831815054780	-1111.583607241509	454.402851896135	
0.443965517241	-0.846872070443	0.387368969423	4.093834662769	-333.370920074716	152.487671103998	1611.536707601567	969.120559420478	-1111.678100098199	454.511338728489	
0.444827586207	-0.846566360809	0.387830101031	4.094480732296	-333.250577575021	152.669195414360	1611.791032664740	969.460486531651	-1111.769805684152	454.418237053630	
0.445689655172	-0.846399406945	0.388043769322	4.093374851398	-333.184856239651	152.753305868859	1611.355703002151	968.808171204424	-1111.546089666419	454.393304126932	
0.446551724138	-0.846881789332	0.387586153835	4.093826483760	-333.374745912330	152.573165678590	1611.533487937287	969.109945846364	-1111.697397509109	454.578301790218	
0.447413793103	-0.846611913790	0.388098521850	4.094501245994	-333.268509491574	152.774859183868	1611.799107875242	969.457069267970	-1111.796417419931	454.514816406264	
0.448275862069	-0.846418428149	0.388306279426	4.093364271107	-333.192343930665	152.856642887589	1611.351538074224	968.799579904377	-1111.537408929100	454.467199937789	
0.449137931034	-0.846774080623	0.387802880387	4.093763093343	-333.332346413478	152.658480016377	1611.508534319819	969.088631301530	-1111.639462140669	454.589917485078	
0.450000000000	-0.846478776740	0.388309515576	4.094475934261	-333.216100134142	152.857916796755	1611.789143919743	969.445754517450	-1111.758994375758	454.525704588871	
0.450862068966	-0.846409274986	0.388545441408	4.093409672952	-333.188740790865	152.950788925121	1611.369410495929	968.804120543228	-1111.557899873185	454.537665569511	
0.451724137931	-0.846809267909	0.388032670192	4.093809163920	-333.346197877548	152.748936700014	1611.526669987859	969.092625596462	-1111.670772625652	454.677872302669	
0.452586206897	-0.846512811956	0.388490353380	4.094482477596	-333.229498086307	152.929103540780	1611.791719701391	969.445423365101	-1111.762749618099	454.585637422536	
0.453448275862	-0.846344817818	0.388673831040	4.093370058366	-333.163367247205	153.001329462858	1611.353816226821	968.796338730813	-1111.520826175984	454.535133987521	
0.454310344828	-0.846748533453	0.388158644673	4.093805020296	-333.322289778329	152.798526513936	1611.525038851726	969.089875831789	-1111.658017144619	454.676846373884	
0.455172413793	-0.846600050935	0.388650230347	4.094570981360	-333.263839682384	152.992039057837	1611.826559179621	969.461295651770	-1111.813675033561	454.648552679022	
0.456034482759	-0.846476997842	0.388835704433	4.093485791901	-333.215399871641	153.065050872490	1611.399374695923	968.817571942056	-1111.582445083945	454.616051008798	
0.456896551724	-0.846854444982	0.388263240349	4.093881196254	-333.363981817828	152.839700568626	1611.555025492960	969.100836904395	-1111.684139363614	454.725753667248	
0.457758620690	-0.846572483443	0.388677502967	4.094604796319	-333.252987747820	153.002774915923	1611.839870427525	969.465768188459	-1111.791448293720	454.629281865212	
0.458620689655	-0.846415422887	0.388842403192	4.093558070855	-333.191160910132	153.067687836868	1611.427827283144	968.830854826865	-1111.578289510423	454.591197770898	
0.459482758621	-0.846910571363	0.388273883052	4.094011194188	-333.386075949657	152.843890065265	1611.606199138193	969.124564170925	-1111.731935104410	454.754778399100	
0.460344827586	-0.846664517116	0.388662103603	4.094732100672	-333.289216774043	152.996712961093	1611.889983745587	969.493373472846	-1111.845646928460	454.671093771465	
0.461206896552	-0.846491823638	0.388766156777	4.093621403884	-333.221236041582	153.037673459741	1611.452758309569	968.849821987209	-1111.596524247369	454.599205346903	
0.462068965517	-0.846881411262	0.388123648769	4.093988696716	-333.374597085389	152.784750387649	1611.597343015573	969.127353922447	-1111.698263692590	454.694494301831	
0.462931034483	-0.846639454082	0.388502156072	4.094725121847	-333.279350718702	152.933749666409	1611.887236533202	969.502540613845	-1111.831162458141	454.609774371693	
0.463793103448	-0.846610797516	0.388642788502	4.093672753531	-333.268070070518	152.989109577913	1611.472972081555	968.871071341550	-1111.637750396713	454.598633744478	
0.464655172414	-0.847048845598	0.388002377309	4.094033505879	-333.440507558052	152.737011916184	1611.614982128197	969.144019886387	-1111.745412457063	454.711863469069	
0.465517241379	-0.846781634739	0.388337752446	4.094718399037	-333.335320088785	152.869032231706	1611.884590101369	969.509774954461	-1111.840183716008	454.597044826710	
0.466379310345	-0.846607952515	0.388428773711	4.093604516495	-333.266950136730	152.904862723819	1611.446110594186	968.865781613979	-1111.593961628579	454.520887831701	
0.467241379310	-0.847000424656	0.387790079463	4.093983645136	-333.421446669775	152.653440936694	1611.595354462768	969.138421467098	-1111.714998379689	454.633203497934	
0.468103448276	-0.846832951270	0.388164168394	4.094735334426	-333.355520824840	152.800700925261	1611.891256711838	969.517562598416	-1111.861761706010	454.579250280807	
0.468965517241	-0.846670911185	0.388274148982	4.093624920297	-333.291733797188	152.843994748279	1611.454142544487	968.874479739782	-1111.621864980427	454.522959147116	
0.469827586207	-0.847020883264	0.387605570577	4.093936888634	-333.429500194258	152.580809072719	1611.576948780793	969.132283363340	-1111.704895676050	454.607964772133	
0.470689655172	-0.846726825044	0.387944539256	4.094621667806	-333.313744269789	152.714243985103	1611.846511882916	969.501386471028	-1111.803064245348	454.494995280976	
0.471551724138	-0.846555929440	0.388091216405	4.093536600073	-333.246471270012	152.771983397993	1611.419375316593	968.864440763777	-1111.583901209172	454.445682251290	
0.472413793103	-0.847048738670	0.387493813343	4.093908192465	-333.440465465909	152.536815873361	1611.565652542934	969.130530755823	-1111.723398176259	454.599526608384	
0.473275862069	-0.846809683876	0.387880190952	4.094614237243	-333.346361622464	152.688913295843	1611.843586844422	969.503340224726	-1111.836253616873	454.516224479810	
0.474137931034	-0.846620887292	0.388032027627	4.093489662804	-333.272041907598	152.748683754492	1611.400898475602	968.858190580351	-1111.581990457101	454.445633508065	
0.475000000000	-0.846986850407	0.387417966091	4.093801254749	-333.416103171106	152.506958626904	1611.523556545249	969.108282876216	-1111.669732300855	454.543005355302	
0.475862068966	-0.846719811391	0.387837275625	4.094543977376	-333.310983347419	152.672019691028	1611.815929070121	969.488386099177	-1111.799221551812	454.466610915437	
0.476724137931	-0.846640239039	0.388056365323	4.093491841177	-333.279659716789	152.758264280785	1611.401755991218	968.856449120692	-1111.597614679636	454.461966933528	
0.477586206897	-0.847022046156	0.387466944273	4.093804691938	-333.429957966365	152.526238872524	1611.524909593408	969.102310580784	-1111.690885073305	454.581677204705	
0.478448275862	-0.846708154927	0.387863246436	4.094497019474	-333.306394784391	152.682243092613	1611.797444106972	969.474364097719	-1111.784224227815	454.480995561889	
0.479310344828	-0.846486013145	0.388055771510	4.093381802455	-333.218948742709	152.758030526273	1611.358439283400	968.831938215279	-1111.534067382488	454.419049655237	
0.480172413793	-0.846848153610	0.387493781877	4.093711004928	-333.361505220992	152.536803486793	1611.488029732006	969.079162147775	-1111.645838963782	454.546053555120	
0.481034482759	-0.846677969427	0.387962180462	4.094481451703	-333.294512271715	152.721188440250	1611.791315858899	969.467971145233	-1111.800862871212	454.517359366135	
0.481896551724	-0.846509956370	0.388209022890	4.093397259503	-333.228373985661	152.818357883071	1611.364523945528	968.830693914628	-1111.569627100628	454.486411058093	
0.482758620690	-0.846864215153	0.387646170208	4.093688563203	-333.367827842474	152.596791104622	1611.479195554078	969.067403539529	-1111.650123855579	454.593720494902	
0.483620689655	-0.846584473203	0.388097855249	4.094424806555	-333.257707513032	152.774596776767	1611.769017514336	969.450905849280	-1111.760465830666	454.510720925020	
0.484482758621	-0.846406154702	0.388379324785	4.093389880226	-333.187512491962	152.885397169584	1611.361619095739	968.823808201229	-1111.548919368123	454.485786879456	
0.485344827586	-0.846894591282	0.387863733017	4.093755919169	-333.379785395700	152.682434634864	1611.505710208401	969.071643420749	-1111.683660082151	454.656150703132	
0.486206896552	-0.846650984971	0.388313666534	4.094513886729	-333.283889849273	152.859550819988	1611.804083896523	969.460485026018	-1111.803249983759	454.590131585184	
0.487068965517	-0.846436560956	0.388540400766	4.093433216206	-333.199481904206	152.948804678218	1611.378678290351	968.826305067232	-1111.554649022795	454.531257521592	
0.487931034483	-0.846786465670	0.387943628889	4.093724905785	-333.337221783063	152.713885619203	1611.493501799813	969.058887440625	-1111.636425987611	454.632322333120	
0.488793103448	-0.846520924847	0.388366786940	4.094501396843	-333.232691722995	152.880461650894	1611.799167256878	969.455957105455	-1111.772325714108	454.562185744893	
0.489655172414	-0.846446472234	0.388615833737	4.093484652684	-333.203383475679	152.978498843174	1611.398926243241	968.836737120497	-1111.580950215559	454.562553130746	
0.490517241379	-0.846852433845	0.388012732783	4.093778758680	-333.363190134277	152.741088345204	1611.514700974818	969.067416626217	-1111.674884014061	454.681408927961	
0.491379310345	-0.846585651073	0.388391563919	4.094514876599	-333.258171181261	152.890215101054	1611.804473558573	969.458931002390	-1111.781725064127	454.584062181920	
0.492241379310	-0.846401894545	0.388592572785	4.093442663281	-333.185835482610	152.969342176911	1611.382397128217	968.831002540499	-1111.542335678721	454.521795595670	
0.493103448276	-0.846802334368	0.387993769519	4.093758473952	-333.343468491298	152.733623462190	1611.506715898136	969.064011399084	-1111.652274709785	454.641895773373	
0.493965517241	-0.846677056532	0.388410648109	4.094569227608	-333.294152910953	152.897727586118	1611.825868815972	969.471001839161	-1111.814626146915	454.607535202447	
0.494827586207	-0.846524734288	0.388616255774	4.093509200707	-333.234191308379	152.978664977723	1611.408589564946	968.845351182775	-1111.582843132046	454.562354799931	
0.495689655172	-0.846882898092	0.387963809327	4.093765711113	-333.375182375557	152.721829642472	1611.509564804356	969.064109946699	-1111.653686348048	454.649545155121	
0.496551724138	-0.846607686844	0.388310895649	4.094512086421	-333.266845555539	152.858460062246	1611.803375206019	969.461092220122	-1111.763583354519	454.548565390885	
0.497413793103	-0.846415050142	0.388507772442	4.093470060877	-333.191014179166	152.935960548892	1611.393182183221	968.841739374538	-1111.546374970916	454.500840132429	
0.498275862069	-0.846898558691	0.387878102692	4.093779064069	-333.381347165317	152.688091252912	1611.514821190971	969.069108778056	-1111.670993366292	454.646895427681	
0.499137931034	-0.846670693348	0.388222381481	4.094540288192	-333.291648045692	152.823616488282	1611.814476824040	969.470436340871	-1111.795521587277	454.564809647988	
0.500000000000	-0.846468561922	0.388385086486	4.093466574352	-333.212079074368	152.887665261517	1611.391809713929	968.845102183046	-1111.553474326503	454.490024953520	
0.500862068966	-0.846841645178	0.387704291146	4.093717012104	-333.358943178878	152.619670393134	1611.490394454722	969.059008953713	-1111.631828838517	454.573052783976	
