dbx_v3_0_10_0										
Time	Cx	Cy	Cz	Fx	Fy	Fz	Mx	My	Mz	
0.000000000000	0.000000000000	0.000000000000	0.000000000000	0.000000000000	0.000000000000	0.000000000000	0.000000000000	0.000000000000	0.000000000000	
0.000862068966	2.015904816885	0.013488611676	4.624722095284	793.561642676882	5.309796747163	1820.523485096183	849.205798037582	-1310.042665478229	85.738299495961	
0.001724137931	0.280787875528	0.237226499136	1.283911948250	110.532246305124	93.384295113458	505.412391583057	164.106973324868	-371.582142432839	174.184712734107	
0.002586206897	-0.031358976894	0.343096893461	1.037642815803	-12.344472322235	135.060213206191	408.468460675164	283.347994385592	-266.420376341360	133.127738611743	
0.003448275862	-0.049257524621	0.325345699928	1.200486752701	-19.390241952453	128.072449606955	472.572033910627	308.182300293976	-381.370012122560	152.058822370506	
0.004310344828	-0.001252269924	0.312925290356	1.333295745890	-0.492956497439	123.183150995051	524.852340954164	303.588566559383	-423.621976824196	164.399594992448	
0.005172413793	0.001379035387	0.287695606318	1.406869528234	0.542857766694	113.251476968652	553.814686341566	321.556404231775	-427.910170805857	160.938484113737	
0.006034482759	-0.005806202178	0.297124783127	1.489332668768	-2.285613536610	116.963275747793	586.276330718004	330.409572634938	-455.288160373112	168.847042659614	
0.006896551724	-0.001536299354	0.280808521136	1.528122758111	-0.604764782950	110.540373456072	601.546063078466	337.922036584196	-468.465862942970	169.214427201948	
0.007758620690	0.004224690122	0.283978031391	1.552098788578	1.663050757582	111.788052286708	610.984235934387	351.702266691291	-474.067248434410	172.309888528960	
0.008620689655	-0.005136268268	0.293650868713	1.567349222326	-2.021893816636	115.595768112500	616.987574561853	351.551060700209	-481.700272230484	177.333904187749	
0.009482758621	-0.017635067721	0.286456829117	1.621071806664	-6.942050632477	112.763831886529	638.135488847897	360.165274471044	-497.393150845343	176.988914768880	
0.010344827586	-0.021046360910	0.281063697559	1.659548915859	-8.284907400378	110.640823745231	653.282016462608	369.364947877278	-509.132736805375	177.673950660558	
0.011206896552	-0.021381638388	0.291428404781	1.676543140151	-8.416889497950	114.720894401371	659.971798853405	372.673260520529	-516.297115579944	183.304687713351	
0.012068965517	-0.022517702625	0.296634335607	1.700511223264	-8.864101586098	116.770210908093	669.406843230199	377.119632579877	-523.993252253444	186.768894013469	
0.012931034483	-0.025651917397	0.290438456508	1.727435002571	-10.097886337188	114.331200914295	680.005398457155	382.392116381530	-531.717958721572	186.530665760915	
0.013793103448	-0.031135861891	0.288985300702	1.753610379966	-12.256643022613	113.759165618375	690.309345007363	387.294465291421	-540.355171735887	188.092999676361	
0.014655172414	-0.035386328808	0.287344477008	1.777788839886	-13.929840824758	113.113254792113	699.827204288775	391.774672891586	-548.405562856666	189.763296477978	
0.015517241379	-0.039051036434	0.286391027018	1.801459660033	-15.372454275228	112.737928866695	709.145230993950	396.214751455693	-556.317889267096	191.292790358773	
0.016379310345	-0.042401882934	0.290326402785	1.821641839499	-16.691516182828	114.287090926413	717.089953064065	400.055326134963	-563.114669153187	193.847796089968	
0.017241379310	-0.045352644372	0.296194955094	1.840112303846	-17.853084464283	116.597248614346	724.360857873589	403.392638379544	-569.958818771524	197.286000377869	
0.018103448276	-0.047253864997	0.300418486016	1.856373657601	-18.601500634377	118.259843052409	730.762145518477	406.546771073824	-575.696013982868	199.873030173058	
0.018965517241	-0.049573006641	0.302650383455	1.872683295074	-19.514431560812	119.138430266973	737.182440066338	409.913654832002	-581.624718898471	202.195850260834	
0.019827586207	-0.052759853559	0.302073223123	1.888168119677	-20.768934974863	118.911230898734	743.278046736332	413.313809666130	-586.786598837036	203.518150133896	
0.020689655172	-0.055772101873	0.300869414732	1.901947005090	-21.954707586829	118.437351300401	748.702109842409	416.372934786114	-591.195875905547	204.361405475617	
0.021551724138	-0.057064587512	0.299686761618	1.913137405749	-22.463495015118	117.971799484967	753.107215011790	419.174964672563	-594.135193141291	204.675909863839	
0.022413793103	-0.055042574225	0.294984214550	1.915593047711	-21.667528770910	116.120640171834	754.073879336708	421.059823943959	-591.221043658000	201.705634319975	
0.023275862069	-0.049939966348	0.285052121786	1.906684210061	-19.658885379078	112.210868349703	750.566912251498	421.756569077697	-580.560549764032	194.391730093495	
0.024137931034	-0.044823922978	0.273805873583	1.893923211902	-17.644953100854	107.783778775298	745.543540822221	421.850211544680	-567.659451012585	186.045219748820	
0.025000000000	-0.041041958674	0.264908646018	1.884612027027	-16.156181517867	104.281382004186	741.878189609819	422.036924227333	-557.461366677099	179.527479913611	
0.025862068966	-0.038781397757	0.256410011411	1.875569592022	-15.266310914723	100.935891491399	738.318631878674	422.295260909582	-548.056334893614	173.552178704090	
0.026724137931	-0.037392195368	0.250261199163	1.869767017296	-14.719450903981	98.515409379916	736.034446289388	422.568452637106	-541.549023298042	169.394514885221	
0.027586206897	-0.036318760572	0.244620762215	1.864571609442	-14.296892917943	96.295049384295	733.989272154079	422.865984890355	-535.774273447081	165.681453129702	
0.028448275862	-0.035080527391	0.239668668871	1.860742628044	-13.809461989000	94.345656091819	732.481992275372	423.286189752382	-530.908483256876	162.433442694058	
0.029310344828	-0.034047614158	0.235405353843	1.858327296234	-13.402855330400	92.667400626341	731.531196056078	423.758281361138	-526.986905830556	159.696676251098	
0.030172413793	-0.033139779988	0.232082105787	1.856938756988	-13.045486089031	91.359202856035	730.984597091431	424.224467880208	-523.911527769012	157.540574443695	
0.031034482759	-0.032382048438	0.228948175194	1.855349192316	-12.747204796758	90.125529972100	730.358864397308	424.648415475904	-520.862085516649	155.434853579347	
0.031896551724	-0.031963054679	0.226394288380	1.854733147090	-12.582267755728	89.120191526198	730.116357976927	425.104769886128	-518.558623356049	153.739047548222	
0.032758620690	-0.031655874235	0.224241059014	1.854540477540	-12.461346065521	88.272572026179	730.040513540576	425.625469798263	-516.627673006490	152.328734216292	
0.033620689655	-0.031345852929	0.222046163704	1.854259744365	-12.339306068994	87.408550712810	729.930002827128	426.130660892983	-514.658721032376	150.878388253581	
0.034482758621	-0.031222726962	0.220434719951	1.855290293298	-12.290837488660	86.774205310611	730.335678778168	426.733859450037	-513.690767491564	149.927434763273	
0.035344827586	-0.031074838076	0.218738498718	1.856037389344	-12.232620976556	86.106487223520	730.629773400406	427.332053632786	-512.625686507129	148.953033944398	
0.036206896552	-0.030622263528	0.216691188669	1.855821816424	-12.054464845986	85.300562900277	730.544913044320	427.948581801728	-510.937614321223	147.722936214225	
0.037068965517	-0.030767612879	0.216547238495	1.858921839485	-12.111681669097	85.243896863453	731.765238216674	428.436819719854	-511.686299049925	147.799364590324	
0.037931034483	-0.030564214830	0.215861131679	1.860334866786	-12.031613955265	84.973810673095	732.321476912438	429.119793753036	-511.263544254686	147.395709376100	
0.038793103448	-0.030494496115	0.215398565816	1.861863998281	-12.004169158664	84.791721457928	732.923420065017	429.679296993574	-510.906240410460	147.051420025294	
0.039655172414	-0.030605634825	0.214878837998	1.863210189023	-12.047918951170	84.587130419050	733.453348525529	430.188763364294	-510.661828417750	146.679623274088	
0.040517241379	-0.031087389150	0.214143788943	1.864496699464	-12.237561711027	84.297778099191	733.959783814735	430.724345833781	-510.585185973408	146.317515395081	
0.041379310345	-0.031523640772	0.213378537911	1.865796677816	-12.409292316276	83.996536760418	734.471520751987	431.206936398763	-510.617490853780	146.067808039158	
0.042241379310	-0.031401320146	0.212795323959	1.867400131805	-12.361140758702	83.766954382300	735.102720980698	431.659072918548	-510.776823571512	145.959363460295	
0.043103448276	-0.031106822922	0.212408568485	1.869130497997	-12.245211822241	83.614707953352	735.783880242841	432.090689412911	-510.994281301653	145.877906831770	
0.043965517241	-0.031203799153	0.212231880397	1.871262835898	-12.283386549872	83.545154624970	736.623275810063	432.621878503034	-511.383453429428	145.871914506526	
0.044827586207	-0.031423959878	0.212069359503	1.873489663764	-12.370052896850	83.481178217819	737.499867385624	433.146414618349	-511.854958063108	145.867203504309	
0.045689655172	-0.031671345277	0.211870536795	1.875827612834	-12.467436246791	83.402911588645	738.420201862235	433.664255860635	-512.396725350692	145.891214870647	
0.046551724138	-0.031844869570	0.211718696216	1.878421251946	-12.535744145746	83.343139491253	739.441188813943	434.227780493691	-513.052558603025	145.965486118569	
0.047413793103	-0.032125254166	0.211682192517	1.881131521191	-12.646117641100	83.328769797133	740.508087258974	434.798112468045	-513.806106819805	146.119850041271	
0.048275862069	-0.032529989624	0.211794437561	1.883733373190	-12.805441896919	83.372955098548	741.532307216682	435.344656649016	-514.566252020254	146.350633512839	
0.049137931034	-0.032859891558	0.211947367351	1.886043402587	-12.935307909807	83.433155964309	742.441651104175	435.849266964954	-515.223562753287	146.585775989299	
0.050000000000	-0.033049996778	0.212101148606	1.888095450027	-13.010142896482	83.493692009427	743.249440302983	436.312603732570	-515.786688058233	146.779062028801	
0.050862068966	-0.033289047508	0.212221429757	1.889886759037	-13.104245300850	83.541040727081	743.954589727133	436.733617320562	-516.259471391710	146.935182988350	
0.051724137931	-0.033551365027	0.212342924821	1.891461380471	-13.207506684879	83.588867301880	744.574440010437	437.123580524267	-516.657784995867	147.076098824413	
0.052586206897	-0.033722143805	0.212438044045	1.892839011136	-13.274733811202	83.626311017893	745.116744808084	437.467759337517	-516.984566603036	147.194573426665	
0.053448275862	-0.033855721659	0.212517300098	1.894122560461	-13.327316780267	83.657510191150	745.622014452646	437.786779017632	-517.270328377992	147.302009701116	
0.054310344828	-0.034008490116	0.212564359929	1.895344874279	-13.387454137219	83.676035310286	746.103178718430	438.093387649227	-517.530239427201	147.391259782230	
0.055172413793	-0.034103439479	0.212560749946	1.896484278771	-13.424830987634	83.674614239176	746.551705698985	438.372201239371	-517.747564248233	147.429776425889	
0.056034482759	-0.034187412433	0.212487841534	1.897547171121	-13.457886970496	83.645913817114	746.970113647576	438.636128870170	-517.926021990963	147.428950435512	
0.056896551724	-0.034252736198	0.212344783250	1.898624324814	-13.483601693955	83.589598873177	747.394135579225	438.905520276998	-518.108058964164	147.394745842143	
0.057758620690	-0.034327088933	0.212204554053	1.899746530709	-13.512870674259	83.534397600024	747.835892325751	439.170471100148	-518.320030436297	147.368911622845	
0.058620689655	-0.034475760079	0.212095704538	1.900892892030	-13.571395123408	83.491548950347	748.287157864570	439.434787226666	-518.549513636561	147.380025958256	
0.059482758621	-0.034669416106	0.212034944188	1.902063598078	-13.647627886639	83.467630616951	748.748006713539	439.698108357702	-518.807758033970	147.429282123435	
0.060344827586	-0.034739386115	0.211951139943	1.903175801863	-13.675171605456	83.434641046393	749.185826125805	439.950436851725	-519.038184583396	147.437122479744	
0.061206896552	-0.034833493908	0.211806480762	1.904183465291	-13.712217171357	83.377695908543	749.582493190063	440.188114984662	-519.231189767071	147.417390324690	
0.062068965517	-0.034890582906	0.211697141951	1.905222891137	-13.734690275353	83.334654646970	749.991663541332	440.427912529107	-519.469332434929	147.425288312056	
0.062931034483	-0.034937945853	0.211654073198	1.906304841616	-13.753334716408	83.317700617247	750.417573729189	440.668988963522	-519.741268737646	147.473830834686	
0.063793103448	-0.035069658961	0.211588341640	1.907361254262	-13.805183627716	83.291825366400	750.833430940166	440.904709930736	-520.015492934086	147.530766545738	
0.064655172414	-0.035256742242	0.211482946048	1.908404098578	-13.878829027434	83.250336354361	751.243946972983	441.138804857643	-520.294843389774	147.582296196345	
0.065517241379	-0.035347173010	0.211347336153	1.909368656454	-13.914427131237	83.196953471485	751.623645521388	441.357598917211	-520.542618518728	147.593621496840	
0.066379310345	-0.035455189651	0.211212539050	1.910299619597	-13.956947919983	83.143890544211	751.990119491333	441.565199293217	-520.792921605684	147.617039538552	
0.067241379310	-0.035580757635	0.211126110921	1.911215528416	-14.006377801347	83.109868080726	752.350667321266	441.763391010593	-521.055991804540	147.663919243567	
0.068103448276	-0.035672788193	0.211095187948	1.912090065666	-14.042605662701	83.097695241279	752.694929218131	441.960455798357	-521.304335272584	147.711827586804	
0.068965517241	-0.035811672841	0.211173057865	1.912952135219	-14.097277653651	83.128348761561	753.034283201996	442.150808496306	-521.563316248241	147.804581244119	
0.069827586207	-0.035979518829	0.211365319135	1.913794909695	-14.163350286020	83.204032478352	753.366041672194	442.330870215281	-521.828093267488	147.933634459833	
0.070689655172	-0.036122869286	0.211600829100	1.914556516410	-14.219780243923	83.296741059243	753.665848424035	442.493866747225	-522.047459621911	148.040499473471	
0.071551724138	-0.036281041897	0.211853340005	1.915274584926	-14.282044948278	83.396142066319	753.948516349095	442.646490945972	-522.246723919120	148.143186093205	
0.072413793103	-0.036381612137	0.212120418891	1.915976928011	-14.321634458641	83.501277763925	754.224993952338	442.795008301159	-522.447966730661	148.246317563273	
0.073275862069	-0.036432366858	0.212380415290	1.916650884675	-14.341614072434	83.603625438263	754.490297230792	442.936105345368	-522.638831155259	148.347095495840	
0.074137931034	-0.036533224369	0.212647962557	1.917307173056	-14.381316667386	83.708945514437	754.748645383839	443.073617856533	-522.838510315114	148.482992857881	
0.075000000000	-0.036639490540	0.212913799257	1.917983170764	-14.423148382870	83.813592225090	755.014752120237	443.210262289354	-523.053860954093	148.636962740523	
0.075862068966	-0.036597302914	0.213062821955	1.918580739339	-14.406541209237	83.872255062664	755.249985200516	443.337353172093	-523.207706092208	148.706005813812	
0.076724137931	-0.036592301093	0.213107219873	1.919144730847	-14.404572240591	83.889732318957	755.472000656607	443.462188831116	-523.345910538933	148.743065219615	
0.077586206897	-0.036588478526	0.213073029384	1.919733865192	-14.403067485637	83.876273220570	755.703913599523	443.591630315636	-523.503296534619	148.765632483027	
0.078448275862	-0.036624031046	0.212986714305	1.920343205983	-14.417062747724	83.842295259537	755.943780816860	443.726033493822	-523.683681175483	148.796198913342	
0.079310344828	-0.036695989236	0.212838699151	1.920923737808	-14.445389114354	83.784029041875	756.172307374617	443.855954732125	-523.854699306778	148.822210448774	
0.080172413793	-0.036780755947	0.212661501771	1.921457211840	-14.478757560157	83.714275230539	756.382309615886	443.979153599347	-524.009613144697	148.838012522303	
0.081034482759	-0.036770199325	0.212481559178	1.921954121125	-14.474601942399	83.643440765328	756.577918131347	444.094320344416	-524.146692241180	148.817559419185	
0.081896551724	-0.036830483804	0.212343901599	1.922417450398	-14.498332948805	83.589251810925	756.760307863132	444.201025908187	-524.275771032751	148.814135916540	
0.082758620690	-0.036912612233	0.212266983085	1.922840085181	-14.530662833720	83.558972810496	756.926678194631	444.298940896946	-524.394377765201	148.822906306820	
0.083620689655	-0.036966945220	0.212269065574	1.923282686611	-14.552051033341	83.559792583395	757.100908403831	444.399348580031	-524.528952765844	148.847759931026	
0.084482758621	-0.037093968679	0.212338497115	1.923734735204	-14.602053862614	83.587124333685	757.278857492020	444.497334800888	-524.672286329184	148.902172780430	
0.085344827586	-0.037272300208	0.212447548332	1.924161000722	-14.672254131977	83.630052384007	757.446657063611	444.586235309890	-524.807396159876	148.971744844641	
0.086206896552	-0.037368514605	0.212583423829	1.924552593221	-14.710128963308	83.683539821257	757.600807588923	444.663116024828	-524.924461249284	149.029210269865	
0.087068965517	-0.037415793006	0.212738112129	1.924930745945	-14.728740122682	83.744432925226	757.749667542350	444.738318031475	-525.028563775745	149.085250854823	
0.087931034483	-0.037403297266	0.212923761150	1.925310047158	-14.723821170153	83.817513727955	757.898979598409	444.812994493496	-525.127784149909	149.143167581107	
0.088793103448	-0.037401999396	0.213140718653	1.925728102690	-14.723310263095	83.902919125341	758.063547306266	444.894147078685	-525.253871230752	149.223309796282	
0.089655172414	-0.037496165823	0.213360548466	1.926171526947	-14.760378910596	83.989455208942	758.238101421540	444.979289584348	-525.399951420018	149.329556825804	
0.090517241379	-0.037611248019	0.213538642536	1.926605722330	-14.805681057315	84.059562002275	758.409022587290	445.062353955103	-525.535434970163	149.429029023297	
0.091379310345	-0.037573989386	0.213627077642	1.927021657139	-14.791014183617	84.094374513197	758.572755471814	445.146078605915	-525.642496216104	149.459442152094	
0.092241379310	-0.037577708814	0.213658951136	1.927452565204	-14.792478337706	84.106921525082	758.742382583631	445.233828167459	-525.757196965166	149.487540754530	
0.093103448276	-0.037574278712	0.213651556556	1.927870682856	-14.791128076745	84.104010646114	758.906974744828	445.317846617318	-525.871792786662	149.508032744193	
0.093965517241	-0.037622243084	0.213629654814	1.928302599212	-14.810009268646	84.095389017696	759.076998770742	445.406480623872	-526.013109937138	149.549105983524	
0.094827586207	-0.037699751123	0.213572855317	1.928724140675	-14.840520335514	84.073029875770	759.242938716666	445.498329641854	-526.153514674155	149.592274424988	
0.095689655172	-0.037762736422	0.213498631406	1.929112770512	-14.865314520896	84.043811606965	759.395922988899	445.584920178472	-526.272921715070	149.625221085900	
0.096551724138	-0.037711072561	0.213421191510	1.929469729317	-14.844977023852	84.013327364356	759.536439948635	445.665523891561	-526.368931362119	149.621818704644	
0.097413793103	-0.037742814841	0.213373101072	1.929800914822	-14.857472383603	83.994396546813	759.666811239394	445.740402608065	-526.467117198431	149.639093734381	
0.098275862069	-0.037789351825	0.213318361149	1.930075864587	-14.875791683625	83.972848156601	759.775045311443	445.806269279821	-526.539900299856	149.641718356390	
0.099137931034	-0.037830788199	0.213275402249	1.930355893632	-14.892103126831	83.955937370398	759.885278843841	445.876114887925	-526.629047212723	149.650019158946	
0.100000000000	-0.037951297708	0.213241689760	1.930608573325	-14.939541737791	83.942666437236	759.984746294439	445.939045448452	-526.723659261104	149.683954241688	
0.100862068966	-0.038067730359	0.213213903617	1.930814221837	-14.985375491806	83.931728412267	760.065699903479	445.990882825560	-526.798348900968	149.718529554756	
0.101724137931	-0.038080669030	0.213215674557	1.930990518225	-14.990468804050	83.932425543426	760.135099039087	446.031037165924	-526.855052005020	149.737136316385	
0.102586206897	-0.038068991178	0.213250173731	1.931161703172	-14.985871813762	83.946006155365	760.202486053653	446.070889099003	-526.905113870595	149.755992464123	
0.103448275862	-0.038036201886	0.213330672445	1.931312151158	-14.972964297242	83.977694502683	760.261709956552	446.104922685628	-526.936193795244	149.773737671906	
0.104310344828	-0.038010831543	0.213490611873	1.931514800640	-14.962977252900	84.040654714926	760.341482996910	446.147470888038	-527.001625998348	149.825383798671	
0.105172413793	-0.038102733219	0.213714903600	1.931749904519	-14.999154380065	84.128947232385	760.434031721480	446.191475378582	-527.096761256590	149.925657439343	
0.106034482759	-0.038218529769	0.213905110667	1.931931480679	-15.044737732803	84.203822311666	760.505509241002	446.226397089815	-527.157266481534	150.001996965578	
0.106896551724	-0.038228947313	0.214015984992	1.932070772729	-15.048838602615	84.247468028486	760.560341605962	446.256946172591	-527.183930782472	150.014477625493	
0.107758620690	-0.038263757502	0.214081097712	1.932237830912	-15.062541645620	84.273099674026	760.626104118627	446.290315897826	-527.230721670426	150.028243779169	
0.108620689655	-0.038249584463	0.214135363945	1.932416199633	-15.056962424130	84.294461595818	760.696319028569	446.320661838251	-527.279315669026	150.044146434169	
0.109482758621	-0.038249199955	0.214231672702	1.932631076231	-15.056811062451	84.332373571968	760.780905277016	446.355568896977	-527.356795090173	150.098869346715	
0.110344827586	-0.038285106147	0.214336699431	1.932851811356	-15.070945547500	84.373717380911	760.867797736785	446.395682230437	-527.440994066768	150.166288350957	
0.111206896552	-0.038328537200	0.214418176242	1.933031833362	-15.088042196850	84.405790756071	760.938663462990	446.430377778566	-527.497681051912	150.209621288876	
0.112068965517	-0.038296981034	0.214466975833	1.933195536736	-15.075620101010	84.425000732338	761.003105354205	446.461644755984	-527.535856809871	150.214382241013	
0.112931034483	-0.038340562799	0.214501365008	1.933395128034	-15.092776078016	84.438538043355	761.081674538945	446.497650869706	-527.599833394459	150.236412003341	
0.113793103448	-0.038355294833	0.214502469256	1.933589726384	-15.098575348543	84.438972730709	761.158278248194	446.534048345794	-527.653149665876	150.243629347364	
0.114655172414	-0.038345624431	0.214501560988	1.933794422311	-15.094768591417	84.438615190980	761.238856872195	446.574721202623	-527.712103060970	150.254173098840	
0.115517241379	-0.038412543885	0.214515502910	1.934020860777	-15.121111457974	84.444103433465	761.327994454240	446.619644362640	-527.795695814848	150.294332718089	
0.116379310345	-0.038473942274	0.214519394854	1.934226221186	-15.145280955462	84.445635498371	761.408834651543	446.659322139590	-527.866106979153	150.323303771098	
0.117241379310	-0.038498342915	0.214507773224	1.934395500126	-15.154886276316	84.441060639686	761.475471366263	446.691579994154	-527.907949738186	150.330049875635	
0.118103448276	-0.038500069146	0.214482414836	1.934575685881	-15.155565807755	84.431078301308	761.546401552262	446.729542414601	-527.949905246414	150.326891611097	
0.118965517241	-0.038472173512	0.214464659535	1.934765308920	-15.144584681507	84.424088920721	761.621046728327	446.769697474164	-527.993986986095	150.321865419127	
0.119827586207	-0.038460440917	0.214468531343	1.934969497817	-15.139966141704	84.425613059403	761.701425759764	446.812249418110	-528.050479474342	150.332752787646	
0.120689655172	-0.038569228253	0.214511689350	1.935190997459	-15.182790314690	84.442602224270	761.788619172057	446.857612148566	-528.135774328991	150.393013654487	
0.121551724138	-0.038617985406	0.214527080261	1.935363844875	-15.201983585361	84.448660861738	761.856660618381	446.895996904239	-528.189002611041	150.423467537940	
0.122413793103	-0.038581474543	0.214503236889	1.935485668945	-15.187611071147	84.439274909961	761.904616706460	446.926708316404	-528.204464120647	150.411433893605	
0.123275862069	-0.038569855013	0.214463295378	1.935609514450	-15.183037039048	84.423551919892	761.953368533289	446.959099257181	-528.228152322984	150.397000677701	
0.124137931034	-0.038582366165	0.214413378267	1.935743401349	-15.187962058426	84.403902031519	762.006073158360	446.992404922752	-528.269245243884	150.389395479738	
0.125000000000	-0.038638173630	0.214353186880	1.935869912085	-15.209930686645	84.380207670964	762.055874153985	447.022587790651	-528.317851378652	150.398400340102	
0.125862068966	-0.038706840376	0.214284620918	1.935998192351	-15.236961375676	84.353216655792	762.106371726032	447.055480983957	-528.372799966219	150.419230047262	
0.126724137931	-0.038696837037	0.214200732397	1.936085875952	-15.233023557585	84.320193909729	762.140888406784	447.080347350440	-528.399353934402	150.410581054218	
0.127586206897	-0.038644239883	0.214117897154	1.936153476950	-15.212318669211	84.287585787331	762.167499563536	447.099927655606	-528.410433090280	150.385671565324	
0.128448275862	-0.038648698354	0.214069566684	1.936230284328	-15.214073748157	84.268560480600	762.197734815004	447.118834874107	-528.433360785895	150.384335741217	
0.129310344828	-0.038620490223	0.214047013571	1.936308695231	-15.202969607263	84.259682439585	762.228601294423	447.139635989498	-528.457682319429	150.384568273075	
0.130172413793	-0.038603769232	0.214042072472	1.936381400227	-15.196387383479	84.257737374378	762.257221641802	447.160940345391	-528.482796603445	150.392411442693	
0.131034482759	-0.038664022848	0.214058459261	1.936464513252	-15.220106240706	84.264188039551	762.289939113622	447.182330379326	-528.521684314117	150.423038588879	
0.131896551724	-0.038686693858	0.214081271016	1.936543138442	-15.229030691552	84.273167895173	762.320889947377	447.199274365965	-528.551414747884	150.437009390041	
0.132758620690	-0.038703865715	0.214091370112	1.936618829848	-15.235790399007	84.277143407654	762.350685895910	447.213161469968	-528.571802514999	150.436194487978	
0.133620689655	-0.038720946291	0.214055273082	1.936690121946	-15.242514173924	84.262933799209	762.378750055425	447.227930830503	-528.580867434062	150.412298567361	
0.134482758621	-0.038738111749	0.214002987651	1.936787866401	-15.249271362658	84.242351620957	762.417227194736	447.247328168266	-528.607470212131	150.387997612308	
0.135344827586	-0.038783401535	0.213959626672	1.936920907968	-15.267099702800	84.225282556194	762.469599054314	447.270905661870	-528.659791228446	150.390076467852	
0.136206896552	-0.038890021124	0.213942651406	1.937074877860	-15.309070541682	84.218600236722	762.530209356706	447.294473166462	-528.726635711198	150.428545395524	
0.137068965517	-0.038884632453	0.213926300249	1.937210326292	-15.306949289579	84.212163597918	762.583528679890	447.316132858572	-528.765185126578	150.436513422440	
0.137931034483	-0.038830879853	0.213917414277	1.937328006132	-15.285789559231	84.208665631858	762.629853390426	447.337702721956	-528.784439139614	150.424836065451	
0.138793103448	-0.038806422537	0.213924005751	1.937437262756	-15.276161928297	84.211260368021	762.672862298898	447.357670908494	-528.800983520029	150.417311806109	
0.139655172414	-0.038799081183	0.213960865201	1.937570074583	-15.273272001596	84.225770103558	762.725143721509	447.382056965661	-528.840422564184	150.426838966649	
0.140517241379	-0.038872126867	0.214009123248	1.937706417683	-15.302026460907	84.244766900758	762.778815230895	447.408598381883	-528.894833461752	150.464128201632	
0.141379310345	-0.038965618662	0.214027504412	1.937814729865	-15.338829539276	84.252002652455	762.821452359873	447.433227895468	-528.933997451069	150.497074797970	
0.142241379310	-0.038970526710	0.214023979524	1.937891793400	-15.340761594072	84.250615078954	762.851788447387	447.451741700795	-528.950837467668	150.500521365867	
0.143103448276	-0.038926839288	0.214018909887	1.937952884643	-15.323564025071	84.248619414790	762.875837036897	447.466871413936	-528.960096609981	150.492385604278	
0.143965517241	-0.038930981518	0.214032665886	1.937986051034	-15.325194615178	84.254034468495	762.888892998425	447.475421504036	-528.962210794650	150.500480523171	
0.144827586207	-0.038891633462	0.214064633274	1.938020424424	-15.309705238907	84.266618442071	762.902424095412	447.486927660270	-528.968273302477	150.505707610847	
0.145689655172	-0.038901446482	0.214110519925	1.938061904551	-15.313568137899	84.284681738443	762.918752762058	447.502602802187	-528.987963940296	150.528012907212	
0.146551724138	-0.038975761545	0.214149783480	1.938085448769	-15.342822288735	84.300137850845	762.928020951771	447.514080267157	-529.004457963156	150.560533710904	
0.147413793103	-0.038996816826	0.214174859972	1.938088528875	-15.351110707547	84.310009220569	762.929233436635	447.517891096174	-529.006937618437	150.573117754525	
0.148275862069	-0.038989215467	0.214180437734	1.938087081858	-15.348118429602	84.312204908417	762.928663817814	447.519383999683	-529.004948610998	150.570641793648	
0.149137931034	-0.038956427898	0.214155867742	1.938068300933	-15.335211591708	84.302532922582	762.921270699983	447.519877812384	-528.984587640099	150.549579943533	
0.150000000000	-0.038893153911	0.214147715695	1.938077358008	-15.310303764251	84.299323866468	762.924836020987	447.524165986620	-528.979238769060	150.533280768043	
0.150862068966	-0.038896493244	0.214177341715	1.938143517625	-15.311618293755	84.310986159454	762.950879777476	447.536948308558	-529.014114142438	150.556208030360	
0.151724137931	-0.038994365401	0.214221157956	1.938210990768	-15.350145702929	84.328234438438	762.977440604123	447.547944996914	-529.052879442398	150.603082458697	
0.152586206897	-0.038994189873	0.214240129682	1.938243032376	-15.350076606414	84.335702664878	762.990053794492	447.553453603659	-529.054628467060	150.608596614373	
0.153448275862	-0.038945544755	0.214242236190	1.938283725177	-15.330927438415	84.336531892426	763.006072529857	447.561597423283	-529.053629054977	150.591415636155	
0.154310344828	-0.038920193794	0.214241665490	1.938336382192	-15.320948023821	84.336307236424	763.026800982349	447.570860646086	-529.058363019003	150.578178304640	
0.155172413793	-0.038893560998	0.214265350821	1.938406954153	-15.310464014361	84.345630975412	763.054581659543	447.581263653464	-529.075120871684	150.578994521692	
0.156034482759	-0.038945187529	0.214325235315	1.938524338998	-15.330786816555	84.369204527428	763.100790245392	447.600248041692	-529.128309101687	150.622202398827	
0.156896551724	-0.039003677697	0.214366795516	1.938626867242	-15.353811491593	84.385564715415	763.141150524854	447.620207574412	-529.167310728258	150.656602162809	
0.157758620690	-0.038994423153	0.214391640367	1.938684345693	-15.350168437074	84.395344899725	763.163776937441	447.631879847687	-529.171700307594	150.659827034856	
0.158620689655	-0.038963576280	0.214417468811	1.938747947594	-15.338025554773	84.405512275836	763.188813847939	447.643959018069	-529.182244912767	150.656622590648	
0.159482758621	-0.038987829154	0.214448423251	1.938817726411	-15.347572707088	84.417697501804	763.216282304164	447.655704412739	-529.204411309787	150.668900773850	
0.160344827586	-0.038967739002	0.214457728193	1.938872665792	-15.339664211745	84.421360395534	763.237909210870	447.666913140337	-529.212527324330	150.662945293168	
0.161206896552	-0.038997006598	0.214478405648	1.938966568047	-15.351185411142	84.429500083268	763.274873866498	447.687418906935	-529.250854393240	150.684170812944	
0.162068965517	-0.039060016829	0.214489537775	1.939063170051	-15.375989410901	84.433882248704	763.312901279409	447.707360094514	-529.293194796827	150.712670474849	
0.162931034483	-0.039071449763	0.214487910170	1.939121870797	-15.380489989490	84.433241541463	763.336008849035	447.717925912200	-529.308304703488	150.719401946498	
0.163793103448	-0.039070353134	0.214479709373	1.939165423899	-15.380058301102	84.430013294834	763.353153542914	447.727019633281	-529.314586898979	150.717299927394	
0.164655172414	-0.039044644736	0.214454788386	1.939207261694	-15.369938180894	84.420203139715	763.369623005476	447.739934695892	-529.317324464734	150.701833265048	
0.165517241379	-0.039004751909	0.214429254982	1.939245548652	-15.354234355787	84.410151906250	763.384694680076	447.751434285357	-529.318458239620	150.682911658979	
0.166379310345	-0.039040730538	0.214437213173	1.939321021538	-15.368397355623	84.413284650817	763.414404608582	447.768981981332	-529.353826531647	150.703902295687	
0.167241379310	-0.039145031212	0.214455069914	1.939388242764	-15.409455352691	84.420313963243	763.440866267914	447.782983076459	-529.392730037469	150.744258384667	
0.168103448276	-0.039138047022	0.214434890760	1.939400778354	-15.406706024016	84.412370432151	763.445800907324	447.789076962420	-529.386666559965	150.734573698592	
0.168965517241	-0.039114359553	0.214394525910	1.939391564230	-15.397381443291	84.396480794647	763.442173764194	447.792534624465	-529.366060005428	150.706065789173	
0.169827586207	-0.039099841705	0.214359077851	1.939397830103	-15.391666487370	84.382526653643	763.444640327026	447.798741835709	-529.360390341899	150.684340320865	
0.170689655172	-0.039099424409	0.214341235535	1.939416569172	-15.391502218512	84.375503019731	763.452016968398	447.804189312215	-529.368520748193	150.679189160872	
0.171551724138	-0.039159086568	0.214346045350	1.939451533916	-15.414988248637	84.377396405018	763.465780852036	447.811337455937	-529.393435887038	150.704959613463	
0.172413793103	-0.039204222525	0.214347145528	1.939478142205	-15.432756034148	84.377829490410	763.476255214298	447.819316396882	-529.409333486279	150.724916700776	
0.173275862069	-0.039162245254	0.214340450921	1.939479858496	-15.416231666479	84.375194156032	763.476930832940	447.821076517688	-529.401418514594	150.711667732203	
0.174137931034	-0.039137854239	0.214336581717	1.939480112757	-15.406630134977	84.373671042611	763.477030922797	447.820578933885	-529.391207522324	150.697568906349	
0.175000000000	-0.039153781762	0.214355353350	1.939505000016	-15.412900010029	84.381060502715	763.486827801171	447.823219504135	-529.400276198013	150.703118777897	
0.175862068966	-0.039135306464	0.214369400630	1.939538857030	-15.405627202095	84.386590219167	763.500155626914	447.830552455542	-529.409229268893	150.702636568581	
0.176724137931	-0.039159540224	0.214388802100	1.939587570915	-15.415166830475	84.394227614835	763.519331864568	447.840563950079	-529.428645601961	150.719581909613	
0.177586206897	-0.039208228101	0.214416513952	1.939648008996	-15.434332830495	84.405136394961	763.543123336588	447.851473375176	-529.457041113162	150.748272563027	
0.178448275862	-0.039183526224	0.214442464604	1.939684425915	-15.424608927793	84.415351878602	763.557458869528	447.855421239696	-529.466911265367	150.753040357664	
0.179310344828	-0.039182938014	0.214454654916	1.939699674367	-15.424377378634	84.420150599035	763.563461428145	447.856038909181	-529.463028605647	150.753161995890	
0.180172413793	-0.039141470143	0.214455543965	1.939723019266	-15.408053536622	84.420500573438	763.572651156023	447.861682773739	-529.459140818970	150.739619589265	
0.181034482759	-0.039109629884	0.214472163270	1.939774364525	-15.395519607366	84.427042768986	763.592863235349	447.873133793740	-529.475022004673	150.740910813595	
0.181896551724	-0.039146481390	0.214499813763	1.939841657470	-15.410026216007	84.437927395181	763.619353126954	447.886049961837	-529.506454525962	150.768363143531	
0.182758620690	-0.039239380161	0.214527702705	1.939903526869	-15.446595849883	84.448905887152	763.643708037403	447.896234792275	-529.540214017123	150.810107388591	
0.183620689655	-0.039186681201	0.214509952016	1.939921084016	-15.425850885498	84.441918321818	763.650619414855	447.901863640804	-529.533597890666	150.792290092792	
0.184482758621	-0.039157922390	0.214475619970	1.939920792469	-15.414529969519	84.428403499807	763.650504647253	447.905261942585	-529.517835825044	150.771091743470	
0.185344827586	-0.039104173087	0.214450274263	1.939931970840	-15.393371537269	84.418426153368	763.654905016682	447.909961140220	-529.510713915224	150.751095534773	
0.186206896552	-0.039102364510	0.214455441606	1.939969358238	-15.392659590643	84.420460279747	763.669622579117	447.918606771887	-529.530679830507	150.760079216345	
0.187068965517	-0.039177991322	0.214453048713	1.939994926616	-15.422430111789	84.419518316754	763.679687580194	447.927414016131	-529.551394777317	150.783735379776	
0.187931034483	-0.039237393208	0.214417871478	1.939994064452	-15.445813685252	84.405670785807	763.679348189066	447.932417131723	-529.554097519625	150.789888061510	
0.188793103448	-0.039178232731	0.214354329315	1.939971667555	-15.422525142327	84.380657390983	763.670531642831	447.931615533338	-529.536968680961	150.753709694426	
0.189655172414	-0.039163538933	0.214287809638	1.939950338422	-15.416740923521	84.354471896666	763.662135421769	447.929236511678	-529.526210042937	150.728287682159	
0.190517241379	-0.039161189982	0.214229594689	1.939925399728	-15.415816258450	84.331555561138	763.652318296348	447.923589740209	-529.515834102500	150.709784960020	
0.191379310345	-0.039130489169	0.214182647146	1.939933110893	-15.403730872435	84.313074644477	763.655353799026	447.926741375134	-529.522917364312	150.695644401616	
0.192241379310	-0.039165845217	0.214146436059	1.939954885505	-15.417648793260	84.298820137410	763.663925382793	447.933427199205	-529.540997386871	150.702731212553	
0.193103448276	-0.039207492031	0.214104793836	1.939960919734	-15.434043076173	84.282427661386	763.666300759039	447.935640291236	-529.546550012315	150.706171982571	
0.193965517241	-0.039178267294	0.214060976496	1.939956535716	-15.422538748169	84.265178950239	763.664574988919	447.932213478711	-529.541995586403	150.686608685168	
0.194827586207	-0.039177264387	0.214006515379	1.939951380500	-15.422143953622	84.243740312335	763.662545636430	447.930348367049	-529.537286352332	150.667252217269	
0.195689655172	-0.039127959335	0.213940589904	1.939929651966	-15.402735002459	84.217788725719	763.653992191267	447.927074276316	-529.514787344304	150.630307123055	
0.196551724138	-0.039083967073	0.213912538098	1.939961671388	-15.385417432932	84.206746122486	763.666596647884	447.932974958678	-529.527760299064	150.619111035990	
0.197413793103	-0.039138662817	0.213914875267	1.940022950489	-15.406948431969	84.207666149720	763.690719187553	447.942745699013	-529.566244413439	150.645485050116	
0.198275862069	-0.039226411368	0.213915361899	1.940050978152	-15.441490679932	84.207857712661	763.701752287137	447.945491442025	-529.583595499500	150.671124810265	
0.199137931034	-0.039174750236	0.213886090982	1.940049661060	-15.421154257221	84.196335205628	763.701233813348	447.945657008858	-529.568030375796	150.645048755131	
0.200000000000	-0.039147332847	0.213860438876	1.940067316071	-15.410361392074	84.186237245245	763.708183714815	447.949542520413	-529.564890631210	150.626244154986	
0.200862068966	-0.039098352491	0.213846508464	1.940082828818	-15.391080257746	84.180753533712	763.714290312961	447.951657497396	-529.557232251675	150.606150394591	
0.201724137931	-0.039099125585	0.213887569653	1.940137735995	-15.391384586563	84.196917285061	763.735904542785	447.958907294276	-529.582987998804	150.626420224731	
0.202586206897	-0.039170376220	0.213947454776	1.940206336017	-15.419432424085	84.220491084777	763.762908965590	447.970637057707	-529.622120906230	150.671846935520	
0.203448275862	-0.039206325902	0.213990873962	1.940240471061	-15.433584029090	84.237583062808	763.776346237638	447.978197718755	-529.631913697803	150.694127502097	
0.204310344828	-0.039146981039	0.214029681204	1.940248351686	-15.410222902846	84.252859547359	763.779448448513	447.980452991113	-529.616211114589	150.684908161867	
0.205172413793	-0.039134635451	0.214090987331	1.940285167052	-15.405363057911	84.276992726044	763.793940830177	447.986307569137	-529.623812610682	150.695882756561	
0.206034482759	-0.039134943678	0.214163986380	1.940318401058	-15.405484391407	84.305728827352	763.807023408554	447.990428119476	-529.630538846738	150.712080017706	
0.206896551724	-0.039117313180	0.214241083500	1.940360664746	-15.398544139784	84.336078135860	763.823660524085	447.999574187533	-529.640045599285	150.728723861401	
0.207758620690	-0.039177040228	0.214336314560	1.940432770371	-15.422055713298	84.373565876022	763.852044928994	448.014562067668	-529.674959625465	150.776168696839	
0.208620689655	-0.039207207112	0.214418564194	1.940487195639	-15.433930917926	84.405943473465	763.873469454806	448.024853508892	-529.694905486796	150.807208802874	
0.209482758621	-0.039204790978	0.214493578706	1.940508901128	-15.432979805715	84.435472962710	763.882013828421	448.026771425368	-529.692026763746	150.820810799995	
0.210344827586	-0.039212380219	0.214558424949	1.940536728234	-15.435967313083	84.460999709341	763.892967978496	448.032882946780	-529.693080156598	150.832435900893	
0.211206896552	-0.039180075596	0.214610023151	1.940567993041	-15.423250586769	84.481311359643	763.905275380540	448.041588733879	-529.692288009471	150.831332911056	
0.212068965517	-0.039164264087	0.214668799972	1.940614769078	-15.417026380939	84.504448876012	763.923688784086	448.052253397179	-529.703427299383	150.842462010386	
0.212931034483	-0.039251890576	0.214755288763	1.940693728965	-15.451520579096	84.538495219141	763.954771371363	448.067350459434	-529.747174297364	150.896842913720	
0.213793103448	-0.039315007929	0.214819259459	1.940736356747	-15.476366747569	84.563677306154	763.971551813115	448.074891058208	-529.768002830418	150.930775897023	
0.214655172414	-0.039288201783	0.214834451682	1.940729181535	-15.465814498466	84.569657730089	763.968727288415	448.076309379359	-529.748746641487	150.917537079304	
0.215517241379	-0.039274663232	0.214843574666	1.940726282407	-15.460485043254	84.573248996082	763.967586045451	448.079577416995	-529.736334158749	150.907028152974	
0.216379310345	-0.039243060321	0.214864540642	1.940740530704	-15.448044546029	84.581502259869	763.973194892529	448.085136127911	-529.738533832562	150.903983585019	
0.217241379310	-0.039264430433	0.214903992239	1.940762105878	-15.456456898339	84.597032394790	763.981687967388	448.089341248135	-529.754136760173	150.926087571608	
0.218103448276	-0.039344567752	0.214948100120	1.940790830922	-15.488002982339	84.614395477967	763.992995591098	448.096865919790	-529.779980476818	150.968053575985	
0.218965517241	-0.039340826315	0.214963049352	1.940784061640	-15.486530164301	84.620280248427	763.990330860913	448.098945954104	-529.776173775744	150.972474434293	
0.219827586207	-0.039291946242	0.214960958823	1.940758506381	-15.467288506305	84.619457310610	763.980271024058	448.096031746713	-529.756794505123	150.955272592322	
0.220689655172	-0.039280934557	0.214965663394	1.940741296845	-15.462953752326	84.621309266744	763.973496484256	448.092627406232	-529.747182018923	150.949716318927	
0.221551724138	-0.039277322866	0.214982037767	1.940738766960	-15.461532009217	84.627755044475	763.972500594328	448.092022654126	-529.750129238714	150.953897470656	
0.222413793103	-0.039269810005	0.214983719743	1.940746039345	-15.458574568615	84.628417154975	763.975363371138	448.096164887104	-529.756336855477	150.956241640916	
0.223275862069	-0.039325385222	0.214980768458	1.940764808916	-15.480451772496	84.627255380504	763.982752019415	448.101378694599	-529.773226684796	150.976132837675	
0.224137931034	-0.039315151986	0.214962836909	1.940770418612	-15.476423455627	84.620196619989	763.984960278069	448.102224199389	-529.776474330964	150.972669023656	
0.225000000000	-0.039302967879	0.214938716730	1.940764789310	-15.471627177302	84.610701702877	763.982744301612	448.098655657774	-529.773832768023	150.963120916676	
0.225862068966	-0.039289028350	0.214892552778	1.940741563783	-15.466139877094	84.592529246945	763.973601564689	448.093757868989	-529.756979884661	150.941501257313	
0.226724137931	-0.039238442980	0.214847517603	1.940737979379	-15.446226928282	84.574801134426	763.972190562793	448.094979278767	-529.750048370899	150.915126516505	
0.227586206897	-0.039233295327	0.214819352913	1.940762108183	-15.444200552670	84.563714094425	763.981688874674	448.101381910585	-529.765226772994	150.913159763409	
0.228448275862	-0.039310393240	0.214802382492	1.940792706868	-15.474550173323	84.557033682274	763.993734058054	448.105956962674	-529.790957779530	150.938015584631	
0.229310344828	-0.039330590861	0.214774418676	1.940798273568	-15.482500974205	84.546025716176	763.995925391367	448.104906669384	-529.796257488100	150.940218720578	
0.230172413793	-0.039275819627	0.214717516362	1.940781603896	-15.460940258624	84.523626099895	763.989363369116	448.103520560486	-529.779048498938	150.907195619946	
0.231034482759	-0.039245223872	0.214654913910	1.940753521325	-15.448896228745	84.498982622648	763.978308655311	448.099159660218	-529.755834491640	150.874342077503	
0.231896551724	-0.039198376868	0.214615840763	1.940758040394	-15.430454889221	84.483601464776	763.980087588272	448.099965877818	-529.755355352445	150.852118650213	
0.232758620690	-0.039243876899	0.214608979296	1.940790407624	-15.448365992383	84.480900445794	763.992828959681	448.104974938949	-529.782891583962	150.870367775671	
0.233620689655	-0.039325868248	0.214585636667	1.940801999736	-15.480641915736	84.471711611454	763.997392198734	448.108326198084	-529.796718232902	150.889335163004	
0.234482758621	-0.039308245115	0.214534825926	1.940786735120	-15.473704563276	84.451709945455	763.991383277301	448.107036815882	-529.783777723179	150.869782752139	
0.235344827586	-0.039250231087	0.214479122413	1.940773925873	-15.450867320587	84.429782237785	763.986340912846	448.105593808188	-529.769592773042	150.836566947990	
0.236206896552	-0.039237641468	0.214435782914	1.940757072971	-15.445911412563	84.412721628911	763.979706761747	448.101090143398	-529.756886260455	150.817769372755	
0.237068965517	-0.039216861996	0.214414667276	1.940755218812	-15.437731566350	84.404409450600	763.978976871692	448.098924177411	-529.755591365208	150.808407398494	
0.237931034483	-0.039223398925	0.214398287694	1.940777601337	-15.440304830833	84.397961622430	763.987787760337	448.105355362077	-529.770210574593	150.811613280371	
0.238793103448	-0.039288070225	0.214379405714	1.940793166040	-15.465762710801	84.390528724242	763.993914811230	448.110781034550	-529.782930359575	150.826116597162	
0.239655172414	-0.039273452704	0.214351062857	1.940786332883	-15.460008518340	84.379371548487	763.991224936489	448.109383718561	-529.774108976494	150.815299766481	
0.240517241379	-0.039254139950	0.214330209668	1.940788630844	-15.452406046141	84.371162683419	763.992129529614	448.107369591261	-529.771860351326	150.804557536994	
0.241379310345	-0.039234802700	0.214297953739	1.940778350656	-15.444793930680	84.358465125277	763.988082729988	448.106034875762	-529.757816809600	150.785584649406	
0.242241379310	-0.039178366323	0.214269946318	1.940771897286	-15.422577730843	84.347439994230	763.985542358885	448.106314759551	-529.742902228475	150.759816623256	
0.243103448276	-0.039188587862	0.214275385250	1.940818575391	-15.426601443394	84.349581031810	764.003917211096	448.115978790125	-529.768690904343	150.772055920659	
0.243965517241	-0.039275763393	0.214289844248	1.940865359268	-15.460918122087	84.355272821448	764.022333700970	448.123842907887	-529.799940562335	150.804809611631	
0.244827586207	-0.039299657034	0.214285666609	1.940865275701	-15.470323862030	84.353628292302	764.022300804872	448.122631797292	-529.794415433589	150.808060543793	
0.245689655172	-0.039251110217	0.214254806375	1.940861972635	-15.451213390543	84.341480150412	764.021000551745	448.123873651996	-529.778851139133	150.780766865407	
0.246551724138	-0.039223908556	0.214225894687	1.940869381207	-15.440505447104	84.330099054342	764.023916938640	448.126810588577	-529.771642875784	150.759876502632	
0.247413793103	-0.039180899958	0.214212849798	1.940881278394	-15.423575097248	84.324963928879	764.028600270530	448.128963377555	-529.767524224570	150.744103646849	
0.248275862069	-0.039235882246	0.214247541671	1.940942944497	-15.445218894506	84.338620397231	764.052875153636	448.138534889712	-529.806832520022	150.780059312873	
0.249137931034	-0.039307548345	0.214262877511	1.940985230892	-15.473430279492	84.344657355777	764.069521207988	448.147662571060	-529.831557110178	150.807706650933	
0.250000000000	-0.039297220487	0.214248512924	1.940980306602	-15.469364714415	84.339002731171	764.067582759465	448.148807527430	-529.817212066920	150.795066171586	
0.250862068966	-0.039260728924	0.214228820573	1.940980105273	-15.454999798067	84.331250830333	764.067503506087	448.150464575144	-529.804944352244	150.773181980640	
0.251724137931	-0.039261370580	0.214222410629	1.941003022605	-15.455252385943	84.328727553424	764.076524922267	448.154026778124	-529.812835030702	150.769017682641	
0.252586206897	-0.039255999558	0.214219122043	1.941017235835	-15.453138081453	84.327433000454	764.082119965292	448.155766088669	-529.815267892042	150.765610541009	
0.253448275862	-0.039275981796	0.214224948544	1.941057223902	-15.461004096424	84.329726604691	764.097861281756	448.165755321642	-529.835943655047	150.779318913103	
0.254310344828	-0.039333197383	0.214231009929	1.941097400987	-15.483527032322	84.332112671145	764.113677005480	448.174699224720	-529.860105808007	150.801653552568	
0.255172413793	-0.039319445210	0.214224724362	1.941107166194	-15.478113484700	84.329638355457	764.117521082705	448.176254096224	-529.859242378064	150.796129983196	
0.256034482759	-0.039325083638	0.214226871601	1.941105889972	-15.480333053846	84.330483616584	764.117018697264	448.174209893513	-529.854384161545	150.795173080355	
0.256896551724	-0.039303579661	0.214222511020	1.941109961867	-15.471868005850	84.328767072638	764.118621600280	448.176802291105	-529.849389106766	150.785191103844	
0.257758620690	-0.039262129380	0.214222257767	1.941121580890	-15.455551088008	84.328667379419	764.123195432866	448.181062590391	-529.847747874673	150.773634254967	
0.258620689655	-0.039283183603	0.214246253461	1.941158341967	-15.463839090066	84.338113292795	764.137666443751	448.189243849773	-529.868550177514	150.792298207862	
0.259482758621	-0.039370651073	0.214285763712	1.941200286769	-15.498270690495	84.353666517036	764.154178029774	448.195603297146	-529.901012897955	150.833467991961	
0.260344827586	-0.039371485832	0.214298134054	1.941197735628	-15.498599293695	84.358536106674	764.153173772273	448.194318910132	-529.898877725107	150.835279606756	
0.261206896552	-0.039344098570	0.214280293048	1.941165958483	-15.487818288411	84.351512988091	764.140664687837	448.190303991330	-529.873698617875	150.813148635664	
0.262068965517	-0.039312255621	0.214274623801	1.941152037639	-15.475283300509	84.349281287299	764.135184742936	448.189751704811	-529.862538232561	150.798430319231	
0.262931034483	-0.039281523560	0.214293438738	1.941163313674	-15.463185613601	84.356687793739	764.139623558014	448.192167582784	-529.870366752222	150.800288097458	
0.263793103448	-0.039338443257	0.214341033850	1.941185599644	-15.485592072458	84.375423626376	764.148396437969	448.194091561574	-529.893810961016	150.837908369271	
0.264655172414	-0.039394279235	0.214381418561	1.941195188779	-15.507571924886	84.391321081980	764.152171204210	448.196769758325	-529.906850988982	150.869767250165	
0.265517241379	-0.039343269257	0.214400741018	1.941172923747	-15.487491829250	84.398927374205	764.143406566614	448.193274374903	-529.891708408365	150.859224561503	
0.266379310345	-0.039311596089	0.214411898610	1.941138625268	-15.475023675480	84.403319564003	764.129904958301	448.186576921689	-529.869694264804	150.845821296102	
0.267241379310	-0.039301459625	0.214445106780	1.941124070122	-15.471033452598	84.416391971981	764.124175320006	448.181535602378	-529.865194408459	150.848676503438	
0.268103448276	-0.039299278067	0.214492480513	1.941125181490	-15.470174681527	84.435040658564	764.124612810098	448.180989658302	-529.872534045378	150.863957169430	
0.268965517241	-0.039321750674	0.214528010595	1.941129387911	-15.479021031212	84.449027087886	764.126268669506	448.182784828186	-529.880201907146	150.882897660346	
0.269827586207	-0.039369657841	0.214562115446	1.941134089478	-15.497879704556	84.462452474498	764.128119443093	448.183512537922	-529.889387775849	150.907511436047	
0.270689655172	-0.039320001518	0.214583478417	1.941120421380	-15.478332475641	84.470862015589	764.122738991344	448.178956777167	-529.880696955986	150.898880171299	
0.271551724138	-0.039335734737	0.214601441430	1.941097291586	-15.484525862728	84.477933161940	764.113633939848	448.170842673255	-529.871319242485	150.901289486660	
0.272413793103	-0.039301570766	0.214597746396	1.941067418606	-15.471077203269	84.476478610849	764.101874430785	448.164978719357	-529.851407582797	150.882704892233	
0.273275862069	-0.039275920279	0.214607602403	1.941067940700	-15.460979880141	84.480358431308	764.102079953026	448.165917557010	-529.853261993624	150.878939629071	
0.274137931034	-0.039309511654	0.214624466733	1.941087411930	-15.474203136977	84.486997080756	764.109744809572	448.169868337910	-529.871320469914	150.898134790833	
0.275000000000	-0.039386328403	0.214648097643	1.941100034713	-15.504442077098	84.496299396992	764.114713772677	448.168736491815	-529.888823416714	150.931388060906	
0.275862068966	-0.039340815686	0.214650006266	1.941081224287	-15.486525980235	84.497050726911	764.107309041623	448.163344687048	-529.875819372195	150.920288531385	
0.276724137931	-0.039305320946	0.214638484172	1.941055209368	-15.472553463227	84.492515050576	764.097068259581	448.159154167032	-529.856174797732	150.902441878241	
0.277586206897	-0.039252057331	0.214631891869	1.941028121860	-15.451586222483	84.489919988032	764.086405252671	448.154069376124	-529.834113580923	150.880812248415	
0.278448275862	-0.039233943885	0.214664035835	1.941048143245	-15.444455858034	84.502573471764	764.094286678135	448.156608122603	-529.848193355540	150.890041323978	
0.279310344828	-0.039315250582	0.214713540025	1.941075270891	-15.476462267961	84.522060813441	764.104965485468	448.160437135932	-529.875213655581	150.931400694893	
0.280172413793	-0.039368103426	0.214730325527	1.941068841881	-15.497267808415	84.528668432531	764.102434703306	448.160276459327	-529.874035150992	150.949150970364	
0.281034482759	-0.039304649611	0.214725207520	1.941043671291	-15.472289191778	84.526653726954	764.092526291593	448.156013781178	-529.852212324705	150.926105256936	
0.281896551724	-0.039272492729	0.214723255808	1.941030601291	-15.459630624029	84.525885434830	764.087381281510	448.154045144850	-529.840664686585	150.912415589609	
0.282758620690	-0.039257318349	0.214735704097	1.941011592569	-15.453657224080	84.530785708297	764.079898491295	448.147469111066	-529.828626915393	150.907967147749	
0.283620689655	-0.039247292261	0.214769597161	1.941023439046	-15.449710450896	84.544127725068	764.084561861220	448.149001444854	-529.838012509173	150.919304468763	
0.284482758621	-0.039293086561	0.214799059815	1.941043197185	-15.467737393326	84.555725709325	764.092339659656	448.154911235543	-529.854392801744	150.942844865523	
0.285344827586	-0.039336640960	0.214811300043	1.941035758884	-15.484882597696	84.560544079095	764.089411569944	448.155155278679	-529.851170723024	150.954995316870	
0.286206896552	-0.039292686530	0.214812575762	1.941020102194	-15.467579920981	84.561046266584	764.083248308453	448.150876164250	-529.837087431510	150.940059453361	
0.287068965517	-0.039306103612	0.214814453460	1.941014771724	-15.472861559736	84.561785423068	764.081149966741	448.147909804518	-529.835124345868	150.938990063579	
0.287931034483	-0.039266853541	0.214790124028	1.940986267125	-15.457410755579	84.552208133391	764.069929121392	448.143856066469	-529.811355203209	150.913225398772	
0.288793103448	-0.039240375111	0.214783487960	1.940993326447	-15.446987512230	84.549595843067	764.072708025918	448.146381289868	-529.813775359933	150.905891573791	
0.289655172414	-0.039294094517	0.214789633523	1.941029791056	-15.468134175345	84.552015045895	764.087062332278	448.153587092950	-529.842001382602	150.928493366479	
0.290517241379	-0.039370694390	0.214790187023	1.941041271138	-15.498287742466	84.552232931353	764.091581470782	448.154046299226	-529.855704014694	150.950762238875	
0.291379310345	-0.039339000952	0.214759304717	1.941014450954	-15.485811609473	84.540076100775	764.081023695648	448.148767456339	-529.834428396619	150.929138328229	
0.292241379310	-0.039306992469	0.214717212847	1.941004694757	-15.473211458560	84.523506621386	764.077183165226	448.148546219053	-529.822125772185	150.904116480572	
0.293103448276	-0.039257195325	0.214680443570	1.940999505967	-15.453608795626	84.509032382249	764.075140596288	448.148626989788	-529.810675227567	150.877918864448	
0.293965517241	-0.039243626811	0.214679336202	1.941023484258	-15.448267545241	84.508596466431	764.084579658909	448.151820327076	-529.823506372243	150.881118610846	
0.294827586207	-0.039333834762	0.214704857725	1.941074292946	-15.483777936913	84.518643023182	764.104580516979	448.159692944570	-529.862701906282	150.923601492170	
0.295689655172	-0.039362700526	0.214692223693	1.941084192077	-15.495140955159	84.513669632138	764.108477313583	448.163200244889	-529.866659127073	150.927723375709	
0.296551724138	-0.039317651485	0.214657963978	1.941058150855	-15.477407384180	84.500183283234	764.098226177329	448.160170119280	-529.840714070134	150.899255047530	
0.297413793103	-0.039293018984	0.214631084010	1.941060540719	-15.467710791298	84.489601974337	764.099166947986	448.161498404119	-529.835756431170	150.881961096234	
0.298275862069	-0.039282208161	0.214623872951	1.941076128127	-15.463455107201	84.486763338356	764.105302936725	448.162685881908	-529.842886048423	150.878969807143	
0.299137931034	-0.039277404483	0.214624186799	1.941090387545	-15.461564137742	84.486886884739	764.110916161753	448.165824698325	-529.848675340255	150.882607552254	
0.300000000000	-0.039330486241	0.214637039928	1.941128782361	-15.482459790376	84.491946523587	764.126030294456	448.175045274942	-529.874286382574	150.909476541120	
0.300862068966	-0.039334943201	0.214635390196	1.941142795241	-15.484214274314	84.491297105646	764.131546469444	448.179030815096	-529.880062969331	150.912682192539	
0.301724137931	-0.039311919703	0.214626243195	1.941130113375	-15.475151066314	84.487696385685	764.126554248545	448.175710657346	-529.866957618155	150.900173471246	
0.302586206897	-0.039325004782	0.214623799531	1.941122014682	-15.480302011945	84.486734436387	764.123366195219	448.173497578203	-529.861314988630	150.898527279128	
0.303448275862	-0.039282909921	0.214608696711	1.941122650137	-15.463731355196	84.480789206203	764.123616342096	448.176031908220	-529.855593538069	150.881700945940	
0.304310344828	-0.039263714016	0.214600536955	1.941133613151	-15.456174880589	84.477577115274	764.127931936762	448.179869409564	-529.858455190323	150.876951448314	
0.305172413793	-0.039323841142	0.214617034407	1.941172901771	-15.479843944949	84.484071343174	764.143397915745	448.187844014468	-529.887150360624	150.907672552059	
0.306034482759	-0.039356862772	0.214628519298	1.941189852040	-15.492842920974	84.488592374235	764.150070395035	448.188662454830	-529.901482213559	150.924912066949	
0.306896551724	-0.039333547849	0.214607123443	1.941168337464	-15.483664993525	84.480169888570	764.141601174566	448.184806421094	-529.884250607951	150.907691690764	
0.307758620690	-0.039306343888	0.214571732876	1.941142040145	-15.472956144727	84.466238379379	764.131249225760	448.182156735106	-529.862082106182	150.882266217327	
0.308620689655	-0.039260746543	0.214550268894	1.941142889463	-15.455006733593	84.457789075363	764.131583560089	448.184192643377	-529.858079914470	150.863587772623	
0.309482758621	-0.039268715169	0.214551862984	1.941172114564	-15.458143586001	84.458416589524	764.143088031243	448.189003254138	-529.877965305526	150.873798291321	
0.310344827586	-0.039364863719	0.214564036449	1.941202920785	-15.495992496937	84.463208678218	764.155214911193	448.193442141156	-529.905586303262	150.910688916185	
0.311206896552	-0.039355811788	0.214541418178	1.941200105799	-15.492429201067	84.454304987641	764.154106790944	448.194422364435	-529.901232619819	150.902593071048	
0.312068965517	-0.039314477548	0.214501073021	1.941183036999	-15.476157962662	84.438423102555	764.147387651705	448.192491892428	-529.885269840426	150.875066099521	
0.312931034483	-0.039295479019	0.214457815080	1.941162515628	-15.468679185222	84.421394598801	764.139309407088	448.188475923148	-529.869074072276	150.850522392641	
0.313793103448	-0.039288672903	0.214443882282	1.941169154743	-15.465999954960	84.415909947781	764.141922896867	448.188316246914	-529.875297922688	150.846321626929	
0.314655172414	-0.039306345776	0.214435310578	1.941189205511	-15.472956887771	84.412535693737	764.149815888652	448.193079995392	-529.891165302836	150.854951496967	
0.315517241379	-0.039359814102	0.214420689175	1.941204458891	-15.494004713182	84.406779973072	764.155820387148	448.197340332133	-529.903903607908	150.870349371395	
0.316379310345	-0.039341377854	0.214403085339	1.941203515985	-15.486747277848	84.399850216940	764.155449211800	448.197497451611	-529.900764803383	150.863234257103	
0.317241379310	-0.039311793585	0.214393019540	1.941200251848	-15.475101419669	84.395887811670	764.154164283202	448.194833080590	-529.897738436402	150.852420779623	
0.318103448276	-0.039323129273	0.214384207987	1.941177639140	-15.479563717162	84.392419140511	764.145262782888	448.188259134774	-529.884874434555	150.846634583785	
0.318965517241	-0.039272236247	0.214374729612	1.941167140876	-15.459529659788	84.388687975050	764.141130137568	448.187722645197	-529.874158648940	150.827401654491	
0.319827586207	-0.039281076141	0.214390271414	1.941185448004	-15.463009486953	84.394806010613	764.148336744711	448.193086401920	-529.888225501584	150.838105326753	
0.320689655172	-0.039348891260	0.214411055878	1.941205391362	-15.489704932588	84.402987822393	764.156187454618	448.196648431040	-529.907153639637	150.866295754047	
0.321551724138	-0.039373164903	0.214431769455	1.941202579191	-15.499260260794	84.411141729469	764.155080442768	448.192636495710	-529.910055337614	150.879927878731	
0.322413793103	-0.039336135509	0.214430664934	1.941180818499	-15.484683626809	84.410706934331	764.146514338336	448.188684470874	-529.894840822184	150.864699085348	
0.323275862069	-0.039310255302	0.214417506370	1.941145392148	-15.474495874049	84.405527061007	764.132568742833	448.182788561095	-529.870318485520	150.844274569479	
0.324137931034	-0.039256434911	0.214422650563	1.941131734915	-15.453309458279	84.407552074077	764.127192568371	448.180167198243	-529.860256661552	150.828855791682	
0.325000000000	-0.039290182025	0.214466854800	1.941159113023	-15.466594021491	84.424953087634	764.137969970086	448.183751962535	-529.886318652383	150.857742616969	
0.325862068966	-0.039391547672	0.214510581939	1.941171514291	-15.506496644193	84.442166291574	764.142851733914	448.185021424212	-529.906837529689	150.900909228519	
0.326724137931	-0.039367398326	0.214515272428	1.941141983282	-15.496990245705	84.444012703943	764.131226841511	448.180159023122	-529.887174758944	150.892999258461	
0.327586206897	-0.039310786544	0.214516156429	1.941116826602	-15.474704997679	84.444360691264	764.121323905639	448.175842237475	-529.868587894501	150.873366865312	
0.328448275862	-0.039284695004	0.214525025189	1.941096633632	-15.464434053867	84.447851881766	764.113374935931	448.171398325772	-529.855645505627	150.864131550843	
0.329310344828	-0.039267361398	0.214556944090	1.941086082287	-15.457610673845	84.460416768674	764.109221395202	448.166227108807	-529.852498136369	150.868437362554	
0.330172413793	-0.039292108846	0.214599690514	1.941104109149	-15.467352515494	84.477243913282	764.116317675977	448.170062859331	-529.870272379008	150.892691161390	
0.331034482759	-0.039352291441	0.214627969434	1.941110927398	-15.491043414941	84.488375920387	764.119001681980	448.173369390328	-529.880902012829	150.917388428709	
0.331896551724	-0.039332498931	0.214633742575	1.941085765155	-15.483252086694	84.490648519076	764.109096556167	448.169032927475	-529.863179713731	150.909942955471	
0.332758620690	-0.039304732979	0.214641607883	1.941075209721	-15.472322009896	84.493744700362	764.104941405632	448.164580923154	-529.856177325791	150.902074576851	
0.333620689655	-0.039307601758	0.214650405085	1.941063198939	-15.473451305638	84.497207722155	764.100213357290	448.160862670479	-529.850408720910	150.901353917338	
0.334482758621	-0.039250565280	0.214643633232	1.941042484946	-15.450998876004	84.494541979736	764.092059286533	448.157984306361	-529.831799242645	150.880696706228	
0.335344827586	-0.039263731597	0.214665928440	1.941070879327	-15.456181801068	84.503318496321	764.103236744655	448.164168038185	-529.851812618404	150.897442998732	
0.336206896552	-0.039329384259	0.214686061316	1.941098912863	-15.482025994619	84.511243810101	764.114272156052	448.169114744835	-529.875013163824	150.924859094104	
0.337068965517	-0.039354072359	0.214692207384	1.941085860041	-15.491744474080	84.513663211812	764.109133908193	448.164326100659	-529.868795020419	150.930886798557	
0.337931034483	-0.039318292852	0.214666106064	1.941063467293	-15.477659858581	84.503388418259	764.100318994910	448.160997200430	-529.848954483575	150.907367573514	
0.338793103448	-0.039288084115	0.214634231287	1.941055761078	-15.465768178391	84.490840900792	764.097285440485	448.160993844315	-529.838570362685	150.885041902799	
0.339655172414	-0.039238002446	0.214607758054	1.941050566282	-15.446053512037	84.480419703219	764.095240507517	448.160793125222	-529.828838982772	150.862954584569	
0.340517241379	-0.039281446893	0.214622558587	1.941093366956	-15.463155433925	84.486245938358	764.112089007745	448.166845748154	-529.860859799889	150.889803792428	
0.341379310345	-0.039368826850	0.214626954115	1.941121883816	-15.497552584670	84.487976239443	764.123314679569	448.171532801533	-529.885660447424	150.919702328291	
0.342241379310	-0.039346735527	0.214588727379	1.941102498382	-15.488856327436	84.472928271358	764.115683596884	448.169880859603	-529.867777014360	150.898317350023	
0.343103448276	-0.039309515854	0.214541707778	1.941076323388	-15.474204790065	84.454418988995	764.105379801352	448.166801157954	-529.844658733032	150.868212544880	
0.343965517241	-0.039281735457	0.214507766175	1.941081349536	-15.463269027071	84.441057864987	764.107358346184	448.167708803522	-529.843696548414	150.850735796232	
0.344827586207	-0.039275186615	0.214496835192	1.941095086964	-15.460691073159	84.436754879750	764.112766089597	448.168529031063	-529.851833900062	150.850338028825	
0.345689655172	-0.039297903204	0.214493751543	1.941117067513	-15.469633466303	84.435541000170	764.121418740193	448.174186404722	-529.865906428978	150.863803070839	
0.346551724138	-0.039347536117	0.214493123560	1.941141287564	-15.489171480012	84.435293794405	764.130952972137	448.180212051775	-529.882910134382	150.883318478064	
0.347413793103	-0.039308382552	0.214474817721	1.941137650282	-15.473758665571	84.428087694302	764.129521154608	448.180514954151	-529.874226680116	150.866647562779	
0.348275862069	-0.039307084075	0.214461714730	1.941122020314	-15.473247519447	84.422929697296	764.123368412396	448.176220218689	-529.861716350439	150.857048716090	
0.349137931034	-0.039303192986	0.214453341555	1.941116138444	-15.471715790814	84.419633594088	764.121053011884	448.175345491072	-529.856237603589	150.849904518950	
0.350000000000	-0.039261905259	0.214441885059	1.941124995017	-15.455462862488	84.415123740559	764.124539405041	448.179243192802	-529.856005753509	150.836867762593	
0.350862068966	-0.039282255399	0.214446473185	1.941147876162	-15.463473702376	84.416929857935	764.133546576077	448.185058984919	-529.869039985322	150.848627561343	
0.351724137931	-0.039347125440	0.214467342984	1.941182146132	-15.489009817093	84.425145261662	764.147036961621	448.190656819580	-529.894152150866	150.879169284905	
0.352586206897	-0.039339875709	0.214479542125	1.941185261864	-15.486155957880	84.429947457643	764.148263470851	448.188758516086	-529.895428752693	150.881269115008	
0.353448275862	-0.039319920564	0.214460538438	1.941158955734	-15.478300607875	84.422466649569	764.137908053326	448.184741684223	-529.872263619748	150.860941224979	
0.354310344828	-0.039287901396	0.214446718675	1.941145943568	-15.465696251102	84.417026495133	764.132785809614	448.184122302498	-529.857377208133	150.841208646343	
0.355172413793	-0.039256995252	0.214451094575	1.941167257858	-15.453530036784	84.418749069711	764.141176187261	448.189288974610	-529.866537828144	150.836573618292	
0.356034482759	-0.039317961609	0.214477164232	1.941203738425	-15.477529464443	84.429011399167	764.155536775493	448.193878580169	-529.894113915023	150.867058766493	
0.356896551724	-0.039399378140	0.214496813193	1.941225512488	-15.509579110811	84.436746219799	764.164108143167	448.197277986698	-529.912457782190	150.898448515993	
0.357758620690	-0.039344174091	0.214481743940	1.941215983863	-15.487848017497	84.430814202760	764.160357196408	448.196343278691	-529.899247781069	150.876743563816	
0.358620689655	-0.039321736865	0.214455214322	1.941195569887	-15.479015595336	84.420370809369	764.152321227684	448.193312586464	-529.880967977712	150.854806130251	
0.359482758621	-0.039295957889	0.214442889000	1.941187675673	-15.468867692549	84.415518942229	764.149213667375	448.190913699019	-529.872892736127	150.840363007892	
0.360344827586	-0.039308545708	0.214462602889	1.941209028102	-15.473822891721	84.423279321288	764.157619058659	448.193625722506	-529.890058028349	150.854754819464	
0.361206896552	-0.039347242036	0.214470518047	1.941232405159	-15.489055714960	84.426395126028	764.166821445498	448.199614037230	-529.907336951929	150.872922008566	
0.362068965517	-0.039396930191	0.214471115267	1.941238271058	-15.508615474857	84.426630222060	764.169130558601	448.201757041017	-529.913154710604	150.888738591924	
0.362931034483	-0.039330908702	0.214460872706	1.941226550224	-15.482626092216	84.422598234178	764.164516648198	448.199758622074	-529.900519609058	150.868064907871	
0.363793103448	-0.039338062881	0.214463367477	1.941221028307	-15.485442337317	84.423580301661	764.162342943616	448.196287175530	-529.899615305695	150.868513136000	
0.364655172414	-0.039322099999	0.214454681748	1.941193441178	-15.479158543300	84.420161161698	764.151483260518	448.190651172563	-529.882009279575	150.855297863209	
0.365517241379	-0.039293492870	0.214459127291	1.941195145586	-15.467897337003	84.421911150972	764.152154201517	448.193291648896	-529.883687176982	150.851015840998	
0.366379310345	-0.039331266073	0.214473095760	1.941212863036	-15.482766771386	84.427409843876	764.159128681843	448.198987084592	-529.901002758291	150.870250921130	
0.367241379310	-0.039390828579	0.214485672052	1.941217784511	-15.506213573137	84.432360505618	764.161066022031	448.198588662904	-529.911525741976	150.893523954242	
0.368103448276	-0.039365340132	0.214490127285	1.941196896603	-15.496180036924	84.434114309708	764.152843489977	448.192359492578	-529.900961209904	150.887438742891	
0.368965517241	-0.039337801228	0.214475830187	1.941171154524	-15.485339337550	84.428486252180	764.142710111198	448.188735178676	-529.885327883011	150.871013936219	
0.369827586207	-0.039293478165	0.214455456698	1.941132845614	-15.467891548323	84.420466220835	764.127629795349	448.182178307971	-529.859932466901	150.845957568236	
0.370689655172	-0.039265259040	0.214464243955	1.941139523251	-15.456783079614	84.423925327543	764.130258449553	448.183620393895	-529.867532726540	150.844821613277	
0.371551724138	-0.039346108443	0.214497249570	1.941164997208	-15.488609475586	84.436917999777	764.140286281910	448.186739158067	-529.897888797679	150.883667994008	
0.372413793103	-0.039408813779	0.214502926483	1.941153083241	-15.513293453324	84.439152718397	764.135596344568	448.184075215409	-529.899243495717	150.902716069463	
0.373275862069	-0.039340695454	0.214477809937	1.941118163514	-15.486478650795	84.429265581379	764.121850181717	448.177939253678	-529.873657960537	150.873887174921	
0.374137931034	-0.039305256237	0.214456901910	1.941098539599	-15.472527990392	84.421035129258	764.114125220521	448.174833396842	-529.860929955803	150.854767463429	
0.375000000000	-0.039272171929	0.214446602524	1.941077622771	-15.459504340843	84.416980772042	764.105891303623	448.168665528116	-529.848599721496	150.840481956876	
0.375862068966	-0.039276567426	0.214469151267	1.941087298435	-15.461234629655	84.425857092682	764.109700132480	448.168045143251	-529.861509942560	150.854402274580	
0.376724137931	-0.039326512368	0.214484091346	1.941105418618	-15.480895474029	84.431738260253	764.116833148873	448.172693188959	-529.880314738587	150.877413721698	
0.377586206897	-0.039362663627	0.214480280475	1.941093372455	-15.495126429772	84.430238109605	764.112091172350	448.172026461523	-529.876718466253	150.884528562471	
0.378448275862	-0.039303067689	0.214460196605	1.941064928788	-15.471666467824	84.422332086904	764.100894312717	448.166132674591	-529.854896443843	150.859722297054	
0.379310344828	-0.039303806369	0.214455717568	1.941059196538	-15.471957249431	84.420568912325	764.098637810726	448.162215158444	-529.854549756501	150.857084779796	
0.380172413793	-0.039274812009	0.214445109136	1.941040217625	-15.460543609292	84.416392899410	764.091166754707	448.158490996972	-529.841713966506	150.843746052796	
0.381034482759	-0.039240592089	0.214443745715	1.941039950264	-15.447072925883	84.415856188163	764.091061508283	448.159328817238	-529.839848156793	150.837575464957	
0.381896551724	-0.039287790763	0.214462780581	1.941072042286	-15.465652700377	84.423349269996	764.103694543971	448.166138448608	-529.864946532724	150.863238901794	
0.382758620690	-0.039328303986	0.214477436934	1.941084049970	-15.481600745030	84.429118748449	764.108421372921	448.167307742921	-529.875625743656	150.880629474541	
0.383620689655	-0.039316104697	0.214476366897	1.941058736270	-15.476798490367	84.428697527989	764.098456625999	448.160629677629	-529.857280152958	150.872213378220	
0.384482758621	-0.039283524369	0.214455705296	1.941047176583	-15.463973233102	84.420564081502	764.093906151214	448.159669760948	-529.842964620295	150.851300022079	
0.385344827586	-0.039239468943	0.214438939167	1.941044833030	-15.446630798849	84.413964088789	764.092983610512	448.160837332544	-529.833548014804	150.830709245310	
0.386206896552	-0.039220558053	0.214441025892	1.941060464405	-15.439186520214	84.414785529139	764.099136906991	448.163654495644	-529.839082444838	150.829144084729	
0.387068965517	-0.039315294076	0.214475167719	1.941111189286	-15.476479389124	84.428225471258	764.119104774179	448.170968053344	-529.878393882668	150.873746099071	
0.387931034483	-0.039349043082	0.214473140162	1.941119627900	-15.489764697577	84.427427322873	764.122426637543	448.173118539337	-529.882771270119	150.880924578721	
0.388793103448	-0.039310054770	0.214438081145	1.941087932733	-15.474416934607	84.413626328201	764.109949823772	448.169232576485	-529.853679962542	150.851182109079	
0.389655172414	-0.039281881928	0.214405800162	1.941074841278	-15.463326685383	84.400918907941	764.104796368232	448.168502273284	-529.838589939940	150.827695057659	
0.390517241379	-0.039255730512	0.214395993772	1.941090383843	-15.453032171264	84.397058619045	764.110914704272	448.170463296910	-529.844694549112	150.819662328964	
0.391379310345	-0.039274741409	0.214406161282	1.941108604107	-15.460515817729	84.401061063096	764.118087117801	448.172732804039	-529.856625632335	150.832567855839	
0.392241379310	-0.039331959337	0.214419685553	1.941140898592	-15.483039675039	84.406384896994	764.130799852912	448.180435451093	-529.878838213959	150.859425094327	
0.393103448276	-0.039330177292	0.214418415351	1.941146344732	-15.482338172529	84.405884881682	764.132943728010	448.182713283927	-529.879228346400	150.859342573490	
0.393965517241	-0.039294085787	0.214407907285	1.941133609140	-15.468130738695	84.401748377470	764.127930357680	448.180385237382	-529.864437871475	150.841854517944	
0.394827586207	-0.039304840085	0.214412657606	1.941125747830	-15.472364172047	84.403618343300	764.124835750210	448.177180050192	-529.857661887598	150.841015419874	
0.395689655172	-0.039277146884	0.214418956912	1.941133597390	-15.461462733665	84.406098067377	764.127925732297	448.179200639486	-529.857274249954	150.834708636935	
0.396551724138	-0.039264197709	0.214431043158	1.941157099166	-15.456365286343	84.410855822130	764.137177214707	448.185381578927	-529.866850663454	150.838384430769	
0.397413793103	-0.039319770267	0.214460206891	1.941192260052	-15.478241443316	84.422336136176	764.151018309951	448.192775544975	-529.889231933013	150.868216807173	
0.398275862069	-0.039332521687	0.214490979936	1.941216056053	-15.483261044304	84.434449955841	764.160385614239	448.194836553264	-529.902626346593	150.884810491437	
0.399137931034	-0.039331225754	0.214508991588	1.941215942478	-15.482750899980	84.441540249367	764.160340905433	448.192935593916	-529.899142144583	150.885459022363	
0.400000000000	-0.039306589013	0.214500099502	1.941194590106	-15.473052638208	84.438039876514	764.151935536405	448.190482428853	-529.876295530758	150.865921076686	
0.400862068966	-0.039264578222	0.214507087358	1.941201351007	-15.456515075603	84.440790648535	764.154596967511	448.193649692942	-529.872478901715	150.853906877498	
0.401724137931	-0.039269013293	0.214535118235	1.941242566571	-15.458260942723	84.451825013194	764.170821488664	448.201540038547	-529.896246296770	150.869757829412	
0.402586206897	-0.039368512057	0.214579022140	1.941280971529	-15.497428666166	84.469107800755	764.185939613945	448.206483913246	-529.926801305563	150.915864829525	
0.403448275862	-0.039371571293	0.214596812213	1.941283082977	-15.498632935551	84.476110869317	764.186770786349	448.207081089760	-529.925643285126	150.922634577341	
0.404310344828	-0.039326322390	0.214594370408	1.941272829872	-15.480820688917	84.475149651912	764.182734648158	448.206480583258	-529.912669340927	150.904973595792	
0.405172413793	-0.039303896724	0.214584350855	1.941250886217	-15.471992817518	84.471205451187	764.174096520350	448.203080126796	-529.893215630044	150.886676342944	
0.406034482759	-0.039279882568	0.214604658818	1.941257717802	-15.462539636723	84.479199688163	764.176785776194	448.203372562058	-529.896794519933	150.886457217647	
0.406896551724	-0.039324305289	0.214648748406	1.941286141166	-15.480026656319	84.496555569912	764.187974643714	448.208181055516	-529.922128453108	150.918254873314	
0.407758620690	-0.039378062555	0.214670286196	1.941298596731	-15.501188223387	84.505033928746	764.192877780951	448.212187034958	-529.933794492372	150.942349721433	
0.408620689655	-0.039361116787	0.214682800943	1.941285926628	-15.494517515679	84.509960363212	764.187890190703	448.210621112658	-529.924163221233	150.940970955629	
0.409482758621	-0.039315138335	0.214695295550	1.941275857240	-15.476418081737	84.514878869732	764.183926372516	448.208196113383	-529.916304645648	150.930313400013	
0.410344827586	-0.039329340112	0.214714837493	1.941253941142	-15.482008616429	84.522571562316	764.175299092890	448.201451893518	-529.907336184814	150.933706636885	
0.411206896552	-0.039291700941	0.214729038660	1.941231789740	-15.467191943531	84.528161856919	764.166579185487	448.198048392869	-529.894185521104	150.923607821203	
0.412068965517	-0.039304601298	0.214757007605	1.941240343125	-15.472270173393	84.539171841864	764.169946228620	448.202079951137	-529.905549067389	150.937935596370	
0.412931034483	-0.039367335504	0.214776993271	1.941248993215	-15.496965515738	84.547039206116	764.173351339727	448.204969906097	-529.919931081636	150.962152515998	
0.413793103448	-0.039374514311	0.214785856087	1.941231264688	-15.499791455660	84.550528056750	764.166372498637	448.198959512837	-529.914627154991	150.966195621404	
0.414655172414	-0.039357999629	0.214783019998	1.941202954705	-15.493290445404	84.549411629633	764.155228263688	448.192198014519	-529.902135586546	150.956868836199	
0.415517241379	-0.039327227987	0.214755687075	1.941167266568	-15.481177177469	84.538652014654	764.141179615997	448.186459830668	-529.881008941355	150.933642989630	
0.416379310345	-0.039275781485	0.214731278827	1.941137276794	-15.460925243752	84.529043699397	764.129374131161	448.181405501831	-529.862868505934	150.908776018863	
0.417241379310	-0.039297056586	0.214737877620	1.941156572115	-15.469300194857	84.531641316550	764.136969740734	448.184655919972	-529.884425656046	150.924065631550	
0.418103448276	-0.039396166374	0.214749275260	1.941169456352	-15.508314798076	84.536128001540	764.142041625493	448.185182362435	-529.908194473784	150.959833138079	
0.418965517241	-0.039380028906	0.214716010716	1.941135812527	-15.501962278070	84.523033401868	764.128797721925	448.178721294055	-529.888046263877	150.944153778674	
0.419827586207	-0.039326028413	0.214669210845	1.941105796356	-15.480704964875	84.504610616108	764.116981845311	448.173641030831	-529.866617987734	150.912074855578	
0.420689655172	-0.039290939989	0.214626366771	1.941087186679	-15.466892394293	84.487745031332	764.109656139538	448.170607632267	-529.854052873587	150.887442228083	
0.421551724138	-0.039260384895	0.214602026682	1.941078634546	-15.454864370981	84.478163546893	764.106289589200	448.166105785187	-529.850104170767	150.874271568224	
0.422413793103	-0.039307436036	0.214603054451	1.941105320986	-15.473386069018	84.478568128449	764.116794715989	448.169958357637	-529.875236800329	150.896206647157	
0.423275862069	-0.039360784485	0.214579017471	1.941115161608	-15.494386704959	84.469105962710	764.120668480352	448.173950154476	-529.885843525602	150.906732031539	
0.424137931034	-0.039338783116	0.214532981289	1.941088312899	-15.485725858126	84.450983803644	764.110099476379	448.170029106876	-529.865564541706	150.884804412581	
0.425000000000	-0.039293573761	0.214486477646	1.941075582058	-15.467929179446	84.432677628156	764.105087976259	448.166648464350	-529.852967181660	150.857898719137	
0.425862068966	-0.039298441950	0.214460966825	1.941076577632	-15.469845544089	84.422635284424	764.105479884594	448.164783684848	-529.854833064484	150.852271040047	
0.426724137931	-0.039253568530	0.214426026357	1.941063884639	-15.452181106260	84.408880956549	764.100483283235	448.163290012102	-529.841860640660	150.830310945672	
0.427586206897	-0.039268130347	0.214418790105	1.941088795611	-15.457913370728	84.406032403394	764.110289496164	448.169381599304	-529.858634278707	150.840327052623	
0.428448275862	-0.039318859020	0.214411888447	1.941113425358	-15.477882730929	84.403315563564	764.119985004801	448.175295871225	-529.876662944777	150.856895124369	
0.429310344828	-0.039323311432	0.214401575897	1.941106527181	-15.479635424417	84.399256024604	764.117269534928	448.172578298345	-529.871818431458	150.854911205282	
0.430172413793	-0.039310098066	0.214378390478	1.941082677621	-15.474433978081	84.390129076277	764.107881147159	448.167758672971	-529.853582960612	150.839370575533	
0.431034482759	-0.039270115676	0.214348668581	1.941074867144	-15.458694896184	84.378429040928	764.104806550149	448.168163436176	-529.841841121925	150.816295868258	
0.431896551724	-0.039223442571	0.214333753484	1.941075900067	-15.440322012104	84.372557707593	764.105213160714	448.170322759489	-529.835959832756	150.799707993793	
0.432758620690	-0.039251762450	0.214351748908	1.941110665056	-15.451470142373	84.379641612762	764.118898411098	448.176128216067	-529.859567601844	150.821246807604	
0.433620689655	-0.039347663738	0.214381704426	1.941144933559	-15.489221718306	84.391433612823	764.132388219162	448.180634091383	-529.888701804292	150.861684687783	
0.434482758621	-0.039321601028	0.214368703013	1.941133272993	-15.478962123068	84.386315602100	764.127798033231	448.179999324938	-529.874859158500	150.846443783326	
0.435344827586	-0.039294619974	0.214340511130	1.941104079811	-15.468341021918	84.375217857346	764.116306126953	448.176422591431	-529.848346201388	150.821192216048	
0.436206896552	-0.039255766071	0.214320024738	1.941106516411	-15.453046169213	84.367153382134	764.117265295194	448.177788459307	-529.842169000909	150.801210622259	
0.437068965517	-0.039247904127	0.214327969134	1.941136327714	-15.449951312045	84.370280696163	764.129000525270	448.181609715134	-529.858427187695	150.805940419083	
0.437931034483	-0.039300471422	0.214343260738	1.941165469107	-15.470644446306	84.376300241756	764.140472044759	448.186857107858	-529.877914225841	150.830123555188	
0.438793103448	-0.039356030277	0.214347053566	1.941193779492	-15.492515209093	84.377793289788	764.151616437797	448.193408903238	-529.895315654102	150.850409224431	
0.439655172414	-0.039312022510	0.214327766479	1.941192777812	-15.475191536364	84.370200921144	764.151222126190	448.194429952132	-529.886057480914	150.830094587593	
0.440517241379	-0.039300634710	0.214304727078	1.941183006332	-15.470708724717	84.361131452548	764.147375579716	448.192061532715	-529.873001361407	150.813638194726	
0.441379310345	-0.039307483422	0.214299544758	1.941186069720	-15.473404722488	84.359091430596	764.148581483579	448.191248926187	-529.872520163536	150.811005703514	
0.442241379310	-0.039278163596	0.214293467010	1.941207799060	-15.461862962721	84.356698922946	764.157135245763	448.196805819308	-529.880496056807	150.805076769977	
0.443103448276	-0.039306396174	0.214298503859	1.941235921956	-15.472976727069	84.358681680475	764.168205833854	448.203720283641	-529.896217078740	150.819397910222	
0.443965517241	-0.039358358985	0.214311616262	1.941266411124	-15.493431905989	84.363843382386	764.180207905558	448.209786381673	-529.915568957781	150.842955948498	
0.444827586207	-0.039338697527	0.214324223648	1.941275951312	-15.485692165858	84.368806284424	764.183963404070	448.208897744506	-529.919416915497	150.842775796669	
0.445689655172	-0.039344847011	0.214318381707	1.941258923386	-15.488112912583	84.366506602303	764.177260354761	448.205433511475	-529.906177893707	150.834745189577	
0.446551724138	-0.039306857427	0.214306409156	1.941238746750	-15.473158299432	84.361793603520	764.169317814876	448.203703129198	-529.886781190551	150.813855703508	
0.447413793103	-0.039274179435	0.214320156701	1.941256080384	-15.460294596154	84.367205329111	764.176141206283	448.208794467510	-529.894560480398	150.812447225888	
0.448275862069	-0.039321456534	0.214357774115	1.941294230762	-15.478905242922	84.382013437682	764.191159116005	448.214987673499	-529.923576015698	150.844422761101	
0.449137931034	-0.039409838907	0.214403016437	1.941306974553	-15.513696995280	84.399823093522	764.196175713756	448.215456306335	-529.940405712681	150.885426527201	
0.450000000000	-0.039349148130	0.214417470633	1.941288679784	-15.489806049766	84.405512992928	764.188973971510	448.212475261080	-529.924953018682	150.871558233556	
0.450862068966	-0.039327295475	0.214426059879	1.941265969465	-15.481203744112	84.408894152576	764.180034046209	448.209325811902	-529.908999198878	150.860433023063	
0.451724137931	-0.039288645032	0.214436720762	1.941238922974	-15.465988983645	84.413090813221	764.169387185659	448.204370031544	-529.889786780517	150.845298523768	
0.452586206897	-0.039295377637	0.214488969471	1.941252228912	-15.468639276028	84.433658535671	764.174625072969	448.205280495594	-529.905694026812	150.866614286940	
0.453448275862	-0.039356210043	0.214537771697	1.941269944217	-15.492585974272	84.452869549349	764.181598708884	448.208744029538	-529.927153338566	150.901723071881	
0.454310344828	-0.039398313158	0.214562537427	1.941260060723	-15.509159880112	84.462618587614	764.177708068010	448.207589058822	-529.925902579877	150.919798244556	
0.455172413793	-0.039331227471	0.214572902850	1.941230105805	-15.482751575826	84.466698940204	764.165916304016	448.202410333803	-529.904662893241	150.901252845342	
0.456034482759	-0.039318058899	0.214593360341	1.941217576625	-15.477567762974	84.474752038469	764.160984187686	448.198093705090	-529.901075361170	150.900623021003	
0.456896551724	-0.039315292095	0.214612388663	1.941184536984	-15.476478609325	84.482242544155	764.147978121424	448.189231256425	-529.885495865900	150.898388645770	
0.457758620690	-0.039287814731	0.214635863565	1.941179977374	-15.465662135257	84.491483447659	764.146183229231	448.189458925101	-529.885635848296	150.898907398921	
0.458620689655	-0.039334539492	0.214663546782	1.941190970992	-15.484055354277	84.502380955985	764.150510870785	448.193389491921	-529.901093586407	150.922469412755	
0.459482758621	-0.039373799270	0.214675406390	1.941185518681	-15.499509979586	84.507049494605	764.148364566838	448.191656943356	-529.903816653896	150.937107069511	
0.460344827586	-0.039343437319	0.214684644632	1.941162798976	-15.487557987013	84.510686131913	764.139420946745	448.183867806196	-529.892234111773	150.930688721627	
0.461206896552	-0.039332074899	0.214682490680	1.941142805290	-15.483085166170	84.509838228047	764.131550425575	448.179367234660	-529.882389999262	150.922814650702	
0.462068965517	-0.039286139048	0.214662237394	1.941108053081	-15.465002502147	84.501865514899	764.117870206070	448.173373712757	-529.858052443768	150.897219170428	
0.462931034483	-0.039255424403	0.214664313237	1.941108849328	-15.452911671566	84.502682671199	764.118183649092	448.174078329889	-529.859643177450	150.891550361607	
0.463793103448	-0.039322271597	0.214690817843	1.941138841979	-15.479226092814	84.513116218794	764.129990266756	448.178484521004	-529.888897370300	150.924995248624	
0.464655172414	-0.039394781746	0.214702012218	1.941138541573	-15.507769738465	84.517522888139	764.129872011735	448.176557714148	-529.897150443683	150.948844355601	
0.465517241379	-0.039332920478	0.214671308792	1.941103677895	-15.483418028699	84.505436473899	764.116147912364	448.170160062487	-529.869157819580	150.918428011166	
0.466379310345	-0.039301679841	0.214643651955	1.941085709866	-15.471120141022	84.494549350292	764.109074791462	448.167724490515	-529.854791979132	150.896809517185	
0.467241379310	-0.039256333590	0.214624336949	1.941075939436	-15.453269573229	84.486945991252	764.105228658261	448.165224426347	-529.845341606422	150.877431978062	
0.468103448276	-0.039263283058	0.214636845273	1.941091322037	-15.456005233696	84.491869897511	764.111284024844	448.165331823574	-529.858509971879	150.888598651057	
0.468965517241	-0.039338130280	0.214652826411	1.941120304935	-15.485468869169	84.498160877883	764.122693152563	448.171029549276	-529.883897860420	150.919425288952	
0.469827586207	-0.039361993100	0.214639369500	1.941114615973	-15.494862476542	84.492863560441	764.120453690758	448.172077945625	-529.880309601879	150.920534590817	
0.470689655172	-0.039305971722	0.214605340878	1.941084508940	-15.472809641298	84.479468181215	764.108602046486	448.167061410942	-529.853687571118	150.890234720459	
0.471551724138	-0.039290748840	0.214586800262	1.941085074125	-15.466817148426	84.472169661181	764.108824531721	448.165468099940	-529.851447998795	150.878989983062	
0.472413793103	-0.039284219459	0.214582082734	1.941085391349	-15.464246855209	84.470312604510	764.108949407259	448.164302703198	-529.851216178142	150.875717244654	
0.473275862069	-0.039258570928	0.214573461706	1.941089486856	-15.454150301973	84.466918933714	764.110561605046	448.166175338534	-529.850128334173	150.869256809647	
0.474137931034	-0.039317063897	0.214583493243	1.941122460356	-15.477176079919	84.470867851782	764.123541634886	448.174050663877	-529.874280937800	150.894342690304	
0.475000000000	-0.039332881282	0.214579139306	1.941132526211	-15.483402599248	84.469153923278	764.127504062225	448.176499266925	-529.879599646172	150.898173178719	
0.475862068966	-0.039328797999	0.214568740648	1.941113016894	-15.481795213352	84.465060487686	764.119824212811	448.171118642279	-529.865277343784	150.889676453903	
0.476724137931	-0.039314137272	0.214545227462	1.941099136037	-15.476024013140	84.455804513746	764.114360008506	448.168913638836	-529.852185922497	150.873481857139	
0.477586206897	-0.039267035795	0.214523657650	1.941099309279	-15.457482500010	84.447313549703	764.114428205374	448.171078121599	-529.845162326878	150.853044224596	
0.478448275862	-0.039247109010	0.214519076708	1.941113113790	-15.449638314017	84.445510260409	764.119862355918	448.175081864630	-529.849731964927	150.849958767406	
0.479310344828	-0.039327215723	0.214547658321	1.941160070297	-15.481172349757	84.456761422435	764.138346801386	448.182313914272	-529.885786305671	150.890197874766	
0.480172413793	-0.039368298991	0.214559736626	1.941171202816	-15.497344792785	84.461516051415	764.142729121487	448.183133034314	-529.895322425082	150.905969520831	
0.481034482759	-0.039328420045	0.214532446227	1.941144696984	-15.481646431760	84.450773175917	764.132295091305	448.180415182864	-529.870431402188	150.879781240728	
0.481896551724	-0.039302760634	0.214504559396	1.941123309841	-15.471545595433	84.439795515163	764.123876034936	448.178278273422	-529.850399971489	150.856938457112	
0.482758620690	-0.039259415959	0.214495528295	1.941136952330	-15.454482948865	84.436240418978	764.129246405528	448.180808416877	-529.853734814121	150.844278321707	
0.483620689655	-0.039285226959	0.214517663834	1.941168771874	-15.464643458136	84.444954081719	764.141772180384	448.185258689570	-529.876250543202	150.865232155429	
0.484482758621	-0.039359762912	0.214538661138	1.941196604087	-15.493984562206	84.453219677869	764.152728341004	448.190801426949	-529.898352482952	150.898349738229	
0.485344827586	-0.039351130729	0.214537321628	1.941198591568	-15.490586500555	84.452692379629	764.153510713354	448.192363945918	-529.896442268620	150.896426987836	
0.486206896552	-0.039309376632	0.214522022667	1.941184835570	-15.474149985339	84.446669938068	764.148095659975	448.191157213869	-529.881434182831	150.875569561638	
0.487068965517	-0.039305757642	0.214515472017	1.941168574011	-15.472725368585	84.444091272515	764.141694291430	448.186991290150	-529.869114517933	150.867001214205	
0.487931034483	-0.039295824219	0.214526790478	1.941173801938	-15.468815073320	84.448546788463	764.143752266660	448.186942907974	-529.872843761569	150.868278298042	
0.488793103448	-0.039286902295	0.214534596853	1.941195847322	-15.465302954676	84.451619770833	764.152430439981	448.193267620965	-529.885223972663	150.873454642784	
0.489655172414	-0.039346164749	0.214548492923	1.941212108852	-15.488631640649	84.457089963587	764.158831797136	448.197887159066	-529.899127134385	150.897498322835	
0.490517241379	-0.039340058539	0.214556322915	1.941217419557	-15.486227928834	84.460172242903	764.160922357942	448.197979001121	-529.902387551376	150.900823876498	
0.491379310345	-0.039337166956	0.214562696039	1.941212508748	-15.485089656217	84.462681025089	764.158989216125	448.194864916452	-529.901679960229	150.899590420777	
0.492241379310	-0.039328649309	0.214539863626	1.941176172636	-15.481736681500	84.453693037775	764.144685493073	448.188873194299	-529.877056778228	150.880406908205	
0.493103448276	-0.039280808524	0.214524801909	1.941161029364	-15.462904139504	84.447763987532	764.138724338367	448.188181098957	-529.864769129291	150.860186822741	
0.493965517241	-0.039281056734	0.214529749822	1.941186460857	-15.463001847441	84.449711735310	764.148735454650	448.194211134528	-529.883479506210	150.868728488291	
0.494827586207	-0.039362042758	0.214547576406	1.941212773047	-15.494882024369	84.456729176547	764.159093257578	448.197124642321	-529.909132609386	150.903114843647	
0.495689655172	-0.039379584011	0.214553555276	1.941203431570	-15.501787144747	84.459082760857	764.155415981733	448.193462729275	-529.907253419725	150.911601551130	
0.496551724138	-0.039325698985	0.214531724255	1.941185070846	-15.480575285227	84.450488971435	764.148188276535	448.190935219134	-529.892139669523	150.887595368208	
0.497413793103	-0.039303071129	0.214501224926	1.941153731492	-15.471667821850	84.438482899887	764.135851528820	448.186034035986	-529.869725325125	150.863498382567	
0.498275862069	-0.039258096044	0.214492121614	1.941147191028	-15.453963363712	84.434899377819	764.133276872582	448.184318228560	-529.863959504517	150.848570416259	
0.499137931034	-0.039306477031	0.214519661586	1.941179282777	-15.473008556537	84.445740497487	764.145909801076	448.188498052032	-529.892995778643	150.878484245879	
0.500000000000	-0.039374337742	0.214523718813	1.941196534905	-15.499721949073	84.447337626391	764.152701107140	448.192319089452	-529.909375217549	150.902025188058	
0.500862068966	-0.039354530647	0.214506229340	1.941176338673	-15.491924879145	84.440452889277	764.144750853531	448.189078681361	-529.893457420189	150.890030281829	
