dbx_v3_0_m15_0										
Time	Cx	Cy	Cz	Fx	Fy	Fz	Mx	My	Mz	
0.000000000000	0.000000000000	0.000000000000	0.000000000000	0.000000000000	0.000000000000	0.000000000000	0.000000000000	0.000000000000	0.000000000000	
0.000862068966	1.914887691814	-0.351327550249	-1.336149075878	761.325393956396	-139.681604693730	-531.229181704069	-201.994260785895	522.039622521256	-262.284499495439	
0.001724137931	0.365397541659	0.056925372962	-0.034425339902	145.275583807472	22.632518962507	-13.686904759365	47.202996863790	144.636021699409	-59.199558399125	
0.002586206897	0.104579239404	0.018537738079	-0.244279095213	41.578851323494	7.370275973094	-97.121037016251	9.287153456092	241.207660825861	-139.299855365287	
0.003448275862	0.078525721328	0.050007933670	-0.169908594674	31.220434483533	19.882267751414	-67.552644643017	17.028213170163	174.803878429106	-116.293926429801	
0.004310344828	0.113398641736	-0.007535388339	-0.160986266604	45.085289316447	-2.995936795897	-64.005285201607	17.574834675897	181.754425734414	-124.993051592574	
0.005172413793	0.128992955408	-0.015342555658	-0.168929133414	51.285311934042	-6.099928095265	-67.163228212964	23.516876035417	197.037885430277	-128.261854116431	
0.006034482759	0.129659714934	-0.025277141175	-0.194303436478	51.550403699440	-10.049743149618	-77.251601206715	21.355908620847	200.379184088008	-128.502759352086	
0.006896551724	0.141425661890	-0.038182177554	-0.153438594886	56.228335590951	-15.180556798707	-61.004464752228	28.482819627018	193.619960954288	-131.972041240767	
0.007758620690	0.148073214246	-0.032209594478	-0.129972318315	58.871284541549	-12.805963665449	-51.674689261280	34.912417528074	189.303629972474	-131.071264004409	
0.008620689655	0.144721027988	-0.038964461520	-0.135772458900	57.538514722046	-15.491579032933	-53.980722317252	36.734495989405	192.281788836781	-133.863488764899	
0.009482758621	0.139536150851	-0.042049427580	-0.127155432051	55.477099504085	-16.718106839999	-50.554745228060	40.091281942952	191.958446257080	-135.413961186928	
0.010344827586	0.139985417429	-0.039977170775	-0.115174618817	55.655719929661	-15.894214276907	-45.791386314429	43.579529590388	190.065870012062	-136.044671104691	
0.011206896552	0.143123378910	-0.039577410155	-0.110886856433	56.903317776399	-15.735276542290	-44.086648015602	45.647197416232	189.741606369632	-136.104869682535	
0.012068965517	0.145594351217	-0.043082588807	-0.104018008284	57.885732553580	-17.128873425113	-41.355715780964	47.708048047322	189.209410851929	-137.131673087065	
0.012931034483	0.147084381364	-0.049759120498	-0.092552817350	58.478142120732	-19.783344045790	-36.797359151811	50.164604135362	187.169829056100	-139.081832021893	
0.013793103448	0.146316141721	-0.051737021409	-0.085787845140	58.172703659974	-20.569722378441	-34.107726148757	52.293151952739	186.225028858532	-139.795604453716	
0.014655172414	0.145108912093	-0.053405726244	-0.083072537088	57.692730564962	-21.233169833480	-33.028167811352	53.626386345558	186.744011714596	-140.728239604796	
0.015517241379	0.144156703279	-0.054380156673	-0.078559438632	57.314149223759	-21.620586094479	-31.233839885708	54.925622525983	186.045450895410	-141.191242955782	
0.016379310345	0.144007163197	-0.052957497579	-0.075466037424	57.254694738790	-21.054962063481	-30.003958413602	56.025661808437	185.549310208566	-140.979583498986	
0.017241379310	0.144517215321	-0.050887388398	-0.072340146446	57.457482419631	-20.231923357917	-28.761159585271	56.935726118595	185.036176151683	-140.507851636978	
0.018103448276	0.145803377317	-0.049753337812	-0.068488524993	57.968837624696	-19.781044952402	-27.229823187397	57.845643179480	184.446511797472	-140.331505160136	
0.018965517241	0.146561607015	-0.049938530074	-0.064866739239	58.270296308578	-19.854674111961	-25.789865388419	58.731793016924	183.791065108737	-140.409571250366	
0.019827586207	0.146261722397	-0.051375415446	-0.061218265686	58.151067501421	-20.425954259156	-24.339296993642	59.619449990564	183.017516396190	-140.695247888902	
0.020689655172	0.145649604971	-0.052995081831	-0.057800324009	57.907700466301	-21.069904895803	-22.980383985472	60.474449562589	182.188191536803	-140.998934380063	
0.021551724138	0.145295674990	-0.054572163647	-0.056118632680	57.766984181363	-21.696924663047	-22.311773330477	61.043542570280	182.218187874874	-141.491562756354	
0.022413793103	0.145034789094	-0.056011815170	-0.055676561456	57.663260574872	-22.269304582670	-22.136013650134	61.359347362727	182.997925591383	-142.133351535092	
0.023275862069	0.144479830388	-0.057355316776	-0.056068119689	57.442618832866	-22.803456999939	-22.291690260960	61.514029134845	184.313331676873	-142.902435873270	
0.024137931034	0.143786792961	-0.057857074266	-0.055620536225	57.167079440158	-23.002946881389	-22.113739011861	61.833909065444	184.965199021155	-143.202449114007	
0.025000000000	0.143258725844	-0.058038107854	-0.054645651213	56.957129317471	-23.074922626290	-21.726142016406	62.252514357146	185.188001536271	-143.300383182762	
0.025862068966	0.142906012277	-0.058506962050	-0.053897176001	56.816896657063	-23.261330741222	-21.428561542876	62.614534999877	185.510021305979	-143.576615666033	
0.026724137931	0.142531242006	-0.059414255876	-0.053594647715	56.667894642075	-23.622054679484	-21.308281660612	62.900156235943	186.063609916806	-144.087538647031	
0.027586206897	0.142259328269	-0.060455130325	-0.053599086359	56.559786561728	-24.035887905304	-21.310046386620	63.145665898713	186.747328871223	-144.668988422519	
0.028448275862	0.142102889630	-0.061391998562	-0.053718478050	56.497589332451	-24.408370104771	-21.357514406192	63.366935247321	187.439540732338	-145.172945022774	
0.029310344828	0.142023289248	-0.062183243524	-0.053826479603	56.465941631778	-24.722955072260	-21.400453908636	63.582696426885	188.061187695519	-145.595060712561	
0.030172413793	0.141998404610	-0.062893267115	-0.054055618978	56.456047941305	-25.005247862759	-21.491555661375	63.761307835120	188.728663055323	-146.005076366966	
0.031034482759	0.141962953146	-0.063519160340	-0.054326661563	56.441953067565	-25.254091911807	-21.599317387610	63.928747664486	189.386904711045	-146.394149561127	
0.031896551724	0.141945930060	-0.064066205705	-0.054566629491	56.435184990267	-25.471587449396	-21.694724380903	64.092569219860	189.989205324532	-146.773285630629	
0.032758620690	0.141934652167	-0.064530543239	-0.054752816929	56.430701100156	-25.656199819885	-21.768749204999	64.260372666866	190.523051076271	-147.117121701217	
0.033620689655	0.141923221537	-0.065003977921	-0.054915663826	56.426156484262	-25.844429055204	-21.833494243835	64.421858674600	191.021695600873	-147.450405301419	
0.034482758621	0.141914399520	-0.065552571222	-0.055147867782	56.422649006724	-26.062540024711	-21.925814419657	64.561174856456	191.533226886091	-147.809371623566	
0.035344827586	0.141859035328	-0.066173033294	-0.055395129547	56.400637185698	-26.309224743227	-22.024121313014	64.688452138439	192.024514962995	-148.182659291748	
0.036206896552	0.141802144081	-0.066765991345	-0.055573129574	56.378018234630	-26.544974350857	-22.094890967801	64.814000419543	192.455973758024	-148.522680306541	
0.037068965517	0.141786196955	-0.067269911081	-0.055660583897	56.371677939919	-26.745323902810	-22.129661256146	64.939159765281	192.833954023278	-148.812557841847	
0.037931034483	0.141804556861	-0.067685306746	-0.055727722920	56.378977513217	-26.910477853853	-22.156354541124	65.058508191501	193.188773221882	-149.074901669737	
0.038793103448	0.141786266190	-0.068057941817	-0.055782614011	56.371705466724	-27.058630951308	-22.178178265800	65.171874174604	193.508783468972	-149.324217415274	
0.039655172414	0.141710765336	-0.068416000592	-0.055790278346	56.341687665947	-27.200988771273	-22.181225469355	65.283407816888	193.771868042791	-149.550658794590	
0.040517241379	0.141655877749	-0.068790855244	-0.055704969402	56.319865334577	-27.350024334720	-22.147308145752	65.398256797392	193.981545152548	-149.760140871389	
0.041379310345	0.141656867067	-0.069195131470	-0.055610014780	56.320258669816	-27.510757393869	-22.109555871726	65.510262430324	194.186611173182	-149.974044642905	
0.042241379310	0.141643362854	-0.069618712409	-0.055533165537	56.314889634055	-27.679165664785	-22.079001975483	65.616095985130	194.385686716765	-150.189552200933	
0.043103448276	0.141615495020	-0.069994017633	-0.055484336268	56.303809877467	-27.828380367738	-22.059588323772	65.712424614111	194.565350645695	-150.376445080849	
0.043965517241	0.141620284370	-0.070289538780	-0.055468598581	56.305714037837	-27.945874335829	-22.053331298324	65.797885505100	194.738425136164	-150.527350674613	
0.044827586207	0.141656812028	-0.070496891905	-0.055535782493	56.320236787151	-28.028314261743	-22.080042430616	65.865197010583	194.930603265068	-150.656522673739	
0.045689655172	0.141677761561	-0.070610623389	-0.055670601922	56.328565950216	-28.073531883297	-22.133644244977	65.916283475823	195.129361507707	-150.763518666528	
0.046551724138	0.141666519857	-0.070610969714	-0.055818970709	56.324096447703	-28.073669576120	-22.192633044017	65.954930687768	195.302191227779	-150.832580648258	
0.047413793103	0.141641272295	-0.070555756574	-0.055950600913	56.314058464792	-28.051717810409	-22.244966879450	65.988175860393	195.456417245899	-150.882148828391	
0.048275862069	0.141614998733	-0.070520205164	-0.056091523274	56.303612562341	-28.037583200075	-22.300995111681	66.014595217714	195.618749279843	-150.945298815491	
0.049137931034	0.141558637883	-0.070518275528	-0.056167827219	56.281204487788	-28.036816011333	-22.331332206979	66.042703179443	195.744564077158	-151.008597118948	
0.050000000000	0.141517639300	-0.070542835512	-0.056151715819	56.264904178009	-28.046580625367	-22.324926599985	66.076655439058	195.826891889611	-151.064933200859	
0.050862068966	0.141513649443	-0.070620805485	-0.056074252080	56.263317881678	-28.077580103993	-22.294128390800	66.120758688769	195.896887502460	-151.126761520030	
0.051724137931	0.141522598568	-0.070761683847	-0.055986453633	56.266875895004	-28.133590843168	-22.259221285071	66.165214392241	195.967236218613	-151.207690019727	
0.052586206897	0.141528907608	-0.070929945382	-0.055872904138	56.269384257696	-28.200488645966	-22.214076019252	66.210850673293	196.013239644165	-151.288402023540	
0.053448275862	0.141517826973	-0.071119479477	-0.055739383507	56.264978793811	-28.275844041591	-22.160990583728	66.262359945104	196.046078988002	-151.365678519790	
0.054310344828	0.141536084242	-0.071315696141	-0.055588203190	56.272237560059	-28.353856307930	-22.100883970206	66.312470527767	196.068131002412	-151.441598096857	
0.055172413793	0.141556231787	-0.071534728661	-0.055481614046	56.280247866714	-28.440939754435	-22.058506016506	66.360206427068	196.111251435485	-151.528794627353	
0.056034482759	0.141536296597	-0.071770823549	-0.055401208914	56.272321988796	-28.534806895852	-22.026538361853	66.404836877430	196.156294757471	-151.621003498047	
0.056896551724	0.141529840191	-0.071982137738	-0.055326579606	56.269755036220	-28.618821670715	-21.996867071948	66.446763637271	196.193256989988	-151.699092173383	
0.057758620690	0.141542445217	-0.072150960027	-0.055271792475	56.274766571015	-28.685942419295	-21.975084680138	66.484463587821	196.233739689510	-151.757552257023	
0.058620689655	0.141595043688	-0.072256649273	-0.055209393622	56.295678790540	-28.727962589702	-21.950276002814	66.519741312136	196.267940419784	-151.800602690344	
0.059482758621	0.141651657653	-0.072289348494	-0.055155712786	56.318187498921	-28.740963220126	-21.928933454082	66.551319334817	196.300959720585	-151.825476908843	
0.060344827586	0.141672799613	-0.072282845683	-0.055092819668	56.326593167561	-28.738377817719	-21.903928265464	66.581623617016	196.323668992914	-151.840564858847	
0.061206896552	0.141668254330	-0.072296149895	-0.055045951140	56.324786043430	-28.743667336596	-21.885294169822	66.610570916066	196.351946204085	-151.865187702338	
0.062068965517	0.141668258138	-0.072340340800	-0.054991708886	56.324787557648	-28.761236856945	-21.863728411433	66.640542438218	196.375694653851	-151.891610996980	
0.062931034483	0.141680305441	-0.072425868880	-0.054942831056	56.329577351572	-28.795241304850	-21.844295452607	66.667070219438	196.400555466546	-151.931898125427	
0.063793103448	0.141697864930	-0.072547073218	-0.054886352712	56.336558693011	-28.843430000893	-21.821840664468	66.695228546640	196.420313340623	-151.977740658940	
0.064655172414	0.141706324098	-0.072699690433	-0.054829830359	56.339921908262	-28.904107899558	-21.799368379046	66.723472576821	196.438525370495	-152.026299855273	
0.065517241379	0.141707907843	-0.072890902771	-0.054773754661	56.340551577335	-28.980130534584	-21.777073675941	66.752139707388	196.457835153218	-152.089810489665	
0.066379310345	0.141695519021	-0.073083416002	-0.054724979608	56.335626001351	-29.056670381889	-21.757681579733	66.777427598270	196.471158476418	-152.150833306503	
0.067241379310	0.141661549277	-0.073265407053	-0.054662022054	56.322120233544	-29.129026796781	-21.732650772323	66.803327159065	196.475547175640	-152.207208420368	
0.068103448276	0.141628799078	-0.073401475248	-0.054606602582	56.309099335020	-29.183125098717	-21.710616972912	66.826193251901	196.484002363252	-152.254594418721	
0.068965517241	0.141591714337	-0.073485393307	-0.054548853486	56.294355099445	-29.216489430881	-21.687656956439	66.846637180156	196.493480272850	-152.293456875852	
0.069827586207	0.141537860562	-0.073498351024	-0.054492323054	56.272943793399	-29.221641189631	-21.665181458970	66.865971270548	196.501727776004	-152.314287401317	
0.070689655172	0.141477423456	-0.073439036083	-0.054424554071	56.248915071609	-29.198058620911	-21.638237712996	66.884919290326	196.500503756445	-152.308976189505	
0.071551724138	0.141443555254	-0.073313495238	-0.054371791553	56.235449675133	-29.148145806632	-21.617260271136	66.901586499708	196.503549827267	-152.283984313403	
0.072413793103	0.141441540630	-0.073132086635	-0.054352416357	56.234648696109	-29.076020962449	-21.609557036979	66.910437872780	196.515370333500	-152.245040750229	
0.073275862069	0.141460640332	-0.072910906556	-0.054347955452	56.242242398942	-28.988083684773	-21.607783460044	66.917193557184	196.528762750993	-152.194761145049	
0.074137931034	0.141489931120	-0.072665747931	-0.054320302440	56.253887896979	-28.890612962232	-21.596789113045	66.923349539065	196.523995205764	-152.129501590957	
0.075000000000	0.141531647278	-0.072449275964	-0.054276491580	56.270473501915	-28.804547546452	-21.579370691600	66.932359295517	196.511954471343	-152.069158272943	
0.075862068966	0.141584575000	-0.072306561881	-0.054234161301	56.291516625601	-28.747806957658	-21.562540923246	66.941641779927	196.504755694635	-152.029430940423	
0.076724137931	0.141629655565	-0.072282193885	-0.054205601938	56.309439858998	-28.738118674597	-21.551186226875	66.951530643437	196.510298998173	-152.028216396414	
0.077586206897	0.141660192761	-0.072362187174	-0.054170667187	56.321580906696	-28.769922587683	-21.537296789267	66.964701104182	196.513243833618	-152.050595747929	
0.078448275862	0.141696019276	-0.072520692851	-0.054114022999	56.335824894013	-28.832941634436	-21.514776064504	66.983555249049	196.508336408077	-152.084771685368	
0.079310344828	0.141756641071	-0.072713740255	-0.054052859937	56.359927044739	-28.909693859323	-21.490458715558	67.002608884323	196.502506124170	-152.126277119632	
0.080172413793	0.141808718998	-0.072924963589	-0.054011682484	56.380632305189	-28.993672511876	-21.474087290465	67.018647078179	196.506858782827	-152.181890833483	
0.081034482759	0.141813260933	-0.073127132922	-0.053964540700	56.382438097794	-29.074051454332	-21.455344553114	67.035994232096	196.505042555024	-152.237635747618	
0.081896551724	0.141779180992	-0.073311540810	-0.053917077177	56.368888517733	-29.147368760841	-21.436473897876	67.053658635174	196.502864488922	-152.291532037560	
0.082758620690	0.141738445188	-0.073454313232	-0.053869694185	56.352692684004	-29.204132544465	-21.417635260451	67.070562463353	196.500745201958	-152.335252790090	
0.083620689655	0.141704016818	-0.073533221081	-0.053831519329	56.339004574608	-29.235504905881	-21.402457614492	67.083703004433	196.501647815915	-152.364369985736	
0.084482758621	0.141662119944	-0.073533852232	-0.053792264966	56.322347120668	-29.235755840225	-21.386850775628	67.094046704833	196.498041644570	-152.373635718799	
0.085344827586	0.141605837753	-0.073471000861	-0.053747613763	56.299970319118	-29.210767249568	-21.369098248977	67.104402141836	196.489537478443	-152.364323483835	
0.086206896552	0.141555276285	-0.073352713356	-0.053698410809	56.279867975951	-29.163738234870	-21.349536027014	67.114190548123	196.475841422257	-152.335139836871	
0.087068965517	0.141532807261	-0.073192174052	-0.053657298035	56.270934690370	-29.099910654174	-21.333190317056	67.119923513036	196.463052755972	-152.295565046984	
0.087931034483	0.141526105796	-0.073009839327	-0.053628603779	56.268270307049	-29.027417600528	-21.321781989725	67.123325240372	196.455044840674	-152.252088173521	
0.088793103448	0.141516304180	-0.072840907058	-0.053617521001	56.264373358188	-28.960253125745	-21.317375673365	67.125432918483	196.457351049107	-152.214341814177	
0.089655172414	0.141500535337	-0.072708485880	-0.053621673954	56.258103945931	-28.907604813284	-21.319026814203	67.125736610365	196.465199357063	-152.183882987764	
0.090517241379	0.141505889311	-0.072609035862	-0.053628987554	56.260232590829	-28.868065249430	-21.321934571686	67.125408058681	196.468715619194	-152.153467269326	
0.091379310345	0.141555305457	-0.072526092621	-0.053644365661	56.279879574488	-28.835088487212	-21.328048634315	67.123902942607	196.473452857576	-152.122015845634	
0.092241379310	0.141629074941	-0.072458839418	-0.053671412439	56.309209013388	-28.808349806481	-21.338801953735	67.120191978774	196.483980541971	-152.098816995791	
0.093103448276	0.141687919995	-0.072417417078	-0.053704971483	56.332604763288	-28.791881018551	-21.352144434583	67.115351658391	196.496377897504	-152.088155862231	
0.093965517241	0.141708734337	-0.072419988402	-0.053730268494	56.340880176486	-28.792903331326	-21.362202077638	67.113056818062	196.505812802134	-152.089987776686	
0.094827586207	0.141712474295	-0.072476626364	-0.053732790056	56.342367117579	-28.815421580690	-21.363204605856	67.114633529783	196.509625149847	-152.105573801003	
0.095689655172	0.141722553067	-0.072576222080	-0.053722358702	56.346374258603	-28.855019071314	-21.359057284424	67.118407967917	196.511438565638	-152.131894879809	
0.096551724138	0.141732079306	-0.072704124379	-0.053708854706	56.350161722398	-28.905870757798	-21.353688335146	67.123611753066	196.514011219150	-152.166542083090	
0.097413793103	0.141735538358	-0.072845896093	-0.053690882336	56.351536980013	-28.962236677289	-21.346542839548	67.129475341759	196.515614866596	-152.206210339610	
0.098275862069	0.141730993305	-0.072988176178	-0.053662460203	56.349729947651	-29.018804716663	-21.335242703602	67.137144266322	196.512861739108	-152.244549796513	
0.099137931034	0.141725483425	-0.073118970393	-0.053620446037	56.347539317021	-29.070806177421	-21.318538616014	67.146909953713	196.505061929552	-152.278638000341	
0.100000000000	0.141725333230	-0.073228308428	-0.053576476500	56.347479602334	-29.114277041355	-21.301057107772	67.156990970269	196.498921488603	-152.308633553661	
0.100862068966	0.141716371219	-0.073311514873	-0.053540929476	56.343916465655	-29.147358448607	-21.286924241351	67.166049710131	196.496746849917	-152.334450575374	
0.101724137931	0.141695868209	-0.073360867707	-0.053508479591	56.335764832308	-29.166980260438	-21.274022742476	67.173993859104	196.492144856192	-152.350632053146	
0.102586206897	0.141679599309	-0.073366464538	-0.053468233436	56.329296606256	-29.169205461280	-21.258021584874	67.182288555828	196.481251460672	-152.351015770434	
0.103448275862	0.141681531038	-0.073326732832	-0.053420781637	56.330064627458	-29.153408839430	-21.239155590804	67.191066751890	196.469079834526	-152.339107178351	
0.104310344828	0.141687305137	-0.073250271462	-0.053380514216	56.332360306563	-29.123009154269	-21.223145978189	67.198688284632	196.460833459350	-152.321090143446	
0.105172413793	0.141672442028	-0.073152972223	-0.053353083549	56.326450997857	-29.084324702097	-21.212240031467	67.204538812352	196.453891609588	-152.298901633229	
0.106034482759	0.141642754084	-0.073048757368	-0.053331314486	56.314647597998	-29.042890723609	-21.203585037853	67.209113697334	196.444451525278	-152.272333970105	
0.106896551724	0.141625541806	-0.072947523052	-0.053311153906	56.307804301324	-29.002641754485	-21.195569548619	67.212947925017	196.435952306765	-152.245175730762	
0.107758620690	0.141625177826	-0.072854974175	-0.053297636535	56.307659589463	-28.965845961970	-21.190195281825	67.215785117924	196.433426472669	-152.222338534610	
0.108620689655	0.141625729810	-0.072771125022	-0.053287661396	56.307879048611	-28.932509025253	-21.186229343285	67.218342678801	196.433340835040	-152.202328825854	
0.109482758621	0.141625386489	-0.072690394845	-0.053272592320	56.307742550230	-28.900412138438	-21.180238145806	67.221863816630	196.429823803748	-152.179628740385	
0.110344827586	0.141639351697	-0.072610011937	-0.053254845085	56.313294868969	-28.868453319605	-21.173182159979	67.225942288490	196.425596816887	-152.154713930311	
0.111206896552	0.141663526272	-0.072533126081	-0.053248469725	56.322906251443	-28.837884866245	-21.170647429858	67.228484583542	196.426746307951	-152.132836060723	
0.112068965517	0.141674354027	-0.072465262605	-0.053255345926	56.327211174961	-28.810903551552	-21.173381285375	67.228853015620	196.430541980349	-152.116136960763	
0.112931034483	0.141668184508	-0.072409323929	-0.053264311532	56.324758283537	-28.788663325780	-21.176945851434	67.228508687087	196.432066404093	-152.102359189491	
0.113793103448	0.141662090758	-0.072367712656	-0.053266422832	56.322335516704	-28.772119421327	-21.177785266924	67.228974360317	196.432068064260	-152.091278956338	
0.114655172414	0.141665695819	-0.072337637453	-0.053263491955	56.323768824915	-28.760162054104	-21.176620002202	67.229732514536	196.432595849473	-152.083907728332	
0.115517241379	0.141669174481	-0.072309588148	-0.053259411877	56.325151879120	-28.749010147805	-21.174997835307	67.230319780240	196.432195014650	-152.076650387793	
0.116379310345	0.141670923624	-0.072277078242	-0.053253989381	56.325847307665	-28.736084785468	-21.172841946926	67.230863497272	196.429971579996	-152.067724043514	
0.117241379310	0.141673998626	-0.072240024157	-0.053249253462	56.327069873678	-28.721352738245	-21.170959029723	67.231042695997	196.427960654618	-152.057314880930	
0.118103448276	0.141677063827	-0.072203102176	-0.053247705282	56.328288543528	-28.706673213131	-21.170343500890	67.230437866731	196.426715506509	-152.047612112689	
0.118965517241	0.141674723004	-0.072172735463	-0.053250632681	56.327357873531	-28.694599946660	-21.171507382532	67.229052279949	196.425196637904	-152.040175585155	
0.119827586207	0.141664375912	-0.072157217695	-0.053256597812	56.323244053285	-28.688430357062	-21.173879013065	67.227032127030	196.422629016339	-152.035802414859	
0.120689655172	0.141658417343	-0.072165717699	-0.053264930713	56.320875032031	-28.691809808112	-21.177192026538	67.224602659780	196.422203124016	-152.038311326703	
0.121551724138	0.141656116316	-0.072206189487	-0.053274979782	56.319960184513	-28.707900673251	-21.181187358300	67.222396120618	196.425197100629	-152.050307192976	
0.122413793103	0.141654991814	-0.072278593953	-0.053281631334	56.319513102545	-28.736687405157	-21.183831897498	67.221224129098	196.428253186999	-152.070242625405	
0.123275862069	0.141658779032	-0.072372212899	-0.053278859651	56.321018833094	-28.773908638477	-21.182729925349	67.222120751922	196.428556372922	-152.092498849939	
0.124137931034	0.141677323689	-0.072472868294	-0.053265450200	56.328391860056	-28.813927438817	-21.177398565361	67.224873529808	196.426639330413	-152.114138707355	
0.125000000000	0.141710278097	-0.072572175681	-0.053248964381	56.341493948193	-28.853410295088	-21.170844096028	67.228251418664	196.424896450478	-152.137249590877	
0.125862068966	0.141731461926	-0.072671977849	-0.053233511945	56.349916262906	-28.893089867444	-21.164700481568	67.232352609002	196.423225627590	-152.162260437949	
0.126724137931	0.141734322729	-0.072774394595	-0.053212141823	56.351053667517	-28.933808949477	-21.156204100199	67.237490169596	196.418772456045	-152.187992748133	
0.127586206897	0.141738028099	-0.072881779559	-0.053181224271	56.352526856927	-28.976503307400	-21.143911829373	67.244568908113	196.412764294670	-152.216533092866	
0.128448275862	0.141736226229	-0.072994215749	-0.053147227604	56.351810465521	-29.021205943025	-21.130395357607	67.253138215832	196.407367799421	-152.246409658368	
0.129310344828	0.141729892605	-0.073100703529	-0.053110965095	56.349292328876	-29.063543596180	-21.115978026921	67.262040465183	196.400983460486	-152.273603162394	
0.130172413793	0.141731961794	-0.073187724013	-0.053071728146	56.350115001719	-29.098141397617	-21.100378111594	67.271526516769	196.393204645668	-152.295705752101	
0.131034482759	0.141732661781	-0.073251043577	-0.053038947181	56.350393304178	-29.123316133382	-21.087344981310	67.280474634459	196.387016307023	-152.311422901327	
0.131896551724	0.141730185347	-0.073287203648	-0.053013579106	56.349408717995	-29.137692736530	-21.077259084495	67.287721219827	196.382428559498	-152.320098983681	
0.132758620690	0.141728100950	-0.073298888683	-0.052995062341	56.348579998742	-29.142338499394	-21.069897146863	67.293920580626	196.379291135943	-152.325205595507	
0.133620689655	0.141707061840	-0.073292795085	-0.052986225429	56.340215221545	-29.139915792678	-21.066383747571	67.298581394670	196.376444099639	-152.323838650466	
0.134482758621	0.141691646434	-0.073269880790	-0.052981752860	56.334086329317	-29.130805475335	-21.064605533446	67.300965428623	196.373239627747	-152.317669980271	
0.135344827586	0.141685114319	-0.073241417253	-0.052984420764	56.331489276384	-29.119488877906	-21.065666244534	67.302643223583	196.374288092856	-152.313191476713	
0.136206896552	0.141663721478	-0.073213654136	-0.052998280209	56.322983862062	-29.108450754949	-21.071176514201	67.301937609443	196.378001402716	-152.307098119932	
0.137068965517	0.141653064520	-0.073187798068	-0.053016791117	56.318746844444	-29.098170840661	-21.078536123078	67.299842849742	196.383264827484	-152.302742570005	
0.137931034483	0.141641595007	-0.073164308967	-0.053035244945	56.314186769614	-29.088831990628	-21.085873037837	67.297912345487	196.387496905530	-152.296265249796	
0.138793103448	0.141644370291	-0.073133183753	-0.053053939609	56.315290173067	-29.076457157116	-21.093305704649	67.294017686389	196.390488381538	-152.285353078966	
0.139655172414	0.141659321449	-0.073100709330	-0.053071871457	56.321234488314	-29.063545902675	-21.100435089689	67.290576344757	196.395150190138	-152.277927519349	
0.140517241379	0.141655938341	-0.073069852765	-0.053089456417	56.319889424799	-29.051277879318	-21.107426557879	67.286356215392	196.397847493280	-152.268853891589	
0.141379310345	0.141656728273	-0.073049494449	-0.053102915329	56.320203487683	-29.043183773890	-21.112777582661	67.282351406884	196.399412472210	-152.264999402409	
0.142241379310	0.141648492062	-0.073048520792	-0.053105238804	56.316928916385	-29.042796665075	-21.113701355235	67.280827003218	196.398456945816	-152.264482815825	
0.143103448276	0.141649708593	-0.073061194809	-0.053103303503	56.317412587366	-29.047835629729	-21.112931913840	67.278771885864	196.396234977391	-152.267173079809	
0.143965517241	0.141649889767	-0.073091610282	-0.053095583511	56.317484618969	-29.059928282194	-21.109862581712	67.279365593788	196.394484574340	-152.275109118055	
0.144827586207	0.141653244428	-0.073124844541	-0.053082074777	56.318818372628	-29.073141634492	-21.104491748675	67.279545974299	196.388960003309	-152.281514321609	
0.145689655172	0.141659806061	-0.073162755343	-0.053069582986	56.321427161624	-29.088214297305	-21.099525234020	67.281409220391	196.386064914920	-152.290005259999	
0.146551724138	0.141672024133	-0.073195682689	-0.053048085775	56.326284850300	-29.101305626203	-21.090978324156	67.283709350748	196.379660192308	-152.296781986293	
0.147413793103	0.141677342405	-0.073223626013	-0.053040418295	56.328399301108	-29.112415396376	-21.087929869939	67.285593629201	196.379281299605	-152.303037332617	
0.148275862069	0.141683058927	-0.073243857910	-0.053019996570	56.330672088901	-29.120459239919	-21.079810554464	67.288584132769	196.372693798857	-152.307383448238	
0.149137931034	0.141686429829	-0.073248491258	-0.053014443537	56.332012299717	-29.122301376699	-21.077602766720	67.290162529276	196.371149007459	-152.306035321739	
0.150000000000	0.141691785517	-0.073245912293	-0.052993614668	56.334141626396	-29.121276025969	-21.069321577747	67.293527957304	196.363641369794	-152.304521536739	
0.150862068966	0.141701805963	-0.073225806082	-0.052988429517	56.338125577939	-29.113282152871	-21.067260053806	67.294676712563	196.363058498024	-152.298792001470	
0.151724137931	0.141692376753	-0.073207800085	-0.052976585258	56.334376691344	-29.106123288078	-21.062550986536	67.297647109007	196.360032581150	-152.295053379755	
0.152586206897	0.141699103294	-0.073178316660	-0.052972780597	56.337051044741	-29.094401200944	-21.061038320425	67.298550889502	196.361089876546	-152.289385789363	
0.153448275862	0.141684044782	-0.073148426392	-0.052973106008	56.331064047508	-29.082517360193	-21.061167698095	67.300443056613	196.363073052988	-152.280174815796	
0.154310344828	0.141700290150	-0.073102513755	-0.052967924577	56.337522917523	-29.064263310062	-21.059107653166	67.300962757762	196.362875756259	-152.269686274097	
0.155172413793	0.141704946340	-0.073034908724	-0.052974754976	56.339374136070	-29.037384748159	-21.061823298846	67.300595552431	196.365108664365	-152.247920125971	
0.156034482759	0.141717004891	-0.072960487782	-0.052969357493	56.344168402254	-29.007796301320	-21.059677355099	67.300894239142	196.362967993531	-152.230591608860	
0.156896551724	0.141728867392	-0.072874203498	-0.052980389676	56.348884722289	-28.973491199730	-21.064063555653	67.298442971494	196.367077875068	-152.208919704843	
0.157758620690	0.141709621523	-0.072812513535	-0.052987827932	56.341232905942	-28.948964364266	-21.067020874062	67.298419422940	196.371552220010	-152.196165035046	
0.158620689655	0.141707694552	-0.072761345611	-0.052997190824	56.340466776496	-28.928620904956	-21.070743394222	67.295806809080	196.375101067855	-152.187570061341	
0.159482758621	0.141690579426	-0.072726553358	-0.053010157207	56.333662105750	-28.914788122082	-21.075898598142	67.295121863777	196.379654284661	-152.175690236243	
0.160344827586	0.141693389833	-0.072707759970	-0.053017552503	56.334779473842	-28.907316204171	-21.078838836471	67.293200992406	196.381727990642	-152.173590365007	
0.161206896552	0.141703368452	-0.072689553565	-0.053038860509	56.338746796012	-28.900077660563	-21.087310521908	67.289232746524	196.387538682708	-152.167511154817	
0.162068965517	0.141690383064	-0.072694990417	-0.053054247874	56.333584035817	-28.902239256302	-21.093428265557	67.287351498591	196.391624894381	-152.170421772641	
0.162931034483	0.141696742476	-0.072709146444	-0.053065559131	56.336112425294	-28.907867441865	-21.097925420803	67.283795408507	196.394275837538	-152.177376284116	
0.163793103448	0.141678230471	-0.072741716444	-0.053073368706	56.328752380338	-28.920816696092	-21.101030369227	67.283611130200	196.396546152277	-152.183777568768	
0.164655172414	0.141681222837	-0.072785841537	-0.053065997422	56.329942091878	-28.938360050971	-21.098099677514	67.283474377965	196.393951040454	-152.198014921567	
0.165517241379	0.141680028046	-0.072827732560	-0.053067946868	56.329467064106	-28.955015178678	-21.098874742607	67.283095184962	196.394212982610	-152.206060081542	
0.166379310345	0.141671668001	-0.072881308376	-0.053053896269	56.326143258523	-28.976315973152	-21.093288473682	67.285330215548	196.388678612187	-152.220557477630	
0.167241379310	0.141679064063	-0.072926673875	-0.053045867470	56.329083801632	-28.994352491492	-21.090096365530	67.285395496172	196.385396620021	-152.232178116733	
0.168103448276	0.141660098844	-0.072983245622	-0.053031280729	56.321543566985	-29.016844414825	-21.084296935667	67.288954238972	196.380968856588	-152.245385952757	
0.168965517241	0.141664189354	-0.073034364455	-0.053010775728	56.323169881369	-29.037168356669	-21.076144510924	67.291113557511	196.374779798841	-152.260947391640	
0.169827586207	0.141651599168	-0.073076800084	-0.052997040836	56.318164246365	-29.054040010049	-21.070683761457	67.294467454497	196.370888332921	-152.267812669427	
0.170689655172	0.141650109445	-0.073112300097	-0.052969862535	56.317571959198	-29.068154186052	-21.059878150992	67.298696073422	196.362032731074	-152.277498221299	
0.171551724138	0.141660350960	-0.073119511258	-0.052954689869	56.321643803689	-29.071021215821	-21.053845767889	67.300691015832	196.356350393411	-152.275778639820	
0.172413793103	0.141649613103	-0.073122281688	-0.052934754552	56.317374622117	-29.072122689721	-21.045919839247	67.304998018606	196.349380822443	-152.274602792198	
0.173275862069	0.141655926598	-0.073109550495	-0.052920425895	56.319884755946	-29.067060992817	-21.040223019374	67.305989401135	196.342916646566	-152.272709428305	
0.174137931034	0.141641697399	-0.073097185007	-0.052916460746	56.314227478663	-29.062144694121	-21.038646546470	67.308130118813	196.341523197225	-152.266844368704	
0.175000000000	0.141627228745	-0.073096617548	-0.052912679715	56.308474998436	-29.061919082375	-21.037143275583	67.309141221620	196.340374374970	-152.269971752185	
0.175862068966	0.141628157992	-0.073084298533	-0.052915876981	56.308844450571	-29.057021260588	-21.038414451746	67.308355577963	196.339298901983	-152.264051895326	
0.176724137931	0.141627216555	-0.073069054838	-0.052916747007	56.308470152013	-29.050960637583	-21.038760358890	67.309348657984	196.339643865229	-152.256236268401	
0.177586206897	0.141642944825	-0.073045162002	-0.052921407189	56.314723433152	-29.041461269843	-21.040613164631	67.307535763234	196.340108925843	-152.251220033209	
0.178448275862	0.141655651702	-0.073007410942	-0.052930395853	56.319775462146	-29.026452117675	-21.044186897908	67.306096214003	196.341053448504	-152.237500565282	
0.179310344828	0.141656850006	-0.072975397456	-0.052942356215	56.320251886663	-29.013724123267	-21.048942125953	67.304383199216	196.345382896012	-152.229395585867	
0.180172413793	0.141659852586	-0.072951550756	-0.052953837216	56.321445659329	-29.004243098032	-21.053506768314	67.301530863789	196.347094789534	-152.225648272218	
0.181034482759	0.141660895124	-0.072929615625	-0.052962070480	56.321860153925	-28.995522078926	-21.056780167886	67.299979499191	196.346941226589	-152.216019637049	
0.181896551724	0.141664588010	-0.072922052482	-0.052969599096	56.323328379931	-28.992515107601	-21.059773412123	67.298398291281	196.350746810575	-152.214365216997	
0.182758620690	0.141677131489	-0.072923887131	-0.052973650305	56.328315444671	-28.993244531538	-21.061384100957	67.296641537886	196.352241445056	-152.217401803382	
0.183620689655	0.141682985598	-0.072926139350	-0.052977765593	56.330642934722	-28.994139973578	-21.063020266590	67.296137154287	196.353282493876	-152.214242212183	
0.184482758621	0.141686201783	-0.072939674087	-0.052975600382	56.331921632516	-28.999521145050	-21.062159416993	67.296477971512	196.354340083591	-152.217609306298	
0.185344827586	0.141710384765	-0.072948737759	-0.052967449815	56.341536357560	-29.003124700563	-21.058918896209	67.296622786693	196.352242145701	-152.220386784274	
0.186206896552	0.141715057736	-0.072958436462	-0.052966424291	56.343394247884	-29.006980732849	-21.058511166017	67.297944597097	196.353453754545	-152.219591700766	
0.187068965517	0.141715079214	-0.072981969245	-0.052959305049	56.343402787348	-29.016336949881	-21.055680681596	67.299120804500	196.352597586487	-152.229024478975	
0.187931034483	0.141723932786	-0.073003896959	-0.052953573549	56.346922810494	-29.025055020339	-21.053401938882	67.300144220738	196.350874072054	-152.234323081264	
0.188793103448	0.141709478943	-0.073044348206	-0.052949492447	56.341176218910	-29.041137718897	-21.051779365023	67.303009819941	196.351402520223	-152.243698094414	
0.189655172414	0.141716078147	-0.073095958076	-0.052944327636	56.343799945407	-29.061656888149	-21.049725927986	67.303750319575	196.351662783208	-152.261271068865	
0.190517241379	0.141713427037	-0.073150116200	-0.052946449843	56.342745911044	-29.083189198185	-21.050569679714	67.305757457438	196.354622506811	-152.273210560559	
0.191379310345	0.141705031240	-0.073213350299	-0.052940639233	56.339407891051	-29.108329954532	-21.048259484362	67.308540154672	196.354623733057	-152.290610035153	
0.192241379310	0.141723411430	-0.073257991176	-0.052934484039	56.346715528684	-29.126078375716	-21.045812288227	67.309727667710	196.353138489522	-152.301095453699	
0.193103448276	0.141727628287	-0.073294180215	-0.052928069842	56.348392076155	-29.140466496039	-21.043262117321	67.313214791460	196.353575338893	-152.307703628650	
0.193965517241	0.141728450866	-0.073327881221	-0.052924482921	56.348719119149	-29.153865418349	-21.041836020881	67.314504714023	196.353752369133	-152.320792938333	
0.194827586207	0.141722451272	-0.073350065667	-0.052922547020	56.346333786678	-29.162685560807	-21.041066341207	67.315856782355	196.351558298917	-152.325028652734	
0.195689655172	0.141710014880	-0.073378254919	-0.052918400781	56.341389297655	-29.173893107495	-21.039417869983	67.318344465167	196.351187982955	-152.333183381643	
0.196551724138	0.141705232542	-0.073411252137	-0.052920264510	56.339487925164	-29.187012216600	-21.040158855598	67.318467463647	196.353274014443	-152.345659342937	
0.197413793103	0.141691329596	-0.073442385926	-0.052924549602	56.333960360165	-29.199390458919	-21.041862532350	67.319437191951	196.354447447257	-152.352798101126	
0.198275862069	0.141688800126	-0.073464438379	-0.052923399172	56.332954687931	-29.208158123017	-21.041405141531	67.320176016125	196.354576715260	-152.357898151159	
0.199137931034	0.141696484404	-0.073468746156	-0.052922876012	56.336009820361	-29.209870818954	-21.041197142582	67.320111950549	196.353852648835	-152.358427779992	
0.200000000000	0.141712989203	-0.073449703960	-0.052916671472	56.342571835970	-29.202299979658	-21.038730327447	67.320646802456	196.351270989052	-152.351820539000	
0.200862068966	0.141713639552	-0.073418790432	-0.052923703205	56.342830402949	-29.190009309002	-21.041526019613	67.319782104113	196.355075055777	-152.344343491148	
0.201724137931	0.141705185384	-0.073387929426	-0.052926207009	56.339469175753	-29.177739520242	-21.042521487912	67.319144251911	196.354929163107	-152.339782265183	
0.202586206897	0.141701505757	-0.073343533488	-0.052932729817	56.338006221281	-29.160088482277	-21.045114840540	67.317569699956	196.354175000935	-152.326532282203	
0.203448275862	0.141701355218	-0.073301089997	-0.052936324752	56.337946369770	-29.143213702770	-21.046544122957	67.316703387442	196.356254595281	-152.315837123229	
0.204310344828	0.141704901825	-0.073258432436	-0.052943967820	56.339356437677	-29.126253812921	-21.049582871268	67.314326610738	196.359026518035	-152.308829310943	
0.205172413793	0.141703209141	-0.073204800285	-0.052950888782	56.338683456550	-29.104930620488	-21.052334523170	67.312496326598	196.359598191519	-152.292615506131	
0.206034482759	0.141706225421	-0.073148015109	-0.052956445703	56.339882675966	-29.082353841361	-21.054543856343	67.311109694916	196.363228857201	-152.278468912903	
0.206896551724	0.141717125802	-0.073084463633	-0.052956600912	56.344216474275	-29.057086901529	-21.054605564875	67.309462769127	196.363311376215	-152.264378424061	
0.207758620690	0.141725747492	-0.073003414827	-0.052957615905	56.347644305280	-29.024863333169	-21.055009107926	67.308208946432	196.362605038798	-152.240793527481	
0.208620689655	0.141724485298	-0.072922291594	-0.052957842662	56.347142479254	-28.992610174137	-21.055099262492	67.307194030676	196.364326999574	-152.221173047213	
0.209482758621	0.141726921952	-0.072843589664	-0.052955734948	56.348111249728	-28.961319682181	-21.054261273002	67.305621858661	196.363276429249	-152.205396128318	
0.210344827586	0.141717220418	-0.072768012992	-0.052955414634	56.344254091803	-28.931271737374	-21.054133921498	67.305079847553	196.361989244216	-152.184470562105	
0.211206896552	0.141703514325	-0.072711636536	-0.052952502033	56.338804792477	-28.908857458009	-21.052975923227	67.304771094251	196.362678787720	-152.172271966276	
0.212068965517	0.141699627040	-0.072666629861	-0.052947409553	56.337259276690	-28.890963602265	-21.050951243334	67.304183621246	196.360388642336	-152.163986227081	
0.212931034483	0.141689205957	-0.072627211466	-0.052944012075	56.333116038921	-28.875291547144	-21.049600466361	67.304502802839	196.357790562791	-152.151112293326	
0.213793103448	0.141682796546	-0.072603599665	-0.052941238733	56.330567770946	-28.865903913596	-21.048497834597	67.304267830028	196.358604243634	-152.147030250693	
0.214655172414	0.141677601604	-0.072591613498	-0.052937362055	56.328502354162	-28.861138426411	-21.046956536288	67.304282616689	196.356780192712	-152.146626320573	
0.215517241379	0.141664942620	-0.072583140808	-0.052934324933	56.323469366270	-28.857769834873	-21.045749030636	67.304720131097	196.353435258462	-152.140934575612	
0.216379310345	0.141663928706	-0.072587224572	-0.052931061667	56.323066252200	-28.859393467261	-21.044451613617	67.304899700709	196.353496435113	-152.143380084687	
0.217241379310	0.141664245484	-0.072601537335	-0.052929461708	56.323192197685	-28.865083967794	-21.043815498342	67.305067383557	196.353702095651	-152.148874437781	
0.218103448276	0.141651402620	-0.072622392651	-0.052933005862	56.318086102355	-28.873375671969	-21.045224591198	67.305188180043	196.353383734132	-152.151785460412	
0.218965517241	0.141656509509	-0.072647745496	-0.052929991572	56.320116511118	-28.883455513346	-21.044026162911	67.305529787379	196.352693697489	-152.158004748948	
0.219827586207	0.141661937979	-0.072672077501	-0.052929187369	56.322274774442	-28.893129487275	-21.043706426077	67.305770022427	196.352547044385	-152.162672457160	
0.220689655172	0.141669589185	-0.072694872156	-0.052923071927	56.325316758280	-28.902192237911	-21.041275034758	67.306603616591	196.349325997738	-152.167382810277	
0.221551724138	0.141678292370	-0.072714945843	-0.052922987071	56.328776990109	-28.910173179940	-21.041241297404	67.306892586032	196.350222419878	-152.171356114158	
0.222413793103	0.141670293391	-0.072746903940	-0.052923925685	56.325596738072	-28.922879152683	-21.041614473870	67.307834622362	196.351902612597	-152.180195452315	
0.223275862069	0.141674937923	-0.072778139131	-0.052922670685	56.327443321522	-28.935297710925	-21.041115508211	67.308053151635	196.350339287282	-152.188650696963	
0.224137931034	0.141676914015	-0.072806498634	-0.052922887755	56.328228980891	-28.946572946346	-21.041201811459	67.309037731168	196.350056139404	-152.191818974602	
0.225000000000	0.141688853192	-0.072838608799	-0.052919319914	56.332975785946	-28.959339378504	-21.039783301028	67.309784838231	196.350982356935	-152.201636335403	
0.225862068966	0.141696260719	-0.072867627150	-0.052924029087	56.335920887234	-28.970876560244	-21.041655584757	67.309819112328	196.353352192825	-152.209371148283	
0.226724137931	0.141693667153	-0.072897942071	-0.052926491224	56.334889731435	-28.982929235547	-21.042634486843	67.310742622582	196.354398029836	-152.215028643299	
0.227586206897	0.141698603761	-0.072926925941	-0.052927000998	56.336852439290	-28.994452708340	-21.042837163894	67.311089948601	196.355080595423	-152.222620755974	
0.228448275862	0.141714714009	-0.072946074484	-0.052919115569	56.343257588272	-29.002065829580	-21.039702056925	67.312255991964	196.351974020262	-152.226300739411	
0.229310344828	0.141722447390	-0.072963260886	-0.052919799114	56.346332243529	-29.008898838403	-21.039973822541	67.313298290483	196.354585164651	-152.230265187409	
0.230172413793	0.141711992779	-0.072992411370	-0.052919371290	56.342175675312	-29.020488553815	-21.039803727135	67.314351247325	196.355634881468	-152.240408553684	
0.231034482759	0.141712592287	-0.073016213139	-0.052916305614	56.342414028996	-29.029951715212	-21.038584868523	67.315311812105	196.353456001087	-152.245748319700	
0.231896551724	0.141715593772	-0.073041596098	-0.052911931098	56.343607366474	-29.040043529585	-21.036845638662	67.317352102293	196.353549369934	-152.250932826401	
0.232758620690	0.141717886123	-0.073071591150	-0.052906921485	56.344518764334	-29.051969030356	-21.034853905558	67.318588178159	196.354175827369	-152.260980018170	
0.233620689655	0.141717947889	-0.073091909238	-0.052899633815	56.344543321512	-29.060047141960	-21.031956456956	67.320113280954	196.350443018372	-152.264755674415	
0.234482758621	0.141718783579	-0.073108115729	-0.052889348709	56.344875576897	-29.066490555533	-21.027867281216	67.322929982086	196.347984186195	-152.267326110612	
0.235344827586	0.141724304061	-0.073125727866	-0.052882299847	56.347070422791	-29.073492828919	-21.025064778553	67.324214434882	196.347893586583	-152.274406367145	
0.236206896552	0.141721388675	-0.073144485556	-0.052877121041	56.345911317083	-29.080950553802	-21.023005777353	67.326421532614	196.347541930144	-152.280200652312	
0.237068965517	0.141709201814	-0.073161736543	-0.052872906517	56.341066037147	-29.087809240379	-21.021330157116	67.328188875588	196.346068240808	-152.283278478503	
0.237931034483	0.141714595033	-0.073174593143	-0.052867094888	56.343210285590	-29.092920796415	-21.019019556592	67.329511637601	196.345501738632	-152.286830285875	
0.238793103448	0.141720218142	-0.073180607238	-0.052859374823	56.345445933923	-29.095311894083	-21.015950195510	67.331279054091	196.342553873376	-152.288252096206	
0.239655172414	0.141726168231	-0.073178819418	-0.052854998548	56.347811583704	-29.094601088576	-21.014210266169	67.332323347917	196.341417712940	-152.286915056261	
0.240517241379	0.141716180509	-0.073182487206	-0.052858011025	56.343840642470	-29.096059335966	-21.015407973796	67.333039503652	196.344093875475	-152.288968879212	
0.241379310345	0.141710110324	-0.073191710519	-0.052858420829	56.341427244687	-29.099726361719	-21.015570904573	67.333574287136	196.343473357726	-152.294306233379	
0.242241379310	0.141704967129	-0.073194895709	-0.052864286847	56.339382401352	-29.100992736898	-21.017903129299	67.333297859175	196.343714179296	-152.292146061414	
0.243103448276	0.141708804630	-0.073202247105	-0.052864722646	56.340908123772	-29.103915521670	-21.018076395211	67.333596632331	196.345473587461	-152.295428480759	
0.243965517241	0.141713396105	-0.073205786638	-0.052872290759	56.342733612937	-29.105322777055	-21.021085342617	67.332420826706	196.348651567612	-152.298430601139	
0.244827586207	0.141703827546	-0.073206580524	-0.052881560427	56.338929323504	-29.105638412078	-21.024770798577	67.331729208976	196.350174231877	-152.296433010848	
0.245689655172	0.141712561230	-0.073202608020	-0.052885899520	56.342401681490	-29.104059014861	-21.026495944693	67.330591749508	196.351951699202	-152.296155098909	
0.246551724138	0.141715415374	-0.073194357776	-0.052890218013	56.343536438497	-29.100778864222	-21.028212901000	67.329668863373	196.352711566355	-152.294134211914	
0.247413793103	0.141720183924	-0.073179900072	-0.052889650167	56.345432329471	-29.095030737220	-21.027987135576	67.328832039926	196.351198024060	-152.290273111421	
0.248275862069	0.141717260303	-0.073168698114	-0.052897860436	56.344269949587	-29.090577037467	-21.031251393038	67.327524905341	196.355319130170	-152.288560000201	
0.249137931034	0.141701342017	-0.073173526723	-0.052902980125	56.337941121227	-29.092496806956	-21.033286890726	67.326874245556	196.357063779172	-152.293224558347	
0.250000000000	0.141697161062	-0.073174022160	-0.052908796248	56.336278847648	-29.092693783943	-21.035599278089	67.325139786733	196.356470509019	-152.292235700214	
0.250862068966	0.141695857687	-0.073178192379	-0.052910483762	56.335760648996	-29.094351788830	-21.036270203529	67.324954695793	196.357406505921	-152.292224660158	
0.251724137931	0.141701320105	-0.073184791620	-0.052913997168	56.337932409475	-29.096975530075	-21.037667071351	67.323357363209	196.359685146959	-152.297152086451	
0.252586206897	0.141693044800	-0.073190271500	-0.052923243528	56.334642294815	-29.099154233322	-21.041343260306	67.322027344778	196.361785269487	-152.297939297868	
0.253448275862	0.141687637954	-0.073197822033	-0.052925353089	56.332492628990	-29.102156191185	-21.042181984203	67.321498720574	196.362191584150	-152.299995902695	
0.254310344828	0.141689346727	-0.073202128156	-0.052929343189	56.333172006638	-29.103868229443	-21.043768377529	67.320020268697	196.363601356198	-152.301296508680	
0.255172413793	0.141690670049	-0.073204608187	-0.052925963226	56.333698136043	-29.104854246026	-21.042424563936	67.320010456508	196.361292033894	-152.302080349827	
0.256034482759	0.141691687654	-0.073202442517	-0.052927224192	56.334102717701	-29.103993213789	-21.042925901689	67.319159556939	196.361567860298	-152.301053739998	
0.256896551724	0.141682634522	-0.073209748106	-0.052930535598	56.330503352951	-29.106897786667	-21.044242458243	67.318763920965	196.364148183088	-152.304264164740	
0.257758620690	0.141675229312	-0.073223243774	-0.052931975686	56.327559172798	-29.112263424925	-21.044815011515	67.318428942136	196.363656101687	-152.310043549422	
0.258620689655	0.141670760046	-0.073229809306	-0.052931276921	56.325782271725	-29.114873764116	-21.044537194939	67.318119799829	196.361128514186	-152.307634748879	
0.259482758621	0.141678989662	-0.073236625416	-0.052926224225	56.329054221104	-29.117583728397	-21.042528332552	67.318526822887	196.361043280130	-152.310100475026	
0.260344827586	0.141683609351	-0.073241350060	-0.052925392842	56.330890927790	-29.119462163013	-21.042197789603	67.318227186941	196.361786533725	-152.313065370655	
0.261206896552	0.141672233577	-0.073244236265	-0.052928412977	56.326368121824	-29.120609666897	-21.043398541510	67.318195305583	196.361743280910	-152.311700822821	
0.262068965517	0.141674541806	-0.073244560757	-0.052922594412	56.327285832544	-29.120738679151	-21.041085183321	67.318725573874	196.359941943614	-152.311530219241	
0.262931034483	0.141685561681	-0.073236364457	-0.052917958788	56.331667139641	-29.117479975776	-21.039242141407	67.318872585856	196.358782495448	-152.308817523783	
0.263793103448	0.141689326570	-0.073225377819	-0.052913554867	56.333163992592	-29.113111883289	-21.037491220423	67.319616083229	196.358042270162	-152.305370904438	
0.264655172414	0.141690141712	-0.073212543188	-0.052912942590	56.333488078684	-29.108009061657	-21.037247789811	67.319552919133	196.358806166660	-152.302579080263	
0.265517241379	0.141683822375	-0.073201323349	-0.052912070478	56.330975622428	-29.103548252587	-21.036901053720	67.320177355654	196.358880138502	-152.299008267249	
0.266379310345	0.141689728101	-0.073185104971	-0.052906330023	56.333323634333	-29.097100113098	-21.034618750437	67.320538937431	196.355694448104	-152.294376100598	
0.267241379310	0.141699086557	-0.073163107173	-0.052902407361	56.337044390370	-29.088354178453	-21.033059169689	67.321101888128	196.355017969135	-152.287040498781	
0.268103448276	0.141698337338	-0.073146007236	-0.052900966354	56.336746514224	-29.081555546712	-21.032486250934	67.321514853648	196.356237843164	-152.284176690978	
0.268965517241	0.141694452008	-0.073131889490	-0.052904956132	56.335201775995	-29.075942581206	-21.034072515838	67.321301728314	196.358035090501	-152.282115077665	
0.269827586207	0.141686075816	-0.073118051700	-0.052906874499	56.331871550530	-29.070440921332	-21.034835224618	67.321500691028	196.357470103195	-152.276231464211	
0.270689655172	0.141699637911	-0.073100197351	-0.052903162305	56.337263599130	-29.063342348528	-21.033359322282	67.321612010203	196.356990085374	-152.271984085144	
0.271551724138	0.141706627869	-0.073076215197	-0.052902745116	56.340042682405	-29.053807469449	-21.033193455157	67.321568732305	196.357772055677	-152.264910093901	
0.272413793103	0.141704708609	-0.073052208054	-0.052900963212	56.339279618392	-29.044262655211	-21.032485001890	67.321839230786	196.356447447001	-152.259261867598	
0.273275862069	0.141707684641	-0.073023760559	-0.052898741316	56.340462836123	-29.032952435357	-21.031601615085	67.321774058065	196.355114245721	-152.251155155225	
0.274137931034	0.141706589747	-0.073002770993	-0.052899901448	56.340027525685	-29.024607356370	-21.032062863162	67.322077126477	196.357250472226	-152.246722503629	
0.275000000000	0.141700033984	-0.072990669509	-0.052899885561	56.337421070650	-29.019796020818	-21.032056546869	67.322153480333	196.357031380915	-152.246071105042	
0.275862068966	0.141695601240	-0.072971402885	-0.052898291658	56.335658689952	-29.012135952464	-21.031422839167	67.321975031656	196.354092463857	-152.237658723573	
0.276724137931	0.141702119127	-0.072953991222	-0.052893118960	56.338250086222	-29.005213384174	-21.029366266258	67.322815476476	196.353581335500	-152.233573549631	
0.277586206897	0.141707928545	-0.072938808812	-0.052892579947	56.340559808161	-28.999177127260	-21.029151964337	67.322408865370	196.354367251620	-152.231966617367	
0.278448275862	0.141697788371	-0.072925331908	-0.052895718781	56.336528254568	-28.993818949212	-21.030399909061	67.322414734870	196.354452256552	-152.227050166173	
0.279310344828	0.141694961449	-0.072912944244	-0.052890610675	56.335404320616	-28.988893833603	-21.028369016609	67.323024698533	196.352397720637	-152.223652292884	
0.280172413793	0.141707231629	-0.072895352331	-0.052888308999	56.340282726537	-28.981899600865	-21.027453910943	67.322707318436	196.352166216531	-152.219583600195	
0.281034482759	0.141702776970	-0.072880609845	-0.052886115682	56.338511633184	-28.976038249701	-21.026581887098	67.323428517605	196.351596500166	-152.214976915539	
0.281896551724	0.141702170509	-0.072862995239	-0.052881158302	56.338270515066	-28.969034994693	-21.024610920801	67.323214130637	196.348380695807	-152.210538486465	
0.282758620690	0.141706098870	-0.072846085684	-0.052879422785	56.339832361768	-28.962312055634	-21.023920909822	67.323740958457	196.348510813473	-152.206055279135	
0.283620689655	0.141695766289	-0.072841221888	-0.052881546259	56.335724310852	-28.960378296440	-21.024765165343	67.323808006696	196.350101073635	-152.206231319831	
0.284482758621	0.141693553912	-0.072838225582	-0.052881945270	56.334844708903	-28.959187018214	-21.024923805085	67.323260878976	196.348573511518	-152.206312374273	
0.285344827586	0.141689397620	-0.072832011176	-0.052879840387	56.333192240720	-28.956716280695	-21.024086940853	67.323864321968	196.346599133685	-152.201279550214	
0.286206896552	0.141696324697	-0.072828720508	-0.052879652869	56.335946323944	-28.955407969234	-21.024012387185	67.323341588303	196.347668172131	-152.202567698964	
0.287068965517	0.141697540687	-0.072826734945	-0.052884149448	56.336429779790	-28.954618544708	-21.025800147216	67.322704371969	196.349472496739	-152.203315063347	
0.287931034483	0.141683293237	-0.072826700479	-0.052888568324	56.330765246289	-28.954604841803	-21.027557014059	67.322410912390	196.349419802640	-152.201343736374	
0.288793103448	0.141689027382	-0.072824884080	-0.052888906826	56.333045040696	-28.953882673668	-21.027691596413	67.321695273749	196.349434516380	-152.201759400418	
0.289655172414	0.141695663975	-0.072818903937	-0.052891368194	56.335683632268	-28.951505074855	-21.028670192496	67.321057248717	196.350603494760	-152.199627379079	
0.290517241379	0.141691513718	-0.072814906751	-0.052893182539	56.334033563853	-28.949915864629	-21.029391543905	67.320603549937	196.350252412172	-152.198920401913	
0.291379310345	0.141693497553	-0.072805250125	-0.052892993692	56.334822301638	-28.946076561477	-21.029316461819	67.319710120708	196.349011592889	-152.195632467921	
0.292241379310	0.141692252309	-0.072800526089	-0.052898018419	56.334327214559	-28.944198368469	-21.031314204135	67.319263422721	196.351951115918	-152.195064956041	
0.293103448276	0.141685536164	-0.072805696416	-0.052901899350	56.331656994312	-28.946253998835	-21.032857193629	67.318482947155	196.352724663980	-152.198967170594	
0.293965517241	0.141682467063	-0.072803814197	-0.052905200075	56.330436774118	-28.945505661675	-21.034169503299	67.317305870753	196.351305511477	-152.195371855633	
0.294827586207	0.141686406413	-0.072803951581	-0.052903726492	56.332002989817	-28.945560283392	-21.033583632853	67.317501584556	196.351615601776	-152.195323928523	
0.295689655172	0.141693450983	-0.072805121308	-0.052907710047	56.334803785986	-28.946025345778	-21.035167423740	67.316094607328	196.353672444556	-152.198049778337	
0.296551724138	0.141685620866	-0.072807150237	-0.052914746211	56.331690670466	-28.946832012236	-21.037964877721	67.315308692526	196.354900805244	-152.196911346317	
0.297413793103	0.141684518395	-0.072809992418	-0.052913807377	56.331252347493	-28.947962012802	-21.037591614043	67.315128913320	196.354204179325	-152.197385911916	
0.298275862069	0.141696975684	-0.072807568965	-0.052915893221	56.336205144796	-28.946998491062	-21.038420908747	67.314029748560	196.355438318849	-152.196954542719	
0.299137931034	0.141694381211	-0.072808306193	-0.052916511347	56.335173628115	-28.947291599620	-21.038666664669	67.314235698055	196.355382464231	-152.196673419790	
0.300000000000	0.141697092927	-0.072804059818	-0.052914167796	56.336251758521	-28.945603316283	-21.037734909999	67.313470969933	196.353124629115	-152.194842957293	
0.300862068966	0.141698677743	-0.072803539160	-0.052915348969	56.336881853193	-28.945396311937	-21.038204523797	67.313692571147	196.354341893038	-152.194754423429	
0.301724137931	0.141695306711	-0.072814173844	-0.052917230804	56.335541590595	-28.949624473572	-21.038952707828	67.313524184405	196.355786658997	-152.199796696644	
0.302586206897	0.141689469353	-0.072828204104	-0.052924350318	56.333220760689	-28.955202656342	-21.041783300489	67.312684511743	196.357556150895	-152.203022716628	
0.303448275862	0.141686456485	-0.072843984499	-0.052921418165	56.332022897773	-28.961476661657	-21.040617528366	67.313422794515	196.356019177352	-152.205402932243	
0.304310344828	0.141698775742	-0.072853621123	-0.052921445776	56.336920815971	-28.965308012576	-21.040628506094	67.312815330221	196.356178305890	-152.208030954460	
0.305172413793	0.141704451242	-0.072862798938	-0.052920298639	56.339177293803	-28.968956949135	-21.040172424625	67.313259047397	196.356302622572	-152.209940539329	
0.306034482759	0.141704199374	-0.072873975412	-0.052922622806	56.339077155679	-28.973400516905	-21.041096472312	67.313152267722	196.357981715251	-152.213725762321	
0.306896551724	0.141693471097	-0.072890925674	-0.052924951975	56.334811783143	-28.980139640458	-21.042022508577	67.313478401230	196.358657110473	-152.217940612768	
0.307758620690	0.141697704397	-0.072905298620	-0.052920334331	56.336494868167	-28.985854069109	-21.040186615024	67.313860629508	196.355595634511	-152.221273035378	
0.308620689655	0.141704554502	-0.072918304492	-0.052918996800	56.339218348171	-28.991024973154	-21.039654836443	67.314433726998	196.355839393712	-152.223495003185	
0.309482758621	0.141701279392	-0.072940230466	-0.052918829007	56.337916222559	-28.999742351406	-21.039588125055	67.314877916795	196.357296775242	-152.231077266148	
0.310344827586	0.141694657775	-0.072965997311	-0.052924319916	56.335283585196	-29.009986792329	-21.041771212983	67.314796083421	196.359232001200	-152.238909933289	
0.311206896552	0.141685935890	-0.072993400969	-0.052924830204	56.331815918211	-29.020882000862	-21.041974094611	67.315528574222	196.358260625680	-152.243768441434	
0.312068965517	0.141697819992	-0.073015894693	-0.052921568804	56.336540826395	-29.029825106631	-21.040677419577	67.315790364376	196.357640168329	-152.249687656244	
0.312931034483	0.141705070567	-0.073032497612	-0.052918211681	56.339423526825	-29.036426132699	-21.039342687127	67.316538427031	196.357181913051	-152.253440679138	
0.313793103448	0.141704765291	-0.073047767369	-0.052918752281	56.339302154265	-29.042497117334	-21.039557619960	67.316969599563	196.358533355738	-152.258098507181	
0.314655172414	0.141692544181	-0.073065960317	-0.052920065503	56.334443257549	-29.049730311138	-21.040079733837	67.317504301640	196.358752917814	-152.262934427338	
0.315517241379	0.141696586338	-0.073078146521	-0.052912441044	56.336050347642	-29.054575329752	-21.037048384335	67.318354290747	196.354751569406	-152.265344458569	
0.316379310345	0.141705182820	-0.073086603677	-0.052909953456	56.339468156328	-29.057937745067	-21.036059363133	67.319235153875	196.355483951848	-152.267190215344	
0.317241379310	0.141695117556	-0.073102572042	-0.052909113103	56.335466385808	-29.064286483760	-21.035725253782	67.319962177785	196.356882743725	-152.272794646293	
0.318103448276	0.141690181604	-0.073113657336	-0.052907969119	56.333503938777	-29.068693800263	-21.035270425934	67.320147477920	196.354807488511	-152.276095578862	
0.318965517241	0.141689175107	-0.073118151825	-0.052901974271	56.333103773676	-29.070480729320	-21.032886980729	67.321655227407	196.352006389472	-152.273967350093	
0.319827586207	0.141698852446	-0.073121038709	-0.052897359328	56.336951311909	-29.071628503296	-21.031052161438	67.321966333779	196.352228117482	-152.276575887656	
0.320689655172	0.141699161770	-0.073121413830	-0.052895350725	56.337074293708	-29.071777644523	-21.030253576480	67.322647463070	196.352508705760	-152.277775509866	
0.321551724138	0.141684000845	-0.073118819266	-0.052895289744	56.331046578877	-29.070746091864	-21.030229331404	67.323241969642	196.351320991845	-152.275189010131	
0.322413793103	0.141692699764	-0.073111600615	-0.052890362262	56.334505114852	-29.067876084253	-21.028270251877	67.323595018321	196.350344064894	-152.274220564553	
0.323275862069	0.141694983277	-0.073098616687	-0.052887140359	56.335412998958	-29.062713904919	-21.026989280647	67.324217658403	196.349626123870	-152.269712219462	
0.324137931034	0.141697087190	-0.073080377340	-0.052880009511	56.336249477406	-29.055462263866	-21.024154181658	67.324746089795	196.346189379495	-152.264868928149	
0.325000000000	0.141700463513	-0.073056675877	-0.052877886137	56.337591843666	-29.046038982516	-21.023309965764	67.324997989917	196.346090686150	-152.258413935716	
0.325862068966	0.141689576202	-0.073042195307	-0.052878977924	56.333263241671	-29.040281764423	-21.023744040892	67.325402218833	196.347525828387	-152.255923026239	
0.326724137931	0.141688608349	-0.073028309119	-0.052878296556	56.332878440596	-29.034760862503	-21.023473141302	67.325013020004	196.345793912903	-152.253671302899	
0.327586206897	0.141684990802	-0.073009732707	-0.052877212932	56.331440168290	-29.027375210366	-21.023042311540	67.325350685130	196.344130518630	-152.245149286216	
0.328448275862	0.141691497780	-0.072993769417	-0.052874775635	56.334027227080	-29.021028489183	-21.022073285254	67.325204285422	196.344652680044	-152.242995986424	
0.329310344828	0.141694213138	-0.072976985654	-0.052879688982	56.335106805246	-29.014355562689	-21.024026744917	67.324298096297	196.346506285768	-152.239932618118	
0.330172413793	0.141682314009	-0.072962725583	-0.052883999144	56.330375922493	-29.008686011108	-21.025740389222	67.324010148597	196.346455280593	-152.234083632383	
0.331034482759	0.141691463373	-0.072947257806	-0.052884683506	56.334013547500	-29.002536297228	-21.026012479357	67.323148378679	196.347093488841	-152.231129803238	
0.331896551724	0.141692118730	-0.072930815774	-0.052887167762	56.334274105853	-28.995999236842	-21.027000175545	67.322701641094	196.347653597730	-152.225994289264	
0.332758620690	0.141696139955	-0.072912041915	-0.052885340243	56.335872873584	-28.988535083666	-21.026273586159	67.322053446148	196.345458262957	-152.220861354305	
0.333620689655	0.141700706539	-0.072893886629	-0.052889240478	56.337688466605	-28.981316863517	-21.027824250513	67.321283584303	196.347518722373	-152.216165701231	
0.334482758621	0.141688367873	-0.072890402227	-0.052894422239	56.332782831728	-28.979931527141	-21.029884426916	67.320877452111	196.349887819270	-152.216958715313	
0.335344827586	0.141688395050	-0.072888132403	-0.052898003098	56.332793636694	-28.979029085429	-21.031308113057	67.319573579522	196.348996585533	-152.216985823880	
0.336206896552	0.141686845394	-0.072886220105	-0.052899405434	56.332177521095	-28.978268789586	-21.031865656952	67.319578449858	196.348584086382	-152.213194693713	
0.337068965517	0.141694715377	-0.072889629614	-0.052899745908	56.335306486686	-28.979624349848	-21.032001023160	67.318779669750	196.350007898606	-152.216435851139	
0.337931034483	0.141695955123	-0.072894025205	-0.052906360090	56.335799387563	-28.981371958863	-21.034630704797	67.317800602052	196.352289407643	-152.218338929581	
0.338793103448	0.141684721950	-0.072902368627	-0.052909747105	56.331333277158	-28.984689155612	-21.035977321982	67.317638258942	196.352175628990	-152.218532473650	
0.339655172414	0.141693724968	-0.072909474223	-0.052909893291	56.334912717592	-28.987514214722	-21.036035442968	67.316840499497	196.352415421702	-152.221242087669	
0.340517241379	0.141700218722	-0.072914709838	-0.052910225231	56.337494518904	-28.989595802216	-21.036167416323	67.316790444275	196.353285088685	-152.221937282458	
0.341379310345	0.141695575574	-0.072922932260	-0.052911139363	56.335648485853	-28.992864891553	-21.036530858954	67.316629287180	196.352910918180	-152.224516992732	
0.342241379310	0.141697187951	-0.072927171102	-0.052908355052	56.336289538247	-28.994550179799	-21.035423866237	67.316402925108	196.350944277974	-152.224506056140	
0.343103448276	0.141697069069	-0.072936774971	-0.052909404243	56.336242272899	-28.998368507963	-21.035841005910	67.316767491282	196.352327874919	-152.227774018505	
0.343965517241	0.141693716060	-0.072955575253	-0.052911510427	56.334909175944	-29.005843166790	-21.036678387250	67.316567602270	196.353835971561	-152.234877321716	
0.344827586207	0.141683670524	-0.072974703661	-0.052917178005	56.330915248833	-29.013448282851	-21.038931715858	67.316081427235	196.354663126666	-152.238352951814	
0.345689655172	0.141685027359	-0.072992177282	-0.052912840936	56.331454702355	-29.020395484716	-21.037207374147	67.316815608681	196.352997626407	-152.242144582249	
0.346551724138	0.141697402749	-0.073000868934	-0.052913556038	56.336374938189	-29.023851131238	-21.037491686061	67.316155023131	196.353551692840	-152.244565219587	
0.347413793103	0.141696975575	-0.073009027463	-0.052913777907	56.336205101197	-29.027094817844	-21.037579897403	67.316559542287	196.354523707440	-152.246053066179	
0.348275862069	0.141690097908	-0.073016110124	-0.052913719601	56.333470662952	-29.029910758291	-21.037556715994	67.316454196491	196.353350048914	-152.248774522000	
0.349137931034	0.141691753408	-0.073017839181	-0.052910868263	56.334128860175	-29.030598200503	-21.036423074365	67.316720950494	196.351443223389	-152.247960071452	
0.350000000000	0.141691421073	-0.073023542534	-0.052912319281	56.333996729989	-29.032865752733	-21.036999973331	67.316830353160	196.352911740029	-152.250405390805	
0.350862068966	0.141687334729	-0.073035588674	-0.052914775953	56.332372071925	-29.037655084225	-21.037976702744	67.316550617507	196.354402374101	-152.255575992886	
0.351724137931	0.141674763592	-0.073046003047	-0.052920679821	56.327374010642	-29.041795654325	-21.040323975752	67.316056816694	196.354779078563	-152.256465240005	
0.352586206897	0.141678934204	-0.073053744918	-0.052918423429	56.329032172248	-29.044873684993	-21.039426874544	67.316256196839	196.353605846210	-152.258110209791	
0.353448275862	0.141692168288	-0.073053136901	-0.052919930600	56.334293809427	-29.044631948041	-21.040026098899	67.315423648742	196.354453379783	-152.257988415102	
0.354310344828	0.141686645199	-0.073053165084	-0.052921560792	56.332097927073	-29.044643153143	-21.040674234169	67.315575222164	196.355247089141	-152.257284675207	
0.355172413793	0.141683317674	-0.073049229454	-0.052920659764	56.330774962056	-29.043078416568	-21.040316001570	67.315002975827	196.353076916380	-152.256783653109	
0.356034482759	0.141685604963	-0.073042970087	-0.052920377796	56.331684347739	-29.040589803369	-21.040203896050	67.315098673797	196.352543900790	-152.254120065958	
0.356896551724	0.141683388954	-0.073044408652	-0.052921833372	56.330803301871	-29.041161751262	-21.040782607477	67.314833332277	196.353808358800	-152.256003233328	
0.357758620690	0.141678998670	-0.073050736110	-0.052926338197	56.329057802581	-29.043677436299	-21.042573645937	67.314150083986	196.355396260788	-152.258952537173	
0.358620689655	0.141667985343	-0.073057350525	-0.052928970525	56.324679099302	-29.046307210255	-21.043620212605	67.314004613024	196.354576788926	-152.258305842665	
0.359482758621	0.141680816486	-0.073060631773	-0.052927702074	56.329780534176	-29.047611776624	-21.043115899163	67.313588038601	196.354442834202	-152.259561374541	
0.360344827586	0.141684307372	-0.073060599593	-0.052928353303	56.331168448541	-29.047598982056	-21.043374816295	67.313358342805	196.354780154924	-152.258225609037	
0.361206896552	0.141686237744	-0.073058114025	-0.052923546388	56.331935930318	-29.046610764349	-21.041463672262	67.313531455294	196.351907367132	-152.257493591211	
0.362068965517	0.141689954914	-0.073052661220	-0.052923016512	56.333413811115	-29.044442825923	-21.041253002890	67.313527016411	196.352115787172	-152.255672300854	
0.362931034483	0.141680297044	-0.073058756162	-0.052924353899	56.329574013131	-29.046866066626	-21.041784724279	67.313852401199	196.353695284625	-152.258286879399	
0.363793103448	0.141680184888	-0.073067067363	-0.052922251197	56.329529421853	-29.050170452830	-21.040948727230	67.313716121850	196.351701457792	-152.261554082913	
0.364655172414	0.141677313714	-0.073071922456	-0.052919606253	56.328387894063	-29.052100751834	-21.039897144142	67.314442132694	196.349707576878	-152.258861465528	
0.365517241379	0.141685325965	-0.073080779351	-0.052914876205	56.331573423140	-29.055622096114	-21.038016561229	67.314886868708	196.349766847242	-152.262823853938	
0.366379310345	0.141689800054	-0.073089490436	-0.052915814803	56.333352241266	-29.059085468992	-21.038389731016	67.314883104076	196.350751449736	-152.265994398079	
0.367241379310	0.141679113433	-0.073100002927	-0.052915226407	56.329103430227	-29.063265049039	-21.038155794991	67.315705435238	196.349609982689	-152.266204658468	
0.368103448276	0.141687845994	-0.073107897910	-0.052910220097	56.332575341980	-29.066403954545	-21.036165375149	67.316135102027	196.348637425022	-152.268872925330	
0.368965517241	0.141694122749	-0.073111287912	-0.052906723431	56.335070868176	-29.067751759021	-21.034775162771	67.316893972153	196.348422776342	-152.268677085883	
0.369827586207	0.141693712819	-0.073114388998	-0.052901556703	56.334907887367	-29.068984696107	-21.032720963026	67.317826275849	196.346222322097	-152.269565345736	
0.370689655172	0.141698172938	-0.073111948793	-0.052896284141	56.336681151759	-29.068014513552	-21.030624685861	67.318432610708	196.344465695719	-152.267898102270	
0.371551724138	0.141695134518	-0.073115836745	-0.052895635691	56.335473129719	-29.069560294567	-21.030366873872	67.319460569518	196.346222307783	-152.269480936802	
0.372413793103	0.141691966977	-0.073126392650	-0.052893576193	56.334213771663	-29.073757135003	-21.029548054024	67.320064383934	196.345341235335	-152.274422781474	
0.373275862069	0.141689445737	-0.073129401913	-0.052891637459	56.333211371125	-29.074953564728	-21.028777247658	67.320552161590	196.343044152468	-152.271394677862	
0.374137931034	0.141695754426	-0.073133868956	-0.052885531257	56.335719594067	-29.076729581919	-21.026349530219	67.321895399957	196.342741698561	-152.273141263623	
0.375000000000	0.141702246534	-0.073136873178	-0.052886012106	56.338300741187	-29.077924007239	-21.026540706879	67.321793342606	196.344087599735	-152.275983105652	
0.375862068966	0.141692523041	-0.073139126480	-0.052889104183	56.334434852765	-29.078819880027	-21.027770062085	67.322212361581	196.344304074087	-152.274548563388	
0.376724137931	0.141697198152	-0.073139032400	-0.052885790071	56.336293594166	-29.078782475777	-21.026452429797	67.322751229196	196.343989245850	-152.275071283199	
0.377586206897	0.141699731301	-0.073133659881	-0.052886005679	56.337300729196	-29.076646457321	-21.026538151728	67.322815112497	196.344198665212	-152.273060559267	
0.378448275862	0.141706597547	-0.073122219578	-0.052879869152	56.340030626826	-29.072097995869	-21.024098377530	67.323363772314	196.341121521917	-152.269604752826	
0.379310344828	0.141711462548	-0.073107039817	-0.052881574052	56.341964865002	-29.066062791986	-21.024776215659	67.323266509291	196.342979320488	-152.265664686235	
0.380172413793	0.141698041966	-0.073103569447	-0.052884050831	56.336629079642	-29.064683034179	-21.025760938747	67.323597473249	196.344654382107	-152.266780915874	
0.381034482759	0.141698347339	-0.073096112914	-0.052885095224	56.336750490507	-29.061718449064	-21.026176171158	67.322940532855	196.343071243350	-152.265261514807	
0.381896551724	0.141696318770	-0.073087173128	-0.052885976806	56.335943967146	-29.058164148726	-21.026526672543	67.323328623131	196.342954061634	-152.260134308488	
0.382758620690	0.141703483302	-0.073080934829	-0.052885128873	56.338792458249	-29.055683911522	-21.026189549329	67.322830470696	196.344141744338	-152.261284189842	
0.383620689655	0.141702953797	-0.073070933416	-0.052892054399	56.338581936372	-29.051707527202	-21.028943015607	67.321899529233	196.346241319424	-152.259074005172	
0.384482758621	0.141694366786	-0.073061878172	-0.052894356640	56.335167893057	-29.048107322485	-21.029858345881	67.321872321634	196.346099946099	-152.255372469559	
0.385344827586	0.141704341703	-0.073047799747	-0.052897241856	56.339133743414	-29.042509990348	-21.031005456529	67.320549157335	196.347695203309	-152.252646661991	
0.386206896552	0.141704828212	-0.073032530787	-0.052897383674	56.339327170762	-29.036439322569	-21.031061840779	67.320588507757	196.347200366111	-152.248633253205	
0.387068965517	0.141708866980	-0.073010010044	-0.052896763583	56.340932913045	-29.027485474672	-21.030815303597	67.319651327861	196.345805622442	-152.242197765120	
0.387931034483	0.141709095415	-0.072991334126	-0.052902291110	56.341023734757	-29.020060260773	-21.033012950543	67.318909945375	196.349287372682	-152.238318289942	
0.388793103448	0.141698044559	-0.072985075434	-0.052906541794	56.336630110372	-29.017571915746	-21.034702947026	67.318455545270	196.350673453201	-152.239750323291	
0.389655172414	0.141695837236	-0.072972541148	-0.052911253606	56.335752517850	-29.012588505726	-21.036576279878	67.316909427955	196.349598788550	-152.234483779044	
0.390517241379	0.141698974833	-0.072962378247	-0.052910643807	56.336999970846	-29.008547916480	-21.036333834653	67.317129700467	196.350222571069	-152.231184999500	
0.391379310345	0.141705678819	-0.072953921501	-0.052914029510	56.339665356910	-29.005185664237	-21.037679930185	67.315707255788	196.352504921152	-152.232022653686	
0.392241379310	0.141698777480	-0.072945482658	-0.052923029696	56.336921506700	-29.001830529952	-21.041258244530	67.314594438749	196.354752650457	-152.229171770883	
0.393103448276	0.141693667658	-0.072938936255	-0.052924209802	56.334889932047	-28.999227796356	-21.041727433750	67.314279137145	196.354679183184	-152.227149047513	
0.393965517241	0.141704795300	-0.072927833344	-0.052926570446	56.339314085200	-28.994813475483	-21.042665983926	67.312972340231	196.355833344967	-152.225221613435	
0.394827586207	0.141705991603	-0.072917078891	-0.052928680794	56.339789714142	-28.990537695695	-21.043505020797	67.312757482839	196.357399520831	-152.222056801371	
0.395689655172	0.141701111938	-0.072907671335	-0.052931030504	56.337849646029	-28.986797418574	-21.044439224046	67.311865675908	196.357260304285	-152.220707569982	
0.396551724138	0.141703201844	-0.072895700319	-0.052929581072	56.338680555555	-28.982037954864	-21.043862955353	67.311600503204	196.356153618323	-152.216751121117	
0.397413793103	0.141702680333	-0.072890567190	-0.052932428157	56.338473212107	-28.979997113422	-21.044994905865	67.311369422306	196.358304491860	-152.216861739261	
0.398275862069	0.141699407627	-0.072894808338	-0.052936013161	56.337172042153	-28.981683318820	-21.046420240166	67.310779495205	196.360486321712	-152.220365034426	
0.399137931034	0.141687952572	-0.072900211937	-0.052941285263	56.332617715305	-28.983831693990	-21.048516334441	67.310261632718	196.361219118057	-152.220241024197	
0.400000000000	0.141692976508	-0.072904880597	-0.052937993709	56.334615143371	-28.985687870326	-21.047207670869	67.310578700974	196.360410786852	-152.221561166720	
0.400862068966	0.141704590827	-0.072903268382	-0.052939289587	56.339232790427	-28.985046882393	-21.047722888828	67.309884444674	196.361925171931	-152.221109530465	
0.401724137931	0.141700330999	-0.072904971693	-0.052937573774	56.337539158523	-28.985724088575	-21.047040711943	67.310558314410	196.361467797037	-152.221792852699	
0.402586206897	0.141700756767	-0.072900888198	-0.052933379943	56.337708436257	-28.984100563467	-21.045373319335	67.310521226852	196.359134231832	-152.220262324380	
0.403448275862	0.141703002914	-0.072901701892	-0.052933897697	56.338601464404	-28.984424073711	-21.045579169130	67.311114503564	196.361363862229	-152.221323418041	
0.404310344828	0.141692126739	-0.072915564202	-0.052933906252	56.334277290207	-28.989935482346	-21.045582570123	67.311686529395	196.362157890708	-152.227275090476	
0.405172413793	0.141689124577	-0.072923840837	-0.052931942702	56.333083683667	-28.993226125743	-21.044801897673	67.311588924540	196.359442974374	-152.227395199585	
0.406034482759	0.141691736773	-0.072932532257	-0.052925599390	56.334122246740	-28.996681680252	-21.042279909326	67.313314403930	196.358333083221	-152.228345306539	
0.406896551724	0.141698589471	-0.072943855287	-0.052923379297	56.336846757787	-29.001183516130	-21.041397239561	67.313347345250	196.359155483151	-152.233776608117	
0.407758620690	0.141693601460	-0.072956211481	-0.052925223701	56.334863613128	-29.006096119590	-21.042130541798	67.313925561318	196.359848622457	-152.236434304886	
0.408620689655	0.141684890825	-0.072969918673	-0.052920321599	56.331400418925	-29.011545856149	-21.040181553246	67.315283086851	196.357860754938	-152.238719757574	
0.409482758621	0.141696966992	-0.072978383605	-0.052916240389	56.336201688710	-29.014911363076	-21.038558936225	67.315601256498	196.357411641306	-152.241630447914	
0.410344827586	0.141696126613	-0.072986316857	-0.052911729524	56.335867568926	-29.018065483325	-21.036765496386	67.317098463321	196.356681512933	-152.242469744750	
0.411206896552	0.141695858169	-0.072991300451	-0.052904864932	56.335760840342	-29.020046872227	-21.034036256234	67.317854143984	196.353442882582	-152.243838512335	
0.412068965517	0.141699753209	-0.072994042338	-0.052899739168	56.337309439232	-29.021136997605	-21.031998343456	67.319148409453	196.352477007179	-152.243869354773	
0.412931034483	0.141692342450	-0.073005995219	-0.052898448646	56.334363052828	-29.025889251183	-21.031485254844	67.320288032020	196.353611251752	-152.247928187576	
0.413793103448	0.141690375733	-0.073021176099	-0.052895507742	56.333581121197	-29.031924900150	-21.030316003389	67.320920653162	196.351810484277	-152.253122430443	
0.414655172414	0.141686916670	-0.073030194299	-0.052889879445	56.332205858940	-29.035510376533	-21.028078292653	67.322350559620	196.348603676715	-152.251323841531	
0.415517241379	0.141695309646	-0.073040228168	-0.052883999943	56.335542757676	-29.039499664711	-21.025740706631	67.323379311661	196.348302755460	-152.255256853991	
0.416379310345	0.141699516685	-0.073050146823	-0.052883246233	56.337215401782	-29.043443146347	-21.025441045080	67.323878102394	196.348991534830	-152.259162313380	
0.417241379310	0.141687211191	-0.073060633356	-0.052884139693	56.332322955406	-29.047612405673	-21.025796269048	67.324688707115	196.348195311719	-152.259539573812	
0.418103448276	0.141692418846	-0.073069124937	-0.052878970555	56.334393426816	-29.050988507942	-21.023741111325	67.325470926338	196.346746085330	-152.262058403640	
0.418965517241	0.141701447868	-0.073071593007	-0.052876958876	56.337983205859	-29.051969768853	-21.022941303473	67.325921327486	196.346797747791	-152.261875239331	
0.419827586207	0.141699963103	-0.073074930177	-0.052873664917	56.337392889675	-29.053296568161	-21.021631683763	67.326844910743	196.345178020374	-152.262619150010	
0.420689655172	0.141703345261	-0.073071519910	-0.052869562692	56.338737575536	-29.051940706702	-21.020000711561	67.327053478765	196.343030156134	-152.260668936523	
0.421551724138	0.141702780023	-0.073072579809	-0.052870828422	56.338512846857	-29.052362103850	-21.020503943627	67.327718727956	196.345081686486	-152.261383152177	
0.422413793103	0.141696728725	-0.073082771217	-0.052871703473	56.336106957971	-29.056414026882	-21.020851848410	67.327961416483	196.345121510939	-152.266433775525	
0.423275862069	0.141694575204	-0.073085242002	-0.052872704408	56.335250756537	-29.057396367113	-21.021249802404	67.327618710244	196.343178835780	-152.263802433168	
0.424137931034	0.141699163275	-0.073088833152	-0.052869341642	56.337074892154	-29.058824144828	-21.019912826094	67.328556990403	196.343110260437	-152.264550619100	
0.425000000000	0.141706328390	-0.073092257403	-0.052872195482	56.339923614681	-29.060185565988	-21.021047462206	67.327738972531	196.344955237362	-152.267847315577	
0.425862068966	0.141698469666	-0.073095315611	-0.052879020205	56.336799125260	-29.061401455371	-21.023760851183	67.327345169853	196.346205958237	-152.267025426877	
0.426724137931	0.141697268193	-0.073097982647	-0.052878345052	56.336321441173	-29.062461821553	-21.023492422357	67.327411845275	196.345657043154	-152.267551169761	
0.427586206897	0.141709316823	-0.073093987002	-0.052881180050	56.341111762795	-29.060873224027	-21.024619567170	67.326408518872	196.347156636148	-152.266871346928	
0.428448275862	0.141706045394	-0.073091646488	-0.052883237263	56.339811100552	-29.059942677260	-21.025437478644	67.326530803012	196.347549205582	-152.266019547743	
0.429310344828	0.141708164539	-0.073082859560	-0.052882878276	56.340653635141	-29.056449150472	-21.025294751829	67.325517064754	196.345911149375	-152.263320143730	
0.430172413793	0.141712083968	-0.073075991448	-0.052887273167	56.342211930334	-29.053718510767	-21.027042082702	67.325224488766	196.348807529497	-152.262254342868	
0.431034482759	0.141700316467	-0.073081022305	-0.052893536769	56.337533380832	-29.055718690335	-21.029532379520	67.324633679437	196.351315921824	-152.265862758221	
0.431896551724	0.141699014667	-0.073081184422	-0.052898132276	56.337015808125	-29.055783145360	-21.031359471904	67.323126196935	196.350419810404	-152.265058662668	
0.432758620690	0.141700156634	-0.073079740648	-0.052898214395	56.337469834050	-29.055209126132	-21.031392120638	67.323434573124	196.350502103022	-152.262793846580	
0.433620689655	0.141707318870	-0.073079870079	-0.052902197414	56.340317412009	-29.055260585904	-21.032975698353	67.321978217521	196.352994800604	-152.265692227286	
0.434482758621	0.141704682923	-0.073080262349	-0.052910901976	56.339269406159	-29.055416545361	-21.036436478221	67.320872249419	196.355810667566	-152.266301780496	
0.435344827586	0.141693443593	-0.073082261610	-0.052914631348	56.334800848045	-29.056211415985	-21.037919210191	67.320437874958	196.356028966055	-152.265633180539	
0.436206896552	0.141701598131	-0.073080314945	-0.052917086927	56.338042947578	-29.055437456595	-21.038895505072	67.319162666815	196.356848651481	-152.266081427016	
0.437068965517	0.141709425612	-0.073075724951	-0.052918837133	56.341155015501	-29.053612556459	-21.039591355982	67.318731892807	196.358065676226	-152.265148300634	
0.437931034483	0.141702103800	-0.073073237290	-0.052924916339	56.338243992837	-29.052623506387	-21.042008340266	67.317742377280	196.360593244137	-152.264623028954	
0.438793103448	0.141698078749	-0.073071463152	-0.052925394789	56.336643703879	-29.051918140603	-21.042198563521	67.317099381891	196.359426751514	-152.265101178762	
0.439655172414	0.141701918864	-0.073065714500	-0.052925535941	56.338170465312	-29.049632578751	-21.042254683059	67.316883810880	196.358997542634	-152.262658670758	
0.440517241379	0.141701459415	-0.073066802509	-0.052928481411	56.337987796438	-29.050065151695	-21.043425749735	67.316319651265	196.361259580799	-152.264422489947	
0.441379310345	0.141696870235	-0.073073971885	-0.052932414281	56.336163220195	-29.052915568387	-21.044989389078	67.315738782685	196.363440434616	-152.268490510826	
0.442241379310	0.141683960015	-0.073080879007	-0.052937276000	56.331030345408	-29.055661717533	-21.046922322263	67.315283356767	196.363689110994	-152.268527884645	
0.443103448276	0.141691089741	-0.073085511400	-0.052935158902	56.333864998236	-29.057503474812	-21.046080601892	67.315172824518	196.363146029475	-152.269919709011	
0.443965517241	0.141700838678	-0.073083893117	-0.052933988197	56.337741002615	-29.056860074335	-21.045615150027	67.314826055374	196.363251716561	-152.269258495820	
0.444827586207	0.141702739711	-0.073082210593	-0.052933410776	56.338496819467	-29.056191132663	-21.045385577807	67.315036235908	196.364405534266	-152.269407117550	
0.445689655172	0.141689492485	-0.073083543812	-0.052936186089	56.333229957339	-29.056721196957	-21.046488993206	67.314926246527	196.365168966139	-152.270174502341	
0.446551724138	0.141692408392	-0.073081331550	-0.052929694784	56.334389270205	-29.055841640651	-21.043908165118	67.315281995979	196.361526187400	-152.269072916126	
0.447413793103	0.141697884373	-0.073077976525	-0.052927286056	56.336566423461	-29.054507742155	-21.042950497711	67.315921564396	196.361703104567	-152.267553533704	
0.448275862069	0.141694231783	-0.073083145035	-0.052924925107	56.335114218304	-29.056562650257	-21.042011826480	67.316329111658	196.362506706697	-152.270945221739	
0.449137931034	0.141686316597	-0.073089349652	-0.052928363841	56.331967280757	-29.059029495766	-21.043379006144	67.316253799888	196.363600896181	-152.273093508206	
0.450000000000	0.141679436331	-0.073096051505	-0.052924732205	56.329231808892	-29.061694033692	-21.041935131969	67.317299914716	196.361525816581	-152.272816893474	
0.450862068966	0.141692224250	-0.073096523395	-0.052920162048	56.334316058759	-29.061881648965	-21.040118118396	67.317436762463	196.360505192071	-152.272995210331	
0.451724137931	0.141701573603	-0.073092415738	-0.052914700423	56.338033195829	-29.060248517271	-21.037946673307	67.318388087794	196.360060568678	-152.271680932154	
0.452586206897	0.141690629580	-0.073089275541	-0.052914102206	56.333682046066	-29.059000030659	-21.037708832791	67.319059839552	196.360219940507	-152.270719048040	
0.453448275862	0.141690543356	-0.073082761267	-0.052906829683	56.333647765007	-29.056410071045	-21.034817406426	67.319680189810	196.356318604426	-152.268896246171	
0.454310344828	0.141695666023	-0.073074168679	-0.052901864912	56.335684446579	-29.052993810230	-21.032843501758	67.320936772584	196.355191640896	-152.265591465745	
0.455172413793	0.141693767218	-0.073073322590	-0.052898093633	56.334929515444	-29.052657420080	-21.031344108059	67.321669151196	196.355358663290	-152.266908363299	
0.456034482759	0.141688374594	-0.073074617037	-0.052899348363	56.332785503658	-29.053172069387	-21.031842966305	67.321936227804	196.356072126958	-152.268068461469	
0.456896551724	0.141679232876	-0.073075567608	-0.052896673388	56.329150918861	-29.053549999693	-21.030779443873	67.322938909985	196.353955794545	-152.265939340003	
0.457758620690	0.141693666967	-0.073071003304	-0.052892491556	56.334889657423	-29.051735313155	-21.029116821686	67.323147684277	196.353145130677	-152.265082524956	
0.458620689655	0.141697708578	-0.073062045239	-0.052889193982	56.336496530239	-29.048173745538	-21.027805764645	67.323882386349	196.352775169226	-152.261408276981	
0.459482758621	0.141696367241	-0.073050309741	-0.052883948322	56.335963238646	-29.043507919637	-21.025720183058	67.324525976759	196.350028393609	-152.258678087563	
0.460344827586	0.141699215010	-0.073033679428	-0.052880985136	56.337095461182	-29.036896001886	-21.024542073000	67.324929250782	196.348842733842	-152.253575354812	
0.461206896552	0.141695032916	-0.073024876254	-0.052881584708	56.335432734392	-29.033396015999	-21.024780452293	67.325412215204	196.350536602471	-152.252167639252	
0.462068965517	0.141691026737	-0.073021723634	-0.052881015804	56.333839948950	-29.032142590156	-21.024554265862	67.325498399491	196.349632009817	-152.253279517014	
0.462931034483	0.141686764729	-0.073011248869	-0.052879526352	56.332145450204	-29.027978009450	-21.023962086134	67.325637224169	196.346900532445	-152.246559090111	
0.463793103448	0.141694867631	-0.073002169310	-0.052876494255	56.335367020324	-29.024368137622	-21.022756578114	67.326015813540	196.347080471954	-152.245094665309	
0.464655172414	0.141700638687	-0.072993900798	-0.052878441689	56.337661489550	-29.021080724041	-21.023530843380	67.325462038342	196.348388544960	-152.244786626523	
0.465517241379	0.141689463252	-0.072986376668	-0.052883731332	56.333218334978	-29.018089263175	-21.025633911930	67.325158719171	196.348772555027	-152.240895981263	
0.466379310345	0.141690652712	-0.072978102853	-0.052881698780	56.333691242971	-29.014799741010	-21.024825805053	67.325125108134	196.347745601387	-152.238913566191	
0.467241379310	0.141702292021	-0.072963485906	-0.052883032471	56.338318825916	-29.008988302002	-21.025356056835	67.324329484482	196.348584258868	-152.235142633134	
0.468103448276	0.141697790508	-0.072951364042	-0.052884295362	56.336529104371	-29.004168863996	-21.025858160104	67.324344273964	196.348517481793	-152.231683920161	
0.468965517241	0.141699608833	-0.072933400735	-0.052882589320	56.337252038009	-28.997026971793	-21.025179868112	67.323414505763	196.346241007308	-152.226517147262	
0.469827586207	0.141703281923	-0.072917880780	-0.052885967998	56.338712393633	-28.990856512563	-21.026523170589	67.323185916383	196.348544199148	-152.222848330701	
0.470689655172	0.141692817156	-0.072915112176	-0.052890583663	56.334551787750	-28.989755764924	-21.028358277237	67.322608415756	196.350086797781	-152.224393317451	
0.471551724138	0.141692227891	-0.072907371755	-0.052893579097	56.334317506499	-28.986678310595	-21.029549208371	67.321215334388	196.348576033922	-152.220964602072	
0.472413793103	0.141692448564	-0.072900128359	-0.052892930731	56.334405242094	-28.983798465045	-21.029291429590	67.321575416977	196.348387091368	-152.217388816952	
0.473275862069	0.141699574044	-0.072895573597	-0.052895998721	56.337238206658	-28.981987572323	-21.030511208044	67.320150850268	196.350270656665	-152.219013895132	
0.474137931034	0.141695986669	-0.072891239777	-0.052903990277	56.335811929781	-28.980264522127	-21.033688509057	67.319065540660	196.352286254883	-152.217484811532	
0.475000000000	0.141687957203	-0.072889066101	-0.052905226270	56.332619556494	-28.979400307088	-21.034179918135	67.318824488941	196.351722430519	-152.215827016014	
0.475862068966	0.141699231597	-0.072882567251	-0.052907916433	56.337102055600	-28.976816479550	-21.035249478918	67.317391294337	196.352765037360	-152.215140137103	
0.476724137931	0.141699864829	-0.072876467348	-0.052910116099	56.337353817618	-28.974391266344	-21.036124027113	67.317152329860	196.353833975530	-152.212709375223	
0.477586206897	0.141697896279	-0.072870335325	-0.052911064086	56.336571157015	-28.971953282980	-21.036500929989	67.316224310094	196.352781925994	-152.211765908517	
0.478448275862	0.141701344428	-0.072862094313	-0.052911383967	56.337942079983	-28.968676802655	-21.036628109148	67.315797384625	196.352664225643	-152.209000185063	
0.479310344828	0.141696723019	-0.072862367148	-0.052916211586	56.336104689583	-28.968785277004	-21.038547484709	67.315325092465	196.355637043712	-152.210278090577	
0.480172413793	0.141692369793	-0.072870078321	-0.052919501227	56.334373924127	-28.971851102667	-21.039855387681	67.314567808638	196.356014322398	-152.214500127656	
0.481034482759	0.141687637225	-0.072871983925	-0.052920307060	56.332492338866	-28.972608736877	-21.040175772781	67.314200025939	196.354187728310	-152.211303964342	
0.481896551724	0.141694987385	-0.072876354539	-0.052918931041	56.335414632209	-28.974346415691	-21.039628691940	67.314212668264	196.355117855503	-152.213608933676	
0.482758620690	0.141700022838	-0.072882409553	-0.052922058035	56.337416638995	-28.976753781694	-21.040871929501	67.313433875133	196.357122833991	-152.217270350821	
0.483620689655	0.141688353528	-0.072890186937	-0.052927603365	56.332777128145	-28.979845931883	-21.043076654110	67.313113240285	196.357945024057	-152.217528689538	
0.484482758621	0.141688864782	-0.072898180329	-0.052925213534	56.332980394053	-28.983023962522	-21.042126499680	67.313246458390	196.357131856285	-152.219811438510	
0.485344827586	0.141698172146	-0.072901115171	-0.052924763110	56.336680836887	-28.984190803718	-21.041947419361	67.312906313871	196.357157582544	-152.220495457896	
0.486206896552	0.141703108475	-0.072904888309	-0.052924278854	56.338643433498	-28.985690936474	-21.041754887717	67.313176473168	196.358185526613	-152.221636114345	
0.487068965517	0.141691457695	-0.072912392249	-0.052926988252	56.334011290174	-28.988674369968	-21.042832096279	67.313064202134	196.359048729280	-152.223774069376	
0.487931034483	0.141693550500	-0.072916474324	-0.052921022273	56.334843352308	-28.990297330603	-21.040460128805	67.313473463559	196.355556665117	-152.224343902698	
0.488793103448	0.141698876826	-0.072919879509	-0.052920387781	56.336961005225	-28.991651171783	-21.040207866083	67.314037211427	196.356117770803	-152.224621124377	
0.489655172414	0.141696470182	-0.072932828351	-0.052919156006	56.336004165881	-28.996799401868	-21.039718133991	67.314369173485	196.357250399397	-152.229937084412	
0.490517241379	0.141689283513	-0.072947078050	-0.052923064374	56.333146873780	-29.002464829421	-21.041272031819	67.314308787897	196.358585359828	-152.234130003212	
0.491379310345	0.141682145198	-0.072961476195	-0.052920692648	56.330308806328	-29.008189276854	-21.040329075684	67.315269965482	196.356931640251	-152.235918416664	
0.492241379310	0.141695246756	-0.072969859940	-0.052918030664	56.335517753552	-29.011522505025	-21.039270717935	67.315222074868	196.356539603713	-152.238276522994	
0.493103448276	0.141704265494	-0.072974317722	-0.052914420001	56.339103443992	-29.013294840175	-21.037835182268	67.316007908499	196.356765980001	-152.238993432721	
0.493965517241	0.141694009591	-0.072980514117	-0.052914515827	56.335025878614	-29.015758417024	-21.037873280986	67.316633272336	196.356765340185	-152.240900809134	
0.494827586207	0.141695343432	-0.072981676572	-0.052908487322	56.335556190126	-29.016220588397	-21.035476454503	67.317086584190	196.353355022067	-152.240464412138	
0.495689655172	0.141699091312	-0.072984192811	-0.052906373696	56.337046280710	-29.017221000414	-21.034636114028	67.318166286124	196.353718563801	-152.240904239870	
0.496551724138	0.141696095669	-0.072995757075	-0.052904268735	56.335855266394	-29.021818746673	-21.033799219129	67.318737961021	196.354369041539	-152.245951049935	
0.497413793103	0.141687977359	-0.073007551456	-0.052908313387	56.332627570180	-29.026507983614	-21.035407300811	67.318717354068	196.355377076823	-152.248727190760	
0.498275862069	0.141683685572	-0.073018957161	-0.052903920072	56.330921231655	-29.031042689734	-21.033660596691	67.319937010936	196.353261852948	-152.249996699146	
0.499137931034	0.141698927175	-0.073022813269	-0.052902254918	56.336981022793	-29.032575809887	-21.032998561271	67.319724915911	196.353333283783	-152.251353435442	
0.500000000000	0.141700245513	-0.073024816138	-0.052899811944	56.337505170721	-29.033372114814	-21.032027277914	67.320646792545	196.353424956079	-152.250731696956	
0.500862068966	0.141697091065	-0.073024088180	-0.052896471671	56.336251018075	-29.033082691844	-21.030699244649	67.321020055064	196.351266856796	-152.251157789729	
