dbx_v3_0_m15_0										
Time	Cx	Cy	Cz	Fx	Fy	Fz	Mx	My	Mz	
0.000000000000	0.000000000000	0.000000000000	0.000000000000	0.000000000000	0.000000000000	0.000000000000	0.000000000000	0.000000000000	0.000000000000	
0.000862068966	1.924824331751	-0.126934251029	10.956703836208	765.274089356197	-50.466679874061	4356.180152279115	2091.426478568746	-2844.674480296279	106.940383265767	
0.001724137931	0.044865448995	0.125119345236	2.471262737385	17.837661887669	49.745107336368	982.527760957378	360.987774818748	-540.459427024540	200.562415535362	
0.002586206897	-0.277089547558	0.440143698439	1.955528798488	-110.165612352226	174.992887637714	777.481610028826	598.563030357729	-363.702731862476	191.492661307770	
0.003448275862	-0.319205122037	0.310253757559	2.163740568370	-126.909975656098	123.351080859185	860.262708522617	646.311830103541	-509.199643076157	192.660682495829	
0.004310344828	-0.274276606556	0.295258626694	2.390496089902	-109.047239714929	117.389297787048	950.416455222462	641.771196520985	-566.852283789407	205.783109407831	
0.005172413793	-0.298406081430	0.236638033732	2.477334525653	-118.640666816917	94.082848384550	984.941790207304	650.080948800534	-568.368215756535	198.108335329168	
0.006034482759	-0.321448560460	0.256738407425	2.688893944877	-127.801924738160	102.074380349393	1069.053851355443	675.869643053649	-627.254914194024	209.420450731360	
0.006896551724	-0.345661351264	0.221850640124	2.727459004782	-137.428476693070	88.203657753763	1084.386596589556	688.822668094124	-641.382829490175	210.154088722909	
0.007758620690	-0.361805134258	0.208389994070	2.716507761502	-143.846942329310	82.851957091494	1080.032587452344	710.132973453278	-633.727986031973	213.386283211398	
0.008620689655	-0.392636188486	0.225580492217	2.743629198123	-156.104791816712	89.686577060730	1090.815562485100	708.312295182127	-644.430371085178	224.360340369547	
0.009482758621	-0.424312532946	0.207168501097	2.864888841098	-168.698712862326	82.366314372266	1139.026124520643	728.979994061926	-676.540126148016	223.799714476371	
0.010344827586	-0.444997043728	0.187838868505	2.931230367308	-176.922486788856	74.681214628016	1165.402272317473	747.596492111772	-693.880157093932	225.420521323292	
0.011206896552	-0.462245740392	0.206997107070	2.953421743691	-183.780245397929	82.298171318527	1174.225147773080	754.230713433059	-702.361944430660	237.847266719034	
0.012068965517	-0.479383455848	0.221219585848	2.979494083261	-190.593879958394	87.952762397672	1184.591021475335	761.370761446570	-709.045264905917	246.324024761640	
0.012931034483	-0.496037189617	0.212257970438	3.018832031147	-197.215092467925	84.389792021902	1200.231052489434	771.086732788355	-719.124714952211	247.325704733227	
0.013793103448	-0.513937588398	0.207228165462	3.064708832851	-204.331955627878	82.390035805905	1218.470809264765	781.060466784938	-732.492540550076	250.385458059325	
0.014655172414	-0.531505966435	0.200707353802	3.107160293718	-211.316813561328	79.797483268675	1235.348714703424	790.065518480986	-745.064353671508	253.431221066621	
0.015517241379	-0.546858711964	0.196385616925	3.146999993812	-217.420777523055	78.079241661435	1251.188232994186	798.893981803773	-756.797386021268	256.533838099416	
0.016379310345	-0.562000437758	0.200442651110	3.181687821847	-223.440843992247	79.692242437762	1264.979463484039	806.649684289515	-767.376048726341	261.990813473634	
0.017241379310	-0.575229780778	0.207555358030	3.211790852826	-228.700582901783	82.520121440286	1276.947864568417	812.799520739820	-776.869809692319	267.951690340723	
0.018103448276	-0.586640051831	0.213191967914	3.239618145936	-233.237092881184	84.761131918314	1288.011474915783	818.801130878675	-785.618989981124	273.372866313611	
0.018965517241	-0.596346453958	0.216899149272	3.269541761396	-237.096176500412	86.235037765802	1299.908543751384	825.093090650824	-795.285812218545	278.458507350746	
0.019827586207	-0.607998857569	0.218685214499	3.300692613663	-241.728953848134	86.945143835197	1312.293538947170	831.355859192560	-805.759003802799	282.892183349338	
0.020689655172	-0.617869924544	0.218418334091	3.325330578168	-245.653505125625	86.839037185496	1322.089131999142	836.907945136571	-812.467230442320	285.478381618808	
0.021551724138	-0.625169978259	0.213430001117	3.340728124141	-248.555869703667	84.855769460137	1328.210907777784	841.881449237621	-813.606331654877	284.329580487945	
0.022413793103	-0.627826018764	0.203462557405	3.345724257909	-249.611861642695	80.892900597737	1330.197276952685	845.778012162400	-807.663297744730	279.045077460046	
0.023275862069	-0.626026517839	0.187968116919	3.338835413242	-248.896413791829	74.732601375788	1327.458401387931	849.184252604870	-793.153869861041	269.020672101727	
0.024137931034	-0.622684522676	0.171148495359	3.327649106115	-247.567699133003	68.045434988384	1323.010935269125	852.038371428903	-775.587243673766	257.905804709815	
0.025000000000	-0.619283935370	0.155326638296	3.315101159903	-246.215689336315	61.754961070236	1318.022106963017	854.367310493955	-757.230315695816	247.067105406720	
0.025862068966	-0.617658542838	0.140990636156	3.302364571501	-245.569463719945	56.055235229451	1312.958278056614	856.592238015300	-740.403711200560	237.561554996563	
0.026724137931	-0.616789820252	0.130284328864	3.295803840037	-245.224075896837	51.798608051791	1310.349854153173	858.887579189508	-728.604049084879	230.739078515169	
0.027586206897	-0.616453282375	0.120226642453	3.290117030542	-245.090274742684	47.799860383088	1308.088885250268	861.061699689610	-718.195377885972	224.481033922113	
0.028448275862	-0.616951368351	0.112005111288	3.288952175636	-245.288304394212	44.531133636626	1307.625760765168	863.440550803713	-710.945687824419	219.702670989802	
0.029310344828	-0.617422560723	0.104932204018	3.289283357442	-245.475641652616	41.719078229180	1307.757432445902	865.884027414558	-704.834433642589	215.576869889526	
0.030172413793	-0.618868381189	0.098964475349	3.291594359673	-246.050472779918	39.346421126386	1308.676243632309	868.005025528920	-700.520119422999	212.449453316401	
0.031034482759	-0.619930212492	0.094146650793	3.294383505920	-246.472637010694	37.430944353101	1309.785155920876	870.419435438915	-696.787282363373	209.896102797126	
0.031896551724	-0.621790953580	0.090054736117	3.297694206253	-247.212432803080	35.804075747222	1311.101428341224	872.534874428166	-693.832868866710	207.818348474945	
0.032758620690	-0.623737629992	0.086358528981	3.300796180170	-247.986394870189	34.334533044873	1312.334715049902	874.699904382902	-691.021200798613	205.929008102903	
0.033620689655	-0.626192362531	0.083179447294	3.304068524942	-248.962350533780	33.070589731815	1313.635738018242	876.501268382197	-688.899360875137	204.376364798256	
0.034482758621	-0.628834713311	0.080244182353	3.308075656671	-250.012899694893	31.903583388722	1315.228898512924	878.443768783701	-687.355079000845	203.164009562628	
0.035344827586	-0.631343859050	0.078213742747	3.312682710852	-251.010489027506	31.096318644997	1317.060576934151	880.373817337834	-686.593487690453	202.534293608864	
0.036206896552	-0.634065382334	0.075890768168	3.316594051879	-252.092515692774	30.172747477572	1318.615652840438	882.043878247414	-685.609031114113	201.698887104664	
0.037068965517	-0.636483606687	0.074190297622	3.320421914391	-253.053956386005	29.496672249717	1320.137539253616	883.585817381462	-684.967655089299	201.218968312939	
0.037931034483	-0.638875473730	0.072455473792	3.324294910456	-254.004917906377	28.806938799769	1321.677369921920	885.130082480797	-684.365188611754	200.699339972537	
0.038793103448	-0.641327083091	0.071618631933	3.328493546921	-254.979631853187	28.474226156155	1323.346669111611	886.675874401019	-684.169179395212	200.530765359436	
0.039655172414	-0.643378483950	0.070803435521	3.331620300394	-255.795230398160	28.150119336852	1324.589807707063	887.864997968624	-683.764914535501	200.376640740301	
0.040517241379	-0.645748479157	0.070095849410	3.335431945596	-256.737496086499	27.868796357114	1326.105246421694	889.207314760068	-683.817009888780	200.483861085814	
0.041379310345	-0.647445748031	0.069873043761	3.339161219116	-257.412298389591	27.780213005847	1327.587935698795	890.573169503489	-683.812971711870	200.496298924551	
0.042241379310	-0.649450974273	0.069340008893	3.342387569848	-258.209538771874	27.568288329530	1328.870672298297	891.464680823820	-683.902717279356	200.497132608016	
0.043103448276	-0.651510072265	0.068615027072	3.346924550769	-259.028197552622	27.280049141343	1330.674490904524	892.826701320639	-684.574348334912	200.812502954316	
0.043965517241	-0.653117723410	0.068283788610	3.351835312784	-259.667369525739	27.148354935029	1332.626917869904	894.255642483071	-685.216199414048	200.882711818003	
0.044827586207	-0.655117555228	0.067170552409	3.355814074777	-260.462465186047	26.705753080234	1334.208799089367	895.118951784779	-685.743821531781	200.808593495285	
0.045689655172	-0.657545981105	0.065446002622	3.360662953335	-261.427961814279	26.020104397327	1336.136622351548	896.528834340262	-686.530818444096	200.881862874877	
0.046551724138	-0.659513714789	0.064610530315	3.366080117747	-262.210295857821	25.687936261869	1338.290385421704	898.089919122125	-687.562701348395	200.942345071277	
0.047413793103	-0.661342740434	0.063661514481	3.369912808002	-262.937482184234	25.310625347783	1339.814191254956	898.768763444115	-688.327321331482	201.098734451420	
0.048275862069	-0.663451806454	0.062450112194	3.374304789323	-263.776007316880	24.828994496516	1341.560360736984	900.042648165910	-689.144083363180	201.440630079023	
0.049137931034	-0.665216529276	0.062760427414	3.379104740505	-264.477628045805	24.952370013461	1343.468731391249	901.492776226302	-690.104922584756	201.852398964071	
0.050000000000	-0.666934829664	0.062987084804	3.381703940915	-265.160792084744	25.042484744890	1344.502124773622	901.961164638340	-690.503163844451	202.224097992801	
0.050862068966	-0.669044004137	0.062980643751	3.384948327301	-265.999360335956	25.039923903111	1345.792032011756	902.980713557582	-691.140371554270	202.860795454256	
0.051724137931	-0.670697612813	0.063937947706	3.388694038721	-266.656804162483	25.420530018600	1347.281256689794	904.203760758004	-691.858343601212	203.391342035257	
0.052586206897	-0.671926477969	0.064937095294	3.390602680377	-267.145377923330	25.817772378922	1348.040096850609	904.548447765020	-692.142272610417	203.928933449918	
0.053448275862	-0.673766129199	0.065361037816	3.393574061561	-267.876788783314	25.986323982435	1349.221462335146	905.405407870053	-692.848812334516	204.686784840325	
0.054310344828	-0.674980369591	0.066432040190	3.396976034817	-268.359548012568	26.412134459017	1350.574023159679	906.527427746563	-693.511033243988	205.181390882672	
0.055172413793	-0.676251152267	0.067180689385	3.398816148678	-268.864787393856	26.709783351836	1351.305617953029	906.776438407941	-693.888400232173	205.570106174757	
0.056034482759	-0.678198312891	0.066751177323	3.401383233239	-269.638941974716	26.539017403779	1352.326242675785	907.600813615446	-694.452569364764	205.986120504714	
0.056896551724	-0.679664231437	0.066881543619	3.404374303115	-270.221763722077	26.590848600388	1353.515436015589	908.618353710455	-695.136612615613	206.241127227810	
0.057758620690	-0.680768007381	0.066751152215	3.405857830766	-270.660604356087	26.539007421118	1354.105258813080	908.741839686624	-695.534236480891	206.411814960845	
0.058620689655	-0.682157399201	0.065868818997	3.408391606450	-271.213000511214	26.188208265825	1355.112640550488	909.429644167406	-696.210945983515	206.736158895632	
0.059482758621	-0.683055924570	0.065987276284	3.411789725631	-271.570237362564	26.235304663717	1356.463669066990	910.461501927174	-697.043550023227	207.000214971963	
0.060344827586	-0.683860706456	0.066264354621	3.413523676284	-271.890203561110	26.345465818897	1357.153055358099	910.577855314830	-697.511055931316	207.275620338265	
0.061206896552	-0.685114195188	0.065849129285	3.416032181092	-272.388567194849	26.180380005308	1358.150389868443	911.238191670014	-698.186058710522	207.715180215725	
0.062068965517	-0.686066667629	0.066303747232	3.419117848007	-272.767252391152	26.361127583010	1359.377193218496	912.210632109180	-698.934879444211	208.024219339033	
0.062931034483	-0.686985428541	0.066692579527	3.420551911444	-273.132534515332	26.515720017898	1359.947349971493	912.284761133275	-699.346036972060	208.268295102736	
0.063793103448	-0.688310068249	0.066319756090	3.422782654635	-273.659186443537	26.367492404939	1360.834251667496	912.872883359372	-700.017029763445	208.723077779474	
0.064655172414	-0.689160117287	0.066765532978	3.425642182895	-273.997150013896	26.544724943164	1361.971146525146	913.784422245377	-700.750017313436	209.035825247083	
0.065517241379	-0.689987658167	0.067109857641	3.426689421248	-274.326164762630	26.681621977752	1362.387508872647	913.751737741824	-701.090357203343	209.269211502965	
0.066379310345	-0.691218537608	0.066646729912	3.428560967867	-274.815539365544	26.497491070087	1363.131600741734	914.235491847255	-701.693539969715	209.665320712244	
0.067241379310	-0.691844435198	0.067246512662	3.431349158524	-275.064384520143	26.735953453609	1364.240133105219	915.114580019027	-702.433088443819	210.006568857911	
0.068103448276	-0.692416218313	0.067930323974	3.432475670677	-275.291714773025	27.007824018815	1364.688013230201	915.063882554689	-702.804660344356	210.316835711278	
0.068965517241	-0.693707633978	0.067653887588	3.434172733834	-275.805157444799	26.897918091310	1365.362733743668	915.506818508324	-703.345158791048	210.703429376188	
0.069827586207	-0.694637887386	0.068196739810	3.436652564971	-276.175008769569	27.113745963281	1366.348668140029	916.353815167564	-704.021310963343	210.978242585870	
0.070689655172	-0.695425948562	0.068642965421	3.437275577650	-276.488327127805	27.291156905332	1366.596366307998	916.200217523510	-704.286793204637	211.203803309274	
0.071551724138	-0.696440521959	0.068221130743	3.438636299033	-276.891702500252	27.123443341409	1367.137363634443	916.512275880967	-704.782592643372	211.574490521760	
0.072413793103	-0.696814974245	0.068957060388	3.441238784358	-277.040577713191	27.416035179311	1368.172063037393	917.337897036757	-705.540928928142	211.947654783963	
0.073275862069	-0.697164642291	0.069690842062	3.441925983280	-277.179599176628	27.707773024206	1368.445280452788	917.201377760289	-705.742638117275	212.204654050613	
0.074137931034	-0.698118843261	0.069501121437	3.443154424526	-277.558971603826	27.632343658326	1368.933685675451	917.512597180816	-706.145457914039	212.596214894809	
0.075000000000	-0.698669859088	0.070181884378	3.445334267149	-277.778045172305	27.903002248506	1369.800350259186	918.271714008606	-706.730772604649	212.887021512502	
0.075862068966	-0.699022835856	0.070888185195	3.445938752205	-277.918382121613	28.183814219297	1370.040682191303	918.123367879070	-706.981823931765	213.144423704695	
0.076724137931	-0.699961044761	0.070483579538	3.447035154692	-278.291396403506	28.022950591233	1370.476591276994	918.417783032839	-707.352405863787	213.475024124124	
0.077586206897	-0.700406463098	0.070854842759	3.448902499891	-278.468486388291	28.170557891789	1371.219012740116	919.116771588746	-707.819853296585	213.644085979481	
0.078448275862	-0.700674131864	0.071355160063	3.449336560596	-278.574906474535	28.369474677369	1371.391587143762	918.938157272825	-708.030611028269	213.812726943077	
0.079310344828	-0.701532299287	0.070743341630	3.450327731646	-278.916097762540	28.126227131769	1371.785658181816	919.193878038178	-708.373373323513	214.062435367252	
0.080172413793	-0.701961464844	0.070952296281	3.452094551810	-279.086725946950	28.209303585917	1372.488112774408	919.891925544573	-708.797275175328	214.167154031633	
0.081034482759	-0.702208802993	0.071348383810	3.452299626958	-279.185062960575	28.366780566344	1372.569646810722	919.634171451180	-708.954517244745	214.316380206405	
0.081896551724	-0.702873838323	0.070799475319	3.453166704755	-279.449468547510	28.148544834806	1372.914380696609	919.852745492930	-709.265183692307	214.547734649661	
0.082758620690	-0.703159062119	0.071151801517	3.454959776153	-279.562868184525	28.288623129736	1373.627272288240	920.543190367074	-709.682447193525	214.661632591647	
0.083620689655	-0.703435197446	0.071625931556	3.455073088666	-279.672654416442	28.477128349816	1373.672323220199	920.256773931139	-709.783505623772	214.792390492142	
0.084482758621	-0.704098083533	0.071165477685	3.455931219698	-279.936205504459	28.294060517846	1374.013500040282	920.463551799966	-710.091250940825	215.020993000292	
0.085344827586	-0.704304523373	0.071658986714	3.457848668895	-280.018282116920	28.490270461248	1374.775841914019	921.159852619143	-710.556266205068	215.173729746647	
0.086206896552	-0.704544243033	0.072191903684	3.458070875776	-280.113590162099	28.702148263336	1374.864187206454	920.889269552888	-710.667598343104	215.308745898070	
0.087068965517	-0.705331145499	0.071705864929	3.458956606991	-280.426447838713	28.508908360897	1375.216337341690	921.095345408089	-710.988351607378	215.532807660616	
0.087931034483	-0.705629033930	0.072119965380	3.460855595081	-280.544882697259	28.673546941559	1375.971339425445	921.796569999720	-711.482023933252	215.673989845179	
0.088793103448	-0.705901536353	0.072502098642	3.461000560034	-280.653224555040	28.825475966365	1376.028974774584	921.518914886443	-711.595749012386	215.778264259197	
0.089655172414	-0.706760148212	0.071715544295	3.461710162639	-280.994592542570	28.512756695707	1376.311099474998	921.696494712356	-711.868816327128	215.927158199862	
0.090517241379	-0.707134240104	0.071776593595	3.463443345675	-281.143324469305	28.537028753583	1377.000180575750	922.366435517401	-712.321448426119	215.979236065324	
0.091379310345	-0.707292033063	0.071994495225	3.463503756888	-281.206059993238	28.623662358832	1377.024198942158	922.070248377336	-712.420546345176	216.055753486653	
0.092241379310	-0.707851323719	0.071357741946	3.464218834507	-281.428423478838	28.370501185906	1377.308500405206	922.246043652788	-712.699447050157	216.269284870460	
0.093103448276	-0.708000832410	0.071776678842	3.465917693881	-281.487865333077	28.537062646091	1377.983935061289	922.909958270371	-713.131057318135	216.430056133093	
0.093965517241	-0.708176179365	0.072339068704	3.465902601743	-281.557579997193	28.760658317817	1377.977934709766	922.600553193703	-713.218787656078	216.586366335220	
0.094827586207	-0.708914756272	0.071827115464	3.466397964233	-281.851224336907	28.557115302037	1378.174881554604	922.749369418321	-713.424874629227	216.789770484147	
0.095689655172	-0.709210874568	0.072188248591	3.467866773102	-281.968955423017	28.700695066941	1378.758852440122	923.381634667690	-713.787573331138	216.896613239366	
0.096551724138	-0.709293790784	0.072723646656	3.467760762882	-282.001921356840	28.913559305803	1378.716704763081	923.044392427397	-713.854207421615	217.038075838577	
0.097413793103	-0.709800917013	0.072326002426	3.468331801855	-282.203545243400	28.755463410581	1378.943739159139	923.186013595584	-714.082281638721	217.283305073487	
0.098275862069	-0.709946280944	0.072872576968	3.469763246336	-282.261339218821	28.972771207474	1379.512854664054	923.799179880583	-714.399782880738	217.419913804010	
0.099137931034	-0.710054639746	0.073561168384	3.469471810621	-282.304420648291	29.246542252410	1379.396985284493	923.427912525817	-714.388023692746	217.568510444221	
0.100000000000	-0.710533883912	0.073351417713	3.469926065937	-282.494959149231	29.163149315718	1379.577588686684	923.560148390842	-714.584038640856	217.841321025582	
0.100862068966	-0.710536898795	0.074106634221	3.471369481974	-282.496157810103	29.463409249135	1380.151463858384	924.172914128968	-714.912970544154	218.013631230815	
0.101724137931	-0.710586440480	0.074891739162	3.471050408904	-282.515854655781	29.775552263369	1380.024606384092	923.809404350404	-714.871004848998	218.145980050435	
0.102586206897	-0.711333110519	0.074496855716	3.471266615944	-282.812716673085	29.618554003813	1380.110566251923	923.910319710971	-714.989938416571	218.331509889514	
0.103448275862	-0.711583406671	0.074874560198	3.472424454657	-282.912229733477	29.768722229027	1380.570901230313	924.464859633524	-715.266355001081	218.387877312492	
0.104310344828	-0.711560818994	0.075295118834	3.471988583915	-282.903249296311	29.935928462624	1380.397607190061	924.048440261037	-715.223441361353	218.435871114784	
0.105172413793	-0.711917629128	0.074771174635	3.472339254703	-283.045110320265	29.727618066262	1380.537027324818	924.134570915684	-715.375645638903	218.599770326470	
0.106034482759	-0.711870657401	0.075240655526	3.473617148420	-283.026435241505	29.914274871780	1381.045093923315	924.671665563947	-715.656168445580	218.667684225050	
0.106896551724	-0.711898680575	0.075749277015	3.473290832142	-283.037576730744	30.116493246044	1380.915356685051	924.296630575940	-715.616400080870	218.718443545725	
0.107758620690	-0.712448587393	0.075199541618	3.473601313909	-283.256209377782	29.897928752589	1381.038798418456	924.413497320797	-715.750298769418	218.831113494795	
0.108620689655	-0.712611686897	0.075313233671	3.474781828929	-283.321054684704	29.943130582338	1381.508149071170	924.960371875249	-716.010864408754	218.807044432672	
0.109482758621	-0.712630410636	0.075516994702	3.474244465357	-283.328498892448	30.024142150808	1381.294503383553	924.495374109692	-715.931523466265	218.792827667447	
0.110344827586	-0.713105377427	0.074633193447	3.474514609634	-283.517336789184	29.672759331040	1381.401907686504	924.571572945378	-716.079317668484	218.851473552918	
0.111206896552	-0.713108182711	0.074698966002	3.475680896701	-283.518452117509	29.698909266701	1381.865601571740	925.113070851631	-716.341071133060	218.823005129213	
0.112068965517	-0.713024950421	0.074794373274	3.475137791919	-283.485360518792	29.736841410543	1381.649673286636	924.680868424572	-716.262709630783	218.776339804051	
0.112931034483	-0.713416552133	0.073949925542	3.475441339424	-283.641054022101	29.401104814356	1381.770358086904	924.759371843928	-716.417432480681	218.858934956456	
0.113793103448	-0.713332726980	0.074114261492	3.476834912250	-283.607726711890	29.466441708939	1382.324416531679	925.338132400122	-716.741503305217	218.864061677280	
0.114655172414	-0.713210661209	0.074475410535	3.476534070476	-283.559195648262	29.610027801690	1382.204807478953	924.943854477626	-716.707179023647	218.891388261969	
0.115517241379	-0.713668656520	0.073874441878	3.476880320508	-283.741286002711	29.371093924088	1382.342470004119	925.043638720711	-716.849704412507	219.034349964943	
0.116379310345	-0.713703806696	0.074209445510	3.478192025652	-283.755261054050	29.504285091133	1382.863979392276	925.623314315371	-717.138533253740	219.074868428129	
0.117241379310	-0.713698579798	0.074614576687	3.477784448935	-283.753182937176	29.665357656229	1382.701934526353	925.221495951687	-717.072139679252	219.100020840610	
0.118103448276	-0.714217413785	0.073963801871	3.478043504878	-283.959461609170	29.406621782736	1382.804930315387	925.315109157646	-717.187122306281	219.213827170867	
0.118965517241	-0.714273727271	0.074258995850	3.479297617732	-283.981850796367	29.523985377761	1383.303542088131	925.883465477291	-717.460349056795	219.237084057547	
0.119827586207	-0.714228046183	0.074689859980	3.478882196453	-283.963688851553	29.695288882899	1383.138378371157	925.478486864554	-717.391313449928	219.271276913848	
0.120689655172	-0.714707489018	0.074126278837	3.479150742990	-284.154306339471	29.471219580353	1383.245147442550	925.566930489392	-717.514416351872	219.416639539197	
0.121551724138	-0.714753121857	0.074488675558	3.480337256391	-284.172449101355	29.615301726309	1383.716882939362	926.122099732727	-717.764103152841	219.452265513276	
0.122413793103	-0.714740713506	0.074954049692	3.479782896978	-284.167515773278	29.800325762368	1383.496480023776	925.688745611331	-717.659489913211	219.489979337100	
0.123275862069	-0.715215014795	0.074398484835	3.479917038262	-284.356089079180	29.579443584915	1383.549812084991	925.758247760192	-717.748518329678	219.629326720728	
0.124137931034	-0.715226106161	0.074752869342	3.481013760133	-284.360498798360	29.720340224658	1383.985848151737	926.299566784750	-717.975148726123	219.652084220736	
0.125000000000	-0.715152972790	0.075220219313	3.480394568531	-284.331422340270	29.906149816372	1383.739669172607	925.854549500621	-717.849705609671	219.679348988481	
0.125862068966	-0.715589222856	0.074710987272	3.480493835642	-284.504867192910	29.703688698249	1383.779135915981	925.914373224619	-717.932569887948	219.827157381304	
0.126724137931	-0.715544450441	0.075148804049	3.481551306441	-284.487066519565	29.877756445500	1384.199566492089	926.445584146131	-718.152389624603	219.871628588079	
0.127586206897	-0.715439353393	0.075669617785	3.480885093693	-284.445281902471	30.084822228840	1383.934692786161	925.984340188531	-718.021090792960	219.908792942305	
0.128448275862	-0.715859679510	0.075131803128	3.480938165082	-284.612395690694	29.870997198178	1383.955792975862	926.036499018301	-718.092713305484	220.038398962938	
0.129310344828	-0.715819921441	0.075492404865	3.481973067785	-284.596588627479	30.014365692305	1384.367250900009	926.558020588427	-718.305626751366	220.052155356838	
0.130172413793	-0.715682025734	0.075918028513	3.481344721860	-284.541763878196	30.183585679725	1384.117432333366	926.099630166339	-718.180955567824	220.054429453610	
0.131034482759	-0.716084154590	0.075242183597	3.481459499884	-284.701642776743	29.914882404543	1384.163065925069	926.150070353687	-718.262347243389	220.139552672842	
0.131896551724	-0.716028906819	0.075441821843	3.482540167377	-284.679677298046	29.994254830259	1384.592719072108	926.678057470536	-718.474305864545	220.098126827180	
0.132758620690	-0.715907047785	0.075720436227	3.481950343895	-284.631228429329	30.105026689173	1384.358216307214	926.222920578984	-718.360675461533	220.063521902428	
0.133620689655	-0.716277697649	0.074957059072	3.482073665547	-284.778591870469	29.801522235533	1384.407246685189	926.276859225637	-718.443688773675	220.132721789858	
0.134482758621	-0.716194496037	0.075105950954	3.483175171707	-284.745512468435	29.860718858040	1384.845184895947	926.805658790675	-718.674099758843	220.089810813557	
0.135344827586	-0.716070808257	0.075338833402	3.482548672975	-284.696336524650	29.953308555977	1384.596100738709	926.345911088237	-718.550121957421	220.048566477538	
0.136206896552	-0.716484981224	0.074528966367	3.482625557816	-284.861003936089	29.631320596978	1384.626668710557	926.396772211036	-718.616426868372	220.101046389280	
0.137068965517	-0.716429779470	0.074673069601	3.483704081897	-284.839056752969	29.688613343054	1385.055469677264	926.925643909845	-718.838343143719	220.054710305892	
0.137931034483	-0.716305513941	0.074932539239	3.483094272238	-284.789651107070	29.791773609233	1384.813020782894	926.471525426428	-718.715976165309	220.011613145891	
0.138793103448	-0.716712981727	0.074232352442	3.483192527039	-284.951652664356	29.513392457994	1384.852085050726	926.525383989981	-718.788425712808	220.092754309290	
0.139655172414	-0.716692253430	0.074508690246	3.484240859679	-284.943411481768	29.623259191386	1385.268882465974	927.047935352904	-719.001082511974	220.080963172194	
0.140517241379	-0.716587447271	0.074929319767	3.483580764308	-284.901742516558	29.790493607482	1385.006440914320	926.580919965272	-718.872335996786	220.084153991649	
0.141379310345	-0.716983517220	0.074358970666	3.483639629835	-285.059212507450	29.563733491487	1385.029844744875	926.624425553751	-718.941597477081	220.199881296422	
0.142241379310	-0.716907899775	0.074761758866	3.484666950638	-285.029148428152	29.723874533096	1385.438288247545	927.138894230374	-719.146561211770	220.220951108197	
0.143103448276	-0.716765804964	0.075296129344	3.483989482705	-284.972654193379	29.936330222549	1385.168939691197	926.664054248266	-719.001673592716	220.250710359765	
0.143965517241	-0.717153111004	0.074816938641	3.484041000053	-285.126639818066	29.745812977644	1385.189422023319	926.702363814045	-719.058240010264	220.383684646846	
0.144827586207	-0.717089391533	0.075248664448	3.485053577822	-285.101306150306	29.917459069370	1385.592003971795	927.214883079420	-719.250448410237	220.396946222887	
0.145689655172	-0.716961978807	0.075788567046	3.484354300084	-285.050649237833	30.132114226263	1385.313984245358	926.737579926211	-719.102045641185	220.422785896573	
0.146551724138	-0.717359821877	0.075278792017	3.484344630456	-285.208824188012	29.929437226251	1385.310139782499	926.769756090820	-719.145459120018	220.548948809186	
0.147413793103	-0.717287872160	0.075666726085	3.485296531233	-285.180218328920	30.083672543125	1385.688597695851	927.274356124016	-719.331692723359	220.559337680688	
0.148275862069	-0.717133626493	0.076117336487	3.484542131751	-285.118893141606	30.262826796088	1385.388662597107	926.790810189402	-719.174381404163	220.562138320249	
0.149137931034	-0.717495195986	0.075519573000	3.484507840697	-285.262646397638	30.025167233616	1385.375029116314	926.819273545361	-719.212174764154	220.666333459012	
0.150000000000	-0.717395141778	0.075822131448	3.485465118118	-285.222866719215	30.145458803389	1385.755624682832	927.327805754786	-719.392535676965	220.650904418018	
0.150862068966	-0.717244023428	0.076191024707	3.484748985015	-285.162784894600	30.292123851428	1385.470903578910	926.850062862518	-719.238462053284	220.627245935916	
0.151724137931	-0.717619280337	0.075494299813	3.484747131599	-285.311980010651	30.015119087863	1385.470166695422	926.883648239563	-719.277920277436	220.694375926594	
0.152586206897	-0.717534128395	0.075733005302	3.485750159190	-285.278125193959	30.110023917914	1385.868951672032	927.395368754107	-719.475557326981	220.662900418090	
0.153448275862	-0.717366261587	0.076060062622	3.485053302694	-285.211384496391	30.240055780491	1385.591894586333	926.919745231884	-719.327606332687	220.632167252009	
0.154310344828	-0.717714396444	0.075338349896	3.485089730776	-285.349796392531	29.953116322967	1385.606377709232	926.957097602614	-719.383028844321	220.701294382126	
0.155172413793	-0.717608519813	0.075527694705	3.486103392889	-285.307701827803	30.028396271329	1386.009390772338	927.471874595647	-719.579680681494	220.656612492798	
0.156034482759	-0.717450249752	0.075807897095	3.485407134577	-285.244776617145	30.139799491449	1385.732571513209	926.995722064481	-719.429807255928	220.613682629615	
0.156896551724	-0.717828659447	0.075031885193	3.485416032473	-285.395225221428	29.831271699269	1385.736109150041	927.029213048514	-719.477442623687	220.669675427946	
0.157758620690	-0.717774831381	0.075143608427	3.486396536330	-285.373824191133	29.875690763664	1386.125939111992	927.539325386680	-719.669729884205	220.602278875620	
0.158620689655	-0.717648618420	0.075340416494	3.485649656072	-285.323644282509	29.953937963596	1385.828993515695	927.056704720938	-719.510147317012	220.531274677384	
0.159482758621	-0.718032550612	0.074548545139	3.485649842550	-285.476288528630	29.639104750150	1385.829067655529	927.086269949573	-719.568971410495	220.587598183618	
0.160344827586	-0.717924711696	0.074730967627	3.486648085567	-285.433413796025	29.711632513091	1386.225950375572	927.598731255173	-719.770499804121	220.548562892407	
0.161206896552	-0.717741546778	0.075066742596	3.485962864320	-285.360590856452	29.845130349654	1385.953519246558	927.122899898844	-719.633140859731	220.524569087101	
0.162068965517	-0.718088022347	0.074421426691	3.485988345736	-285.498343050954	29.588564836655	1385.963650179888	927.158356868115	-719.686294836561	220.616679202075	
0.162931034483	-0.717992121058	0.074760142556	3.487002022733	-285.460214495420	29.723231918270	1386.366669160849	927.674682374418	-719.882192146294	220.613996096586	
0.163793103448	-0.717828323830	0.075237778589	3.486313932072	-285.395091786453	29.913131055552	1386.093097206806	927.199562502932	-719.734470956316	220.621537074378	
0.164655172414	-0.718208045461	0.074675242653	3.486336062009	-285.546061992135	29.689477307821	1386.101895655076	927.233012725469	-719.779907521112	220.724660772937	
0.165517241379	-0.718125976785	0.075060821294	3.487335455168	-285.513433024423	29.842776150736	1386.499235649894	927.745578082701	-719.968059235049	220.725880816300	
0.166379310345	-0.717975076226	0.075570882457	3.486635888732	-285.453437789359	30.045566912312	1386.221101142234	927.265710679963	-719.820339120857	220.739776869567	
0.167241379310	-0.718332552020	0.075040839616	3.486633910101	-285.595563467284	29.834831810178	1386.220314475612	927.293434511317	-719.864657352485	220.858316917989	
0.168103448276	-0.718236237621	0.075414799035	3.487611136688	-285.557270666919	29.983511068149	1386.608841456627	927.801369980860	-720.053902634228	220.860557882046	
0.168965517241	-0.718064200757	0.075877901079	3.486864581426	-285.488872033241	30.167631763722	1386.312025072376	927.318026812787	-719.889567065809	220.860023385077	
0.169827586207	-0.718422051442	0.075292806673	3.486828598885	-285.631146760372	29.935009190879	1386.297719088406	927.343360929412	-719.921311092454	220.961389612424	
0.170689655172	-0.718327337351	0.075621771059	3.487792901599	-285.593490212547	30.065799267063	1386.681107779486	927.853721774114	-720.103136092817	220.949853806871	
0.171551724138	-0.718188437374	0.076005822581	3.487030399195	-285.538266184399	30.218490956326	1386.377951110578	927.370422296275	-719.930225059336	220.917176599628	
0.172413793103	-0.718579269450	0.075340836314	3.486968222342	-285.693653694805	29.954104876275	1386.353230758941	927.392000054278	-719.956686084842	220.990808846153	
0.173275862069	-0.718513242525	0.075597302603	3.487906711930	-285.667402626534	30.056071067176	1386.726356634740	927.897575974890	-720.138049408197	220.959264278324	
0.174137931034	-0.718346848481	0.075947026847	3.487146319554	-285.601247472432	30.195114873937	1386.424038873489	927.411036908950	-719.974509881750	220.926816101137	
0.175000000000	-0.718691719712	0.075249313070	3.487113522894	-285.738361812062	29.917716949373	1386.410999535843	927.431691980252	-720.013971082431	220.997271491317	
0.175862068966	-0.718559282098	0.075506011318	3.488099492529	-285.685707098139	30.019775363109	1386.803002588719	927.940319471906	-720.203303490246	220.969865516940	
0.176724137931	-0.718355034530	0.075890261891	3.487392697545	-285.604502092119	30.172546191038	1386.521994146470	927.459168519490	-720.045659127741	220.947432100815	
0.177586206897	-0.718696383881	0.075241450168	3.487406074508	-285.740216198304	29.914590806904	1386.527312576039	927.484319766841	-720.090185193261	221.030393097076	
0.178448275862	-0.718607013254	0.075502867291	3.488398749538	-285.704684111203	30.018525356758	1386.921981568633	927.994680864355	-720.275282409181	220.994048764009	
0.179310344828	-0.718442895534	0.075891002394	3.487683215391	-285.639433980893	30.172840601439	1386.637498598391	927.513532943089	-720.120181462626	220.969069714542	
0.180172413793	-0.718807373492	0.075244222608	3.487655900629	-285.784343587983	29.915693076821	1386.626638760847	927.536573632819	-720.157992301467	221.054076495629	
0.181034482759	-0.718703649354	0.075538015067	3.488612567193	-285.743104814103	30.032499453785	1387.006991461881	928.043545158720	-720.342956191085	221.037652579800	
0.181896551724	-0.718522082114	0.075948008826	3.487843574950	-285.670917081621	30.195505290693	1386.701254554349	927.556054207218	-720.177736620310	221.021819807335	
0.182758620690	-0.718864941316	0.075344676568	3.487768757831	-285.807231476132	29.955631689111	1386.671508669814	927.572689934863	-720.202872360049	221.118244391458	
0.183620689655	-0.718758533279	0.075689254938	3.488687355961	-285.764925634438	30.092629592760	1387.036726074898	928.075913695388	-720.371567797413	221.109900145572	
0.184482758621	-0.718592901399	0.076146351487	3.487913180405	-285.699073502181	30.274362616390	1386.728928379216	927.586794192195	-720.199984386340	221.097654838163	
0.185344827586	-0.718961555586	0.075548536086	3.487838119688	-285.845643499492	30.036682414067	1386.699085644643	927.601526470802	-720.218991109906	221.179001509583	
0.186206896552	-0.718874979182	0.075904034748	3.488783645462	-285.811222343519	30.178022020862	1387.075008976260	928.104017550549	-720.399959155152	221.168048704669	
0.187068965517	-0.718702979199	0.076359975833	3.488012886706	-285.742838373116	30.359295653714	1386.768569736450	927.611844837782	-720.230075936059	221.155429885030	
0.187931034483	-0.719040245779	0.075760132226	3.487954529760	-285.876929246017	30.120809074447	1386.745368108200	927.622028016116	-720.260972258711	221.245695143917	
0.188793103448	-0.718903419838	0.076081316140	3.488906481551	-285.822529815656	30.248505780707	1387.123846303774	928.122514140457	-720.442294999062	221.228058276137	
0.189655172414	-0.718685901445	0.076521978915	3.488159374164	-285.736048577972	30.423705043419	1386.826810405048	927.631116630621	-720.276872405042	221.215585312118	
0.190517241379	-0.719003981004	0.075904783765	3.488106273590	-285.862511050732	30.178319816239	1386.805698611727	927.642345833782	-720.301997886542	221.302240796980	
0.191379310345	-0.718900479575	0.076179740130	3.489051525890	-285.821360822058	30.287637315045	1387.181513215267	928.143976710854	-720.476884237166	221.268519021995	
0.192241379310	-0.718729088945	0.076528726403	3.488258682729	-285.753219118730	30.426387718496	1386.866293629700	927.651141127233	-720.294925288529	221.220300675037	
0.193103448276	-0.719080735196	0.075840711226	3.488174040031	-285.893027079431	30.152845775337	1386.832641278974	927.661056246717	-720.319652393942	221.287549184163	
0.193965517241	-0.718955268895	0.076081213860	3.489083967420	-285.843144029088	30.248465116195	1387.194411359874	928.162592255972	-720.487724016200	221.250795098934	
0.194827586207	-0.718741614763	0.076438534333	3.488292895172	-285.758199149185	30.390529041196	1386.879895856098	927.670310752621	-720.314253296711	221.215967723122	
0.195689655172	-0.719054970928	0.075750502290	3.488189138874	-285.882783689463	30.116980392610	1386.838644296101	927.679357931151	-720.326725300888	221.281257834718	
0.196551724138	-0.718926921789	0.076003686707	3.489100116406	-285.831873750759	30.217641772890	1387.200831893902	928.180989435669	-720.489509762760	221.244103127546	
0.197413793103	-0.718723548683	0.076364371762	3.488312093747	-285.751016414521	30.361043392505	1386.887528849770	927.689648557434	-720.307687291284	221.202761083628	
0.198275862069	-0.719068748063	0.075642248672	3.488231978358	-285.888261219892	30.073940782382	1386.855676471976	927.699413155609	-720.322226988233	221.249345594591	
0.199137931034	-0.718962461099	0.075829021587	3.489149617606	-285.846003514567	30.148198193559	1387.220512643758	928.199890624620	-720.482838167286	221.185036055773	
0.200000000000	-0.718777904118	0.076131701612	3.488373686426	-285.772627117043	30.268538100268	1386.912016944881	927.706974530836	-720.309171859158	221.127838932714	
0.200862068966	-0.719092278543	0.075386060879	3.488292759727	-285.897616497869	29.972085315757	1386.879842005445	927.714173506242	-720.329163942997	221.177450079017	
0.201724137931	-0.718945954990	0.075568921736	3.489236193275	-285.839440994980	30.044787366568	1387.254933507549	928.215816673025	-720.508078211717	221.123887790095	
0.202586206897	-0.718726291209	0.075871268760	3.488458789878	-285.752106791463	30.164994878074	1386.945852482888	927.723790282170	-720.333337414216	221.071175944866	
0.203448275862	-0.719055701757	0.075134144900	3.488373584681	-285.883074253088	29.871928242865	1386.911976492763	927.730770608714	-720.351515234730	221.124184089250	
0.204310344828	-0.718937724367	0.075336818054	3.489315981714	-285.836168653339	29.952507291316	1387.286655895621	928.235880922879	-720.527098597362	221.074483080922	
0.205172413793	-0.718757840810	0.075648835026	3.488560492646	-285.764650321728	30.076559393122	1386.986287597724	927.750080269159	-720.356683258934	221.017725246588	
0.206034482759	-0.719099879647	0.074949147663	3.488496743928	-285.900638554357	29.798376807376	1386.960942302005	927.760717279918	-720.380077005144	221.077710121661	
0.206896551724	-0.718989741373	0.075227715204	3.489468277875	-285.856849640573	29.909130042539	1387.347205995750	928.271634656964	-720.563980873746	221.049547174778	
0.207758620690	-0.718777577587	0.075678762018	3.488753519834	-285.772497294423	30.088457804499	1387.063031591174	927.792877941912	-720.406533027113	221.039153260510	
0.208620689655	-0.719097994823	0.075121113679	3.488737486336	-285.899889183789	29.866747273585	1387.056656972801	927.808549870987	-720.446681718609	221.143483916041	
0.209482758621	-0.718976197327	0.075516680964	3.489737734948	-285.851464781592	30.024017414323	1387.454337079448	928.323384433711	-720.634126016501	221.145722224484	
0.210344827586	-0.718804237448	0.076039360884	3.489032454465	-285.783096755543	30.231825157078	1387.173930773842	927.844512520117	-720.475190052318	221.152563965865	
0.211206896552	-0.719174765610	0.075501489207	3.489012302252	-285.930411810376	30.017977456200	1387.165918631853	927.857799546079	-720.512562041594	221.259216536905	
0.212068965517	-0.719104508997	0.075844069120	3.489997388780	-285.902479097416	30.154180810785	1387.557570577808	928.369655296954	-720.695975758258	221.240756823937	
0.212931034483	-0.718940081566	0.076315695038	3.489288730798	-285.837105831563	30.341690439198	1387.275821442252	927.890142067308	-720.541788721968	221.235541092406	
0.213793103448	-0.719298399892	0.075748588936	3.489254711159	-285.979566484451	30.116219678853	1387.262295871236	927.903454859060	-720.579946551130	221.341028904096	
0.214655172414	-0.719195063126	0.076109470889	3.490230100797	-285.938481722444	30.259699581421	1387.650092515596	928.416042274808	-720.769078891213	221.342168211084	
0.215517241379	-0.719029488379	0.076580676439	3.489478540275	-285.872652305360	30.447042079477	1387.351286133965	927.931967200337	-720.608752110440	221.341637444444	
0.216379310345	-0.719399080509	0.075994252770	3.489381334047	-286.019595211072	30.213891016268	1387.312638758886	927.940083843065	-720.629170231958	221.439946356112	
0.217241379310	-0.719320604606	0.076322533680	3.490294756946	-285.988394662416	30.344409355128	1387.675798589100	928.446171225316	-720.798546678217	221.428932299937	
0.218103448276	-0.719162645313	0.076758670713	3.489510220538	-285.925593007198	30.517809267665	1387.363881612986	927.956736022987	-720.625336401463	221.413689201965	
0.218965517241	-0.719532678989	0.076116306666	3.489396699858	-286.072711463528	30.262417358391	1387.318747917592	927.962098977269	-720.634748572713	221.485701511982	
0.219827586207	-0.719438527695	0.076428127142	3.490314312894	-286.035278673109	30.386391337214	1387.683573667353	928.463259074719	-720.806595076048	221.467413238297	
0.220689655172	-0.719250118103	0.076870103618	3.489515327504	-285.960370549685	30.562112902678	1387.365912046984	927.968352430866	-720.628508385225	221.452084961246	
0.221551724138	-0.719573486834	0.076264678308	3.489410306136	-286.088935898401	30.321407143107	1387.324157518477	927.968979081699	-720.646989887614	221.542338632689	
0.222413793103	-0.719440628889	0.076582817046	3.490315980791	-286.036114068775	30.447893144417	1387.684236792037	928.464276452748	-720.816683201841	221.524527872993	
0.223275862069	-0.719226307870	0.077023430145	3.489512879338	-285.950904046988	30.623072657036	1387.364938701847	927.964834088552	-720.637741872319	221.508083760410	
0.224137931034	-0.719542191013	0.076401992761	3.489399144553	-286.076493266329	30.376000797055	1387.319719882479	927.963364308786	-720.648967826893	221.590943056549	
0.225000000000	-0.719418796006	0.076690246176	3.490314029690	-286.027433723381	30.490604953848	1387.683461070817	928.459693911947	-720.818410377481	221.561065982772	
0.225862068966	-0.719216709850	0.077075223331	3.489511753508	-285.947088054266	30.643664657488	1387.364491093076	927.963044755913	-720.635081068562	221.519296994060	
0.226724137931	-0.719548758281	0.076433827025	3.489416849047	-286.079104288894	30.388657503918	1387.326758857621	927.966067939050	-720.656818562969	221.595280968003	
0.227586206897	-0.719429726869	0.076721577114	3.490324542158	-286.031779629915	30.503061547614	1387.687640631049	928.465693488722	-720.825174707228	221.566835689490	
0.228448275862	-0.719232785435	0.077117164929	3.489524066351	-285.953479405506	30.660339850766	1387.369386448575	927.970039032035	-720.650195600097	221.534636954440	
0.229310344828	-0.719565170134	0.076445891347	3.489405458011	-286.085629334261	30.393454052146	1387.322229995076	927.970824162599	-720.664063500067	221.600316146493	
0.230172413793	-0.719448618388	0.076703740233	3.490307377328	-286.039290543545	30.495969938006	1387.680816216204	928.467883710968	-720.828913504058	221.563084252939	
0.231034482759	-0.719243336645	0.077067127401	3.489508796496	-285.957674369080	30.640445867216	1387.363315440262	927.970627788694	-720.646826362791	221.520567263628	
0.231896551724	-0.719574500876	0.076355471837	3.489420113402	-286.089339062326	30.357504949184	1387.328056703984	927.971798311494	-720.663200281476	221.571728231875	
0.232758620690	-0.719447232435	0.076563749825	3.490346369908	-286.038739514678	30.440312374624	1387.696318935593	928.470219099660	-720.828311538700	221.514618502602	
0.233620689655	-0.719241784285	0.076908080402	3.489579795550	-285.957057179720	30.577211760537	1387.391543333870	927.974592949880	-720.658976059102	221.469479484928	
0.234482758621	-0.719551065739	0.076200079851	3.489494443625	-286.080021691136	30.295724006995	1387.357609007856	927.976331576509	-720.678520689906	221.529735786352	
0.235344827586	-0.719403550006	0.076416391905	3.490433044907	-286.021372199348	30.381725626937	1387.730779291379	928.476610616269	-720.856053700559	221.485599290690	
0.236206896552	-0.719173950921	0.076747173557	3.489650632693	-285.930087905348	30.513238213627	1387.419706854814	927.983505782155	-720.680119920896	221.439289000900	
0.237068965517	-0.719488060878	0.076029345539	3.489553138015	-286.054972138818	30.227843243530	1387.380944797494	927.988046121449	-720.692970652194	221.497494878722	
0.237931034483	-0.719361595905	0.076236261443	3.490472361104	-286.004692035124	30.310109130124	1387.746410674338	928.491523371297	-720.858431197655	221.449161603294	
0.238793103448	-0.719182489575	0.076527363619	3.489674333764	-285.933482713871	30.425845901100	1387.429129956552	928.000825579625	-720.673361814741	221.382872417934	
0.239655172414	-0.719534677819	0.075759190177	3.489549444413	-286.073506160953	30.120434533374	1387.379476290652	928.005985899678	-720.675512826213	221.418105283186	
0.240517241379	-0.719442385390	0.075930197499	3.490447765747	-286.036812420413	30.188423840722	1387.736632021198	928.507505452483	-720.839156446443	221.357980800686	
0.241379310345	-0.719247003086	0.076217632369	3.489628538096	-285.959132077155	30.302702559220	1387.410922456980	928.013107087012	-720.651736712659	221.296443241865	
0.242241379310	-0.719572804599	0.075446778114	3.489507574950	-286.088664654538	29.996225350876	1387.362829776504	928.013814972144	-720.662843839511	221.336558714486	
0.243103448276	-0.719438241335	0.075608703093	3.490401744364	-286.035164822037	30.060603688766	1387.718334781712	928.511017070844	-720.822847019666	221.274670619785	
0.243965517241	-0.719227508404	0.075887986927	3.489591427554	-285.951381356788	30.171641708295	1387.396168000777	928.012740883702	-720.635084062459	221.210730714259	
0.244827586207	-0.719545041341	0.075114953922	3.489489210823	-286.077626503279	29.864298269275	1387.355528543827	928.011746370813	-720.648129884971	221.250799127112	
0.245689655172	-0.719420884163	0.075253153812	3.490414134669	-286.028263935639	29.919243956338	1387.723260934690	928.510318599309	-720.814875589321	221.176475537977	
0.246551724138	-0.719203273280	0.075536845435	3.489638458905	-285.941745925859	30.032034430204	1387.414866784640	928.016390503812	-720.638921686519	221.112980484831	
0.247413793103	-0.719517700052	0.074806598273	3.489564345556	-286.066756118835	29.741701841024	1387.385400705671	928.020833965679	-720.664029523907	221.169042198624	
0.248275862069	-0.719369579322	0.075043399186	3.490513038539	-286.007866092100	29.835849447071	1387.762583260574	928.525454013554	-720.843187209096	221.132769044615	
0.249137931034	-0.719151176662	0.075423478343	3.489756125573	-285.921033286372	29.986961798631	1387.461648847393	928.037611089498	-720.677560674019	221.099637962231	
0.250000000000	-0.719472890156	0.074787082521	3.489680986703	-286.048940543971	29.733942743831	1387.431775040435	928.046827547858	-720.699371621026	221.179840857568	
0.250862068966	-0.719365842533	0.075100430670	3.490619917390	-286.006380414897	29.858524096618	1387.805076289036	928.554061568875	-720.870516146166	221.159639554583	
0.251724137931	-0.719195874550	0.075537879139	3.489860660263	-285.938804329252	30.032445411606	1387.503209881202	928.067313340177	-720.700390348429	221.137496565790	
0.252586206897	-0.719573090104	0.074904919425	3.489779019227	-286.088778165862	29.780792488754	1387.470750934972	928.074985657842	-720.716937545644	221.207189850188	
0.253448275862	-0.719491179789	0.075225131547	3.490723231037	-286.056212159238	29.908102828964	1387.846151859369	928.579255232107	-720.894175019198	221.186206024806	
0.254310344828	-0.719319461013	0.075676132422	3.489959783013	-285.987939991298	30.087412326181	1387.542619229610	928.088165109859	-720.726916883356	221.171183697935	
0.255172413793	-0.719654188365	0.075088495969	3.489891762212	-286.121021315047	29.853779083064	1387.515575433731	928.092074082749	-720.756344397819	221.266281447109	
0.256034482759	-0.719533780270	0.075433844202	3.490839232311	-286.073149312507	29.991083069627	1387.892271792574	928.592594419888	-720.938787294067	221.258086382947	
0.256896551724	-0.719331991876	0.075912029732	3.490070860794	-285.992922027752	30.181200676977	1387.586781674123	928.097963675195	-720.770077431327	221.254369107757	
0.257758620690	-0.719665375739	0.075341248430	3.489981204473	-286.125469205242	29.954268725832	1387.551136000826	928.099400019915	-720.789078479329	221.354237598132	
0.258620689655	-0.719559607109	0.075695396581	3.490915668783	-286.083417579429	30.095071395036	1387.922661501520	928.599520191709	-720.965732353521	221.346907224426	
0.259482758621	-0.719380345152	0.076153202266	3.490118293625	-286.012146384290	30.277086357695	1387.605640078991	928.104402984168	-720.785124618736	221.328103420048	
0.260344827586	-0.719732233000	0.075592008193	3.490010932256	-286.152050399362	30.053966108989	1387.562955210302	928.105637621848	-720.804485612085	221.428767775497	
0.261206896552	-0.719628777986	0.075974833091	3.490904202670	-286.110918624114	30.206170115796	1387.918102789956	928.603816533510	-720.970744834189	221.429378774608	
0.262068965517	-0.719434858257	0.076485419847	3.490086725257	-286.033819773328	30.409169843164	1387.593089087388	928.106144732961	-720.791628690145	221.430565651978	
0.262931034483	-0.719767863636	0.075944481134	3.489950013228	-286.166216472575	30.194102746290	1387.538734946262	928.103796000528	-720.801263582141	221.532699829923	
0.263793103448	-0.719656347672	0.076343595097	3.490831204285	-286.121879814722	30.352782979805	1387.889079999569	928.597741267216	-720.961233193009	221.533637114393	
0.264655172414	-0.719466029536	0.076845736208	3.489999239483	-286.046212889909	30.552424877140	1387.558306382592	928.095017372914	-720.770570556122	221.526222865588	
0.265517241379	-0.719816549498	0.076262445405	3.489868436024	-286.185573059252	30.320519382851	1387.506301378156	928.088108405546	-720.778233284679	221.610247697844	
0.266379310345	-0.719704727380	0.076580839507	3.490751256648	-286.141114680266	30.447106912000	1387.857294317098	928.578023970982	-720.935275481634	221.579960523896	
0.267241379310	-0.719501555258	0.077029708505	3.489945731634	-286.060337251421	30.625568815216	1387.537032664487	928.073464549875	-720.759108438762	221.560486729378	
0.268103448276	-0.719807159471	0.076422943550	3.489827422824	-286.181839760245	30.384330438075	1387.489995298508	928.066302209004	-720.773038873677	221.646185465755	
0.268965517241	-0.719650434139	0.076745741002	3.490742687612	-286.119528704772	30.512668656733	1387.853887428903	928.559021913828	-720.947739632274	221.629381640716	
0.269827586207	-0.719413256225	0.077182976521	3.489942492612	-286.025231210195	30.686505306681	1387.535744890001	928.058485353552	-720.770887315723	221.608835994759	
0.270689655172	-0.719724760093	0.076571043291	3.489829128779	-286.149079311707	30.443212120178	1387.490673553933	928.055480145072	-720.784153168177	221.693793936459	
0.271551724138	-0.719598969680	0.076877668802	3.490732388863	-286.099067400158	30.565120678287	1387.849792839182	928.552080200136	-720.949181874001	221.670147658399	
0.272413793103	-0.719416170765	0.077267930174	3.489925432859	-286.026389976704	30.720281287374	1387.528962252017	928.054721839529	-720.766691176274	221.629375490039	
0.273275862069	-0.719758975951	0.076594449697	3.489797625803	-286.162682895633	30.452518068681	1387.478148561144	928.053490015753	-720.772496804576	221.689218208424	
0.274137931034	-0.719649297892	0.076871732230	3.490708934967	-286.119076954594	30.562760408491	1387.840468009872	928.551888183524	-720.943727509460	221.658167423388	
0.275000000000	-0.719436912098	0.077274326334	3.489906933825	-286.034636341994	30.722824280886	1387.521607382558	928.055193870795	-720.763225500608	221.627659823988	
0.275862068966	-0.719749728177	0.076624274317	3.489806367949	-286.159006154116	30.464375778906	1387.481624274472	928.054206281815	-720.781878090421	221.700991345999	
0.276724137931	-0.719607006795	0.076908206504	3.490724685421	-286.102262806598	30.577261896322	1387.846730095301	928.552589351445	-720.949615221063	221.671554099269	
0.277586206897	-0.719391815226	0.077309938157	3.489935947247	-286.016706670824	30.736982874372	1387.533142575389	928.055604667904	-720.768438763141	221.639782681523	
0.278448275862	-0.719711493609	0.076646542881	3.489841230168	-286.143804806013	30.473229342364	1387.495484839774	928.054443457585	-720.782857124630	221.708725339505	
0.279310344828	-0.719598405747	0.076875115062	3.490765649580	-286.098843191327	30.564105359045	1387.863016677109	928.553321588432	-720.949063181628	221.657775945797	
0.280172413793	-0.719395120735	0.077219491757	3.489970080083	-286.018020879293	30.701023080346	1387.546713151530	928.057295827264	-720.766039007807	221.606975990030	
0.281034482759	-0.719725499684	0.076520788268	3.489864376335	-286.149373359216	30.423231664777	1387.504687321833	928.056926475737	-720.782768532773	221.669164177492	
0.281896551724	-0.719592789108	0.076756542901	3.490768518325	-286.096610120510	30.516963289541	1387.864157236687	928.556351568276	-720.948973657574	221.630002263665	
0.282758620690	-0.719385996696	0.077104696993	3.489955969757	-286.014393332503	30.655382833245	1387.541103150447	928.060091267661	-720.768472222353	221.584968103865	
0.283620689655	-0.719713332199	0.076402201105	3.489813460907	-286.144535795251	30.376083630722	1387.484444301766	928.057786132814	-720.772661380032	221.644404563183	
0.284482758621	-0.719601942553	0.076627177437	3.490688602915	-286.100249358822	30.465530004719	1387.832384366802	928.554741998134	-720.927000801699	221.598114893431	
0.285344827586	-0.719411616186	0.076965016458	3.489867238844	-286.024579161567	30.599848469669	1387.505825401966	928.056862433321	-720.739609613131	221.546653537682	
0.286206896552	-0.719760982441	0.076221534384	3.489731563211	-286.163480638447	30.304253927589	1387.451883312450	928.052895263690	-720.741257584675	221.584672593494	
0.287068965517	-0.719644592669	0.076426705904	3.490631849965	-286.117206246117	30.385826279607	1387.809820457429	928.549407540048	-720.903662282508	221.529739552675	
0.287931034483	-0.719438012246	0.076768200921	3.489836587094	-286.035073740214	30.521598299674	1387.493638840599	928.051574594044	-720.725615411642	221.481652203339	
0.288793103448	-0.719739135028	0.076070220079	3.489738925985	-286.154794516440	30.244094194993	1387.454810613365	928.048469021494	-720.743849096491	221.543648941135	
0.289655172414	-0.719589683346	0.076306612216	3.490674285661	-286.095375327743	30.338079279285	1387.826692094809	928.547020420934	-720.920268179567	221.503176980215	
0.290517241379	-0.719358710763	0.076678442030	3.489900387973	-286.003544956663	30.485911846305	1387.519004874609	928.051855950826	-720.746676758120	221.466614188108	
0.291379310345	-0.719670773360	0.075998177585	3.489806501299	-286.127615198221	30.215451449074	1387.481677292000	928.051350301002	-720.761645149882	221.533763692711	
0.292241379310	-0.719549136836	0.076242960210	3.490748318708	-286.079254795333	30.312772434347	1387.856126247356	928.554005858933	-720.937548281039	221.495469906944	
0.293103448276	-0.719361077999	0.076587924937	3.489965584313	-286.004486125313	30.449923946381	1387.544925717869	928.062583914157	-720.758286835496	221.443215005505	
0.293965517241	-0.719704687056	0.075905280298	3.489870490242	-286.141098648063	30.178517228560	1387.507118096801	928.065431903100	-720.778008739775	221.508612589382	
0.294827586207	-0.719600753893	0.076165871411	3.490791264250	-286.099776769927	30.282123372316	1387.873200590147	928.569882944654	-720.950154224711	221.476543466827	
0.295689655172	-0.719405432459	0.076556347431	3.490004155238	-286.022120627465	30.437369321737	1387.560260794986	928.079024706961	-720.777252263298	221.445414649839	
0.296551724138	-0.719743042929	0.075889916648	3.489893161227	-286.156348224547	30.172408928922	1387.516131655734	928.080008735801	-720.793588664341	221.515270381550	
0.297413793103	-0.719635220714	0.076162616649	3.490805726018	-286.113480132192	30.280829339750	1387.878950317969	928.581205265282	-720.961878860755	221.485995048851	
0.298275862069	-0.719444987680	0.076547374626	3.490006046357	-286.037847042139	30.433801902377	1387.561012668348	928.086282155394	-720.779155766450	221.450478897490	
0.299137931034	-0.719789947681	0.075859123075	3.489904837709	-286.174996675045	30.160165981487	1387.520774006143	928.084325150545	-720.794602792110	221.511614399166	
0.300000000000	-0.719676895924	0.076083820590	3.490823389587	-286.130049414818	30.249501503085	1387.885973022097	928.583558585804	-720.959621500592	221.461475297526	
0.300862068966	-0.719472165831	0.076459428859	3.490050901819	-286.048652565763	30.398836313275	1387.578846359500	928.088800023317	-720.789589345943	221.425602061708	
0.301724137931	-0.719786259419	0.075790373370	3.489951542894	-286.173530291225	30.132832386976	1387.539343112623	928.087188003963	-720.806758187712	221.497589681079	
0.302586206897	-0.719646817375	0.076058515000	3.490878610076	-286.118090747210	30.239440474954	1387.907927654070	928.587385557483	-720.982634119485	221.469827335010	
0.303448275862	-0.719428063914	0.076444697396	3.490079231867	-286.031118469943	30.392979359748	1387.590109855849	928.092344060256	-720.805085618053	221.436648462347	
0.304310344828	-0.719755872292	0.075783927105	3.489951277805	-286.161448938852	30.130269472683	1387.539237718132	928.089380009361	-720.814467310416	221.509982910847	
0.305172413793	-0.719641291289	0.076046987949	3.490840514139	-286.115893679002	30.234857535352	1387.892781423095	928.588234338751	-720.974719818339	221.476735234221	
0.306034482759	-0.719459194464	0.076411105485	3.490024063154	-286.043495393400	30.379623845214	1387.568175809201	928.092556121017	-720.789236925570	221.430253474895	
0.306896551724	-0.719801215313	0.075715517884	3.489880510159	-286.179476474382	30.103071248041	1387.511101827912	928.088747724672	-720.789749085821	221.483289620097	
0.307758620690	-0.719692358857	0.075983042465	3.490784262039	-286.136197187156	30.209434008887	1387.870416642249	928.587646085229	-720.958346903397	221.449762872290	
0.308620689655	-0.719483212498	0.076384303822	3.489975518493	-286.053044513747	30.368968006216	1387.548875361378	928.091065794927	-720.775874558389	221.417124851348	
0.309482758621	-0.719796755767	0.075734404280	3.489862049957	-286.177703442600	30.110580125342	1387.503762397569	928.086155128496	-720.791741310077	221.489157887405	
0.310344827586	-0.719654726341	0.076017646174	3.490776684626	-286.121235203861	30.223191795430	1387.867404004762	928.584001392883	-720.959930642550	221.459103043120	
0.311206896552	-0.719431903716	0.076431161371	3.489991613056	-286.032645103437	30.387597689863	1387.555274258310	928.087187824525	-720.781321182123	221.429980503841	
0.312068965517	-0.719737323371	0.075788588962	3.489898940748	-286.154074235509	30.132122939611	1387.518429484995	928.083442277694	-720.797150193254	221.504465989703	
0.312931034483	-0.719612393242	0.076052349034	3.490839654659	-286.104404356936	30.236989002212	1387.892439710036	928.584177731956	-720.969043637059	221.464838786574	
0.313793103448	-0.719401129463	0.076440917014	3.490060218538	-286.020409836795	30.391476350752	1387.582550512428	928.090699103745	-720.790001521683	221.424508529928	
0.314655172414	-0.719729284839	0.075796537816	3.489968250346	-286.150878265806	30.135283254977	1387.545985682337	928.089820214063	-720.811872744686	221.500550478439	
0.315517241379	-0.719599100485	0.076092337816	3.490889960234	-286.099119405875	30.252887792848	1387.912440264192	928.592471547322	-720.983273169972	221.477650538385	
0.316379310345	-0.719391969871	0.076510968190	3.490099906733	-286.016768154749	30.419327385672	1387.598329795230	928.100048147621	-720.809504626149	221.450961313634	
0.317241379310	-0.719717500299	0.075882275110	3.489974815759	-286.146192953421	30.169370796661	1387.548595967710	928.098447134759	-720.818993859002	221.529566892570	
0.318103448276	-0.719606423077	0.076189181998	3.490875375254	-286.102030731273	30.291391224774	1387.906641549520	928.599630450435	-720.980417558972	221.506174577532	
0.318965517241	-0.719415888093	0.076617040535	3.490075976814	-286.026277591862	30.461499762509	1387.588815707863	928.105885578086	-720.797922808796	221.478451946367	
0.319827586207	-0.719771287320	0.075960181310	3.489954335644	-286.167577665117	30.200344841946	1387.540453457784	928.102340492970	-720.803372706590	221.539089728853	
0.320689655172	-0.719666673040	0.076241343872	3.490863424039	-286.125984987826	30.312129808783	1387.901889970290	928.601488633592	-720.966566687376	221.503318723176	
0.321551724138	-0.719472941151	0.076656272974	3.490075551366	-286.048960818564	30.477097845379	1387.588646557665	928.105569357217	-720.790690417974	221.473410297280	
0.322413793103	-0.719786135347	0.076020226702	3.489969864036	-286.173480962464	30.224217764912	1387.546627255303	928.100232692790	-720.806391504169	221.550538778323	
0.323275862069	-0.719649713902	0.076307086005	3.490898112106	-286.119242352316	30.338267649150	1387.915681295823	928.598427020701	-720.981261693779	221.523310655798	
0.324137931034	-0.719427228996	0.076719744115	3.490109598829	-286.030786522031	30.502332781769	1387.602183190783	928.101881471716	-720.803863794876	221.496012072712	
0.325000000000	-0.719747427130	0.076069429404	3.489991686028	-286.158091300961	30.243779837387	1387.555303270415	928.096142822107	-720.813274456744	221.569951864355	
0.325862068966	-0.719631409642	0.076336661043	3.490908880477	-286.111964921408	30.350026129878	1387.919962598405	928.595266344366	-720.983123868011	221.537800934854	
0.326724137931	-0.719447107867	0.076696987277	3.490102149683	-286.038689988703	30.493285089413	1387.599221549861	928.099685621074	-720.798272670589	221.488220877452	
0.327586206897	-0.719786114562	0.076022551932	3.489977733683	-286.173472698893	30.225142232875	1387.549756079509	928.095818997492	-720.809820806458	221.553767607668	
0.328448275862	-0.719674758898	0.076295520125	3.490883277878	-286.129199773197	30.333669271942	1387.909783484607	928.596840288848	-720.978542991896	221.524800190813	
0.329310344828	-0.719464416461	0.076706848979	3.490085415885	-286.045571561448	30.497205917222	1387.592568505378	928.103206633757	-720.801857234420	221.498040839618	
0.330172413793	-0.719788150230	0.076064920626	3.489967506817	-286.174282042296	30.241987231587	1387.545690069156	928.100032026563	-720.816153982963	221.573292036801	
0.331034482759	-0.719666967151	0.076364026408	3.490880976567	-286.126101920606	30.360906086381	1387.908868526257	928.600668971422	-720.983616834209	221.550102554738	
0.331896551724	-0.719467275263	0.076777923136	3.490085927072	-286.046708167768	30.525463670429	1387.592771743813	928.105888990015	-720.800774956569	221.520365823100	
0.332758620690	-0.719805313133	0.076115798236	3.489988767462	-286.181105691115	30.262215216040	1387.554142903261	928.102417929254	-720.816958517756	221.587519765546	
0.333620689655	-0.719696560692	0.076353253202	3.490915163761	-286.137867758296	30.356622861589	1387.922460714240	928.602798033428	-720.983751440245	221.539819604814	
0.334482758621	-0.719496964906	0.076728705480	3.490145445444	-286.058512213581	30.505895652317	1387.616435133524	928.108623263538	-720.813679653701	221.501929905495	
0.335344827586	-0.719819753420	0.076046242307	3.490045108723	-286.186846878500	30.234561081816	1387.576543133089	928.105237911631	-720.831790247303	221.569954746287	
0.336206896552	-0.719684592411	0.076292915825	3.490975825714	-286.133109393809	30.332633850982	1387.946578770201	928.606475984986	-721.009209725871	221.537684001486	
0.337068965517	-0.719466167720	0.076655093540	3.490183513915	-286.046267829366	30.476628924208	1387.631570444198	928.112771392332	-720.834349899628	221.498814481459	
0.337931034483	-0.719791259724	0.075969079869	3.490059336044	-286.175518318941	30.203882742322	1387.582199649432	928.109242126885	-720.845404239789	221.566832139916	
0.338793103448	-0.719677376970	0.076206812946	3.490954309141	-286.130240669808	30.298400959470	1387.938024183896	928.610095004077	-721.006682736081	221.528631505569	
0.339655172414	-0.719495824646	0.076549357051	3.490143965094	-286.058058867460	30.434590077672	1387.615846573822	928.116237229643	-720.822995377978	221.478051488121	
0.340517241379	-0.719843002093	0.075821675333	3.489998313276	-286.196090115189	30.145277460705	1387.557938140105	928.111578716071	-720.822908199548	221.522854607959	
0.341379310345	-0.719739995982	0.076052800597	3.490899846257	-286.155136815758	30.237168535223	1387.916370761705	928.611479392010	-720.990465542817	221.480720359959	
0.342241379310	-0.719535643634	0.076415034590	3.490086034466	-286.073890150985	30.381185983691	1387.592814441582	928.115392174914	-720.806056509136	221.437797987779	
0.343103448276	-0.719848659247	0.075725627189	3.489963555999	-286.198339293745	30.107090518318	1387.544119298019	928.108587435130	-720.819501980648	221.500504274375	
0.343965517241	-0.719705446111	0.075966990672	3.490872465368	-286.141400434069	30.203052116997	1387.905484633195	928.606587348703	-720.986382892671	221.460467473973	
0.344827586207	-0.719482149222	0.076341167503	3.490077002447	-286.052621774923	30.351817814115	1387.589223480250	928.109187480436	-720.804960988127	221.421091887290	
0.345689655172	-0.719790585861	0.075653188531	3.489962794878	-286.175250403626	30.078290265346	1387.543816690517	928.101850607556	-720.814743712458	221.483200720499	
0.346551724138	-0.719667688276	0.075870265440	3.490886884303	-286.126388626706	30.164595977078	1387.911217331588	928.601288436487	-720.983018966246	221.432121368966	
0.347413793103	-0.719456224786	0.076206323689	3.490089790539	-286.042314705012	30.298206440087	1387.594307785872	928.106128523606	-720.799008788028	221.376109261171	
0.348275862069	-0.719781651562	0.075509581355	3.489979097712	-286.171698293552	30.021194742754	1387.550298391867	928.101299119696	-720.816230542767	221.437505903556	
0.349137931034	-0.719650186540	0.075751679632	3.490886160835	-286.119430264248	30.117448481738	1387.910929694353	928.602481163179	-720.983261955648	221.399871954270	
0.350000000000	-0.719437472889	0.076120525175	3.490084410825	-286.034859302226	30.264094558591	1387.592168912567	928.108521121565	-720.806168321117	221.358889177785	
0.350862068966	-0.719757069408	0.075437858278	3.489944436939	-286.161924889874	29.992678991162	1387.536517918067	928.102990396331	-720.812033625406	221.421927865634	
0.351724137931	-0.719640543463	0.075692813879	3.490836281412	-286.115596357375	30.094044561316	1387.891098570431	928.602615389318	-720.971514258523	221.384740822039	
0.352586206897	-0.719439854436	0.076073335102	3.490027144171	-286.035806160546	30.245332669551	1387.569400763925	928.107100576082	-720.785849992685	221.343626285190	
0.353448275862	-0.719782600639	0.075373304078	3.489898594469	-286.172075628946	29.967013450757	1387.518291811046	928.099983522753	-720.790176547328	221.392912284915	
0.354310344828	-0.719663695819	0.075614933522	3.490806126511	-286.124801300592	30.063080790533	1387.879109546754	928.598728812905	-720.951738951601	221.346231233534	
0.355172413793	-0.719454070041	0.076006842093	3.490024573207	-286.041458018910	30.218896295077	1387.568378596792	928.103232639789	-720.777274149965	221.309785908339	
0.356034482759	-0.719753799998	0.075357147897	3.489919927521	-286.160625033898	29.960590056038	1387.526773432486	928.096466404783	-720.792210404750	221.382631887375	
0.356896551724	-0.719608201790	0.075640916228	3.490857004795	-286.102737914260	30.073411027427	1387.899337799147	928.596473664644	-720.968842350821	221.354683444117	
0.357758620690	-0.719378130518	0.076059620156	3.490076257617	-286.011265887278	30.239879863939	1387.588927349767	928.102267328836	-720.792415068429	221.327394181190	
0.358620689655	-0.719694549614	0.075422744476	3.489962833264	-286.137068191225	29.986670026651	1387.543831952135	928.096469153448	-720.802408017592	221.403447742551	
0.359482758621	-0.719577058988	0.075711394934	3.490887366086	-286.090356119526	30.101432040395	1387.911408879347	928.598185961862	-720.972811158651	221.376453926070	
0.360344827586	-0.719395510612	0.076098021870	3.490090273344	-286.018175887228	30.255147665887	1387.594499740232	928.105336519655	-720.789468009400	221.331856719559	
0.361206896552	-0.719739730142	0.075445603912	3.489963320470	-286.155031122765	29.995758510005	1387.544025656190	928.100677508049	-720.798112452341	221.399877429088	
0.362068965517	-0.719639025775	0.075741319756	3.490871282836	-286.114992953259	30.113329589069	1387.905014480447	928.602585813385	-720.967147413876	221.375465443811	
0.362931034483	-0.719436195640	0.076176941301	3.490070536479	-286.034351492070	30.286524553095	1387.586652732569	928.109152733024	-720.788513625910	221.352925057802	
0.363793103448	-0.719764714351	0.075558348969	3.489946114202	-286.164964376173	30.040583832476	1387.537184766340	928.102857510479	-720.801493094601	221.432750744892	
0.364655172414	-0.719642430268	0.075883174689	3.490855383838	-286.116346515667	30.169728452609	1387.898693336784	928.602430071295	-720.967852727618	221.416044074213	
0.365517241379	-0.719437019900	0.076333844596	3.490058744783	-286.034679202228	30.348906363349	1387.581964575109	928.106766662189	-720.784481155951	221.395544138219	
0.366379310345	-0.719763367058	0.075721457994	3.489958463204	-286.164428717592	30.105432924690	1387.542094498148	928.100280513829	-720.800115007906	221.476340462354	
0.367241379310	-0.719647370535	0.076017132271	3.490890027215	-286.118310673371	30.222987476968	1387.912466894313	928.600798822132	-720.968195775595	221.444582363986	
0.368103448276	-0.719437046633	0.076461726412	3.490126940535	-286.034689830682	30.399749777217	1387.609077928224	928.107968806663	-720.798214356890	221.423739818832	
0.368965517241	-0.719753917584	0.075859250746	3.490035949818	-286.160671783888	30.160216740979	1387.572901724205	928.104626372502	-720.818764863347	221.512342865088	
0.369827586207	-0.719614902467	0.076193020711	3.490982074026	-286.105401977725	30.292917425380	1387.949062981845	928.609087764628	-720.999229779223	221.503185494192	
0.370689655172	-0.719398664105	0.076645683181	3.490210123566	-286.019429656598	30.472887541805	1387.642149942830	928.119514926294	-720.829310961363	221.487474629320	
0.371551724138	-0.719726459609	0.076045375471	3.490102854270	-286.149755007204	30.234216444052	1387.599501680787	928.118289989342	-720.844530067513	221.577235699320	
0.372413793103	-0.719621159385	0.076361533223	3.491018217328	-286.107889611443	30.359914842549	1387.963432881535	928.623609776423	-721.010570574983	221.559845702825	
0.373275862069	-0.719446257918	0.076777571205	3.490232655994	-286.038352065141	30.525323749154	1387.651108414207	928.134776358777	-720.833463542730	221.529425835095	
0.374137931034	-0.719803762940	0.076106930399	3.490108360204	-286.180489363216	30.258689530368	1387.601690736756	928.133093132930	-720.838915765335	221.589284522902	
0.375000000000	-0.719710764313	0.076382255871	3.491033431872	-286.143514851867	30.368153779353	1387.969481899297	928.637740862693	-721.012235594516	221.559892165304	
0.375862068966	-0.719517640945	0.076779287913	3.490244684145	-286.066732619224	30.526006280139	1387.655890581445	928.146752461140	-720.834734753118	221.527593430010	
0.376724137931	-0.719839382277	0.076115391093	3.490142990585	-286.194650944413	30.262053343588	1387.615459127309	928.143293640641	-720.854032101811	221.599393249147	
0.377586206897	-0.719704871305	0.076370808555	3.491074221086	-286.141171902211	30.363602541022	1387.985698926422	928.646038613462	-721.027931518643	221.566040660759	
0.378448275862	-0.719490101566	0.076753986468	3.490298417123	-286.055783478228	30.515946899438	1387.677253806943	928.153435757490	-720.852777523843	221.532192940494	
0.379310344828	-0.719807223124	0.076067639443	3.490195870062	-286.181865067718	30.243068182271	1387.636483016803	928.149171975446	-720.866075041330	221.597757473483	
0.380172413793	-0.719691904471	0.076285038079	3.491133833490	-286.136016531796	30.329501806635	1388.009399701183	928.652885072606	-721.039408072179	221.551305568962	
0.381034482759	-0.719488751879	0.076614567261	3.490347245847	-286.055246867719	30.460516435010	1387.696667192509	928.161707128276	-720.858562033341	221.495887833592	
0.381896551724	-0.719821394951	0.075912955156	3.490243801409	-286.187499520716	30.181568607955	1387.655539622221	928.159499408419	-720.878303000247	221.558746212951	
0.382758620690	-0.719698886754	0.076150456563	3.491157874622	-286.138792556631	30.275994717369	1388.018958004858	928.664048187453	-721.047483621514	221.522535557497	
0.383620689655	-0.719490012077	0.076519719592	3.490363236495	-286.055747898707	30.422806779111	1387.703024774416	928.173165943246	-720.872436206855	221.484126235958	
0.384482758621	-0.719812924066	0.075836641443	3.490229843682	-286.184131655252	30.151227705558	1387.649990291541	928.169788583377	-720.880583302451	221.548532578922	
0.385344827586	-0.719699716892	0.076094433840	3.491128720590	-286.139122604207	30.253721132477	1388.007366908237	928.671995841456	-721.042272028732	221.513775942278	
0.386206896552	-0.719502174866	0.076476187674	3.490321471903	-286.060583595929	30.405499304104	1387.686419955432	928.178134657511	-720.856527608503	221.473552305591	
0.387068965517	-0.719849186710	0.075774757985	3.490193991140	-286.198549003233	30.126624002413	1387.635735992654	928.171748547053	-720.861701738042	221.523527029025	
0.387931034483	-0.719735836952	0.076003429392	3.491097263347	-286.153483263398	30.217539469365	1387.994860097682	928.670921364513	-721.021582757100	221.472617117652	
0.388793103448	-0.719531338435	0.076378609478	3.490308928754	-286.072178484480	30.366704041625	1387.681433034411	928.174634304224	-720.845996382512	221.431381564172	
0.389655172414	-0.719835886807	0.075704102381	3.490189405605	-286.193261211001	30.098532657984	1387.633912869731	928.165868037818	-720.857166986467	221.497141575547	
0.390517241379	-0.719691323961	0.075958460219	3.491109736482	-286.135785732148	30.199660568705	1387.999819182295	928.663378656461	-721.030218253851	221.461134219977	
0.391379310345	-0.719457996601	0.076343155696	3.490307660343	-286.043019145502	30.352608282118	1387.680928737690	928.165671020053	-720.848941092259	221.423878023980	
0.392241379310	-0.719767170284	0.075674676936	3.490173678296	-286.165940809123	30.086833652382	1387.627659986269	928.156128787707	-720.854279458481	221.490948231197	
0.393103448276	-0.719636979355	0.075936886551	3.491076895337	-286.114179335042	30.191083282542	1387.986762158402	928.654145877115	-721.018647101499	221.455972192632	
0.393965517241	-0.719441411346	0.076302322003	3.490263055613	-286.036425158839	30.336373571044	1387.663194732915	928.157621782770	-720.830788704777	221.404374143072	
0.394827586207	-0.719771169417	0.075629242046	3.490118007354	-286.167530789099	30.068769591566	1387.605526263078	928.149583913437	-720.832584220443	221.463769390558	
0.395689655172	-0.719656785484	0.075911357164	3.491014123711	-286.122053880723	30.180933276372	1387.961805336299	928.648388941585	-720.997564610173	221.432869626681	
0.396551724138	-0.719440102392	0.076336374539	3.490200485652	-286.035904743214	30.349912221247	1387.638318088924	928.151900116218	-720.813288048562	221.404057386012	
0.397413793103	-0.719755216941	0.075709299911	3.490068433982	-286.161188383803	30.100599098622	1387.585816818930	928.143231522688	-720.822548061660	221.478103977947	
0.398275862069	-0.719619242056	0.076024836394	3.490969034910	-286.107127317121	30.226050492202	1387.943878873781	928.640390733544	-720.984381973911	221.454686359693	
0.399137931034	-0.719404140639	0.076465566539	3.490163509047	-286.021607023955	30.401276539800	1387.623616883388	928.142037878119	-720.796627562546	221.427425026548	
0.400000000000	-0.719723134150	0.075841752823	3.490050767925	-286.148432867304	30.153259894638	1387.578793125913	928.132809167989	-720.806759696326	221.501295203493	
0.400862068966	-0.719606656447	0.076117266605	3.490966763658	-286.102123514798	30.262799012201	1387.942975866294	928.629597765056	-720.969191309486	221.459471061378	
0.401724137931	-0.719395836153	0.076531239857	3.490180059946	-286.018305316072	30.427387020647	1387.630197210860	928.132209491138	-720.790438135263	221.425138470717	
0.402586206897	-0.719713735346	0.075896545636	3.490067561306	-286.144696078593	30.175044490428	1387.585469859348	928.124434331407	-720.804663806154	221.500956397154	
0.403448275862	-0.719571758860	0.076197622436	3.490987429333	-286.088248888061	30.294746984729	1387.951192151715	928.623208692747	-720.976867876224	221.479000959087	
0.404310344828	-0.719352608099	0.076618573630	3.490191529560	-286.001118651833	30.462109292262	1387.634757314419	928.127741983474	-720.800362706416	221.451537324245	
0.405172413793	-0.719672496956	0.075991769231	3.490062270531	-286.128300467718	30.212903607501	1387.583366346337	928.121566370235	-720.809179547185	221.530925070980	
0.406034482759	-0.719558053322	0.076289630585	3.490957274095	-286.082799823038	30.331327701122	1387.939202994011	928.621070201031	-720.969248198030	221.505521602052	
0.406896551724	-0.719370185741	0.076699227985	3.490158527716	-286.008107192744	30.494175952683	1387.621636399799	928.127386261495	-720.788449130997	221.471959312449	
0.407758620690	-0.719717562860	0.076031920807	3.490030864317	-286.146217826797	30.228867121988	1387.570879824265	928.123154218936	-720.792382680380	221.530533452669	
0.408620689655	-0.719610974594	0.076320290572	3.490954840294	-286.103840329219	30.343517537337	1387.938235360218	928.624903542793	-720.963901845364	221.501879796822	
0.409482758621	-0.719410225511	0.076740841821	3.490174056486	-286.024026255222	30.510720834417	1387.627810347607	928.132714489210	-720.788147807438	221.474906119455	
0.410344827586	-0.719725029226	0.076111687927	3.490087104259	-286.149186313909	30.260581034311	1387.593239771456	928.130783329711	-720.810279984914	221.555236990902	
0.411206896552	-0.719589172208	0.076405807629	3.491033911751	-286.095172108906	30.377517516782	1387.969672689896	928.634130219427	-720.988284054554	221.531285432669	
0.412068965517	-0.719377394957	0.076827373221	3.490274722018	-286.010973442163	30.545124097633	1387.667833077063	928.143247795633	-720.817798123643	221.508208414753	
0.412931034483	-0.719703161887	0.076179244723	3.490190001419	-286.140492269584	30.287440350555	1387.634149754369	928.142893102044	-720.835509826437	221.584557804756	
0.413793103448	-0.719597527045	0.076433505674	3.491143222952	-286.098493835868	30.388529740463	1388.013132775330	928.648538033265	-721.013960291966	221.549531069163	
0.414655172414	-0.719409993809	0.076787024819	3.490370591747	-286.023934134805	30.529082328947	1387.705949085044	928.159752631007	-720.837624234817	221.502249260316	
0.415517241379	-0.719757159849	0.076107414136	3.490284574195	-286.161960847487	30.258881855042	1387.671750117953	928.162352240517	-720.862519239832	221.573177440390	
0.416379310345	-0.719649526232	0.076361957893	3.491211629467	-286.119167738113	30.360083683663	1388.040329924080	928.669211879475	-721.036325567598	221.543725104393	
0.417241379310	-0.719454282951	0.076743272333	3.490430305892	-286.041542667963	30.511687160120	1387.729690310277	928.181025618259	-720.866144416247	221.512867328757	
0.418103448276	-0.719789611809	0.076068375438	3.490316635076	-286.174863138985	30.243360800211	1387.684496923606	928.183099159383	-720.881267103319	221.583480603054	
0.418965517241	-0.719686934980	0.076331975075	3.491229885841	-286.134040755397	30.348163076779	1388.047588316330	928.687800531637	-721.048806014526	221.554288514059	
0.419827586207	-0.719502005575	0.076710225564	3.490434323738	-286.060516289001	30.498548383957	1387.731287730346	928.196560551630	-720.867562028561	221.518277061708	
0.420689655172	-0.719859517696	0.076004829767	3.490327709336	-286.202656409525	30.218096232205	1387.688899841944	928.196306620048	-720.880410843554	221.573252876515	
0.421551724138	-0.719756711523	0.076217713967	3.491244455192	-286.161782601401	30.302735001341	1388.053380817310	928.698316481491	-721.045308487711	221.521635229512	
0.422413793103	-0.719564604082	0.076570730682	3.490469800555	-286.085404282558	30.443087832625	1387.745392648247	928.205006774014	-720.875590850584	221.480144391028	
0.423275862069	-0.719883554798	0.075869987328	3.490368107845	-286.212213110891	30.164485404686	1387.704961531886	928.202893010004	-720.892941540384	221.544160655463	
0.424137931034	-0.719748159664	0.076095902925	3.491299928681	-286.158382542684	30.254305213317	1388.075436036999	928.703560629968	-721.071024932813	221.505172794102	
0.425000000000	-0.719525776049	0.076443381313	3.490506834128	-286.069966983916	30.392456109650	1387.760116502755	928.208784870282	-720.894530141445	221.463344638501	
0.425862068966	-0.719845825201	0.075739947855	3.490387541438	-286.197212530261	30.112784146781	1387.712687964476	928.205771209524	-720.905763475483	221.526512888175	
0.426724137931	-0.719723117366	0.075966114645	3.491293132827	-286.148426194215	30.202703824888	1388.072734132868	928.705965677446	-721.071915797918	221.485573499094	
0.427586206897	-0.719537421463	0.076290981122	3.490481389426	-286.074596982631	30.331864649360	1387.750000166080	928.210907975451	-720.887003124733	221.428248397612	
0.428448275862	-0.719876018436	0.075573181323	3.490339998680	-286.209216794571	30.046480898322	1387.693785854687	928.207640351420	-720.890207779193	221.478841387981	
0.429310344828	-0.719766123627	0.075814791134	3.491236181307	-286.165524677745	30.142540432120	1388.050091275595	928.707000189566	-721.057252066162	221.439513998139	
0.430172413793	-0.719553564028	0.076196903714	3.490417847930	-286.081014963972	30.294461234541	1387.724737257981	928.210134637778	-720.873149271913	221.402461290768	
0.431034482759	-0.719870699240	0.075531314181	3.490289834915	-286.207101982100	30.029835307270	1387.673841681553	928.204717059307	-720.885234775305	221.469344065062	
0.431896551724	-0.719732766379	0.075809258069	3.491185987931	-286.152262461049	30.140340589263	1388.030135329636	928.700963839057	-721.047772524031	221.436848474183	
0.432758620690	-0.719516907310	0.076212665077	3.490375637109	-286.066440939701	30.300727657286	1387.707955026350	928.200914602832	-720.861202027733	221.401919551609	
0.433620689655	-0.719832957725	0.075557799126	3.490263399199	-286.192096662977	30.040365225191	1387.663331336424	928.193818407268	-720.872868321406	221.469668113681	
0.434482758621	-0.719712742741	0.075805291014	3.491176531502	-286.144301437457	30.138763362465	1388.026375630697	928.689142323515	-721.036551893920	221.420612766127	
0.435344827586	-0.719499124849	0.076187821831	3.490380569814	-286.059370966148	30.290850447926	1387.709916177514	928.189488917547	-720.855806347812	221.377794650733	
0.436206896552	-0.719816847968	0.075530049835	3.490268386947	-286.185691725165	30.029332626709	1387.665314371565	928.183200833679	-720.871481947127	221.447746961970	
0.437068965517	-0.719672150779	0.075813818173	3.491177038531	-286.128162834289	30.142153601255	1388.026577216100	928.679416121128	-721.040760451339	221.419430836196	
0.437931034483	-0.719452920112	0.076218749200	3.490367820053	-286.041000828626	30.303146590238	1387.704847111166	928.180268410572	-720.861511147190	221.386724146809	
0.438793103448	-0.719770205761	0.075581350485	3.490226741924	-286.167147657846	30.049728804099	1387.648757090576	928.173484951692	-720.866733112652	221.461508318174	
0.439655172414	-0.719651388543	0.075875412260	3.491100483124	-286.119908158004	30.166642255934	1387.996140220476	928.667901616187	-721.020580040896	221.431697372040	
0.440517241379	-0.719458451498	0.076285176355	3.490273907199	-286.043200004017	30.329556782743	1387.667509120154	928.167374909297	-720.831791988584	221.396070989659	
0.441379310345	-0.719804329795	0.075619894428	3.490120601938	-286.180714734378	30.065053153872	1387.606557820991	928.158694933921	-720.827878215277	221.451785184875	
0.442241379310	-0.719689892338	0.075910809644	3.491005040181	-286.135216545693	30.180715592679	1387.958193894853	928.651373133246	-720.986858933137	221.417942003558	
0.443103448276	-0.719482654347	0.076336167528	3.490182811194	-286.052822603404	30.349829917415	1387.631291055406	928.148741182905	-720.799823766661	221.388185216863	
0.443965517241	-0.719784994390	0.075718741573	3.490056396144	-286.173027339373	30.104352926541	1387.581030800383	928.139035250696	-720.809961060576	221.467311643048	
0.444827586207	-0.719634365065	0.076031257956	3.490959007117	-286.113139942164	30.228603584646	1387.939892011206	928.631013545543	-720.975672429485	221.442594239604	
0.445689655172	-0.719404019074	0.076474939832	3.490154178108	-286.021558691979	30.405003185644	1387.619907076830	928.128461467053	-720.792331507125	221.420470232031	
0.446551724138	-0.719711367973	0.075858612395	3.490030134418	-286.143754855559	30.159962944368	1387.570589629842	928.119780296530	-720.798012143330	221.499919456364	
0.447413793103	-0.719583522905	0.076156113254	3.490943931649	-286.092926052070	30.278243711705	1387.933898287270	928.614735205289	-720.965048711128	221.470539800803	
0.448275862069	-0.719379407526	0.076553304921	3.490134965616	-286.011773601860	30.436159676807	1387.612268550114	928.115761693520	-720.777731428645	221.428725871221	
0.449137931034	-0.719710378472	0.075923224980	3.490020721876	-286.143361448426	30.185651697847	1387.566847379616	928.111646508918	-720.792873824901	221.506064687109	
0.450000000000	-0.719589079868	0.076232013059	3.490921302040	-286.095135396383	30.308420052274	1387.924901178792	928.609890559068	-720.958488337205	221.484000865135	
0.450862068966	-0.719380686928	0.076669138280	3.490118886440	-286.012282268116	30.482212849992	1387.605875770854	928.113935305400	-720.781573879228	221.462694830919	
0.451724137931	-0.719703042403	0.076052140755	3.489996260728	-286.140444765096	30.236906194222	1387.557122085429	928.111639915212	-720.793758447404	221.543499366159	
0.452586206897	-0.719586801943	0.076377468646	3.490903132153	-286.094229736165	30.366250468366	1387.917677172223	928.610601282377	-720.959441590801	221.525965700794	
0.453448275862	-0.719390541286	0.076817393443	3.490106215990	-286.016200176229	30.541156324965	1387.600838237453	928.114903129161	-720.777285914984	221.503231815078	
0.454310344828	-0.719736112893	0.076181501163	3.490012428925	-286.153592972370	30.288337468709	1387.563550257885	928.114024141660	-720.793794934775	221.575295699388	
0.455172413793	-0.719623597028	0.076462342270	3.490943950468	-286.108858772561	30.399994630955	1387.933905769488	928.614670145256	-720.962369607972	221.539173384412	
0.456034482759	-0.719425683509	0.076886745016	3.490190322764	-286.030172065749	30.568729210679	1387.634277514773	928.121853939165	-720.798270116736	221.516327152511	
0.456896551724	-0.719744614544	0.076260699354	3.490117645182	-286.156973069397	30.319825185478	1387.605382269996	928.123846316323	-720.823093988311	221.600363199974	
0.457758620690	-0.719609800714	0.076563772336	3.491078050315	-286.103373616603	30.440321324683	1387.987221355944	928.627843156286	-721.008794126869	221.582720944387	
0.458620689655	-0.719394966434	0.076982032153	3.490315820738	-286.017959532206	30.606613591060	1387.684173158106	928.137642697121	-720.841179408074	221.561438227478	
0.459482758621	-0.719727205397	0.076348020370	3.490230615629	-286.150051518778	30.354542385369	1387.650297203216	928.141772081629	-720.861884472662	221.645588373596	
0.460344827586	-0.719619796401	0.076634992520	3.491163343521	-286.107347714494	30.468637135455	1388.021132336804	928.647243935298	-721.035110404470	221.622953399818	
0.461206896552	-0.719453017042	0.077010533547	3.490380394533	-286.041039366280	30.617945211246	1387.709846489117	928.158014809892	-720.858864569017	221.583312856570	
0.462068965517	-0.719812924799	0.076327214423	3.490267553307	-286.184131946630	30.346270330689	1387.664982931801	928.162362775972	-720.869419795884	221.646072694152	
0.462931034483	-0.719724362738	0.076593474186	3.491189117100	-286.148921330655	30.452130223862	1388.031379428939	928.667116877714	-721.044171678494	221.617030954015	
0.463793103448	-0.719534664264	0.076984412062	3.490391317765	-286.073500771664	30.607559798530	1387.714189361210	928.175500734723	-720.866065638527	221.587044215830	
0.464655172414	-0.719872269879	0.076317301619	3.490287058603	-286.207726438713	30.342329185829	1387.672737872019	928.177138393207	-720.885508500865	221.659002369638	
0.465517241379	-0.719751911108	0.076580306955	3.491200227136	-286.159874046584	30.446895179593	1388.035796570782	928.678172429297	-721.053870464821	221.627304664232	
0.466379310345	-0.719553540149	0.076958189787	3.490404580097	-286.081005470142	30.597134312992	1387.719462216192	928.182588955190	-720.872930944729	221.591698859042	
0.467241379310	-0.719885801091	0.076270184352	3.490303883545	-286.213106195019	30.323596243240	1387.679427153670	928.181432086614	-720.888453032379	221.656796798236	
0.468103448276	-0.719781420191	0.076476008305	3.491223743399	-286.171606305021	30.405427990319	1388.045146196318	928.680335864101	-721.055755021046	221.602147593927	
0.468965517241	-0.719583366866	0.076802865505	3.490425148659	-286.092864013878	30.535380289037	1387.727639890858	928.183336658468	-720.874914859457	221.549090631578	
0.469827586207	-0.719916045736	0.076087794207	3.490314032562	-286.225130899071	30.251081338965	1387.683462212728	928.181159616882	-720.892928965792	221.609112431757	
0.470689655172	-0.719782294413	0.076311674223	3.491214428375	-286.171953879359	30.340091838521	1388.041442717308	928.678877752384	-721.061218616715	221.568903647284	
0.471551724138	-0.719571361299	0.076654792312	3.490396692299	-286.088090825346	30.476509161900	1387.716326175455	928.180309619285	-720.881973327309	221.524230281061	
0.472413793103	-0.719892249936	0.075956243418	3.490248567262	-286.215670134973	30.198779209875	1387.657434436154	928.175621170187	-720.887072282313	221.586561486509	
0.473275862069	-0.719772788350	0.076194423785	3.491114944232	-286.168174446834	30.293475261057	1388.001889686091	928.670198355961	-721.040996170710	221.544829189555	
0.474137931034	-0.719574994045	0.076554185453	3.490281113030	-286.089535137169	30.436509759589	1387.670374023662	928.169252176483	-720.851963591905	221.499280563235	
0.475000000000	-0.719917554708	0.075841909888	3.490128676142	-286.225730838320	30.153322340817	1387.609767973283	928.162077870123	-720.850045963927	221.544932883967	
0.475862068966	-0.719795494954	0.076087757813	3.491010729506	-286.177202167082	30.251066869156	1387.960455863738	928.655035297252	-721.008609846608	221.499329572123	
0.476724137931	-0.719582891646	0.076473476455	3.490191494410	-286.092675075435	30.404421374363	1387.634743339493	928.152509350452	-720.824273826506	221.460129974436	
0.477586206897	-0.719879015063	0.075819829811	3.490068697513	-286.210408197390	30.144543715932	1387.585921593972	928.144301266887	-720.835986391618	221.530392486978	
0.478448275862	-0.719724155988	0.076098264441	3.490975400348	-286.148839130643	30.255244107644	1387.946409652514	928.636800447242	-721.004267365039	221.496549186602	
0.479310344828	-0.719487510328	0.076507636540	3.490171708864	-286.054753250169	30.418002783972	1387.626876977015	928.134300445071	-720.822347066768	221.465017578492	
0.480172413793	-0.719789885515	0.075858838793	3.490049264675	-286.174971959314	30.160052956340	1387.578195461867	928.126446466955	-720.829212400956	221.535612332126	
0.481034482759	-0.719653812432	0.076129814452	3.490964330836	-286.120871851127	30.267787801047	1387.942008621872	928.621574782074	-720.997377063495	221.499135151996	
0.481896551724	-0.719445904433	0.076499822983	3.490156488008	-286.038211526114	30.414896259982	1387.620825449980	928.122351719138	-720.810689482400	221.448993021701	
0.482758620690	-0.719769279089	0.075843139049	3.490041837263	-286.166779230345	30.153811031962	1387.575242461736	928.118435988099	-720.824593885008	221.517339170671	
0.483620689655	-0.719642457271	0.076130811320	3.490944852228	-286.116357251745	30.268184136936	1387.934264292293	928.616782516727	-720.990480054305	221.488018664616	
0.484482758621	-0.719424781010	0.076550983796	3.490144013664	-286.029813248929	30.435236840698	1387.615865884592	928.120682962300	-720.812504806302	221.460507395399	
0.485344827586	-0.719739988889	0.075918231324	3.490024293663	-286.155133995527	30.183666313555	1387.568267455048	928.118376280858	-720.824132679102	221.535114679087	
0.486206896552	-0.719614677598	0.076229010917	3.490932400508	-286.105312574024	30.307226456969	1387.929313721779	928.617287488478	-720.988249759502	221.511390484895	
0.487068965517	-0.719411860495	0.076653203077	3.490131598340	-286.024676294197	30.475877311594	1387.610929784400	928.120869821863	-720.802273793750	221.481701917642	
0.487931034483	-0.719750969006	0.076000904852	3.490031686918	-286.159499484442	30.216535759413	1387.571206874710	928.118673241513	-720.815057786145	221.547413757551	
0.488793103448	-0.719636709819	0.076255538707	3.490951260133	-286.114072172277	30.317773409105	1387.936811955248	928.617490211696	-720.977728792144	221.500733854945	
0.489655172414	-0.719437112829	0.076649395115	3.490178840251	-286.034716149000	30.474363337261	1387.629712282845	928.121792566011	-720.805858236146	221.466002606400	
0.490517241379	-0.719756391627	0.075987587005	3.490081525746	-286.161655416882	30.211240832876	1387.591021859234	928.119699777727	-720.822041992051	221.536951352959	
0.491379310345	-0.719618536122	0.076254366413	3.491013855795	-286.106846650951	30.317307327134	1387.961698817726	928.619315455767	-720.998309004146	221.506678140660	
0.492241379310	-0.719398121639	0.076635208534	3.490222678692	-286.019213982324	30.468723018582	1387.647141625562	928.124110312324	-720.821821385322	221.471710020108	
0.493103448276	-0.719723241707	0.075968758316	3.490107197987	-286.148475629860	30.203754899090	1387.601228660940	928.122347313056	-720.833449341104	221.543937483095	
0.493965517241	-0.719607621534	0.076227905261	3.491009502660	-286.102507215222	30.306786868776	1387.959968092658	928.622235285900	-720.996738048627	221.510381963463	
0.494827586207	-0.719429052691	0.076586447994	3.490202670209	-286.031511589348	30.449336741257	1387.639186627698	928.127832638344	-720.813359588621	221.463455195957	
0.495689655172	-0.719777267364	0.075888256686	3.490068055870	-286.169955218832	30.171748959389	1387.585666488840	928.126603891762	-720.816488668082	221.517919330285	
0.496551724138	-0.719675961289	0.076151608567	3.490975717672	-286.129677821388	30.276452732570	1387.946535814604	928.627060309144	-720.986374950958	221.484922298575	
0.497413793103	-0.719475079568	0.076548822751	3.490169074375	-286.049811013256	30.434377649956	1387.625829553719	928.132103560875	-720.804492395706	221.453281717469	
0.498275862069	-0.719798410577	0.075898213849	3.490060557485	-286.178361364158	30.175707740638	1387.582685271371	928.130365830274	-720.821870442892	221.527190420218	
0.499137931034	-0.719666045027	0.076183042116	3.490975760398	-286.125735301668	30.288950123002	1387.946552801796	928.629682585433	-720.990291236287	221.499174592241	
0.500000000000	-0.719457155507	0.076592056363	3.490187441845	-286.042684742273	30.451566523687	1387.633132115435	928.133597787734	-720.811045300555	221.470404737202	
0.500862068966	-0.719780436594	0.075939448228	3.490092647160	-286.171215245204	30.192101757097	1387.595443524948	928.131657493482	-720.827265918418	221.543677136593	
