dbx_v3_0_m10_0										
Time	Cx	Cy	Cz	Fx	Fy	Fz	Mx	My	Mz	
0.000000000000	0.000000000000	0.000000000000	0.000000000000	0.000000000000	0.000000000000	0.000000000000	0.000000000000	0.000000000000	0.000000000000	
0.000862068966	1.780547713797	0.255203884881	20.432331255591	700.912692684894	100.461021487834	8043.188175871301	3815.297551593561	-5457.907872529522	475.556680482941	
0.001724137931	-0.545582782645	0.506222273871	4.805403260413	-214.768688479065	199.274422317749	1891.647223263847	643.826742521844	-1266.973589949947	574.523339319197	
0.002586206897	-1.072725228537	1.161191539246	3.900931988125	-422.278337513064	457.103104954319	1535.602063674298	1037.476787373772	-1007.147581086347	695.084557750946	
0.003448275862	-1.152368792040	0.869067010035	4.024211903368	-453.630030094623	342.108270060368	1584.131208205151	1083.612119276854	-1148.589682076133	665.909768065884	
0.004310344828	-1.125558371879	0.867109104759	4.349300279237	-443.076106916386	341.337540554852	1712.102262912224	1066.959353173303	-1240.432670449499	702.928998195211	
0.005172413793	-1.157914942278	0.730995618345	4.517354366701	-455.813272401222	287.756460118982	1778.256762479321	1084.135341996167	-1246.561370288340	680.843494220284	
0.006034482759	-1.199538833814	0.755856985350	4.809792297692	-472.198519294861	297.543138429196	1893.374967998636	1115.365841496480	-1320.438627884190	696.611451690107	
0.006896551724	-1.224945256643	0.682249072042	4.873538944026	-482.199758856509	268.567379835726	1918.468838376677	1150.674109277525	-1331.830963101016	687.372608766849	
0.007758620690	-1.224440199272	0.626625209485	4.861929630070	-482.000942998024	246.671043680195	1913.898831382437	1201.269368900949	-1299.736984313757	680.501797199233	
0.008620689655	-1.187222977877	0.625646067567	4.835180188108	-467.350382016248	246.285604417270	1903.368912275172	1195.605116722820	-1272.871665390147	661.045941026918	
0.009482758621	-1.168130946203	0.568325575926	4.935870884655	-459.834802834844	223.721390141515	1943.005809785739	1210.082247742899	-1278.004225260466	631.438202640004	
0.010344827586	-1.123903303048	0.515962541094	4.963645440655	-442.424588991655	203.108678975651	1953.939265083498	1229.434416792898	-1263.893351151249	604.492170991856	
0.011206896552	-1.063948776593	0.534957653209	4.874775994648	-418.823486785659	210.586105768393	1918.955803412990	1220.445284280242	-1225.397186389357	592.750228617958	
0.012068965517	-0.996339846780	0.555127114887	4.782179713628	-392.209228331446	218.525815322455	1882.505272961397	1205.675717941308	-1188.603121932621	575.191160158890	
0.012931034483	-0.921997642813	0.542091393699	4.705198105226	-362.944416184925	213.394303053467	1852.201459132583	1189.995613509846	-1159.055351469820	546.791698834442	
0.013793103448	-0.856370048211	0.533105920943	4.620805374891	-337.110110431141	209.857171273292	1818.980256800564	1169.603036601673	-1133.106167491801	520.604424932669	
0.014655172414	-0.782083021038	0.525573048139	4.537930835408	-307.867018632138	206.891855533635	1786.356690369850	1142.898734990606	-1118.011545571236	497.537245254172	
0.015517241379	-0.688049617376	0.527255848984	4.473433821284	-270.850764783588	207.554290166622	1760.967437675591	1115.073764124406	-1114.881280527149	475.533493319479	
0.016379310345	-0.590192873628	0.546600445228	4.408921565651	-232.329452927475	215.169291403322	1735.572185160491	1088.315644855961	-1109.241912880223	456.730826726813	
0.017241379310	-0.482592082457	0.562921194820	4.341449903423	-189.972396337437	221.593955260559	1709.011962097932	1065.283278956502	-1099.060254256358	434.569227852137	
0.018103448276	-0.384260591463	0.573109609911	4.272952901304	-151.264200205369	225.604625348381	1682.048113937996	1044.297036080491	-1088.498520723891	412.701435090279	
0.018965517241	-0.297350228672	0.597526935517	4.199157158886	-117.051931736542	235.216506740971	1652.998416406279	1020.801231325992	-1079.580461815619	399.659840006587	
0.019827586207	-0.258800053485	0.612171699831	4.148119590173	-101.876653430706	240.981418913405	1632.907475041334	1004.575139419024	-1074.868229381414	397.018477130799	
0.020689655172	-0.215402851683	0.616550702901	4.157178555746	-84.793342865863	242.705213681607	1636.473537272626	1010.060657439376	-1076.575472467455	388.197460415185	
0.021551724138	-0.172889501377	0.612051649451	4.091129498733	-68.057960484928	240.934161075811	1610.473322820691	997.379889388177	-1052.604956523561	371.391333136076	
0.022413793103	-0.141049329618	0.611251972142	3.981577111476	-55.524075349373	240.619368064749	1567.348020337968	972.522797088298	-1016.796384264662	357.326391150350	
0.023275862069	-0.118347347660	0.605293928778	3.885821998294	-46.587439066073	238.273984009507	1529.654015455024	954.338969946245	-983.866368932752	343.955529155505	
0.024137931034	-0.101450315392	0.594045853109	3.833735366955	-39.935921505709	233.846178484786	1509.150110537568	947.185041682091	-963.839472964476	332.928039210243	
0.025000000000	-0.097574144938	0.587628503766	3.796028325652	-38.410066821103	231.319988608820	1494.306731925123	941.670471136202	-949.260131149588	327.663062265786	
0.025862068966	-0.087979429678	0.590477471016	3.761045636265	-34.633106699975	232.441484702937	1480.535794575258	934.393977546179	-941.085275683815	325.555009706374	
0.026724137931	-0.084442973614	0.600261505886	3.705932000477	-33.240980601482	236.292970497359	1458.840309211487	920.747780851057	-927.886183354834	324.834537167841	
0.027586206897	-0.087096217660	0.600125599573	3.660628126069	-34.285430246929	236.239470970795	1441.006436884198	914.047670909618	-916.509430944650	320.390949159566	
0.028448275862	-0.087842898641	0.589774147080	3.611648781670	-34.579361250718	232.164621201950	1421.725715619531	912.714883594092	-902.744575380836	312.358806629665	
0.029310344828	-0.093428698442	0.584685014169	3.553348426914	-36.778211609708	230.161283788224	1398.775778181496	905.942893194451	-885.704913569243	306.395601822555	
0.030172413793	-0.105544258969	0.583190006656	3.502526615334	-41.547502590639	229.572774009190	1378.769769622705	900.811906228481	-870.265888102235	302.243826909581	
0.031034482759	-0.115996320254	0.573745127593	3.483129073355	-45.661957015193	225.854796914396	1371.133926295239	900.957862812158	-862.541877246668	298.225613488251	
0.031896551724	-0.121141315804	0.569322468922	3.476842037764	-47.687284759530	224.113817117234	1368.659034434194	901.658400260780	-860.693123253877	298.641981853205	
0.032758620690	-0.129657532925	0.562351568316	3.454609385273	-51.039694036493	221.369721760290	1359.907149717670	897.699732187397	-854.779561634359	301.384129807943	
0.033620689655	-0.147528536537	0.558852037882	3.444937009603	-58.074615462667	219.992131437327	1356.099618572628	894.533220100002	-851.900260380192	304.460784430885	
0.034482758621	-0.162907446372	0.567997979748	3.447455830147	-64.128524054960	223.592431890461	1357.091152400380	888.995885812970	-854.315475896131	309.893445284756	
0.035344827586	-0.177937385474	0.569075864106	3.410618773198	-70.045060300946	224.016741119636	1342.590243170951	880.808255701472	-844.938793459783	312.348577562476	
0.036206896552	-0.181884742057	0.557784418315	3.376420112173	-71.598937408653	219.571862943831	1329.127938623000	873.357811423192	-833.947530730335	308.221871906044	
0.037068965517	-0.177030268354	0.553244418967	3.344451624641	-69.687973603440	217.784691983617	1316.543541977191	865.845377647651	-824.340280098187	304.881704467276	
0.037931034483	-0.172106794220	0.550777397352	3.327964074995	-67.749847774945	216.813548806559	1310.053217270565	861.722353366706	-817.802116689291	303.750389568962	
0.038793103448	-0.170095219605	0.549391706666	3.322857413162	-66.957991331894	216.268071602034	1308.042979595751	862.019179690311	-814.825587878794	305.062564751455	
0.039655172414	-0.172918158999	0.547037153031	3.321846382639	-68.069241559125	215.341201451058	1307.644987381829	864.036417066621	-813.686435457091	307.574151970316	
0.040517241379	-0.183339002295	0.546962997836	3.318730381939	-72.171407020817	215.312010254627	1306.418373557560	864.429862778022	-814.547618953592	313.520365348163	
0.041379310345	-0.182635585693	0.545585559986	3.323992082043	-71.894507042026	214.769781779138	1308.489642054928	863.974380212766	-818.457667817147	317.775919575859	
0.042241379310	-0.174579163688	0.539119480561	3.329800606497	-68.723096134634	212.224409304525	1310.776167983908	864.313743329754	-820.616553367035	315.355311123386	
0.043103448276	-0.165134224987	0.527136593539	3.331377414317	-65.005095563102	207.507345254994	1311.396878457709	865.309309549670	-820.296461269771	308.073171975939	
0.043965517241	-0.151856332916	0.511718823296	3.341686851184	-59.778252714463	201.438139261633	1315.455188773494	867.433124960038	-823.947464066908	299.046976674352	
0.044827586207	-0.145092724996	0.503488821549	3.336154021638	-57.115758133345	198.198398680519	1313.277190158334	866.052538242953	-823.427612546284	294.341647425883	
0.045689655172	-0.143589160879	0.501097823718	3.310956336715	-56.523880046774	197.257182269879	1303.358120283381	863.812367554602	-815.352903122793	291.405640587208	
0.046551724138	-0.143247958444	0.501403821847	3.291280347161	-56.389565691893	197.377638448059	1295.612666054222	862.488399958414	-810.881963998334	289.635696403306	
0.047413793103	-0.141906797189	0.496015970186	3.268378001859	-55.861617499728	195.256710383834	1286.597156731172	859.221241972368	-805.719354253279	284.887482945451	
0.048275862069	-0.139735980492	0.492615195757	3.254808370795	-55.007075403028	193.917995367399	1281.255470813833	855.756026516463	-803.472328394092	281.201776765192	
0.049137931034	-0.133431647322	0.498787687502	3.235283421302	-52.525374349106	196.347797038082	1273.569473512001	845.798202552835	-801.911463930681	280.633028830224	
0.050000000000	-0.125976020613	0.504351938388	3.213126377635	-49.590466538725	198.538164665486	1264.847352213209	839.645879306175	-795.776409665720	276.173828391541	
0.050862068966	-0.115686945558	0.508624023837	3.185330414275	-45.540171651315	200.219871306575	1253.905469906959	831.350496789585	-789.995909872983	269.743626278023	
0.051724137931	-0.102589580799	0.518716312689	3.162041684152	-40.384393387604	204.192701295989	1244.737860180508	822.458173780434	-786.541418297420	266.183428409090	
0.052586206897	-0.089034561123	0.518029300622	3.145906860291	-35.048459243768	203.922258962944	1238.386385996098	817.481278883693	-782.985192276918	259.933884133321	
0.053448275862	-0.077784274132	0.523981863723	3.136346464905	-30.619783231941	206.265485712186	1234.622935895224	809.546326394584	-784.431069036544	257.998949232966	
0.054310344828	-0.065141464682	0.534307664810	3.124035223379	-25.642940687390	210.330237804103	1229.776615079497	802.264429172730	-785.524707998562	256.571584213955	
0.055172413793	-0.048837632909	0.534482751581	3.119054147389	-19.224936530054	210.399160719515	1227.815814277933	795.514430954178	-788.087699810334	251.844866416723	
0.056034482759	-0.032116623148	0.536557537740	3.104747578148	-12.642710238136	211.215900390387	1222.184032612179	785.182174938644	-787.550452579921	248.080215377304	
0.056896551724	-0.014664108910	0.542597484392	3.081349746324	-5.772527173829	213.593525678942	1212.973474995747	770.872464526980	-785.310835314428	246.036560670211	
0.057758620690	-0.001367485340	0.546925401636	3.047010066359	-0.538310669476	215.297210509006	1199.455658335120	755.993605846949	-777.691960791865	242.552764051087	
0.058620689655	0.008783793158	0.552387340722	3.018210217975	3.457740596623	217.447303091443	1188.118596641592	741.766452460850	-772.817510261377	241.760595139715	
0.059482758621	0.010105752631	0.560016842123	2.980847680855	3.978130006358	220.450656682736	1173.410832117480	726.715638311182	-767.156320617120	244.884054176161	
0.060344827586	0.005046000884	0.563994604524	2.945664250886	1.986358489171	222.016503042156	1159.560873227720	715.455714515959	-760.760316547061	247.625786077209	
0.061206896552	-0.004512263511	0.561891707451	2.924836530948	-1.776252746708	221.188697508636	1151.362040278065	708.211971388771	-758.381342350280	251.472438433692	
0.062068965517	-0.005790779986	0.558231510409	2.908169611848	-2.279540818370	219.747860768236	1144.801106777468	704.831029127882	-752.751401891838	250.200671048476	
0.062931034483	-0.007527315429	0.554377743987	2.886591132533	-2.963128078416	218.230825431722	1136.306737363084	698.059272663172	-745.324988426549	248.554205373710	
0.063793103448	-0.011335815939	0.548511864779	2.865487983995	-4.462344486397	215.921721801055	1127.999481931823	691.130808468852	-737.460768656436	246.723799298947	
0.064655172414	-0.015230892517	0.537431107987	2.845255987852	-5.995641567647	211.559781359884	1120.035155682934	685.570315475309	-728.756123717274	242.990195713853	
0.065517241379	-0.017483834023	0.528709738038	2.830206242114	-6.882512099148	208.126613662515	1114.110822553305	682.395534009317	-720.639064392748	240.704885242906	
0.066379310345	-0.021115869073	0.523321573173	2.819843041225	-8.312262870236	206.005562305617	1110.031348027649	682.055728565481	-713.571846695349	240.133099339228	
0.067241379310	-0.027084875152	0.520933318040	2.811371993246	-10.661962398717	205.065425558460	1106.696719585541	684.706946367205	-706.698051922641	239.748285921841	
0.068103448276	-0.031793630883	0.517813017277	2.800604456488	-12.515564317344	203.837119013777	1102.458078226034	686.378980757285	-700.074774393307	238.890973340907	
0.068965517241	-0.031175898925	0.515112483209	2.803853159967	-12.272394102522	202.774053648828	1103.736930505771	691.254953132401	-696.651388093486	236.773617332202	
0.069827586207	-0.031559008330	0.512261392086	2.794872979379	-12.423205138423	201.651721491819	1100.201881988094	693.863104352435	-689.164750861712	233.861813727408	
0.070689655172	-0.030956721940	0.504679663272	2.782637078464	-12.186115072237	198.667173581539	1095.385219007702	695.276427332440	-681.071816073248	229.339378299274	
0.071551724138	-0.032400694315	0.498095762369	2.778596052393	-12.754534866435	196.075420676133	1093.794468901474	695.745975181771	-677.071711457509	227.011564616834	
0.072413793103	-0.028650525517	0.498083717311	2.778667729782	-11.278280739745	196.070679138703	1093.822684709337	696.524700922115	-674.671755588759	225.204779048275	
0.073275862069	-0.025442456269	0.500565084886	2.768804443154	-10.015424127177	197.047469603154	1089.940001456501	694.978197283126	-671.010030294104	224.542784159039	
0.074137931034	-0.021226550666	0.501784102490	2.750082298415	-8.355832684759	197.527335941209	1082.570028284391	689.878717254938	-666.257275156195	223.481843104341	
0.075000000000	-0.016820118791	0.505988860859	2.733145345924	-6.621240566614	199.182539274418	1075.902796126489	684.668796585868	-663.754242467737	224.193271359193	
0.075862068966	-0.010764119422	0.510286392536	2.719799156153	-4.237296125208	200.874262824440	1070.649067885067	680.116683015554	-662.763139642290	224.016860182977	
0.076724137931	0.000052638869	0.514730642512	2.711928239996	0.020721293495	202.623742039942	1067.550681363332	676.153734610440	-664.219406595913	223.093532132920	
0.077586206897	0.005739807583	0.521921831080	2.712785530802	2.259475529469	205.454553763799	1067.888153930082	672.474898724556	-670.718361165728	226.255625917254	
0.078448275862	0.011425900422	0.524612793110	2.715870885015	4.497806247353	206.513851095562	1069.102703763723	670.219482017633	-677.007475915286	226.836854792948	
0.079310344828	0.015975276241	0.528657118728	2.719950016621	6.288668256148	208.105900068366	1070.708454115336	668.042509123912	-682.962536002788	227.706974642235	
0.080172413793	0.015704611801	0.528965837966	2.720179361803	6.182121186503	208.227427411143	1070.798735857041	665.505724623612	-687.801727054200	228.857442178803	
0.081034482759	0.013357485314	0.527703501820	2.722481160322	5.258174732772	207.730508727075	1071.704838954123	664.593252524010	-691.442723001123	229.755966822173	
0.081896551724	0.010168937002	0.526976236446	2.715606896671	4.003002537214	207.444220677862	1068.998784739175	662.759166792427	-690.597590550077	230.419245055371	
0.082758620690	0.006944185478	0.525095081809	2.709949327474	2.733578945577	206.703704065213	1066.771682354475	661.910980756765	-688.762318278195	230.640228142365	
0.083620689655	0.003835324102	0.522875392668	2.701233315922	1.509775516308	205.829923328339	1063.340623990204	659.600056890582	-685.293237901033	230.853264185946	
0.084482758621	0.003559122595	0.520925149123	2.704798161581	1.401048779568	205.062209863612	1064.743925654457	658.370481972545	-684.975829881005	231.918972986721	
0.085344827586	0.002194249170	0.517863535862	2.707076658890	0.863766290526	203.857005657052	1065.640856228770	658.756115439284	-683.466322401305	232.736691319062	
0.086206896552	-0.000400580013	0.511947176742	2.700616939068	-0.157688341122	201.528030606634	1063.097987212153	659.403770481022	-677.347840671555	230.733275053018	
0.087068965517	-0.001360120510	0.505193260610	2.697118083185	-0.535411503873	198.869351198376	1061.720662426555	661.669988945052	-672.282002212853	227.871360098119	
0.087931034483	-0.000833629786	0.495629031872	2.691900743368	-0.328158405110	195.104392098123	1059.666856357945	663.935418524985	-665.806512000963	223.299427657635	
0.088793103448	0.000963655215	0.490861338444	2.685509730605	0.379342921500	193.227589352150	1057.151033878074	664.546220640421	-659.988482666633	221.000506637454	
0.089655172414	-0.001431987160	0.487109578012	2.677123517422	-0.563701814005	191.750708678949	1053.849800657496	665.578679367048	-653.509134248744	218.958013238819	
0.090517241379	-0.004630894142	0.482776891795	2.668942054286	-1.822951700403	190.045146542305	1050.629167302933	666.549057738814	-649.099000173402	216.935615552587	
0.091379310345	-0.006822275097	0.480936821043	2.665351335584	-2.685588918081	189.320802602797	1049.215680714213	668.156505177002	-648.206558332973	215.433016716508	
0.092241379310	-0.009578059270	0.481177219039	2.658705007273	-3.770403489545	189.415435285371	1046.599353256726	666.571311071660	-648.619502779362	216.617847589773	
0.093103448276	-0.008057215412	0.484926905624	2.666047561051	-3.171723232359	190.891499588739	1049.489749902500	666.344027830039	-653.941249154611	218.549687283080	
0.093965517241	-0.010160820156	0.488818343432	2.663059053821	-3.999807340217	192.423364267931	1048.313323888545	663.721395418175	-656.033444867236	220.489428198123	
0.094827586207	-0.013181543914	0.491046342459	2.664638043374	-5.188915392212	193.300416191729	1048.934893201380	661.929133124629	-660.425753097900	221.832997808418	
0.095689655172	-0.012734411928	0.493337001553	2.671095987218	-5.012901864353	194.202134253566	1051.477063104543	662.156272206902	-665.769595092678	223.586620472866	
0.096551724138	-0.009069674453	0.497297248552	2.672142158081	-3.570277782211	195.761085674061	1051.888888314999	660.272434036891	-668.560927343652	225.341122164317	
0.097413793103	-0.003645038661	0.501340339772	2.675406822700	-1.434869643101	197.352648726364	1053.174023698253	659.336835509366	-671.657450980819	226.339968666460	
0.098275862069	0.003471974489	0.504551599746	2.680992710785	1.366742923635	198.616761368442	1055.372908810135	659.429576962889	-673.979215966618	226.108612848930	
0.099137931034	0.009362843412	0.507367437571	2.679808264049	3.685683756972	199.725216063082	1054.906651295631	658.501029206653	-674.082143688897	225.331067177742	
0.100000000000	0.015404503178	0.509145180325	2.680028938507	6.063983412808	200.425024583271	1054.993519806623	657.032172158432	-674.794474399372	224.099510354117	
0.100862068966	0.019448786903	0.510826583754	2.680647624386	7.656015894383	201.086909123231	1055.237065532558	654.873678889520	-675.534346789208	223.569283034733	
0.101724137931	0.020561167240	0.511543338594	2.675618506453	8.093904467454	201.369059700277	1053.257353017637	653.415179896985	-674.025830257719	223.047488302782	
0.102586206897	0.018436230460	0.509502286438	2.664855165093	7.257423002053	200.565599421651	1049.020363176587	651.191751178982	-671.286111742122	222.742380829903	
0.103448275862	0.016282484727	0.508699144473	2.659323988401	6.409600891343	200.249442548744	1046.843015207409	650.917984548093	-668.954022977856	222.764287513391	
0.104310344828	0.012438912177	0.508205909561	2.655508320680	4.896578373373	200.055280601976	1045.340977426577	651.389582762848	-666.880115984209	222.980207410043	
0.105172413793	0.010155124433	0.508287525271	2.652340430773	3.997565218761	200.087408629971	1044.093937413193	650.648038945433	-665.299928691120	223.568790555457	
0.106034482759	0.007459649343	0.510087870940	2.659418991083	2.936491320636	200.796114788829	1046.880413017709	652.234887924984	-667.392639425071	226.159710320806	
0.106896551724	0.001123874017	0.510081932455	2.664708307095	0.442413060434	200.793777103951	1048.962552518651	653.246509887627	-668.398353281593	228.784226924078	
0.107758620690	-0.006541758462	0.509893235854	2.674269341698	-2.575163531384	200.719496677770	1052.726254247390	655.302978435472	-672.403146218678	232.486485760818	
0.108620689655	-0.011422712231	0.510203375821	2.690024132271	-4.496551216073	200.841583290640	1058.928128309759	659.338637278268	-678.402053398662	235.173630184615	
0.109482758621	-0.016363341380	0.508728544196	2.698832117838	-6.441430116621	200.261015750883	1062.395392249647	661.510481119058	-683.098196720515	236.730187562834	
0.110344827586	-0.017835276643	0.508069216271	2.707846589795	-7.020857503315	200.001471281612	1065.943939566315	662.519229017817	-687.991362702190	237.259701557905	
0.111206896552	-0.011996060889	0.510512031076	2.716918623342	-4.722249942545	200.963085446714	1069.515146005963	662.462523278935	-691.972814704228	237.296535245694	
0.112068965517	-0.008285722682	0.509160824647	2.711747066404	-3.261675130007	200.431182971196	1067.479362370008	660.795570871856	-690.383392919981	235.148298257146	
0.112931034483	-0.003869479081	0.507323476000	2.706246545271	-1.523220625119	199.707910588539	1065.314081963144	660.090162186480	-688.204072202440	232.598548811481	
0.113793103448	0.000734015395	0.506803261147	2.692094440069	0.288945195191	199.503127986498	1059.743105073588	657.936239491120	-682.737339640567	231.019842997805	
0.114655172414	0.005063832807	0.504219586268	2.671004216999	1.993378026573	198.486064247119	1051.440937753339	656.983927220230	-673.144846883755	228.195563597291	
0.115517241379	0.011010927066	0.499392851599	2.654068462472	4.334451965981	196.586019913731	1044.774177174023	656.356304942030	-664.175074000044	224.820523408281	
0.116379310345	0.017046674746	0.495594682933	2.642761799087	6.710424328916	195.090870636699	1040.323308591791	655.322569281165	-657.731963098428	222.132492105800	
0.117241379310	0.020374279844	0.491830872966	2.633226266464	8.020336234817	193.609246663304	1036.569645718592	654.621661306639	-651.745905071283	218.942474878586	
0.118103448276	0.026499604281	0.492996088917	2.635341086804	10.431570492565	194.067933977921	1037.402144846834	655.017212647376	-650.544018576633	217.862687289298	
0.118965517241	0.030571563350	0.496690807764	2.631054063766	12.034497374836	195.522360228681	1035.714558022805	652.800299601325	-649.677864999658	218.208434932478	
0.119827586207	0.031209923750	0.501817750671	2.622014856965	12.285787976556	197.540581549500	1032.156273833513	648.520721651327	-649.608745349001	220.578657152298	
0.120689655172	0.031480780555	0.504625958848	2.622922919884	12.392410771025	198.646032832450	1032.513732844957	646.775947880497	-653.252823755734	222.590858236057	
0.121551724138	0.028615808632	0.505199082620	2.628381942937	11.264614436627	198.871643032705	1034.662677530620	645.336391953614	-658.865003838455	224.461054172481	
0.122413793103	0.025832287308	0.506856825690	2.641673737650	10.168881134315	199.524213671618	1039.894993155007	644.952467950794	-666.630348904620	226.579203598665	
0.123275862069	0.022694755140	0.508883328062	2.652274256800	8.933791445977	200.321946427228	1044.067888025625	646.356265334246	-671.713370699010	228.016171990188	
0.124137931034	0.018463035332	0.510089628830	2.657273076608	7.267974741495	200.796806782148	1046.035673681874	646.453903714130	-675.230663861498	229.237387332126	
0.125000000000	0.017139402011	0.511088323811	2.668050687694	6.746926421442	201.189943109471	1050.278280801158	648.852593376289	-678.965927725790	230.101935496714	
0.125862068966	0.013850771579	0.510107368531	2.670018183003	5.452356894254	200.803790016314	1051.052785423968	650.816434109604	-678.266235171538	229.935007278283	
0.126724137931	0.008672869696	0.505490143461	2.671523491137	3.414075570749	198.986219146765	1051.645350042617	653.119421501909	-677.273763593045	229.122720071707	
0.127586206897	0.005293630761	0.501023979722	2.671786082886	2.083838002127	197.228113577408	1051.748719297113	653.650415028094	-675.705407692091	228.715781804576	
0.128448275862	0.002984852599	0.499772131506	2.676688963335	1.174987368175	196.735323467278	1053.678738420383	653.937421701741	-676.348062876029	228.958022373642	
0.129310344828	0.002862816162	0.502111912192	2.676690315475	1.126947719109	197.656378246065	1053.679270690625	653.268346656703	-675.957708360008	229.862649374244	
0.130172413793	0.003365087381	0.503627874021	2.676169295406	1.324666808638	198.253136692490	1053.474171115512	653.921352042134	-675.770728158801	229.960389779077	
0.131034482759	0.006445550796	0.505977314276	2.676322875341	2.537291379020	199.177993961357	1053.534627864342	653.844723524449	-676.305823145251	229.711069739396	
0.131896551724	0.008954104864	0.507874677437	2.676141749408	3.524783808044	199.924891060564	1053.463327632163	654.414202240849	-676.274072041363	229.456537931860	
0.132758620690	0.010223546203	0.511318133781	2.676563121432	4.024499451608	201.280407814849	1053.629200749417	654.960423177712	-676.613820329859	229.853848518628	
0.133620689655	0.009564032686	0.512451020642	2.671946720985	3.764881924094	201.726368781977	1051.811954492523	653.810089053863	-675.471081481087	229.623845249045	
0.134482758621	0.008232809557	0.514538806396	2.664127954442	3.240845875749	202.548225743978	1048.734096668929	651.196132114643	-674.071576473017	230.175911521961	
0.135344827586	0.009755300929	0.515287933014	2.657002232708	3.840174677293	202.843119472886	1045.929055967803	648.422730195462	-671.795242683774	229.443463550277	
0.136206896552	0.011232546157	0.515813299076	2.654043316172	4.421692331875	203.049929848304	1044.764278331814	646.867383214760	-671.316087162767	228.614037235586	
0.137068965517	0.011897383029	0.513079984805	2.649527203865	4.683405398336	201.973960554770	1042.986510506115	645.217581103546	-668.786295546534	225.900733556147	
0.137931034483	0.014577344965	0.511908077293	2.644833147399	5.738372542519	201.512639106861	1041.138694953720	643.106220809929	-666.532837100840	223.473115789809	
0.138793103448	0.015833265648	0.509297524665	2.640618437820	6.232765779635	200.484994939880	1039.479574326702	641.992687867804	-663.753687936474	220.662654093221	
0.139655172414	0.016795356020	0.507417748872	2.633226758531	6.611492700406	199.745021108972	1036.569839420791	640.099653443291	-660.317582117114	218.404341184308	
0.140517241379	0.018408776099	0.506820071356	2.628243160351	7.246615591607	199.509745326404	1034.608045759182	638.112459719567	-658.293743698812	217.239292382094	
0.141379310345	0.019244244083	0.505994365853	2.627623857021	7.575497603498	199.184706315712	1034.364256973572	636.978540501593	-657.483803454430	216.346290289845	
0.142241379310	0.018549910806	0.507247064226	2.627056270882	7.302173275784	199.677831090138	1034.140826662701	636.752852423134	-657.297811955812	216.802532822946	
0.143103448276	0.018544361023	0.507514641722	2.625973360743	7.299988603607	199.783162984236	1033.714539034922	636.194911933340	-656.624677838249	217.018408188358	
0.143965517241	0.019097033427	0.508579973780	2.630228604711	7.517548121857	200.202530999654	1035.389616026440	636.934982377680	-658.499164932365	217.974835967407	
0.144827586207	0.017758505235	0.508309967477	2.630167054127	6.990636435025	200.096243005665	1035.365386635833	637.013845449112	-658.928952757363	218.678721807699	
0.145689655172	0.017417142919	0.506599817790	2.631565077659	6.856259143133	199.423042499623	1035.915718666287	636.191661781904	-659.220571885747	218.475709999454	
0.146551724138	0.017102687093	0.503840188921	2.629269098654	6.732473591974	198.336714463243	1035.011906421232	635.940093549448	-658.548830816173	218.556674423122	
0.147413793103	0.017300469718	0.499287558299	2.624912606721	6.810330731832	196.544571201148	1033.296973163376	634.992123506245	-656.368813016098	217.690145146711	
0.148275862069	0.016572673893	0.494097338725	2.618194615141	6.523833870436	194.501441017819	1030.652435456657	633.435581523776	-653.054904731712	216.555764560732	
0.149137931034	0.014545772148	0.493835872666	2.618529766870	5.725943901497	194.398514890987	1030.784367950648	633.368836173063	-653.375693255248	217.550180638545	
0.150000000000	0.014627304957	0.497411700410	2.616941717788	5.758039295639	195.806139653565	1030.159232353720	631.968518011370	-653.339048786564	219.145762701381	
0.150862068966	0.015900794959	0.503891148966	2.621984777963	6.259348695977	198.356774887522	1032.144433232613	632.073798357431	-656.964098455805	222.050350278349	
0.151724137931	0.015728973924	0.508287224996	2.622776768657	6.191711337314	200.087290426938	1032.456200407182	631.137495397175	-659.730652583101	224.015280827101	
0.152586206897	0.016579812628	0.510261598434	2.627408937925	6.526644033935	200.864502625183	1034.279654061093	630.285482386283	-664.335314442666	225.063358852990	
0.153448275862	0.019152323186	0.511945836766	2.628920191026	7.539312937958	201.527503125155	1034.874558916872	628.957632747189	-666.860003002733	225.429881435873	
0.154310344828	0.023083231372	0.512789841004	2.629847478072	9.086715133475	201.859745433788	1035.239585506639	627.012584475046	-668.536550385486	225.070046965156	
0.155172413793	0.026474586792	0.513728481863	2.626274872526	10.421722356679	202.229241452547	1033.833229162513	624.966183216617	-668.082762570638	224.948626531118	
0.156034482759	0.027238515803	0.513254143851	2.619504677122	10.722443048506	202.042518271625	1031.168141418154	622.396818914565	-666.355657156240	224.543131748977	
0.156896551724	0.027984824420	0.514797559352	2.621463039927	11.016227471363	202.650083857338	1031.939051029910	622.584437329996	-668.204768618066	225.616899369769	
0.157758620690	0.028187597233	0.514058747367	2.623313591391	11.096048998716	202.359250484163	1032.667520702064	623.095427943125	-668.867718412177	225.795557061633	
0.158620689655	0.028220721509	0.515803230697	2.626284037166	11.109088371564	203.045966430244	1033.836836823485	624.575144551396	-670.749332250455	227.141213947079	
0.159482758621	0.027638901247	0.518092376066	2.632122843967	10.880054797782	203.947088614355	1036.135283400136	626.685319809407	-673.395746296246	228.397674564724	
0.160344827586	0.023486541624	0.518877213751	2.629892447459	9.245478233585	204.256040006802	1035.257287707922	627.949783736651	-672.844047231225	228.840287683321	
0.161206896552	0.019051629763	0.517901639823	2.627226377023	7.499674967391	203.872005283118	1034.207788953579	628.624303403202	-671.810593493660	229.070244024409	
0.162068965517	0.015312331985	0.517720143805	2.631976827614	6.027700218200	203.800559366947	1036.077804055587	629.268627777295	-673.693929191696	230.265479982867	
0.162931034483	0.013885685150	0.519663064544	2.644508965533	5.466100623351	204.565390208812	1041.011080746747	629.839708644446	-677.560688710598	232.215408933308	
0.163793103448	0.009761380258	0.521966664660	2.654181586375	3.842567805386	205.472202504841	1044.818708403832	629.780441078532	-680.889285976578	234.398800275403	
0.164655172414	0.006207723994	0.522688982639	2.664947587644	2.443670847246	205.756543011589	1049.056745318181	630.808214860236	-684.695193616925	235.981902211761	
0.165517241379	0.002864849011	0.517923604212	2.667948571758	1.127747950234	203.880651566039	1050.238082858089	632.040943186491	-684.671834527502	235.050893944121	
0.166379310345	0.001101711137	0.511886209160	2.671369135048	0.433688641887	201.504030715005	1051.584587761001	632.871780606887	-684.640223745928	233.370797789608	
0.167241379310	0.002401100159	0.507897518677	2.674969080689	0.945193192463	199.933882515718	1053.001706534693	633.614044071261	-684.078276212945	232.102932728162	
0.168103448276	0.003944975352	0.505512935970	2.673448978872	1.552939736054	198.995191418910	1052.403318381580	633.618628897350	-681.203006209299	231.111684748500	
0.168965517241	0.004735180714	0.504307622956	2.667455592637	1.864004114612	198.520719893510	1050.044021603524	633.228648168600	-677.102782811163	230.110597852263	
0.169827586207	0.006253139761	0.503234014878	2.658753965272	2.461548765843	198.098094022064	1046.618625575203	631.579970663786	-673.025731976141	228.767401859383	
0.170689655172	0.011279329672	0.503647345747	2.654640096554	4.440108664618	198.260801738432	1044.999200957587	630.535473754249	-670.814628497080	227.557595346087	
0.171551724138	0.014340601021	0.503236194150	2.647303084944	5.645178277632	198.098951892772	1042.110985986788	630.152158583255	-667.610182764171	225.606083871789	
0.172413793103	0.015896160467	0.500454274745	2.641531951256	6.257524327842	197.003849185839	1039.839178934355	629.944779319535	-665.584704766605	222.800133981655	
0.173275862069	0.016376160610	0.497857253441	2.635722980406	6.446476407332	195.981531625546	1037.552477281537	630.610789234271	-662.643879340161	219.716103139164	
0.174137931034	0.014336950548	0.495671225551	2.631630462301	5.643741268728	195.121001642058	1035.941457333874	630.268978430128	-661.211842392729	217.707694047706	
0.175000000000	0.013780862816	0.498073714312	2.630350719333	5.424837306710	196.066741457568	1035.437686453025	629.771071893911	-660.766695959391	218.156792338688	
0.175862068966	0.013702636790	0.501882954491	2.628795018603	5.394043627691	197.566249036259	1034.825284786261	628.223172945704	-660.983440503908	219.554992600618	
0.176724137931	0.016072970788	0.507728942651	2.626004377087	6.327125719247	199.867522555085	1033.726748620075	628.050059274381	-660.139197791992	221.765472163288	
0.177586206897	0.015935445319	0.514042175348	2.620432132533	6.272988811903	202.352726908009	1031.533234284947	626.028597238348	-659.298805264704	224.629529956621	
0.178448275862	0.016502532622	0.520022190812	2.621060544021	6.496222755709	204.706760281401	1031.780608497202	625.309932685894	-661.027350950343	227.157340509842	
0.179310344828	0.016739083819	0.521963292636	2.619521347053	6.589341146028	205.470875107229	1031.174703537287	624.310701998776	-662.187155169802	228.017305739175	
0.180172413793	0.021710880236	0.522496757142	2.625448584791	8.546489043022	205.680873435573	1033.507960956222	624.308206970906	-665.983206961446	228.295395329339	
0.181034482759	0.024260045254	0.524045842785	2.631623670759	9.549967974304	206.290671072907	1035.938783843020	623.338614674901	-670.460982375057	229.769805930421	
0.181896551724	0.025135263148	0.525762150817	2.641357519028	9.894497540403	206.966295812021	1039.770513679310	622.628206476675	-676.577862520780	231.899203506951	
0.182758620690	0.021249824058	0.525674323561	2.648225155139	8.364994256803	206.931722608587	1042.473958962783	622.841888819123	-682.460750539638	234.154157835358	
0.183620689655	0.016748265193	0.528731415542	2.661743842414	6.592955394343	208.135147012817	1047.795590855327	623.929051198905	-690.561394644263	238.208168573389	
0.184482758621	0.009235903891	0.531907775248	2.672285029253	3.635714008524	209.385521163206	1051.945129558387	626.567268385000	-695.830565907052	242.028499426353	
0.185344827586	-0.000703396828	0.532863453079	2.681847572230	-0.276892194948	209.761723786850	1055.709425058702	629.180544021171	-700.591956782981	245.182558071117	
0.186206896552	-0.006072501585	0.531163717718	2.692050310648	-2.390440539409	209.092622880629	1059.725733524859	631.938094637049	-704.110819241396	246.184143385165	
0.187068965517	-0.005930099458	0.528336547649	2.702550880856	-2.334383935065	207.979707248035	1063.859283489392	634.081326128158	-707.115738128138	246.116966077311	
0.187931034483	-0.003224911143	0.524073388899	2.707300536517	-1.269486425638	206.301514602163	1065.728985667619	636.441698103467	-705.263948191554	243.798315932981	
0.188793103448	-0.002057497434	0.518851709470	2.698873255912	-0.809933963357	204.246000245239	1062.411586254417	636.752288008596	-699.656434282885	240.823080551151	
0.189655172414	0.000798040190	0.512402175401	2.685660560808	0.314148558791	201.707140850499	1057.210408194710	636.133266646358	-692.911875568483	236.710629641078	
0.190517241379	0.006478448634	0.506462236006	2.670024140053	2.550241614430	199.368883423443	1051.055130416749	634.727256502202	-684.566728758448	232.803581048863	
0.191379310345	0.009989292807	0.501121990010	2.654272236421	3.932285591227	197.266695331967	1044.854392798868	633.602683311947	-675.571951274987	229.069512085070	
0.192241379310	0.012168720109	0.497096835861	2.640734254583	4.790217252897	195.682193208816	1039.525165600742	632.395782059009	-668.823383025305	226.164345137903	
0.193103448276	0.014188726721	0.494190682662	2.631532698821	5.585392952248	194.538185862883	1035.902972735008	631.794354373461	-664.679036896614	224.079623475064	
0.193965517241	0.018787006433	0.496278836600	2.629921858503	7.395505980885	195.360187760486	1035.268865366855	631.936250833206	-663.739229065753	224.175516934621	
0.194827586207	0.018434812703	0.496046252862	2.623195382304	7.256864902126	195.268631160994	1032.620987689588	633.165376921744	-659.136775355183	222.457859704592	
0.195689655172	0.014756266734	0.493177905757	2.616938125787	5.808805105593	194.139506185924	1030.157818362304	633.402853629392	-657.287480779215	221.152247872136	
0.196551724138	0.013455025213	0.491245373262	2.621130800658	5.296571318402	193.378764676744	1031.808265025646	633.443875283519	-660.019172661686	220.735522641038	
0.197413793103	0.015139503284	0.492753801890	2.629447387296	5.959666191659	193.972557678383	1035.082089753720	632.445960503468	-664.529377306965	222.036952477161	
0.198275862069	0.015945204950	0.495312744245	2.630935122209	6.276830691133	194.979885458640	1035.667736673292	630.739319302912	-666.204142770633	223.552556761048	
0.199137931034	0.013722021286	0.496582770014	2.628493633998	5.401674335307	195.479831163409	1034.706644722274	629.335156100506	-667.335905209975	225.026671031384	
0.200000000000	0.010874318956	0.496618137946	2.625926047537	4.280676176865	195.493753751356	1033.695914188897	627.492450454787	-668.738585005259	225.994094385945	
0.200862068966	0.011101729572	0.497741963223	2.632419367920	4.370196377024	195.936147625733	1036.252010068472	627.885247414546	-672.884504145331	227.584277778977	
0.201724137931	0.013418835445	0.499001485698	2.637926154414	5.282325214664	196.431958708127	1038.419756835149	628.590854971707	-675.046629825880	228.350592656094	
0.202586206897	0.014540554156	0.500440773297	2.641331897224	5.723889838982	196.998534340178	1039.760427654890	629.146099234602	-676.700512809947	229.429675117697	
0.203448275862	0.012756654459	0.497300129219	2.634242910396	5.021657637718	195.762219648815	1036.969847651309	629.869810737798	-673.135573878718	227.824047526205	
0.204310344828	0.010286318663	0.495827678409	2.625560900179	4.049209833763	195.182589316955	1033.552173914226	630.720256047774	-669.166806073751	227.242906245944	
0.205172413793	0.008544243507	0.497348529825	2.616252572742	3.363441865034	195.781272549696	1029.887950373520	631.054683591250	-666.013191306037	228.343372430650	
0.206034482759	0.005275749871	0.501210403302	2.605227094584	2.076799188979	197.301499228478	1025.547770369419	631.201314069587	-662.606900646333	230.698294199681	
0.206896551724	0.003771995108	0.504848155926	2.605035487291	1.484846054814	198.733500723014	1025.472344149188	632.249129726914	-663.092665654419	232.341354966710	
0.207758620690	0.004462276681	0.509387495810	2.608756389917	1.756575428848	200.520412085551	1026.937077645878	632.830378712902	-665.505594659887	233.923039553942	
0.208620689655	0.006881564009	0.513139272246	2.604727866267	2.708928001308	201.997299058767	1025.351249118494	632.349228182771	-664.450220344318	233.941426141271	
0.209482758621	0.010329015147	0.515552546858	2.603898098320	4.066017306468	202.947284725128	1025.024610926187	633.088892008302	-665.205544499752	234.298526659854	
0.210344827586	0.012800014222	0.513076299169	2.597331123475	5.038726210470	201.972509703919	1022.439520964488	632.580643805104	-662.741975979198	232.542198241685	
0.211206896552	0.016174813668	0.508706696017	2.594887122134	6.367216173760	200.252415214332	1021.477439719833	632.199868698448	-661.129191861554	229.572185334143	
0.212068965517	0.018527689890	0.505993803062	2.594641326758	7.293426011245	199.184484772714	1021.380682358226	631.180875909804	-661.884797158693	228.235653889913	
0.212931034483	0.023114406640	0.505669603509	2.595887005464	9.098987279118	199.056863603460	1021.871043840422	629.572889069402	-663.334791963082	227.657224865973	
0.213793103448	0.025915961210	0.506823527268	2.597229669317	10.201819369750	199.511105746100	1022.399583530479	629.000912838426	-664.806339345187	227.964972298127	
0.214655172414	0.027766343274	0.508289940639	2.596961601396	10.930222357801	200.088359439772	1022.294058580416	628.508569814470	-666.056314194116	228.608246430827	
0.215517241379	0.028240386574	0.507244614686	2.593395795871	11.116829525244	199.676866828466	1020.890379065079	627.599924452099	-665.883827328919	227.940749382130	
0.216379310345	0.028352822962	0.505753947663	2.589867666232	11.161090114677	199.090065683704	1019.501530663837	626.602135104095	-665.120772706956	226.968765443017	
0.217241379310	0.027447645677	0.503031223170	2.589881147574	10.804767033175	198.018265056566	1019.506837595076	626.875147274530	-664.713059351204	225.818565949930	
0.218103448276	0.027161636335	0.501943395093	2.589695781217	10.692179442099	197.590041482306	1019.433868119516	626.126640847758	-663.964232356994	224.958566190383	
0.218965517241	0.025127069509	0.499413884333	2.589883322315	9.891272113646	196.594299450661	1019.507693681689	626.320993199690	-663.339040930501	223.661259519121	
0.219827586207	0.022949617191	0.496975039267	2.592347736330	9.034117904767	195.634247973714	1020.477810376538	626.658606249548	-663.043086255371	222.631104682584	
0.220689655172	0.022528753197	0.494748303132	2.587905544872	8.868444773172	194.757693187558	1018.729141496642	627.118751110658	-658.694748337797	220.622441632023	
0.221551724138	0.022278444462	0.493999385946	2.578962040322	8.769910727844	194.462881901340	1015.208530503065	626.713623019060	-653.399110755052	219.720970603550	
0.222413793103	0.022658222921	0.491039653657	2.576401974703	8.919410536561	193.297783144366	1014.200760549477	628.142702768909	-649.193150579901	218.005476774314	
0.223275862069	0.024266063966	0.489009579234	2.574118860051	9.552337240811	192.498644250894	1013.302012357812	629.366231963316	-645.279756245035	216.742953163114	
0.224137931034	0.023896983430	0.485948618830	2.568412099791	9.407048670044	191.293697041256	1011.055545908339	630.714055450087	-640.391784945608	215.540967872421	
0.225000000000	0.022130640249	0.482590207057	2.567733779132	8.711727592308	189.971658086149	1010.788524948515	632.306820897957	-637.924572607983	214.575073152311	
0.225862068966	0.020845698596	0.480420484002	2.571912710782	8.205910249043	189.117546501747	1012.433561592551	633.711218617953	-637.944618753056	214.001637045624	
0.226724137931	0.018108320929	0.478206664073	2.570703470508	7.128341399799	188.246076180901	1011.957544100927	634.433857782453	-636.772983031860	213.315173173978	
0.227586206897	0.017144435754	0.477512041902	2.573008821845	6.748907954485	187.972638130279	1012.865045764618	635.572479632075	-637.624611575001	213.160664252654	
0.228448275862	0.016225503758	0.477596348118	2.571672555793	6.387170330233	188.005825275967	1012.339024569523	634.637694386023	-638.168878955014	213.852075246383	
0.229310344828	0.016026507507	0.479347892193	2.571862773931	6.308835446398	188.695320684821	1012.413903948788	632.685435779286	-640.205939451070	214.968174786653	
0.230172413793	0.016833787786	0.480961056505	2.570830334947	6.626621367068	189.330342893488	1012.007484293050	631.259798657516	-640.997479161373	215.513975273985	
0.231034482759	0.017475253067	0.484650639876	2.569862221195	6.879134205602	190.782747564106	1011.626386268467	629.450615735467	-643.297936490869	217.583201317719	
0.231896551724	0.017117978517	0.487712751548	2.567899819069	6.738493061925	191.988147970021	1010.853886577736	627.489205067031	-644.945966217102	219.115208122461	
0.232758620690	0.016927125990	0.490735014525	2.569166061843	6.663363955461	193.177861935344	1011.352343106325	626.220630130549	-647.546752261444	220.679752692348	
0.233620689655	0.016283804696	0.493546725166	2.570098356620	6.410120497348	194.284691963996	1011.719340989887	624.867671966381	-650.303057872898	222.365477537150	
0.234482758621	0.013536117314	0.495559900186	2.572592873753	5.328493227980	195.077178406732	1012.701307778633	623.809924898960	-654.117885884986	224.166286032888	
0.235344827586	0.011188354439	0.496533369154	2.576912938590	4.404296259994	195.460384512406	1014.401901508119	623.081642782917	-658.224428569015	225.525527584226	
0.236206896552	0.009442479560	0.499678203650	2.587926882069	3.717032530232	196.698348762137	1018.737540885531	622.319483313443	-665.388692474697	228.261417835692	
0.237068965517	0.007979966651	0.503713122023	2.599776545683	3.141314253647	198.286694572830	1023.402161533544	622.197353086539	-672.630710631925	231.550198402607	
0.237931034483	0.006269400484	0.508402881350	2.607301597963	2.467949800456	200.132818556224	1026.364398723577	622.048262506289	-677.787607760470	234.771176982402	
0.238793103448	0.003786998941	0.511872791486	2.607434844271	1.490752314352	201.498748846955	1026.416851139017	621.651641243075	-679.452974828363	236.885499334289	
0.239655172414	0.002105229639	0.513461071577	2.608698336010	0.828723748139	202.123975380921	1026.914224722515	622.260517115940	-680.204228015252	237.957901407099	
0.240517241379	0.000690892651	0.511879517598	2.604728498937	0.271969925253	201.501396581561	1025.351498168839	622.966779196741	-677.040530987626	237.012714302525	
0.241379310345	-0.000333000077	0.507954360690	2.597380755759	-0.131085496366	199.956258377002	1022.459058715480	623.287471665774	-672.114791626099	234.848979135923	
0.242241379310	-0.001381050785	0.502013886051	2.586827570234	-0.543650707755	197.617790250934	1018.304796728958	622.749743602741	-665.978946183823	231.617627159626	
0.243103448276	-0.001105570882	0.496370134818	2.578928460777	-0.435208030748	195.396127308534	1015.195311913572	622.773580499312	-660.613519440222	228.473276037275	
0.243965517241	0.001041801381	0.490939676388	2.575539377138	0.410105163344	193.258427087556	1013.861198976956	623.183752110814	-656.795041374976	225.196729131317	
0.244827586207	0.002777201080	0.485788966812	2.573224800283	1.093245337826	191.230850016753	1012.950065687077	623.161521008822	-653.777270358691	222.287772345531	
0.245689655172	0.004365978568	0.481877457142	2.575326987875	1.718667672222	189.691084048313	1013.777591933238	624.487359028161	-653.158428147053	219.929054788611	
0.246551724138	0.005897313698	0.482743592931	2.577974731997	2.321477819409	190.032038443055	1014.819876533737	625.442562451049	-653.573420281959	219.995303503391	
0.247413793103	0.006445861894	0.483675039853	2.578624435674	2.537413842969	190.398702568381	1015.075632417118	626.339065391097	-653.600449663705	220.098462311633	
0.248275862069	0.006373097325	0.485839161481	2.579134738319	2.508770066644	191.250609150601	1015.276513077689	627.243463471174	-653.380314040433	220.727834737474	
0.249137931034	0.005722384427	0.486636060860	2.571561299345	2.252616903241	191.564308629460	1012.295228463487	626.411280834147	-650.948924763591	220.917847844237	
0.250000000000	0.005820982739	0.486054459023	2.565108972261	2.291430133690	191.335361038291	1009.755269598273	626.902752782194	-647.705878152708	220.331736453112	
0.250862068966	0.005766818501	0.485599688551	2.554522872159	2.270108378735	191.156340620177	1005.588050786869	626.358184252923	-643.440126365443	219.798454675582	
0.251724137931	0.009286952653	0.484054307603	2.544034992751	3.655809355837	190.548001336049	1001.459496556381	625.867100678728	-637.939856457404	218.021049188938	
0.252586206897	0.010735491275	0.481503677804	2.533465205411	4.226026653944	189.543945793828	997.298699264465	624.698649986206	-632.520411710111	216.492438236730	
0.253448275862	0.013077835415	0.480770518955	2.527603258371	5.148090536691	189.255337778051	994.991143531793	624.462772034251	-629.249087320103	215.556307006732	
0.254310344828	0.013748827838	0.478397719670	2.523049574478	5.412226736054	188.321285225798	993.198585649702	624.676357225722	-626.298244070264	214.359074034195	
0.255172413793	0.015364789374	0.480935253389	2.522327663534	6.048350071682	189.320185495820	992.914405372015	624.026296226981	-626.201567076338	215.412083967854	
0.256034482759	0.017265640086	0.485170250515	2.522386352420	6.796620045351	190.987292317042	992.937508254958	624.080974808071	-626.919706840141	216.754452649443	
0.256896551724	0.017655853327	0.487430830928	2.524763271527	6.950227506637	191.877169904570	993.873182574781	623.874424662831	-629.115976833453	217.776025277849	
0.257758620690	0.018665694377	0.492039005584	2.538593723615	7.347751484264	193.691178078443	999.317540700599	624.444557683747	-636.560221494593	220.701044882694	
0.258620689655	0.018597901793	0.494894484990	2.546397331914	7.321064930087	194.815237683012	1002.389431481022	623.955993316404	-641.113544582093	222.518745776120	
0.259482758621	0.017718476395	0.498572954254	2.559322180936	6.974879080183	196.263267284664	1007.477298916651	624.968443580560	-648.245096569307	224.801747791024	
0.260344827586	0.015084760740	0.502427734912	2.570816839371	5.938116786756	197.780701875152	1012.002171759109	625.901454402741	-654.565735529010	227.601813587040	
0.261206896552	0.012343188771	0.504703003135	2.583732077983	4.858896850153	198.676361319681	1017.086256056345	627.172256780602	-660.706697243847	229.667432082418	
0.262068965517	0.011012772224	0.506212053552	2.594410799915	4.335178312453	199.270399088694	1021.289935455387	627.894356409054	-665.476695044394	231.199580272562	
0.262931034483	0.008477555699	0.505722549451	2.600808352221	3.337190206461	199.077705775719	1023.808332226876	628.764222750349	-667.331350725482	231.436936949709	
0.263793103448	0.008031289702	0.504961311614	2.606638394685	3.161517575114	198.778044465080	1026.103328721406	628.562984630347	-668.181575263157	231.046404007971	
0.264655172414	0.007605267802	0.504128965146	2.607652209160	2.993814033834	198.450391238106	1026.502416837890	627.770085180171	-666.828705385546	230.750850891612	
0.265517241379	0.007151026374	0.502151751324	2.601442946970	2.815001874000	197.672060922285	1024.058140480134	626.430041258444	-662.814551558483	229.633571873376	
0.266379310345	0.007462865269	0.500999076405	2.594242334095	2.937757269906	197.218310385552	1021.223618877534	624.902430134758	-659.285406079434	228.986431212936	
0.267241379310	0.007434206603	0.501199328195	2.587344753330	2.926475784625	197.297139512185	1018.508385879347	623.190191873751	-656.385842724104	228.964237131120	
0.268103448276	0.009280857663	0.504403736312	2.590686102883	3.653410062824	198.558554920522	1019.823708290640	622.550905129982	-658.526783194187	230.433076371872	
0.268965517241	0.011329439081	0.507549285363	2.592875048775	4.459834236133	199.796800455168	1020.685386945738	621.766953882078	-660.112223988222	231.529838173643	
0.269827586207	0.013292881707	0.510616742122	2.595859073326	5.232743519563	201.004304954802	1021.860048352900	621.856710928649	-661.764642263874	232.101775567835	
0.270689655172	0.015285325719	0.514597022785	2.598713923557	6.017069200273	202.571142628100	1022.983860282806	622.064029001294	-663.846008644542	233.017901914073	
0.271551724138	0.014993915532	0.512446925958	2.588846986767	5.902355566110	201.724756909599	1019.099740143836	621.222881127821	-660.150551520493	230.757491151316	
0.272413793103	0.016876791692	0.509424779860	2.588678375943	6.643549856807	200.535088953532	1019.033366484999	621.593364992799	-659.974645782635	228.359650348927	
0.273275862069	0.019921528136	0.505120530349	2.586463094540	7.842110503406	198.840720927680	1018.161320854439	620.746336863250	-658.175771803413	225.359852653856	
0.274137931034	0.023485182043	0.502882960471	2.581538688676	9.244943034322	197.959901438094	1016.222828250769	619.865745819823	-655.801956453659	223.642216531280	
0.275000000000	0.026882208127	0.502301213600	2.574592772299	10.582182514759	197.730896754555	1013.488567936702	618.821642886947	-652.431903748598	222.887294544054	
0.275862068966	0.027968954553	0.503365224331	2.562765878423	11.009980297129	198.149744629802	1008.832910596952	617.112763823848	-647.952030220682	223.140487863902	
0.276724137931	0.030522097656	0.505074575079	2.555980960821	12.015025202052	198.822630633447	1006.162027458221	616.208410692186	-645.406595123209	223.751367140823	
0.277586206897	0.032922113162	0.508937277498	2.556594505411	12.959791420560	200.343183625415	1006.403549315491	616.115906303260	-645.983815417156	225.827934270978	
0.278448275862	0.033304581100	0.510102604754	2.558122392440	13.110349942878	200.801914755475	1007.005002117680	616.771886703229	-646.523529477892	226.778850747383	
0.279310344828	0.029695540959	0.509274674458	2.560757955582	11.689651118517	200.475999954579	1008.042491674574	617.668146204185	-648.218277165697	227.688507620320	
0.280172413793	0.026768271985	0.511436256263	2.572861095777	10.537331546996	201.326906735788	1012.806893391084	618.344897808485	-653.768616343392	230.294089731028	
0.281034482759	0.023261012287	0.513870655586	2.586771860892	9.156698599097	202.285208145618	1018.282866743671	619.500293408528	-659.836190523412	232.581864043453	
0.281896551724	0.018000140508	0.516896538319	2.598083922125	7.085756171619	203.476347028247	1022.735860189261	620.986621634019	-664.884595707926	235.097702195014	
0.282758620690	0.012401967331	0.517951972228	2.604477145084	4.882035032761	203.891818636778	1025.252552712833	621.674273647854	-667.651930244935	236.583079167258	
0.283620689655	0.007031046965	0.516416307090	2.614083383781	2.767771974107	203.287303981703	1029.034049035140	624.098918378706	-670.468357678868	236.880496893315	
0.284482758621	0.002688421044	0.515478302451	2.625608443609	1.058297072357	202.918058410792	1033.570889387743	625.029064854585	-674.705882123494	237.718409794936	
0.285344827586	0.000053490419	0.514937863945	2.629986852654	0.021056506152	202.705314767321	1035.294450317614	624.453513531590	-675.705465705128	237.986947776459	
0.286206896552	-0.000586823322	0.515507836539	2.632971728934	-0.231003028662	202.929684505940	1036.469447007952	625.356015343792	-675.837738913997	238.606758256637	
0.287068965517	-0.001703907110	0.515428528553	2.627792076300	-0.670743115480	202.898464913472	1034.430476500651	625.944312841743	-673.565132325901	238.622724043507	
0.287931034483	0.000184058830	0.513945996172	2.622937392451	0.072454767073	202.314865970783	1032.519429971525	625.580727932869	-671.643966136533	237.456039033118	
0.288793103448	0.005621502089	0.515933449447	2.623751511739	2.212904566212	203.097227047758	1032.839908068020	626.237123072014	-671.756303627642	237.369113481088	
0.289655172414	0.008568606280	0.517226071627	2.620998083544	3.373032271968	203.606067830431	1031.756020927676	626.104508372020	-670.529457471572	236.750977749576	
0.290517241379	0.010884523817	0.520553456433	2.619432677438	4.284693321142	204.915893018568	1031.139798738875	625.643283901751	-670.936704842676	237.152023651969	
0.291379310345	0.012631756942	0.523337101497	2.617241710946	4.972491724387	206.011675031333	1030.277324674806	624.458883154278	-671.394209684941	237.658878138959	
0.292241379310	0.014991457708	0.527056720048	2.618365188494	5.901388043832	207.475903051540	1030.719581665029	622.835520453989	-673.427279137824	238.914556276918	
0.293103448276	0.017580494677	0.527653761095	2.617764849551	6.920562570378	207.710928288449	1030.483258211499	621.288109638588	-673.769234154757	238.328022543647	
0.293965517241	0.020163370438	0.526933992201	2.618838471485	7.937311737120	207.427591228834	1030.905889537079	619.612951498356	-675.145690750863	237.757964040671	
0.294827586207	0.023765049550	0.527643122956	2.621666752493	9.355112891885	207.706740584270	1032.019242491196	617.878053204971	-676.658687469523	237.577474028778	
0.295689655172	0.026485727188	0.526441018639	2.623540216071	10.426107774210	207.233532162414	1032.756731518438	616.607816161524	-677.061918435100	236.454947955542	
0.296551724138	0.029224426728	0.524312008215	2.617434410713	11.504196979066	206.395447107132	1030.353180947276	615.003671755403	-673.793096077694	234.677430216028	
0.297413793103	0.033649200330	0.519342542174	2.607486609478	13.246009319037	204.439216562534	1026.437228515433	614.284859450157	-666.726603194028	231.033769736811	
0.298275862069	0.036944616983	0.513312716588	2.596099229162	14.543250241925	202.065575432369	1021.954585709234	613.855741263319	-658.570611654981	226.810260576636	
0.299137931034	0.038173300042	0.506078784124	2.583114407448	15.026921387044	199.217937571780	1016.843110020844	614.411148414896	-649.751342098606	222.091142121906	
0.300000000000	0.038220866918	0.502586938884	2.579416278634	15.045646090011	197.843372526361	1015.387341436166	615.534981002315	-646.018302798924	220.020757601155	
0.300862068966	0.035821755789	0.505126176554	2.581901911028	14.101235879450	198.842943556570	1016.365810747122	616.684166810348	-648.242417435334	222.132021147195	
0.301724137931	0.032085812261	0.512348832675	2.590856905497	12.630581530901	201.686142483811	1019.890944747885	618.806548257720	-655.402755896439	227.591087386605	
0.302586206897	0.024772431536	0.517859880833	2.599479744443	9.751668858951	203.855566854963	1023.285325711576	621.148964795025	-662.456814058668	232.945784607252	
0.303448275862	0.016781891016	0.521313365479	2.604399105861	6.606192200838	205.215031250965	1025.221832569038	621.700660330544	-667.546806285684	237.353015071629	
0.304310344828	0.012778696468	0.520578107951	2.607489884749	5.030334475668	204.925597089779	1026.438517825734	622.331103208470	-669.280755500803	238.720627934874	
0.305172413793	0.008819409674	0.518112003897	2.608163499370	3.471761040108	203.954815111033	1026.703686253785	622.654367637908	-670.328483357094	239.170877918270	
0.306034482759	0.009466362334	0.518124885805	2.613177289730	3.726433985366	203.959886074719	1028.677365068625	622.387737299694	-672.854270055414	240.023177679342	
0.306896551724	0.011463400977	0.517577095101	2.610943320107	4.512568342691	203.744248237980	1027.797962819632	621.967052907635	-672.331249082965	239.504143685128	
0.307758620690	0.012224096186	0.518289791229	2.605051031782	4.812016048136	204.024801102683	1025.478463238925	620.582029179179	-671.965438372612	239.601995914730	
0.308620689655	0.013462098646	0.521577947712	2.606051759792	5.299355775827	205.319184059600	1025.872399867902	619.096843566806	-675.153098053708	241.015325733421	
0.309482758621	0.015879776854	0.525178358139	2.607221076780	6.251074917883	206.736485796481	1026.332701556116	617.584699374495	-677.628580244576	241.693502969682	
0.310344827586	0.018509986869	0.525457740075	2.604617129683	7.286457216207	206.846464508649	1025.307657656779	615.744297184363	-677.560154153347	240.514502158348	
0.311206896552	0.020494057748	0.525056209329	2.601346426079	8.067486812725	206.688401911569	1024.020145026789	614.181524933237	-677.249224695527	239.411535841592	
0.312068965517	0.023232030324	0.521944495560	2.596414678990	9.145289847943	205.463475637351	1022.078762549386	613.401363262528	-674.428741941573	236.751622970168	
0.312931034483	0.026122497643	0.520632399572	2.595996167268	10.283122446395	204.946968988977	1021.914015389677	613.077775311381	-673.322097259276	235.284464453128	
0.313793103448	0.025941354403	0.517907957552	2.591414009340	10.211815401430	203.874492257441	1020.110248702517	611.938600513482	-671.019324281283	233.520422511568	
0.314655172414	0.025255132809	0.514644522443	2.591031221018	9.941684237976	202.589840870817	1019.959564061031	612.063028730239	-670.372904444822	232.007513816979	
0.315517241379	0.025444603930	0.514009720290	2.593491688783	10.016269554011	202.339950972960	1020.928127314547	613.483463700401	-670.289620559456	231.807340558206	
0.316379310345	0.024914722951	0.513730203929	2.596094211399	9.807681881254	202.229919343985	1021.952610466594	615.622831897592	-669.628306961283	231.700219753842	
0.317241379310	0.024429839879	0.511430452813	2.595596650215	9.616807636696	201.324622207233	1021.756745482984	617.943099061728	-666.491113208129	230.156500190154	
0.318103448276	0.022328651172	0.511382414954	2.596444563061	8.789674601655	201.305712101763	1022.090526415054	620.166909946812	-664.930160905745	230.066745384481	
0.318965517241	0.019262370188	0.510805046227	2.597266569487	7.582632945769	201.078430874892	1022.414109284225	622.949460721309	-662.705453291331	230.247640258266	
0.319827586207	0.016628992189	0.511206903390	2.604467875653	6.546003570303	201.236621966236	1025.248903800921	625.754144628088	-663.827937096642	231.613809168493	
0.320689655172	0.014129941613	0.511398342500	2.612660794968	5.562252191690	201.311981980982	1028.474046880833	627.886765803484	-665.868794467170	232.779611864338	
0.321551724138	0.010557388680	0.513166113037	2.616765028784	4.155916558744	202.007864937286	1030.089678718713	630.086866945766	-667.357538714321	234.811324388909	
0.322413793103	0.006451325462	0.515507169073	2.621045484958	2.539564576817	202.929421757793	1031.774680496394	632.111134298467	-669.385458468059	237.616623689843	
0.323275862069	0.002368584948	0.519050365234	2.624160145639	0.932393577951	204.324201096092	1033.000766822325	633.157279154495	-671.010707495565	240.723789695797	
0.324137931034	-0.001358899706	0.522983488065	2.627003065752	-0.534930934310	205.872475086670	1034.119882460865	634.113972082808	-672.894929417660	243.446253730206	
0.325000000000	-0.004821326151	0.526846031301	2.627565076133	-1.897915270032	207.392965416437	1034.341117874360	633.868045489642	-674.533074674820	245.914235820030	
0.325862068966	-0.006109356464	0.529609441667	2.629635929725	-2.404948464367	208.480782039072	1035.156309489695	634.313761936618	-675.885938266576	247.257589638156	
0.326724137931	-0.007744037927	0.530829944274	2.631536794805	-3.048440900489	208.961232948753	1035.904585119476	634.039791854220	-677.637369628170	248.149793730117	
0.327586206897	-0.005464693943	0.529960964380	2.632897873808	-2.151177031994	208.619158971643	1036.440373934120	633.467042044831	-677.125160993406	246.628090335886	
0.328448275862	-0.001823344505	0.529790173531	2.631421993434	-0.717759651428	208.551927145735	1035.859393554315	632.631856993752	-676.039974561419	245.006343580903	
0.329310344828	0.005176269433	0.527824810459	2.629760717815	2.037638709905	207.778261878662	1035.205432327206	632.148628221429	-674.359418198556	242.056020807405	
0.330172413793	0.011480914330	0.526317293330	2.624585871318	4.519462475234	207.184827688529	1033.168353756505	631.336570638122	-671.707446007035	239.273561710195	
0.331034482759	0.017015818538	0.524132022008	2.618975177381	6.698277781135	206.324595528384	1030.959703819844	629.833972551440	-668.454483065306	236.021925094444	
0.331896551724	0.023406941145	0.523193984788	2.613750601990	9.214143501247	205.955337131842	1028.903049467097	629.034447279762	-665.723201564978	233.245185733961	
0.332758620690	0.027638559525	0.520659732300	2.609178820908	10.879920278649	204.957728518653	1027.103367625825	628.225632463440	-663.168166064151	230.379618260023	
0.333620689655	0.029477232235	0.521388592065	2.607459955566	11.603713878989	205.244644200142	1026.426736201709	626.673216578898	-662.590188062485	229.558390912359	
0.334482758621	0.028265428437	0.521262913809	2.602379773305	11.126687255985	205.195170948413	1024.426922211486	625.284628248382	-661.931235906507	229.461264216383	
0.335344827586	0.027961446977	0.521852333305	2.601925434834	11.007024939496	205.427195961549	1024.248071850657	625.288646415367	-663.279962826844	230.142478697762	
0.336206896552	0.028650143742	0.524805450928	2.604098861575	11.278130454010	206.589690854941	1025.103641391294	624.998317026530	-665.167845732152	232.024320742311	
0.337068965517	0.027190305425	0.528598051056	2.608151730183	10.703465030737	208.082648076446	1026.699053312610	624.899243773821	-667.569189626195	234.192736105793	
0.337931034483	0.026311532234	0.534485096970	2.619156179203	10.357535922250	210.400083982130	1031.030955195442	626.070090930398	-672.206135206609	237.064859321106	
0.338793103448	0.024329777085	0.538896585680	2.622233595264	9.577417913095	212.136666723983	1032.242380175210	626.392662726905	-673.659636261333	239.587862490748	
0.339655172414	0.021051879631	0.542515129214	2.621303070813	8.287073423574	213.561106559127	1031.876079180574	626.204669514709	-674.269059904701	242.118815104608	
0.340517241379	0.017830125706	0.543119433759	2.615469633035	7.018829836644	213.798991072165	1029.579746120208	625.668143174157	-672.794123529361	243.516267459566	
0.341379310345	0.015820957318	0.546077956450	2.620920466113	6.227920604666	214.963613670814	1031.725466822256	626.244926422936	-675.865202345936	246.442437651751	
0.342241379310	0.012173631194	0.546514500851	2.619020523294	4.792150501651	215.135459395151	1030.977554240707	626.175938533262	-675.271210767801	247.935444076200	
0.343103448276	0.010375110121	0.546740839696	2.625501086211	4.084162595369	215.224557692328	1033.528628142717	626.469931129565	-678.129527491854	249.532513227111	
0.343965517241	0.011084899742	0.546167905796	2.633703327237	4.363571313524	214.999022235119	1036.757440714960	627.534228480960	-680.463844412717	250.044757209020	
0.344827586207	0.012009724988	0.546025326229	2.641096450722	4.727628815716	214.942895781935	1039.667744128158	627.477526875269	-683.398960797777	250.515939641373	
0.345689655172	0.014011942293	0.545281906431	2.647245564191	5.515801753873	214.650248542994	1042.088342939473	627.242869025877	-685.018624126804	250.135450243926	
0.346551724138	0.014861653715	0.542802336178	2.644074184537	5.850290695432	213.674165594181	1040.839929187000	626.632202469936	-683.596147993564	248.779034468740	
0.347413793103	0.018090025426	0.534860335560	2.642753365628	7.121139374120	210.547796670968	1040.319988760297	627.376378853010	-681.142106976798	244.207276947458	
0.348275862069	0.022247213545	0.528976291966	2.638726607810	8.757616675999	208.231542628747	1038.734855352771	628.529695794982	-676.475496572040	239.857446381167	
0.349137931034	0.023060761571	0.522419176267	2.629551746312	9.077869895203	205.650333720644	1035.123170685358	628.190234041693	-671.041998358013	235.387541117162	
0.350000000000	0.024108022999	0.513462611601	2.616433720250	9.490124406543	202.124581611288	1029.959259098419	626.870460886947	-663.269797367139	229.437141704472	
0.350862068966	0.022547113900	0.507756297137	2.608129058808	8.875672464983	199.878290649892	1026.690128724761	626.459651772361	-659.719154235306	226.209504397192	
0.351724137931	0.022788434695	0.503843116675	2.600694965949	8.970668407383	198.337866973659	1023.763697715274	624.366532398796	-656.627411655992	223.693686808625	
0.352586206897	0.023798651496	0.502461867646	2.601511309140	9.368340299624	197.794138227215	1024.085051251328	623.467043926870	-656.859658531712	222.537347460295	
0.353448275862	0.022981990756	0.504287180895	2.604645430104	9.046861760013	198.512672875313	1025.318798118877	622.202816387467	-660.382659053582	223.720787139917	
0.354310344828	0.021409690978	0.505780054488	2.608279066165	8.427925877368	199.100342636609	1026.749179128196	621.500654733914	-663.838658148749	224.642059252604	
0.355172413793	0.020442443433	0.509874151144	2.617781288394	8.047168835167	200.711983980730	1030.489729362859	621.016796564367	-670.310103135108	227.249946752892	
0.356034482759	0.020861562291	0.514783931378	2.626080631399	8.212154993333	202.644719204835	1033.756766133536	621.247285450853	-674.545475922417	229.729117094881	
0.356896551724	0.019609788842	0.521197117184	2.631320495764	7.719394315379	205.169270103811	1035.819438991744	621.512735306967	-676.626123633802	232.616197426538	
0.357758620690	0.017164373081	0.527612837959	2.633850214765	6.756756284097	207.694818893906	1036.815262997461	622.114169193572	-677.545835926392	235.104480895875	
0.358620689655	0.014583365269	0.531487396371	2.628504861580	5.740742435464	209.220038997900	1034.711064460556	621.523059886009	-675.252487010125	236.391564048214	
0.359482758621	0.013564659580	0.533011036449	2.622963356670	5.339728892519	209.819819987604	1032.529650787692	620.409269789881	-673.485966556742	237.069815062158	
0.360344827586	0.014870663473	0.533673667409	2.624057110741	5.853837387183	210.080664696648	1032.960207129892	620.209783508608	-673.751508022609	237.673217740620	
0.361206896552	0.015620788486	0.533064899297	2.621165932065	6.149124134398	209.841023100222	1031.822094505853	619.800930091450	-671.470947399730	237.563958443988	
0.362068965517	0.016291629354	0.532904813517	2.618520817263	6.413200674232	209.778005325284	1030.780844937610	619.948484884298	-669.177095894529	237.659457243665	
0.362931034483	0.016825453491	0.531301248109	2.614044518461	6.623340571535	209.146761725652	1029.018749700215	620.881548352111	-665.377872613625	236.812697403812	
0.363793103448	0.018891606959	0.529779262645	2.614200416159	7.436681982944	208.547632075265	1029.080118836333	622.659110732922	-663.675855979197	236.178690436256	
0.364655172414	0.020034280967	0.526802105731	2.612856131943	7.886495660745	207.375674113441	1028.550941290615	623.705336042534	-662.784990473796	235.155840561890	
0.365517241379	0.021247093539	0.524921767411	2.615361473285	8.363919387542	206.635478843920	1029.537169029688	624.185703729786	-664.378019313637	234.623619775580	
0.366379310345	0.021666064104	0.522845945241	2.620587851156	8.528847170701	205.818331347440	1031.594532928388	624.676360701644	-668.076470536963	234.480103886876	
0.367241379310	0.020912005479	0.520695877864	2.628535599335	8.232011956716	204.971957221707	1034.723164379046	624.398733945235	-672.847867166174	234.361285910187	
0.368103448276	0.020396673632	0.519916907869	2.635409750711	8.029151550785	204.665315645730	1037.429174396950	624.366020549475	-677.609143526302	234.831815759791	
0.368965517241	0.020245384196	0.520273354379	2.640902328047	7.969596456835	204.805630831478	1039.591327728052	624.117843339537	-681.528337073458	235.608882690332	
0.369827586207	0.021204149427	0.520692955040	2.644149046885	8.347014435820	204.970806652017	1040.869398753872	623.787859519767	-683.735391279330	235.892882218039	
0.370689655172	0.019119574872	0.517255946081	2.635392006038	7.526421562611	203.617827910765	1037.422189205701	623.684296348481	-679.199911119321	233.716166196719	
0.371551724138	0.016640308049	0.513411444035	2.621093801930	6.550458059316	202.104439496595	1031.793700474592	622.801546645507	-673.021694846289	231.493352498594	
0.372413793103	0.016235004351	0.510371840030	2.612167170430	6.390910239105	200.907899234450	1028.279731557966	623.163657332513	-667.553655671487	229.224233235902	
0.373275862069	0.017093724032	0.507633245834	2.596958391459	6.728945282773	199.829851498585	1022.292794988548	622.812811125862	-658.905160499545	226.599776895682	
0.374137931034	0.018744109302	0.505273450325	2.583016753765	7.378619523252	198.900917883537	1016.804668643838	623.237748397024	-651.082562067094	224.368993314237	
0.375000000000	0.023171008019	0.505896321810	2.574487143753	9.121268414927	199.146111273429	1013.446987254637	622.973485703161	-645.835709336257	223.543126017109	
0.375862068966	0.028313335963	0.503416024593	2.563732855803	11.145546055682	198.169742155394	1009.213561288860	622.387815138944	-638.193870759720	220.537257877653	
0.376724137931	0.032129908268	0.501741838953	2.560363612806	12.647939926270	197.510698897943	1007.887258621742	623.059884973363	-633.861372105070	218.261983519010	
0.377586206897	0.032869382795	0.500582280778	2.560635565245	12.939034108924	197.054238767048	1007.994312712477	623.618993913769	-632.761612309919	217.278678602056	
0.378448275862	0.031663667439	0.498950629325	2.562600607135	12.464404201586	196.411939094474	1008.767851546416	623.634366785139	-634.700297474518	217.053029356084	
0.379310344828	0.029488652185	0.499483711383	2.572503628950	11.608209342834	196.621786872107	1012.666176557638	624.310844705325	-640.956450300641	219.309301950942	
0.380172413793	0.023230891900	0.501019222046	2.578177213383	9.144841707316	197.226240717880	1014.899583340814	625.115979158355	-646.063264889570	222.695224972118	
0.381034482759	0.014778296081	0.501844132353	2.579601191659	5.817476958972	197.550966699711	1015.460132457272	626.244947187728	-649.441132808775	226.309581026367	
0.381896551724	0.011227444414	0.505108809244	2.587570684816	4.419684030605	198.836106914104	1018.597323819720	627.519800316542	-654.025477253379	230.022572096265	
0.382758620690	0.010745669890	0.509723045555	2.594731464545	4.230033466045	200.652501258551	1021.416165102336	628.453049023682	-656.839920064337	233.115296872150	
0.383620689655	0.008171124161	0.512498544438	2.597920074228	3.216563416789	201.745076526409	1022.671361456505	630.014105289471	-657.811121187864	234.662826003341	
0.384482758621	0.006942316682	0.513339139483	2.599163097841	2.732843293862	202.075976806158	1023.160677761419	629.775337461896	-659.119186246093	234.942500248418	
0.385344827586	0.006484488216	0.511219223532	2.595743292559	2.552619096411	201.241471790547	1021.814471248680	629.524516872365	-658.147836060881	233.195467209099	
0.386206896552	0.008627279159	0.510657700930	2.596364741608	3.396128853429	201.020428391528	1022.059104696502	628.316414140053	-659.683683421262	232.334094768271	
0.387068965517	0.011278731889	0.511386919521	2.598690207744	4.439873347278	201.307485324655	1022.974524552114	627.820029687289	-662.080425710914	231.950230708041	
0.387931034483	0.014910766311	0.514619986646	2.601851373168	5.869623871507	202.580182353219	1024.218917472545	627.253442876950	-665.198931250537	232.613239659337	
0.388793103448	0.016615741545	0.518997746425	2.602943272542	6.540787453858	204.303487699335	1024.648743713021	626.659257720887	-667.587474130591	234.308374879026	
0.389655172414	0.014152836094	0.519380259228	2.595320577900	5.571264605200	204.454063882749	1021.648069602666	625.538321358354	-667.368462077239	234.455812791696	
0.390517241379	0.015069501078	0.521099915289	2.599563967131	5.932109820196	205.131006573455	1023.318479976725	624.641594846597	-671.893913136980	235.795200359073	
0.391379310345	0.016342895252	0.524024627331	2.606771943232	6.433381497586	206.282319608738	1026.155900113283	625.376188948589	-674.643990529929	236.999703394594	
0.392241379310	0.014788958666	0.523394355992	2.598730782824	5.821674286114	206.034213265915	1022.990496934115	624.143289425027	-670.949380598752	236.252129915104	
0.393103448276	0.014905062492	0.522412389854	2.596295413211	5.867378562717	205.647662248701	1022.031813569537	623.678771372551	-668.602043017566	235.421790426161	
0.393965517241	0.014974823459	0.522902823229	2.597358649776	5.894839970935	205.840721370094	1022.450356694165	624.033386402497	-667.676805777968	235.841666283401	
0.394827586207	0.015109335716	0.523312354715	2.591470754573	5.947790727338	206.001933459178	1020.132586465896	623.381694068508	-664.718580998518	236.281673774593	
0.395689655172	0.014420279820	0.521612256687	2.588709652602	5.676543840648	205.332689789242	1019.045678543015	623.135231009091	-663.305982793442	236.337037726118	
0.396551724138	0.015727445773	0.519157377880	2.594071703826	6.191109780814	204.366326629245	1021.156450264060	623.780707507528	-662.913310409544	235.137150232169	
0.397413793103	0.013675691111	0.518995247140	2.598752044020	5.383436459735	204.302503856046	1022.998866405140	625.428192541168	-663.722514829036	235.288921159314	
0.398275862069	0.010972417877	0.515867481951	2.603192207433	4.319292822066	203.071258939545	1024.746736945140	626.768163409604	-665.023680667233	234.210131208245	
0.399137931034	0.008172263295	0.512227600088	2.610622741248	3.217011836914	201.638419270052	1027.671766936637	627.800067700387	-667.610572681036	233.627251449515	
0.400000000000	0.004044935766	0.507819744487	2.615245143828	1.592289157590	199.903266702246	1029.491375933048	628.682887470583	-669.080084517400	232.651839575189	
0.400862068966	-0.000128787153	0.502981001872	2.616218840174	-0.050697068920	197.998495440129	1029.874671546527	629.407077009542	-669.450290437420	231.578756903760	
0.401724137931	-0.000409229899	0.500916883787	2.621692838990	-0.161093369476	197.185955257380	1032.029511442253	630.533244156981	-670.393609024100	231.069490359747	
0.402586206897	-0.000638820484	0.501006501241	2.618163494542	-0.251471714156	197.221233172466	1030.640184831317	630.629710777267	-667.884210641479	231.086376032180	
0.403448275862	-0.000595999620	0.501485349423	2.614657455079	-0.234615278935	197.409731782194	1029.260032228948	631.066200193762	-665.380546462459	230.935069450348	
0.404310344828	0.001367597160	0.502722489446	2.606264013995	0.538354687414	197.896732011562	1025.955953744942	631.163655033827	-660.691953165918	230.358454814089	
0.405172413793	0.004255478155	0.501898617690	2.595311897952	1.675169179228	197.572414855299	1021.644652741074	630.618960308235	-654.638875175021	228.165139548205	
0.406034482759	0.006595021752	0.498051003941	2.581956973883	2.596130628139	196.057801519044	1016.387486242602	630.312825216487	-647.307671551106	224.579861522816	
0.406896551724	0.009437066892	0.493043942905	2.571052641421	3.714901833356	194.086771702612	1012.094995247292	629.617623448241	-640.745220618924	220.393264174005	
0.407758620690	0.012337323404	0.489161961602	2.560305995959	4.856587948090	192.558629577186	1007.864577747274	628.689410207816	-634.419516816641	216.333130257377	
0.408620689655	0.013871093646	0.488463636233	2.555201436675	5.460356677125	192.283733762127	1005.855167741076	627.913048314811	-632.511134272713	214.963073533631	
0.409482758621	0.017171578186	0.491522240867	2.559629399589	6.759592573937	193.487753622665	1007.598235553915	627.524503394604	-635.163105200505	215.732930197541	
0.410344827586	0.017804834055	0.498567026701	2.565012100642	7.008873777262	196.260933903038	1009.717136080733	625.671422204448	-640.225812639659	219.714099448986	
0.411206896552	0.017103688748	0.505692833847	2.572807869305	6.732867893566	199.066008227132	1012.785940787884	625.364800478721	-646.064229794052	223.552812695018	
0.412068965517	0.016235946498	0.510736588849	2.579087037190	6.391281115471	201.051482624859	1015.257735526135	624.731546522961	-651.204234073998	226.638207032995	
0.412931034483	0.015750436891	0.515481372441	2.587210555334	6.200160235360	202.919266912379	1018.455558831765	625.061823096987	-656.750437321880	229.259399156833	
0.413793103448	0.016127559910	0.517854877102	2.593485694728	6.348614729762	203.853597135809	1020.925767754454	625.200235407748	-660.549089407310	230.685697028109	
0.414655172414	0.016508799337	0.519352826077	2.598383220259	6.498689648566	204.443264821601	1022.853678913956	624.575539487781	-664.675250992870	232.281665242679	
0.415517241379	0.017619156083	0.518439029986	2.605186126093	6.935781634595	204.083548946716	1025.531643120954	625.071064320801	-668.362154568533	231.944983218897	
0.416379310345	0.018215989549	0.517094300168	2.614010622547	7.170725157000	203.554195989382	1029.005406571880	625.761552222433	-672.661068080810	231.758160799892	
0.417241379310	0.018526139117	0.515782832050	2.629811366641	7.292815549175	203.037936502005	1035.225370240278	626.550458057814	-679.481773500989	232.128510658088	
0.418103448276	0.016661215715	0.516740473737	2.640159318273	6.558688362788	203.414912198138	1039.298841894968	627.704459307158	-683.414441923791	232.974596105582	
0.418965517241	0.011459543527	0.514224243261	2.642888589488	4.511049857335	202.424397950576	1040.373219639293	629.746655317151	-684.018741808560	233.044486302532	
0.419827586207	0.007688461605	0.513177677344	2.649525273375	3.026563278548	202.012417227469	1042.985750568906	631.243443446439	-686.051309668841	234.186195561452	
0.420689655172	0.006070743643	0.510312147356	2.652722956884	2.389748525320	200.884401210779	1044.244518835028	633.066943305529	-684.310472705596	233.657124900694	
0.421551724138	0.004573416762	0.508816674453	2.657411481726	1.800325726876	200.295708231010	1046.090156863308	634.708433277387	-683.935991911651	233.495914753496	
0.422413793103	0.006669452135	0.508253284386	2.655784747107	2.625430152034	200.073929704038	1045.449792702764	635.063488494344	-681.003166374353	232.896544877679	
0.423275862069	0.007389321083	0.504593881105	2.643374591460	2.908806597754	198.633405427529	1040.564534338569	635.453629866740	-673.602371897745	230.425436439765	
0.424137931034	0.008177965933	0.499511160726	2.633036785645	3.219256680520	196.632592307134	1036.495056585155	635.680943411570	-667.071807281657	227.184181065820	
0.425000000000	0.010573344997	0.495361131655	2.623909476359	4.162197763854	194.998933165124	1032.902090848309	635.749504406814	-660.995897916905	223.854141124772	
0.425862068966	0.012511400368	0.493643551171	2.615028515613	4.925113353008	194.322807525150	1029.406100225931	633.528488088841	-656.987989312252	222.016443052059	
0.426724137931	0.014016210551	0.494677291875	2.614589580037	5.517481953586	194.729739602884	1029.233313215607	632.674491710346	-657.219535353593	221.882039244847	
0.427586206897	0.016828006215	0.499889893627	2.614345155112	6.624345451428	196.781680531922	1029.137095332231	630.370524204618	-659.087698390068	223.564315570207	
0.428448275862	0.019787266070	0.505011204219	2.612348368699	7.789258234780	198.797684691411	1028.351060265358	628.488286176857	-659.142560623838	224.948232161099	
0.429310344828	0.022946690813	0.508791835514	2.611414489818	9.032965935887	200.285930381184	1027.983438798967	628.036712051034	-659.328584762893	225.554207128516	
0.430172413793	0.023424806164	0.512946235437	2.607930779958	9.221176066670	201.921310109863	1026.612076246186	627.068949858031	-659.753858143543	227.156849578458	
0.431034482759	0.027370061378	0.515452745649	2.602799947198	10.774225970316	202.907997974364	1024.592323684658	625.664745849531	-659.153029232158	227.685060497727	
0.431896551724	0.028140004280	0.519623963985	2.602038593236	11.077314030544	204.549998272051	1024.292616660946	624.476334336285	-660.901046021963	229.395183472969	
0.432758620690	0.027800008809	0.523841546079	2.604448160980	10.943474796913	206.210249664975	1025.241143118977	623.830370205032	-663.350036395271	231.207288393568	
0.433620689655	0.024276390910	0.525970888225	2.605546601407	9.556402442713	207.048465302425	1025.673544245306	623.558907986559	-665.208519818827	232.668389246108	
0.434482758621	0.020142704188	0.526066815645	2.606481312524	7.929176466891	207.086227135888	1026.041493321205	624.141014038690	-665.482005913368	232.910036135054	
0.435344827586	0.015770962827	0.525528388037	2.610561934115	6.208240271119	206.874275082259	1027.647830205656	625.478069164666	-666.317978316783	233.241423246850	
0.436206896552	0.011821799683	0.522535743606	2.616386489626	4.653652010439	205.696220458829	1029.940666761149	627.646593804698	-667.031464737822	232.907688435538	
0.437068965517	0.009123733502	0.520606427428	2.628145899315	3.591558129473	204.936745053106	1034.569758947556	629.510183571483	-670.449715359368	233.302428389036	
0.437931034483	0.006767721515	0.518741831961	2.638433859029	2.664113898022	204.202746958655	1038.619614781060	631.487397517796	-673.549407533502	234.038554882484	
0.438793103448	0.006291261211	0.518352690253	2.650992630500	2.476555276660	204.049561306701	1043.563375771223	633.609884847858	-677.359233519488	235.246933709300	
0.439655172414	0.007116851620	0.517667441358	2.659619040568	2.801548980557	203.779813046173	1046.959162507089	634.433512265912	-679.969077246862	235.951027913973	
0.440517241379	0.008049791822	0.519021334930	2.666049719099	3.168800935566	204.312773315634	1049.490599418353	635.325262161871	-681.973247048812	237.621341879403	
0.441379310345	0.007752261591	0.518615209043	2.670183272396	3.051678145982	204.152901840980	1051.117772871155	636.198814904209	-682.740905061826	237.751147784624	
0.442241379310	0.007674559290	0.518120992467	2.667751713593	3.021090631454	203.958353462217	1050.160589632172	636.676979484515	-680.961626474375	236.824266823837	
0.443103448276	0.007217984414	0.512360049541	2.662077912004	2.841359909795	201.690558003605	1047.927097365206	637.494713316461	-677.715142634626	233.065944577281	
0.443965517241	0.005487596196	0.505587256194	2.655281458938	2.160192504975	199.024447578667	1045.251673290905	637.495789668293	-674.551493628260	229.277398726435	
0.444827586207	0.005335415005	0.499017675832	2.653917873082	2.100286371986	196.438331954949	1044.714897653650	638.685371327136	-671.460085637424	224.977518720494	
0.445689655172	0.008098363011	0.494872817260	2.650403710411	3.187920986510	194.806708179941	1043.331547350125	638.348098001672	-668.469928849656	221.813837234365	
0.446551724138	0.012295681791	0.492926886619	2.644803967689	4.840195724921	194.040692490252	1041.127208359485	637.699229844999	-664.045723204558	219.574877685387	
0.447413793103	0.016034005306	0.495911381105	2.638147065781	6.311786955516	195.215538887461	1038.506718605240	637.041774344976	-660.987171973033	220.118397093863	
0.448275862069	0.017288653037	0.498179980066	2.626554470305	6.805679094675	196.108572976930	1033.943292841826	634.678639957582	-656.526924326090	220.077262190857	
0.449137931034	0.018902368814	0.502563402911	2.620860609792	7.440918387744	197.834107589513	1031.701904378459	632.927814695545	-656.308291317559	221.885840719654	
0.450000000000	0.023248412482	0.504808284877	2.622308958094	9.151738685291	198.717805482714	1032.272046756666	631.355995314091	-657.715174195995	222.398272706043	
0.450862068966	0.026855887521	0.508210310858	2.626549830655	10.571821406970	200.057013172703	1033.941466443447	630.337018144051	-660.966644801811	223.732343947900	
0.451724137931	0.026453053345	0.511049042409	2.619898492591	10.413245714152	201.174479983611	1031.323166896160	628.372396047191	-659.910034453139	224.504285210592	
0.452586206897	0.028496236204	0.514190569898	2.618498106801	11.217544744283	202.411142429668	1030.771904963222	627.113571171003	-660.436289094838	225.249809354653	
0.453448275862	0.029380143283	0.516325944485	2.616181316649	11.565494808414	203.251732738037	1029.859900408843	626.388589648637	-660.150994987335	225.770347894805	
0.454310344828	0.029154807160	0.515162347905	2.613443145385	11.476791232701	202.793682888630	1028.782019159966	626.582000549916	-658.922810869437	224.813912730040	
0.455172413793	0.027293626712	0.513835986708	2.612238604075	10.744137460292	202.271560739954	1028.307851415817	626.632210483651	-658.364210175332	224.425491904274	
0.456034482759	0.023222384962	0.514496375660	2.615380363337	9.141492950760	202.531522882592	1029.544605099500	627.121373503822	-659.997437134969	225.534981752328	
0.456896551724	0.020642663165	0.514116141709	2.619353025770	8.125985342034	202.381843769779	1031.108443856273	628.045933837562	-661.749438686377	226.526609817992	
0.457758620690	0.018261961743	0.513990157676	2.621911159633	7.188822113475	202.332250149057	1032.115453373768	628.692099760398	-662.294094671604	227.596451719693	
0.458620689655	0.013647403245	0.515666784132	2.630407552276	5.372300940225	202.992254233699	1035.460058743786	629.777921731031	-666.318115479329	230.315505605046	
0.459482758621	0.009148618642	0.512792427387	2.633085493632	3.601354166009	201.860763563446	1036.514230486561	630.673795582153	-666.585039772030	229.702028194019	
0.460344827586	0.007761755403	0.512698528337	2.639018976792	3.055415385653	201.823800197803	1038.849946416352	631.171984509852	-669.718101094097	230.724248188640	
0.461206896552	0.007374952838	0.510142719255	2.638437855770	2.903150537188	200.817705830449	1038.621188098424	631.418597273304	-668.927755092324	229.453413522651	
0.462068965517	0.009709727076	0.506386579315	2.634310203737	3.822234527741	199.339101163544	1036.996337678071	630.696037214015	-667.324834643953	227.328427107118	
0.462931034483	0.013804531098	0.505012061681	2.629262896672	5.434154327024	198.798022231322	1035.009465010661	629.861562867290	-665.181392936585	226.022306268214	
0.463793103448	0.016592624730	0.503704658946	2.618847838223	6.531687518333	198.283363082048	1030.909576754056	628.298199112508	-661.537337809309	224.499929788136	
0.464655172414	0.019636879400	0.502177594531	2.609868737651	7.730058514771	197.682234102263	1027.374953384360	627.182123263715	-658.814269689586	222.722860482299	
0.465517241379	0.022138626762	0.501627210426	2.605724308966	8.714871483624	197.465575372897	1025.743498834444	626.731974472875	-657.680896090585	221.648306482408	
0.466379310345	0.021314225578	0.499456071722	2.598745838299	8.390345918113	196.610906518268	1022.996423522583	625.624942991172	-655.071518957287	219.998188578445	
0.467241379310	0.021663136364	0.498374128740	2.595334362423	8.527694665807	196.184999611410	1021.653495881004	624.061443433744	-653.954744217640	218.980059100259	
0.468103448276	0.021979016017	0.496233104571	2.588890276547	8.652040706228	195.342185344996	1019.116781167925	622.624734531572	-650.971663351046	217.447097279847	
0.468965517241	0.025894574742	0.497550932755	2.588407408182	10.193400585516	195.860948472574	1018.926700012845	621.292079649317	-650.111448321618	217.283481917953	
0.469827586207	0.029675532397	0.500482668453	2.586077833071	11.681774747335	197.015026370244	1018.009662658909	620.867021877574	-648.451773854475	217.865579661831	
0.470689655172	0.031277709866	0.503487638795	2.581588974838	12.312471984318	198.197933089078	1016.242623400884	619.781200377106	-647.123457162632	218.688660091607	
0.471551724138	0.032725926458	0.506474630913	2.583387264571	12.882562515292	199.373762679205	1016.950520240402	619.823406830922	-649.215602098633	220.093010632731	
0.472413793103	0.033403805517	0.508585443193	2.587553136769	13.149409639328	200.204684034253	1018.590416030163	619.769315635648	-652.731966454904	221.482216618858	
0.473275862069	0.033906256986	0.511330624364	2.591745298692	13.347199684011	201.285324733480	1020.240660771792	620.035859305855	-656.663487282585	223.272664012117	
0.474137931034	0.032443746314	0.511877942959	2.593751290813	12.771482287864	201.500776724744	1021.030319665965	620.477955227291	-658.499974028666	224.098014030709	
0.475000000000	0.029680666171	0.514234020574	2.598771439646	11.683795657529	202.428246790633	1023.006501494005	621.970421833317	-661.925756611019	226.311679940708	
0.475862068966	0.026061505360	0.516815806126	2.604832517561	10.259112831355	203.444566796542	1025.392445105462	622.714153436799	-665.904037847781	228.801160379474	
0.476724137931	0.022912153096	0.519693014992	2.610194045006	9.019370162005	204.577180204225	1027.503010640584	623.358343430888	-668.919652703241	231.557713684576	
0.477586206897	0.018333146208	0.522261719598	2.617244351376	7.216843881449	205.588350895263	1030.278364080028	624.116541310871	-673.490441101033	234.651495175347	
0.478448275862	0.015231329754	0.525811155590	2.624051783293	5.995813685979	206.985586542986	1032.958109979773	625.030028497717	-677.647305189619	237.965654665645	
0.479310344828	0.012295931301	0.530490004112	2.634477169553	4.840293944578	208.827415487437	1037.062063779572	625.818818075156	-683.397899068195	242.056031894692	
0.480172413793	0.010011165927	0.532347770897	2.644165444450	3.940895946061	209.558725471493	1040.875853656087	626.945925653451	-688.204500542159	244.275139396182	
0.481034482759	0.008826673945	0.532994741908	2.651106107125	3.474620620733	209.813405640840	1043.608045850034	627.643320511507	-692.625905444456	245.808810747741	
0.481896551724	0.009115715534	0.533230550353	2.658713001858	3.588401856026	209.906231646342	1046.602500325344	628.008037773918	-696.739313043729	246.677492654374	
0.482758620690	0.009293673992	0.529762545046	2.661640790852	3.658455211514	208.541051191474	1047.755024602784	628.828798377732	-696.800486101802	244.855898581787	
0.483620689655	0.009703862621	0.525195493281	2.659046228409	3.819925984706	206.743231045807	1046.733674973028	628.439948195306	-694.222755822633	242.220973430218	
0.484482758621	0.011374779887	0.519460896229	2.652456900707	4.477682646285	204.485806641833	1044.139785808149	628.363343621443	-689.495208216927	238.116663069856	
0.485344827586	0.012090571698	0.511689046600	2.642721289261	4.759454127155	201.426417663935	1040.307361896973	628.396615047580	-683.114282545305	233.233091035058	
0.486206896552	0.014623447261	0.507578739910	2.636574172923	5.756520713485	199.808395238650	1037.887549256599	628.040019555928	-679.051587445945	230.220803920103	
0.487068965517	0.015836133944	0.503523626436	2.626375470145	6.233894884280	198.212099625748	1033.872829420172	627.928230827660	-672.818572189112	226.822605263295	
0.487931034483	0.017904827027	0.501384682399	2.618090399210	7.048236015481	197.370104203292	1030.611410850303	627.894488076239	-667.739563239865	224.639633622501	
0.488793103448	0.019033759420	0.499997809445	2.603097634006	7.492640305910	196.824161598788	1024.709508110757	626.781286811748	-661.092953869843	223.111699078626	
0.489655172414	0.021189836471	0.500437504163	2.595742404697	8.341380140257	196.997247445705	1021.814121741711	626.556565940337	-657.087814120469	222.278987205132	
0.490517241379	0.020216720718	0.496849533356	2.579308491288	7.958313077470	195.584842565719	1015.344910942402	625.943287652517	-649.521679285740	219.867784849429	
0.491379310345	0.021320178838	0.496483722832	2.568379558762	8.392689419278	195.440841235301	1011.042736131003	623.288301802326	-646.621100401304	220.014866385457	
0.492241379310	0.024020941085	0.494735448662	2.561985598189	9.455844606731	194.752633024831	1008.525753245312	621.652691015993	-643.657224919526	218.893403191096	
0.493103448276	0.025429937862	0.494251838404	2.558096555008	10.010496255584	194.562259823834	1006.994831211300	620.193351603170	-641.697882017309	218.453388538895	
0.493965517241	0.024185367780	0.494404200021	2.553674564299	9.520571183219	194.622236981482	1005.254114357072	619.433089502968	-639.951211782404	218.356921247698	
0.494827586207	0.023098955571	0.497431887612	2.556407416820	9.092904965244	195.814086346489	1006.329901882841	619.133361325340	-641.802429327016	220.321517046954	
0.495689655172	0.021133759939	0.500118587549	2.557744250026	8.319305610517	196.871705905253	1006.856146338259	618.811274075326	-643.603750878794	222.528295802682	
0.496551724138	0.017955766034	0.502452146539	2.562544293118	7.068288157898	197.790311513352	1008.745683531178	618.839554861110	-647.847310023106	224.845913206239	
0.497413793103	0.015691489400	0.503127753716	2.569632647618	6.176955552767	198.056264310896	1011.536014618732	619.215930322013	-652.417827088882	226.278680584777	
0.498275862069	0.013401356378	0.504215742543	2.575201685118	5.275444578917	198.484551164518	1013.728266497257	619.411827151013	-656.105397406188	227.813836906759	
0.499137931034	0.010887473676	0.503011643213	2.576692995979	4.285854533147	198.010557405546	1014.315321088879	619.610490592926	-657.074314506206	227.693143927598	
0.500000000000	0.010044783740	0.503265432349	2.578528714641	3.954129599424	198.110461511254	1015.037951827976	619.340213089657	-658.634752522366	228.011859303400	
0.500862068966	0.011394315591	0.503126302809	2.575269356063	4.485372877286	198.055693161152	1013.754905167715	618.435091924312	-657.284635645793	227.527144152829	
