dbx_v3_0_15_0										
Time	Cx	Cy	Cz	Fx	Fy	Fz	Mx	My	Mz	
0.000000000000	0.000000000000	0.000000000000	0.000000000000	0.000000000000	0.000000000000	0.000000000000	0.000000000000	0.000000000000	0.000000000000	
0.000862068966	2.111516268870	0.088269882047	8.075647346541	837.593101920813	35.014764224213	3203.435659356267	1488.273944885664	-2261.068143075892	180.221812530134	
0.001724137931	0.182114686669	0.288867842195	2.077134346746	72.240980361533	114.587661746569	823.954532696485	275.815899398758	-598.581539751011	267.455226662590	
0.002586206897	-0.130230501140	0.503694107396	1.705898937489	-51.659639578957	199.804621945495	676.693428168652	455.794218261924	-464.463045952818	244.086444224630	
0.003448275862	-0.149103049518	0.432312222366	1.894991340394	-59.145973721761	171.488963011426	751.702318525584	487.558908165736	-600.755335535484	253.802889685105	
0.004310344828	-0.093742360954	0.431777382466	2.092584383039	-37.185578937096	171.276803522993	830.083229886125	482.751601505069	-664.279513496357	270.638488456051	
0.005172413793	-0.101445712062	0.392046241837	2.173203718500	-40.241332683682	155.516314336728	862.063186782065	495.777924894669	-666.645233930089	264.308427946436	
0.006034482759	-0.118365879585	0.407885569505	2.329728431642	-46.953199321718	161.799435044348	924.153174882770	514.045706065072	-713.865193186701	275.235771829820	
0.006896551724	-0.129129894097	0.378455599806	2.379839230193	-51.223052429960	150.125198869843	944.031051182540	528.737459568845	-730.705414997401	275.617199991526	
0.007758620690	-0.131462508917	0.375087853931	2.405581887128	-52.148350573267	148.789286494784	954.242609668822	551.747333061597	-734.440346802442	279.188109607498	
0.008620689655	-0.148363810137	0.392456272267	2.443812527117	-58.852733354375	155.678964591786	969.407882515035	554.508767150406	-749.525713536948	288.042865373005	
0.009482758621	-0.169474308691	0.377874319528	2.539279805106	-67.226814211785	149.894617482351	1007.277698950566	572.545404650064	-775.074293275394	286.010826946882	
0.010344827586	-0.183134303755	0.363629364829	2.596531134289	-72.645440535624	144.243950249057	1029.988070216363	589.255701848225	-790.680969495834	286.426507837954	
0.011206896552	-0.191926448846	0.376505126682	2.624475802582	-76.133095443881	149.351488120684	1041.073119260340	597.056746384498	-800.768487459999	295.166368885542	
0.012068965517	-0.201691517318	0.385839105251	2.658384977503	-80.006688137928	153.054076719190	1054.524159834572	604.603480514364	-811.437405206447	301.568602322583	
0.012931034483	-0.211663317936	0.379246601478	2.698109437995	-83.962287028912	150.438972224782	1070.281999154117	614.367787975132	-821.573247586484	302.184327341876	
0.013793103448	-0.225136378296	0.375323739772	2.732696356406	-89.306760375035	148.882857335589	1084.001885997958	622.493956569630	-831.533313303404	304.367922826395	
0.014655172414	-0.237187746637	0.371211253555	2.766660108011	-94.087279066726	147.251522480306	1097.474575968992	630.145700521798	-842.259468257363	306.855457262685	
0.015517241379	-0.247085494569	0.369656515796	2.798720833921	-98.013502849478	146.634791441339	1110.192376566291	637.434451724510	-852.331007896369	310.001606772151	
0.016379310345	-0.256010160437	0.374057696773	2.825613199729	-101.553725900741	148.380645300428	1120.859999841054	643.008120583338	-861.112960290269	314.010879392173	
0.017241379310	-0.264026771681	0.381128764598	2.848739485510	-104.733743207485	151.185585864067	1130.033700147694	647.359014644985	-869.347445911576	318.869071960265	
0.018103448276	-0.270659467714	0.386532141902	2.867751023220	-107.364791107449	153.328989457156	1137.575168369913	650.829689295830	-876.359514829591	322.982448959308	
0.018965517241	-0.277313334978	0.390677715671	2.890299588465	-110.004237178997	154.973449432664	1146.519699362101	654.626641813948	-885.362243883484	327.238207143149	
0.019827586207	-0.284756597703	0.392231460548	2.911899289702	-112.956819456528	155.589786616887	1155.087836404841	658.237168395887	-893.960853326834	330.836841987738	
0.020689655172	-0.289629560729	0.392968046643	2.930605972467	-114.889819110379	155.881974482526	1162.508375225936	661.593870229016	-900.498482896516	333.383138465303	
0.021551724138	-0.294131097639	0.390509734547	2.942589097608	-116.675482010175	154.906814932887	1167.261823307545	664.429276784544	-903.666053960340	333.362472254029	
0.022413793103	-0.290029269595	0.379775719440	2.939740406561	-115.048375023004	150.648861943485	1166.131808821865	666.439323542462	-895.604962738194	326.354254086392	
0.023275862069	-0.280763178493	0.363874025671	2.924499360711	-111.372715922764	144.341001944126	1160.086013646755	667.378869854104	-878.651574637725	314.700858052146	
0.024137931034	-0.271185953340	0.348615064169	2.908033675011	-107.573636634723	138.288100015321	1153.554430175866	667.966105575216	-860.758530250494	303.281004031793	
0.025000000000	-0.265607312109	0.337524572762	2.896427231361	-105.360709610354	133.888740542657	1148.950403542192	668.510113950267	-847.031951817797	295.125735461430	
0.025862068966	-0.264309043715	0.328748844385	2.887785574064	-104.845714454179	130.407597791735	1145.522443905828	669.186672441138	-836.530422467022	289.168565492517	
0.026724137931	-0.263871271166	0.322891782919	2.884942052688	-104.672059496986	128.084227447130	1144.394480117579	670.199623920196	-830.418255427237	285.425368267965	
0.027586206897	-0.263692065742	0.318131535185	2.883361389154	-104.600972558349	126.195939525965	1143.767464881023	671.159246350379	-825.568666503630	282.559502640159	
0.028448275862	-0.263738538481	0.314278780727	2.884294064260	-104.619407294905	124.667634674564	1144.137437041349	672.308141882512	-822.261127250277	280.460163985677	
0.029310344828	-0.263822937744	0.310576639450	2.885890220752	-104.652886667490	123.199074833833	1144.770598001176	673.619451828949	-819.334676336383	278.409454242054	
0.030172413793	-0.264070712670	0.307331941662	2.887920930069	-104.751173653171	121.911972988716	1145.576136722537	674.844619990533	-816.929465125810	276.639705855549	
0.031034482759	-0.264639792401	0.305149034030	2.891007730318	-104.976915346185	121.046060468452	1146.800604008690	676.084907006711	-815.564202832495	275.561048321294	
0.031896551724	-0.265157220769	0.302634306793	2.893244515820	-105.182168053920	120.048522245308	1147.687888721830	677.219920197537	-813.788686348243	274.210549165448	
0.032758620690	-0.265862394899	0.301098911261	2.896914760290	-105.461895468573	119.439463851930	1149.143795785298	678.315185545222	-813.188369982370	273.533570712548	
0.033620689655	-0.266833073667	0.299722440170	2.900484247420	-105.846942864298	118.893447367127	1150.559734578497	679.450416214226	-812.722420660218	273.002482970424	
0.034482758621	-0.267886242060	0.297808055056	2.903097762222	-106.264712120528	118.134051955601	1151.596459704532	680.463986450293	-811.822021868187	272.129816878536	
0.035344827586	-0.268985379719	0.296508983560	2.906398174913	-106.700716396113	117.618738225791	1152.905662453358	681.370073584701	-811.729677765070	271.826528621868	
0.036206896552	-0.269644104744	0.295607323431	2.909672990335	-106.962018449286	117.261069040156	1154.204711316010	682.241893712934	-811.714644519984	271.612200535688	
0.037068965517	-0.270479090983	0.294964299422	2.913258129542	-107.293239536387	117.005995242043	1155.626858951638	683.123466075077	-811.904510848086	271.503945385351	
0.037931034483	-0.271187231159	0.294512320640	2.916475392643	-107.574143517895	116.826704977714	1156.903078046287	683.942022261951	-811.970181669249	271.431218416903	
0.038793103448	-0.272431131038	0.294407623384	2.920162774661	-108.067571853445	116.785173827548	1158.365783206408	684.719493118886	-812.690718459301	271.618587220443	
0.039655172414	-0.273610189809	0.293657234641	2.922420636960	-108.535279115852	116.487510748078	1159.261428631631	685.349383307506	-812.512658050285	271.401334139342	
0.040517241379	-0.274293859535	0.293709294739	2.925638261410	-108.806476195679	116.508161869621	1160.537791065532	686.079261245093	-813.036657105129	271.628250206464	
0.041379310345	-0.274488412270	0.294236838755	2.928693908706	-108.883651082462	116.717427237445	1161.749900645084	686.723438744488	-813.458563246773	271.989221854815	
0.042241379310	-0.275055078297	0.294750688770	2.931645712592	-109.108435311071	116.921260489555	1162.920817776885	687.385187282702	-813.848600188953	272.224732378832	
0.043103448276	-0.276571393809	0.294511821051	2.934257677225	-109.709925070529	116.826506801302	1163.956927984256	688.058560987737	-814.248589454329	272.242528338546	
0.043965517241	-0.278030740880	0.293943585735	2.937029718347	-110.288816674598	116.601100069936	1165.056537092617	688.638939898332	-814.911058269052	272.321456022949	
0.044827586207	-0.278462464600	0.293205138719	2.940480000166	-110.460072191637	116.308174016720	1166.425189702159	689.323888157246	-815.681166774129	272.378423414317	
0.045689655172	-0.278875356089	0.292747645004	2.944614026616	-110.623857367121	116.126696096894	1168.065069104876	690.062398361581	-816.702809505356	272.571171170043	
0.046551724138	-0.279687623725	0.292217666786	2.948353171624	-110.946066472909	115.916465133514	1169.548307530130	690.837603376962	-817.452741612682	272.665384069595	
0.047413793103	-0.280284770002	0.292334893615	2.952326970425	-111.182941561177	115.962966495983	1171.124628069716	691.636028609683	-818.377169997091	272.964084195264	
0.048275862069	-0.281320420134	0.292137087501	2.955497264588	-111.593761699877	115.884501063935	1172.382215596404	692.383177196953	-818.906248821313	273.049041640669	
0.049137931034	-0.282504660239	0.292203154425	2.958715662189	-112.063524285912	115.910708392048	1173.658884722229	693.051646375820	-819.761500746487	273.333348477237	
0.050000000000	-0.284046828890	0.291762961545	2.960858092689	-112.675269429986	115.736093341509	1174.508740835145	693.646090198673	-820.238845291229	273.432273293934	
0.050862068966	-0.285074438125	0.291611409874	2.963173243659	-113.082899917786	115.675976052321	1175.427111444471	694.221994341583	-820.839360928999	273.706003891754	
0.051724137931	-0.285408917967	0.291804623308	2.965378207005	-113.215580879172	115.752619667053	1176.301772992670	694.687738054995	-821.419498423659	274.090893490267	
0.052586206897	-0.285835268504	0.292142270426	2.967499794935	-113.384704969851	115.886557018774	1177.143361305774	695.170080381782	-821.911264689430	274.431594175335	
0.053448275862	-0.286584922211	0.292592532436	2.969572707082	-113.682076476183	116.065166276657	1177.965640982589	695.687864851978	-822.427632941706	274.770639623740	
0.054310344828	-0.287380156597	0.292981147150	2.971425451332	-113.997528858143	116.219321377631	1178.700584788875	696.138928210954	-822.915771105162	275.083599108132	
0.055172413793	-0.288059466290	0.293222933660	2.973241197634	-114.266996406543	116.315232887271	1179.420852304444	696.567387393129	-823.393871298291	275.348132387337	
0.056034482759	-0.288662821614	0.293298314236	2.975169137413	-114.506334490256	116.345134740798	1180.185624560340	696.999802430604	-823.894724932164	275.554972541629	
0.056896551724	-0.289383333489	0.293276780117	2.977060912503	-114.792146058637	116.336592618961	1180.936051061357	697.419969378410	-824.396907375210	275.737120417160	
0.057758620690	-0.290013403259	0.293277366376	2.978931608627	-115.042081188541	116.336825175008	1181.678115989788	697.820760364536	-824.921508804806	275.950123282407	
0.058620689655	-0.290487371524	0.293311609802	2.980797669442	-115.230094207834	116.350408806175	1182.418342191178	698.216089312155	-825.451551913570	276.182338013486	
0.059482758621	-0.290963033393	0.293362400951	2.982712688255	-115.418779043697	116.370556562590	1183.177988977569	698.626984194601	-825.990856850007	276.408879580669	
0.060344827586	-0.291464664399	0.293512320597	2.984596577071	-115.617765277654	116.430026462760	1183.925287163383	699.028049061372	-826.531151679000	276.650008044071	
0.061206896552	-0.291989451154	0.293683965175	2.986367570748	-115.825936899317	116.498114176048	1184.627802274736	699.402000799883	-827.041986525060	276.883395949180	
0.062068965517	-0.292501855683	0.293798865257	2.988033463256	-116.029196758232	116.543692568056	1185.288626012671	699.758895840367	-827.507846678063	277.075464607142	
0.062931034483	-0.292969210996	0.293867250189	2.989668229346	-116.214586561996	116.570819400018	1185.937102569811	700.106135091793	-827.973360532892	277.255041741818	
0.063793103448	-0.293431605578	0.293901596675	2.991242754958	-116.398008550075	116.584443912599	1186.561683024480	700.443714462946	-828.424553244718	277.434859315444	
0.064655172414	-0.293917326000	0.293927361655	2.992751654627	-116.590683397391	116.594664326079	1187.160231078894	700.763685913418	-828.875970399631	277.626008301195	
0.065517241379	-0.294402555255	0.293909047569	2.994148240299	-116.783163409790	116.587399522100	1187.714226585190	701.076201093857	-829.280447669363	277.794469040042	
0.066379310345	-0.294894125578	0.293972263766	2.995555528040	-116.978158786981	116.612476027952	1188.272467372805	701.382469544265	-829.721657119004	278.004165301464	
0.067241379310	-0.295323507353	0.294151799319	2.996960311342	-117.148485304366	116.683693921446	1188.829714702835	701.672127573959	-830.181457423542	278.236247595951	
0.068103448276	-0.295717556850	0.294422777898	2.998271449030	-117.304796267285	116.791185297257	1189.349814831612	701.958027293816	-830.595526749864	278.470549592144	
0.068965517241	-0.296148934868	0.294719882886	2.999422888182	-117.475914651271	116.909040457612	1189.806565984842	702.210800443571	-830.946452985254	278.683929752523	
0.069827586207	-0.296553366394	0.295020801059	3.000517273315	-117.636343941697	117.028408226360	1190.240685035539	702.446199923481	-831.286769060782	278.879232652719	
0.070689655172	-0.296896740921	0.295351566707	3.001640713959	-117.772553233205	117.159615847082	1190.686329782654	702.682662894406	-831.626512197098	279.073009558821	
0.071551724138	-0.297273124770	0.295687514007	3.002701621263	-117.921856612888	117.292878917426	1191.107168898637	702.908063001407	-831.937483000858	279.270389048972	
0.072413793103	-0.297716185538	0.295972578245	3.003719834810	-118.097609293050	117.405957770973	1191.511072318737	703.127288965090	-832.235806890928	279.465770143913	
0.073275862069	-0.298109573400	0.296273291360	3.004674032637	-118.253657799177	117.525244197944	1191.889582079750	703.326853082089	-832.528964260085	279.669483263863	
0.074137931034	-0.298403758382	0.296561717853	3.005619879341	-118.370354655845	117.639656785638	1192.264779129305	703.524926650915	-832.818347404018	279.865654108543	
0.075000000000	-0.298677389497	0.296796742997	3.006561869515	-118.478898235649	117.732886206712	1192.638446376669	703.725701152996	-833.103225754386	280.045693314623	
0.075862068966	-0.298934378536	0.296951857925	3.007485414074	-118.580840261574	117.794416963401	1193.004796645181	703.921850094630	-833.389064345162	280.201908407920	
0.076724137931	-0.299156197372	0.297014878217	3.008354104642	-118.668831024460	117.819415758268	1193.349387514882	704.106201130998	-833.657259021263	280.328851054612	
0.077586206897	-0.299328668823	0.296997086031	3.009165042363	-118.737246740602	117.812357980849	1193.671069071920	704.286646856787	-833.890963945596	280.426659885275	
0.078448275862	-0.299472004757	0.296972124198	3.009985534039	-118.794105023426	117.802456158409	1193.996540477739	704.464258299887	-834.134298655276	280.529351492131	
0.079310344828	-0.299605379094	0.296938005516	3.010762343377	-118.847011755181	117.788922010611	1194.304684039115	704.637160816764	-834.352889532836	280.608423714315	
0.080172413793	-0.299818458054	0.296882261930	3.011468678600	-118.931535596814	117.766809728672	1194.584872034462	704.800882544583	-834.546121420279	280.673307960476	
0.081034482759	-0.300106844471	0.296788351412	3.012074370045	-119.045932287840	117.729557445709	1194.825136806834	704.950522093964	-834.713741247405	280.715878557227	
0.081896551724	-0.300407293066	0.296723809708	3.012683700015	-119.165113785119	117.703955139575	1195.066844904028	705.095281350264	-834.906154539863	280.779180087036	
0.082758620690	-0.300673860495	0.296735237596	3.013334789065	-119.270855352489	117.708488336643	1195.325117930418	705.236486131544	-835.128382918544	280.880114068778	
0.083620689655	-0.300917070406	0.296783222946	3.013984319391	-119.367331494412	117.727523093336	1195.582772644684	705.373204944175	-835.338732951006	280.979080654496	
0.084482758621	-0.301148801492	0.296897306257	3.014629923661	-119.459254233781	117.772777489835	1195.838869976941	705.506993357204	-835.548944358827	281.090771146721	
0.085344827586	-0.301351633771	0.297042950980	3.015229018852	-119.539713437457	117.830551619592	1196.076518157405	705.633275471183	-835.730235426616	281.192146245478	
0.086206896552	-0.301475576665	0.297227342212	3.015815079026	-119.588878918415	117.903695656615	1196.308995626754	705.755848418533	-835.888062954248	281.284368066616	
0.087068965517	-0.301592870037	0.297419391493	3.016382857886	-119.635406677029	117.979877477107	1196.534221292000	705.872026629049	-836.035151318570	281.373834886107	
0.087931034483	-0.301772293082	0.297540843467	3.016901725256	-119.706579941068	118.028054863747	1196.740044820999	705.981005264312	-836.168502420739	281.435641988799	
0.088793103448	-0.302016515855	0.297577310851	3.017413345151	-119.803457863871	118.042520690700	1196.942993432735	706.087769083012	-836.317279286168	281.491281410355	
0.089655172414	-0.302258908079	0.297552296266	3.017999911827	-119.899609647212	118.032597942683	1197.175671820694	706.201829418187	-836.507047121278	281.557306300487	
0.090517241379	-0.302471161287	0.297497517025	3.018679346849	-119.983805930945	118.010868195622	1197.445189084588	706.330927784520	-836.726994583106	281.633043904209	
0.091379310345	-0.302668111582	0.297431397737	3.019388446052	-120.061931878252	117.984640096051	1197.726473491252	706.469911235895	-836.945551728140	281.709581781339	
0.092241379310	-0.302821469928	0.297406313542	3.020103635005	-120.122765836449	117.974689735136	1198.010173570867	706.613575934251	-837.167321362216	281.794300229614	
0.093103448276	-0.302913320755	0.297441249999	3.020789186587	-120.159201084458	117.988548276469	1198.282117142764	706.753278903450	-837.382914910023	281.889970337760	
0.093965517241	-0.303017665505	0.297466552105	3.021387358957	-120.200592403039	117.998585077901	1198.519399259816	706.887999567945	-837.561006028026	281.967537643335	
0.094827586207	-0.303167048688	0.297467076494	3.021881610085	-120.259849499721	117.998793091608	1198.715458055053	706.997662355720	-837.711879256679	282.034395009516	
0.095689655172	-0.303310302517	0.297463298515	3.022391186939	-120.316675213764	117.997294448556	1198.917596235934	707.133915824798	-837.862390365405	282.087465496614	
0.096551724138	-0.303475678659	0.297444324281	3.022772880245	-120.382276373348	117.989767777788	1199.069005763382	707.226233453745	-837.969546118384	282.141412049157	
0.097413793103	-0.303629212090	0.297471495205	3.023181609624	-120.443179784095	118.000545899248	1199.231139919446	707.327932484439	-838.092259413767	282.216925176558	
0.098275862069	-0.303776178802	0.297581746179	3.023533998191	-120.501478318667	118.044280090159	1199.370924886889	707.409478337106	-838.198293081284	282.301786591589	
0.099137931034	-0.303968585325	0.297704701261	3.023903400108	-120.577801849191	118.093053727370	1199.517458684371	707.520155689058	-838.299346877414	282.381601719419	
0.100000000000	-0.304203465442	0.297805498504	3.024118666518	-120.670973741084	118.133037826315	1199.602850240701	707.575478673512	-838.384624823278	282.466246306408	
0.100862068966	-0.304331931582	0.298032081592	3.024397336223	-120.721933496464	118.222918465296	1199.713392520715	707.636049573387	-838.495280423807	282.585398487967	
0.101724137931	-0.304412608671	0.298242425553	3.024716600062	-120.753936362865	118.306357391759	1199.840037620677	707.713500617392	-838.606308671204	282.679375667173	
0.102586206897	-0.304508728445	0.298458154202	3.025053687577	-120.792065010631	118.391932308294	1199.973752990100	707.798255021177	-838.713322386093	282.776947473906	
0.103448275862	-0.304617274969	0.298614600743	3.025246580147	-120.835123082571	118.453991286924	1200.050269324931	707.838475121128	-838.783865974044	282.850151974170	
0.104310344828	-0.304657726984	0.298829610339	3.025453664454	-120.851169527253	118.539280970629	1200.132415216654	707.868496488217	-838.842451993819	282.922798504560	
0.105172413793	-0.304683901887	0.298943058314	3.025715535688	-120.861552548341	118.584283342853	1200.236293904558	707.933476047338	-838.895205972870	282.943751497805	
0.106034482759	-0.304761807106	0.299050256018	3.025994465637	-120.892455873713	118.626806367125	1200.346939417590	707.998999862982	-838.958173994428	282.985248572990	
0.106896551724	-0.304858906764	0.299155620145	3.026192545146	-120.930973220264	118.668602050727	1200.425513299641	708.027353350600	-839.019082951492	283.041652211253	
0.107758620690	-0.304973026200	0.299297304262	3.026449049673	-120.976241946826	118.724805093588	1200.527263130335	708.065056821423	-839.107508914849	283.112048658241	
0.108620689655	-0.305133805299	0.299353957099	3.026823454067	-121.040019558206	118.747278055763	1200.675781303019	708.158200270254	-839.230475034816	283.169435613210	
0.109482758621	-0.305303848028	0.299353381727	3.027117622957	-121.107471852575	118.747049818287	1200.792471776201	708.211695720209	-839.347450558731	283.225487924207	
0.110344827586	-0.305368978837	0.299389420789	3.027372065449	-121.133307843772	118.761345739244	1200.893403641931	708.250625257789	-839.441801630368	283.281026916603	
0.111206896552	-0.305363591494	0.299409038244	3.027664227448	-121.131170800917	118.769127561781	1201.009298024563	708.302565540996	-839.531108819529	283.306924493483	
0.112068965517	-0.305370561283	0.299391403201	3.028023268806	-121.133935566114	118.762132119146	1201.151722011358	708.393537109192	-839.620221705508	283.318194333150	
0.112931034483	-0.305391207579	0.299336747210	3.028241784945	-121.142125508061	118.740451262849	1201.238402665060	708.433892639720	-839.681022122581	283.322787903260	
0.113793103448	-0.305428762816	0.299335480826	3.028469956894	-121.157022862962	118.739948915486	1201.328913571196	708.466708724357	-839.749119308672	283.345266589869	
0.114655172414	-0.305547412482	0.299236783938	3.028752549243	-121.204088634038	118.700797982314	1201.441011879517	708.530339930132	-839.828272130267	283.344269302372	
0.115517241379	-0.305695365219	0.299080108934	3.029053627087	-121.262778303577	118.638648377192	1201.560442986631	708.610586623903	-839.910374741017	283.337751336742	
0.116379310345	-0.305776029964	0.298986401043	3.029265959221	-121.294776273764	118.601476471630	1201.644670578512	708.646985718955	-839.978216184362	283.363080658082	
0.117241379310	-0.305787910342	0.299012193352	3.029586142098	-121.299488964278	118.611707725907	1201.771680241446	708.700356639920	-840.075154179983	283.412190305745	
0.118103448276	-0.305870005312	0.299041235694	3.029988019341	-121.332054273301	118.623228198750	1201.931096302355	708.793317230581	-840.186775314162	283.458454280727	
0.118965517241	-0.306004323785	0.299022969760	3.030322958173	-121.385335523464	118.615982495234	1202.063959335195	708.883126283221	-840.282521986042	283.483755513564	
0.119827586207	-0.306110665601	0.299061144046	3.030560637548	-121.427519035538	118.631125413846	1202.158241632712	708.924330505050	-840.370988244084	283.537815861351	
0.120689655172	-0.306165566393	0.299089349385	3.030840007796	-121.449296999294	118.642313865458	1202.269061803110	708.981004944440	-840.460103238221	283.575909563890	
0.121551724138	-0.306220062395	0.299074384453	3.031146678991	-121.470914391346	118.636377598439	1202.390711671805	709.067305622652	-840.533564731764	283.591954112404	
0.122413793103	-0.306279646095	0.299012669443	3.031294230715	-121.494549964164	118.611896581044	1202.449242268401	709.115159404448	-840.557970040891	283.591095777015	
0.123275862069	-0.306319332942	0.299044378360	3.031386088085	-121.510292882939	118.624474826748	1202.485680111606	709.128624305900	-840.576918968079	283.615587286867	
0.124137931034	-0.306398020839	0.299053619063	3.031535531195	-121.541506679583	118.628140414826	1202.544960980290	709.170563233093	-840.607249787240	283.628050354039	
0.125000000000	-0.306523408667	0.299015895321	3.031717334092	-121.591245335082	118.613176217603	1202.617078280290	709.240776093915	-840.646727493940	283.632168966278	
0.125862068966	-0.306657347933	0.299022192565	3.031769870425	-121.644376161745	118.615674198700	1202.637918313975	709.253641109621	-840.683653128295	283.682102475183	
0.126724137931	-0.306719709852	0.299141723933	3.031898515647	-121.669113793939	118.663089722294	1202.688949107245	709.276371195695	-840.753621846753	283.759029731175	
0.127586206897	-0.306788684278	0.299227065527	3.032096684817	-121.696474465689	118.696942897798	1202.767558556125	709.325059018542	-840.832498891231	283.819594556880	
0.128448275862	-0.306856467076	0.299216367558	3.032234877019	-121.723362444258	118.692699243428	1202.822376431231	709.378044905482	-840.881437333019	283.833504067093	
0.129310344828	-0.306859670645	0.299242188943	3.032234980744	-121.724633231087	118.702942031721	1202.822417576793	709.368576876931	-840.895852056837	283.857252920532	
0.130172413793	-0.306791355794	0.299272592656	3.032315765759	-121.697534198614	118.715002530760	1202.854463255219	709.378754634535	-840.919994512562	283.866809926134	
0.131034482759	-0.306717935994	0.299266315581	3.032462777280	-121.668410142857	118.712512549960	1202.912779564296	709.419297633768	-840.938704159970	283.851554868232	
0.131896551724	-0.306744519831	0.299202380167	3.032544523870	-121.678955379244	118.687150746017	1202.945206679033	709.447152938808	-840.947070500258	283.831970730352	
0.132758620690	-0.306808258444	0.299218960907	3.032571864090	-121.704239116746	118.693727969156	1202.956051956203	709.436315066675	-840.962254619545	283.849887985872	
0.133620689655	-0.306898580822	0.299192702496	3.032726081148	-121.740068061765	118.683311821935	1203.017226547415	709.466009728679	-841.011689685628	283.855713224058	
0.134482758621	-0.306985476734	0.299103340414	3.032958317066	-121.774537801536	118.647863805453	1203.109349542367	709.527563220149	-841.076456198093	283.844957514809	
0.135344827586	-0.307081249104	0.299018519297	3.033085026001	-121.812528641512	118.614217092424	1203.159612252381	709.546262683596	-841.122939749463	283.854912156550	
0.136206896552	-0.307124893882	0.299004592741	3.033226255134	-121.829841586628	118.608692726852	1203.215634812731	709.556593735884	-841.184222314367	283.876027332170	
0.137068965517	-0.307140705057	0.298970388153	3.033461221255	-121.836113539821	118.595124502472	1203.308840820881	709.598917281217	-841.256333143156	283.880808394373	
0.137931034483	-0.307162905101	0.298890037500	3.033696947578	-121.844919819940	118.563251126195	1203.402348384543	709.667918386571	-841.319237481733	283.863391035015	
0.138793103448	-0.307181801237	0.298876379134	3.033798014415	-121.852415510801	118.557833146189	1203.442439425571	709.673094169932	-841.358535576799	283.886987752287	
0.139655172414	-0.307172689783	0.298914105916	3.033937290799	-121.848801192662	118.572798549205	1203.497687372338	709.691422641039	-841.402708411477	283.908029086235	
0.140517241379	-0.307186570535	0.298911047927	3.034089060456	-121.854307388719	118.571585510831	1203.557891131955	709.728243583602	-841.422457905961	283.899281204873	
0.141379310345	-0.307258475757	0.298840610407	3.034175676047	-121.882830644141	118.543644461171	1203.592249674531	709.771242345763	-841.423708215150	283.875358130754	
0.142241379310	-0.307325699598	0.298881871708	3.034150690457	-121.909496896305	118.560011932106	1203.582338428138	709.750966375870	-841.420189511198	283.907144291640	
0.143103448276	-0.307356088197	0.298958019373	3.034245453314	-121.921551400058	118.590218073415	1203.619928815766	709.771712528718	-841.448666714383	283.940435108714	
0.143965517241	-0.307438505512	0.299014215684	3.034381534306	-121.954244576927	118.612509941689	1203.673909219487	709.815878803424	-841.484931997027	283.970616244342	
0.144827586207	-0.307558641185	0.299076856079	3.034455455723	-122.001899814981	118.637358039458	1203.703232256122	709.845213756084	-841.523207831037	284.022978549225	
0.145689655172	-0.307596373252	0.299253223197	3.034479687840	-122.016867314705	118.707319082818	1203.712844615817	709.834902863808	-841.567798287972	284.106390956961	
0.146551724138	-0.307575013118	0.299385000432	3.034566149711	-122.008394208809	118.759592278703	1203.747142181067	709.853181063292	-841.596893669120	284.148819602334	
0.147413793103	-0.307556671651	0.299419388053	3.034637929903	-122.001118543392	118.773233108396	1203.775615839723	709.890413521102	-841.604629940072	284.142896672062	
0.148275862069	-0.307549233593	0.299443004569	3.034571725676	-121.998168025707	118.782601272523	1203.749354046569	709.875336683313	-841.576173990437	284.149594484478	
0.149137931034	-0.307455467666	0.299520253459	3.034540892012	-121.960973098773	118.813244246005	1203.737122994896	709.859011223029	-841.559202622413	284.156970607615	
0.150000000000	-0.307412930864	0.299565790889	3.034609577194	-121.944099664028	118.831307965298	1203.764368929700	709.872851330805	-841.556971652556	284.157583271466	
0.150862068966	-0.307493929148	0.299508196798	3.034685741264	-121.976229941668	118.808461628023	1203.794581578457	709.916560372338	-841.561914923585	284.135894272847	
0.151724137931	-0.307612631687	0.299513429841	3.034664607034	-122.023316686354	118.810537463631	1203.786198083790	709.897977424260	-841.571970719429	284.166489788689	
0.152586206897	-0.307658296677	0.299529036283	3.034737164878	-122.041431006203	118.816728203560	1203.814980220419	709.905517318283	-841.608550388193	284.190145848752	
0.153448275862	-0.307685361336	0.299491774092	3.034884099358	-122.052166974241	118.801947093564	1203.873265969458	709.938355394169	-841.647896451244	284.188371853402	
0.154310344828	-0.307727393287	0.299393109643	3.035022270396	-122.068840145373	118.762809027984	1203.928075449370	709.986132883580	-841.690406614931	284.176472107326	
0.155172413793	-0.307710976872	0.299388597539	3.035041333716	-122.062328106781	118.761019173561	1203.935637458263	709.965812523028	-841.711822322811	284.193723964777	
0.156034482759	-0.307668547693	0.299348748432	3.035154670944	-122.045497363798	118.745211889430	1203.980595899775	709.984712175749	-841.748926536851	284.183936404646	
0.156896551724	-0.307692924913	0.299218631107	3.035298038858	-122.055167282705	118.693597144543	1204.037466868596	710.027616829216	-841.782669800292	284.143897729617	
0.157758620690	-0.307744324617	0.299046843141	3.035366121280	-122.075556439890	118.625452552188	1204.064473701252	710.047636884948	-841.802341905008	284.109918759205	
0.158620689655	-0.307729793195	0.298970279600	3.035389658173	-122.069792137329	118.595081441782	1204.073810280858	710.029473101751	-841.812733403450	284.097723395662	
0.159482758621	-0.307711769130	0.298900079207	3.035519966655	-122.062642378357	118.567234455301	1204.125500853549	710.051686176048	-841.836286209904	284.082655305358	
0.160344827586	-0.307758731139	0.298795428598	3.035681677879	-122.081271197562	118.525721809124	1204.189648218892	710.105813161656	-841.865580847685	284.055717303734	
0.161206896552	-0.307826227997	0.298776819679	3.035774252069	-122.108045749658	118.518340051017	1204.226370409564	710.124016384991	-841.899529363070	284.084505625285	
0.162068965517	-0.307859710703	0.298853615025	3.035863975975	-122.121327619297	118.548803113454	1204.261961953805	710.126016327870	-841.945227177930	284.133237613489	
0.162931034483	-0.307930019284	0.298936231145	3.036039640402	-122.149217521622	118.581575151629	1204.331644254934	710.161791260208	-842.013255453237	284.186978249402	
0.163793103448	-0.308017349980	0.298940086352	3.036204505120	-122.183859730870	118.583104429558	1204.397042543791	710.224859328571	-842.069788499940	284.201478717493	
0.164655172414	-0.308048723299	0.298993359031	3.036227640557	-122.196304852141	118.604236555685	1204.406219874200	710.222813979161	-842.089523185335	284.239900656873	
0.165517241379	-0.307972994689	0.299076047981	3.036250786867	-122.166264940631	118.637037484275	1204.415401517682	710.217865393198	-842.094201231244	284.256435148178	
0.166379310345	-0.307924043361	0.299144977954	3.036319695993	-122.146847001333	118.664380522543	1204.442736286259	710.236197037633	-842.093265063731	284.263216736542	
0.167241379310	-0.307928415492	0.299112276241	3.036371789142	-122.148581331979	118.651408456260	1204.463400518382	710.281350734226	-842.081032031665	284.232455578423	
0.168103448276	-0.307963760287	0.299176273576	3.036281764104	-122.162601851998	118.676794822983	1204.427689521549	710.246467278212	-842.054023965252	284.259916849130	
0.168965517241	-0.308005981199	0.299230915203	3.036287117934	-122.179349979814	118.698469981507	1204.429813270751	710.248000439210	-842.053901172869	284.277423721582	
0.169827586207	-0.308101082654	0.299268801272	3.036369917745	-122.217074682499	118.713498570150	1204.462658175203	710.273453277854	-842.081112700998	284.302542387651	
0.170689655172	-0.308208804571	0.299238713419	3.036439554941	-122.259805650430	118.701563365947	1204.490281753685	710.314000457739	-842.105692665223	284.310527656543	
0.171551724138	-0.308227337407	0.299339750348	3.036421788803	-122.267157227926	118.741642543136	1204.483234308791	710.285099566719	-842.126352773842	284.363150583971	
0.172413793103	-0.308203905626	0.299426120123	3.036509418142	-122.257862344529	118.775903575901	1204.517994983470	710.299109695822	-842.158205200059	284.393466270036	
0.173275862069	-0.308187320212	0.299453033866	3.036618720705	-122.251283267194	118.786579678882	1204.561352959673	710.332818314551	-842.187396818249	284.395087743896	
0.174137931034	-0.308173574634	0.299436440292	3.036644905018	-122.245830691918	118.779997365054	1204.571739713713	710.346350633689	-842.191130573396	284.390943484284	
0.175000000000	-0.308125620672	0.299505334793	3.036634005759	-122.226808386256	118.807326332030	1204.567416212080	710.322763219920	-842.196027202613	284.411735108914	
0.175862068966	-0.308092759242	0.299534314815	3.036711144944	-122.213772963603	118.818822083622	1204.598015668158	710.335529448622	-842.199146631366	284.407131828296	
0.176724137931	-0.308149661088	0.299466108115	3.036789305206	-122.236344702604	118.791765952368	1204.629020163429	710.372921158124	-842.200047464870	284.373903164237	
0.177586206897	-0.308217631639	0.299415661750	3.036769196288	-122.263307158714	118.771754964184	1204.621043388213	710.369174364748	-842.184991071470	284.363913873634	
0.178448275862	-0.308243628421	0.299421831115	3.036776448894	-122.273619523025	118.774202218344	1204.623920341044	710.352944228408	-842.197895776448	284.377351517840	
0.179310344828	-0.308274407635	0.299434576619	3.036881721942	-122.285828975509	118.779258085750	1204.665679895376	710.371707644460	-842.229220945341	284.394354616246	
0.180172413793	-0.308337188057	0.299387729240	3.037015402510	-122.310732618813	118.760674738103	1204.718708102191	710.420883714823	-842.279786372989	284.399170037403	
0.181034482759	-0.308387492350	0.299424139555	3.037058647566	-122.330687250262	118.775117927016	1204.735862486151	710.420099020182	-842.321908866413	284.448658473002	
0.181896551724	-0.308361808757	0.299500392522	3.037123079609	-122.320499121152	118.805365839600	1204.761421292125	710.418586286405	-842.361814981965	284.490539389540	
0.182758620690	-0.308312782886	0.299569677174	3.037226912164	-122.301051612390	118.832849571014	1204.802609434318	710.439038509030	-842.383381875843	284.507583335661	
0.183620689655	-0.308286141221	0.299543132524	3.037303599904	-122.290483436622	118.822319879207	1204.833029811637	710.483804081594	-842.384621563683	284.480025845888	
0.184482758621	-0.308278354392	0.299573869122	3.037231974599	-122.287394569082	118.834512426787	1204.804617593236	710.458337799178	-842.355015047518	284.481244381437	
0.185344827586	-0.308254134016	0.299596579502	3.037202065791	-122.277786866561	118.843521146027	1204.792753412330	710.446112346341	-842.334928519234	284.473514927435	
0.186206896552	-0.308273302905	0.299592187429	3.037207668388	-122.285390752685	118.841778905300	1204.794975841917	710.452375973352	-842.317439610809	284.460783909576	
0.187068965517	-0.308345493177	0.299517322812	3.037254178533	-122.314027081548	118.812081721532	1204.813425416611	710.491646111302	-842.330823846873	284.448056377794	
0.187931034483	-0.308423746172	0.299547911978	3.037193228257	-122.345068361861	118.824215785812	1204.789247752565	710.462462581220	-842.337250580761	284.489915665257	
0.188793103448	-0.308448664642	0.299594742832	3.037237094732	-122.354952983121	118.842792578858	1204.806648639813	710.464572985282	-842.365529539649	284.521501651308	
0.189655172414	-0.308456475314	0.299628365633	3.037301523806	-122.358051309024	118.856130020959	1204.832206268267	710.480119559927	-842.385005269848	284.532291484256	
0.190517241379	-0.308481175813	0.299584077533	3.037362756283	-122.367849465796	118.838561883806	1204.856495875114	710.516302731544	-842.407790049478	284.523217007506	
0.191379310345	-0.308440713794	0.299619107646	3.037289210213	-122.351799052965	118.852457576599	1204.827321730793	710.478391486602	-842.404046729503	284.540029305235	
0.192241379310	-0.308338504682	0.299646663876	3.037307659046	-122.311254895577	118.863388540438	1204.834639986254	710.475330452778	-842.404990785829	284.537361500508	
0.193103448276	-0.308274440820	0.299641374321	3.037326653922	-122.285842139296	118.861290287564	1204.842174844923	710.485488320487	-842.392808491448	284.517410733504	
0.193965517241	-0.308271010850	0.299578865878	3.037336166149	-122.284481543817	118.836494532482	1204.845948140816	710.508685372483	-842.382377106719	284.493558966196	
0.194827586207	-0.308293310774	0.299574772453	3.037227123119	-122.293327444353	118.834870758816	1204.802693115634	710.467398688082	-842.352540683179	284.494011518537	
0.195689655172	-0.308284217202	0.299548107610	3.037239206520	-122.289720219552	118.824293388704	1204.807486340924	710.466793767056	-842.340412774356	284.473137717810	
0.196551724138	-0.308345249765	0.299465350378	3.037262936349	-122.313930524978	118.791465374556	1204.816899453876	710.482694478246	-842.335942364551	284.441629944418	
0.197413793103	-0.308425655527	0.299374948311	3.037294314241	-122.345825762135	118.755604818102	1204.829346389043	710.500123401394	-842.357336057812	284.437194165693	
0.198275862069	-0.308436662836	0.299359991920	3.037267250153	-122.350192124653	118.749671939414	1204.818610647052	710.472951490047	-842.380584550473	284.456325931444	
0.199137931034	-0.308391084921	0.299381105654	3.037388240424	-122.332112345965	118.758047303786	1204.866604886091	710.490711588545	-842.429646633546	284.479514955211	
0.200000000000	-0.308361981297	0.299346672190	3.037495701683	-122.320567564301	118.744388288912	1204.909232456902	710.527033839152	-842.460024733423	284.470297442158	
0.200862068966	-0.308343432276	0.299361177586	3.037526488021	-122.313209566143	118.750142267745	1204.921444735344	710.527394423704	-842.474887966458	284.488554740550	
0.201724137931	-0.308278117704	0.299362977243	3.037502926224	-122.287300680198	118.750856153124	1204.912098276880	710.513869693989	-842.457804592943	284.466353067042	
0.202586206897	-0.308237428977	0.299347055401	3.037565647958	-122.271160336737	118.744540300681	1204.936978640053	710.522676283139	-842.448397559858	284.437673163789	
0.203448275862	-0.308272248554	0.299228606050	3.037606124637	-122.284972514317	118.697553990064	1204.953034868212	710.556553348834	-842.429995276011	284.380832817693	
0.204310344828	-0.308322872910	0.299218010481	3.037561884208	-122.305054107795	118.693350955624	1204.935485641640	710.528964804591	-842.423729461573	284.397060689061	
0.205172413793	-0.308339362249	0.299229640654	3.037611438543	-122.311595073974	118.697964395282	1204.955142780496	710.538379332248	-842.446055882315	284.409930525015	
0.206034482759	-0.308391374002	0.299275886790	3.037743897876	-122.332227018216	118.716309242924	1205.007686550048	710.563823248842	-842.490937627142	284.444823290540	
0.206896551724	-0.308462134093	0.299300299232	3.037882525782	-122.360296024851	118.725993133666	1205.062677259339	710.611375243291	-842.539384459540	284.474696229520	
0.207758620690	-0.308487070801	0.299433154589	3.037887107085	-122.370187880607	118.778693997326	1205.064494563753	710.586978603742	-842.563911107854	284.536770343286	
0.208620689655	-0.308460157873	0.299534301309	3.038008203350	-122.359512101002	118.818816726303	1205.112530848240	710.612947865774	-842.600136881051	284.560565465098	
0.209482758621	-0.308446215234	0.299571622489	3.038117567609	-122.353981355856	118.833621235897	1205.155913298386	710.643243068555	-842.618725999419	284.555112303684	
0.210344827586	-0.308443728692	0.299593951332	3.038177193686	-122.352994998080	118.842478607637	1205.179565681010	710.664463616403	-842.624322518233	284.559717712015	
0.211206896552	-0.308413717414	0.299678689646	3.038132255459	-122.341090169113	118.876092474653	1205.161739652660	710.636059136761	-842.615093268411	284.582776872158	
0.212068965517	-0.308412503352	0.299744217914	3.038215437959	-122.340608576859	118.902086129726	1205.194736361842	710.657095906451	-842.629150535894	284.599322059928	
0.212931034483	-0.308480596308	0.299718642771	3.038268211411	-122.367619588594	118.891941020571	1205.215670455419	710.691737634933	-842.627399633214	284.584970014416	
0.213793103448	-0.308527889982	0.299769096931	3.038254484192	-122.386379972044	118.911955100922	1205.210225162699	710.684930815527	-842.619726824189	284.615007228643	
0.214655172414	-0.308561870344	0.299859512783	3.038229614612	-122.399859250908	118.947821124995	1205.200359935058	710.671628541857	-842.619107050662	284.646950939204	
0.215517241379	-0.308612893333	0.299947246613	3.038334190669	-122.420098973742	118.982623248964	1205.241843008439	710.695270337653	-842.651819630212	284.680979370989	
0.216379310345	-0.308701891089	0.299921767364	3.038423077470	-122.455402469938	118.972516178712	1205.277102491210	710.744018478238	-842.680700046883	284.675786030626	
0.217241379310	-0.308749334587	0.299995454248	3.038407911179	-122.474222285305	119.001746181416	1205.271086349687	710.721420726683	-842.704529451103	284.727097078201	
0.218103448276	-0.308717287258	0.300055397090	3.038438789922	-122.461509799041	119.025524217972	1205.283335283147	710.723777032220	-842.729047686046	284.750650036218	
0.218965517241	-0.308698163927	0.300073980730	3.038501937539	-122.453923984711	119.032895948278	1205.308384584891	710.738954473821	-842.744493790512	284.755457126378	
0.219827586207	-0.308670512079	0.299985510302	3.038508106757	-122.442955091143	118.997801631892	1205.310831780855	710.768413300392	-842.723526534262	284.710348425408	
0.220689655172	-0.308637246634	0.299994826683	3.038383235307	-122.429759404633	119.001497239624	1205.261297961805	710.719492672896	-842.685457506862	284.710589423986	
0.221551724138	-0.308592951386	0.299998010820	3.038375570533	-122.412188432089	119.002760318417	1205.258257510861	710.720154537700	-842.662417008248	284.693795474532	
0.222413793103	-0.308625373047	0.299961160969	3.038392038296	-122.425049407801	118.988142774733	1205.264789918111	710.734166624836	-842.649535313756	284.672045989238	
0.223275862069	-0.308725828466	0.299909393313	3.038400298119	-122.464897912558	118.967607658729	1205.268066412544	710.751294943086	-842.659417246982	284.674582346894	
0.224137931034	-0.308813128219	0.299926889011	3.038346751336	-122.499527847468	118.974547826124	1205.246825554992	710.720365922923	-842.680886576429	284.710578374388	
0.225000000000	-0.308826039569	0.299982121438	3.038439537379	-122.504649502227	118.996457342166	1205.283631783119	710.736103035107	-842.727074482189	284.749922443907	
0.225862068966	-0.308816279659	0.299964776733	3.038500140265	-122.500777955816	118.989577070882	1205.307671644912	710.759404307903	-842.750607571906	284.747515727052	
0.226724137931	-0.308772037315	0.299995911086	3.038517413057	-122.483227969420	119.001927399059	1205.314523389987	710.761176898293	-842.764956609622	284.768970943029	
0.227586206897	-0.308685363535	0.300058012210	3.038456651756	-122.448846344697	119.026561579580	1205.290420688593	710.729853346401	-842.755576127693	284.779261700673	
0.228448275862	-0.308587880538	0.300122847823	3.038502934756	-122.410176935536	119.052280473481	1205.308780159332	710.738067097625	-842.749576959843	284.777226379520	
0.229310344828	-0.308555594227	0.300099571649	3.038516381356	-122.397369650267	119.043047315725	1205.314114136523	710.760515002015	-842.729644143489	284.743626467553	
0.230172413793	-0.308587463194	0.300147341700	3.038469471069	-122.410011384257	119.061996667683	1205.295505834223	710.746141015996	-842.712185257278	284.762392721253	
0.231034482759	-0.308615782686	0.300186313540	3.038406383967	-122.421245117885	119.077455958501	1205.270480537242	710.723464700900	-842.695901212525	284.769803866424	
0.231896551724	-0.308642002497	0.300215664327	3.038429595118	-122.431645953032	119.089098784758	1205.279687901867	710.730784295217	-842.689144133012	284.769120561169	
0.232758620690	-0.308716387936	0.300133185879	3.038444915363	-122.461153057165	119.056381357798	1205.285765113555	710.758284022947	-842.688986784803	284.741611002266	
0.233620689655	-0.308769173963	0.300131282366	3.038395496118	-122.482092139275	119.055626275076	1205.266161561854	710.733879686181	-842.695355593169	284.765277792965	
0.234482758621	-0.308756638162	0.300112273298	3.038380724508	-122.477119456399	119.048085786699	1205.260301981879	710.722425274544	-842.709798162809	284.767688887245	
0.235344827586	-0.308720034469	0.300089330358	3.038439641515	-122.462599558626	119.038984815511	1205.283673091731	710.732151212866	-842.729328078120	284.762054651666	
0.236206896552	-0.308711299743	0.299967904688	3.038484396983	-122.459134680729	118.990817863167	1205.301426623252	710.764882889289	-842.741855474445	284.724897685212	
0.237068965517	-0.308683595861	0.299935295927	3.038416943885	-122.448145146270	118.977882668786	1205.274669429665	710.729444536653	-842.731993863092	284.726008604478	
0.237931034483	-0.308583001493	0.299875613340	3.038389519057	-122.408241523649	118.954207869763	1205.263790590164	710.719913627376	-842.709749938840	284.687973710262	
0.238793103448	-0.308529049891	0.299797891504	3.038393219194	-122.386840083068	118.923377288629	1205.265258355207	710.722102585492	-842.681199471570	284.641708182902	
0.239655172414	-0.308538771917	0.299640851648	3.038400274450	-122.390696601553	118.861082954771	1205.268057023355	710.748904748497	-842.660169364897	284.583738446954	
0.240517241379	-0.308560704412	0.299589983671	3.038321907679	-122.399396750950	118.840904721873	1205.236970610458	710.710161665712	-842.644112189984	284.582751045589	
0.241379310345	-0.308588217457	0.299528408531	3.038362160573	-122.410310584147	118.816479187699	1205.252938067780	710.717893670010	-842.660519368559	284.575154064217	
0.242241379310	-0.308656378836	0.299463395053	3.038455338581	-122.437348737618	118.790689738880	1205.289899780058	710.740015853151	-842.697283350815	284.575264316699	
0.243103448276	-0.308722793564	0.299366958217	3.038549644233	-122.463694032316	118.752435319807	1205.327308804529	710.781340583629	-842.735988865029	284.571490650206	
0.243965517241	-0.308705088539	0.299379859165	3.038526804565	-122.456670829498	118.757552848527	1205.318248799253	710.749913845778	-842.753521521983	284.597540087008	
0.244827586207	-0.308621570440	0.299376607158	3.038598407411	-122.423540995399	118.756262847302	1205.346652108568	710.763867472063	-842.769510214918	284.588477259175	
0.245689655172	-0.308578520353	0.299328400211	3.038649989511	-122.406463951489	118.737140187746	1205.367113618868	710.781834924733	-842.767043088973	284.556055558169	
0.246551724138	-0.308544095181	0.299253240027	3.038679190406	-122.392808225960	118.707325759112	1205.378696985849	710.806072548477	-842.757778661660	284.522766884715	
0.247413793103	-0.308531411212	0.299232320717	3.038597121040	-122.387776768316	118.699027518494	1205.346141833074	710.767382041856	-842.733780525372	284.514568929273	
0.248275862069	-0.308551726431	0.299188274130	3.038648858683	-122.395835378796	118.681555184398	1205.366665043621	710.780775016353	-842.736617268128	284.497869305427	
0.249137931034	-0.308636258581	0.299091939571	3.038692534652	-122.429367465060	118.643341336555	1205.383990361319	710.803093636562	-842.739505024824	284.469990151181	
0.250000000000	-0.308710106643	0.299029084579	3.038722515657	-122.458661403345	118.618408112746	1205.395883181465	710.820832940427	-842.748055648376	284.469187943960	
0.250862068966	-0.308739203344	0.299053304548	3.038697998037	-122.470203438950	118.628015653596	1205.386157568574	710.793482901123	-842.763280314371	284.498531490816	
0.251724137931	-0.308743751911	0.299105685029	3.038809699559	-122.472007757701	118.648793863909	1205.430467160640	710.815148966522	-842.802246894223	284.525818920854	
0.252586206897	-0.308753732093	0.299118683116	3.038906350673	-122.475966681334	118.653949925747	1205.468806579531	710.848993513775	-842.834754348407	284.532698411647	
0.253448275862	-0.308751132895	0.299192180719	3.038956500782	-122.474935635643	118.683104844478	1205.488700049281	710.860386349536	-842.861510594926	284.571251082338	
0.254310344828	-0.308729347606	0.299283042182	3.038942110484	-122.466293879660	118.719147633190	1205.482991727438	710.839775534649	-842.873970909427	284.603024634575	
0.255172413793	-0.308705567463	0.299352090983	3.039012081151	-122.456860808423	118.746537807810	1205.510747586716	710.854620519469	-842.882201738481	284.611768478687	
0.256034482759	-0.308699271155	0.299321483172	3.039025275702	-122.454363198211	118.734396347192	1205.515981581183	710.879462938139	-842.861179124220	284.576273235915	
0.256896551724	-0.308709340570	0.299359311938	3.038962663818	-122.458357518920	118.749402205161	1205.491144793313	710.863034752063	-842.831484639579	284.584597953692	
0.257758620690	-0.308709851180	0.299409960512	3.038892848492	-122.458560066979	118.769493405447	1205.463450554618	710.837843985405	-842.810204706038	284.593812341541	
0.258620689655	-0.308726887054	0.299474519356	3.038927719309	-122.465317831837	118.795102510968	1205.477283057941	710.846684535292	-842.810407068781	284.606960609479	
0.259482758621	-0.308810617921	0.299471885712	3.038975668627	-122.498532066243	118.794057800738	1205.496303521188	710.880843683539	-842.829196809365	284.613980379151	
0.260344827586	-0.308895840006	0.299575494780	3.038958696958	-122.532337835095	118.835157290273	1205.489571224974	710.864272086270	-842.854755762483	284.679641261527	
0.261206896552	-0.308929590107	0.299664390838	3.038971525924	-122.545725774198	118.870420445263	1205.494660200152	710.858033217555	-842.884587121947	284.722041170024	
0.262068965517	-0.308913240500	0.299741241124	3.039030150001	-122.539240236917	118.900905301280	1205.517915111012	710.868166696053	-842.902568671667	284.739941335001	
0.262931034483	-0.308895555441	0.299714095990	3.039052504729	-122.532224954277	118.890137410080	1205.526782750684	710.897025489967	-842.900407400768	284.716074999472	
0.263793103448	-0.308854105522	0.299778796270	3.038957890162	-122.515782662549	118.915802620216	1205.489251186483	710.856340640888	-842.879763625723	284.735500020212	
0.264655172414	-0.308757664072	0.299822399821	3.038914401289	-122.477526412850	118.933099211239	1205.472000085523	710.842913891243	-842.857126650540	284.725468577317	
0.265517241379	-0.308719994714	0.299864211862	3.038911182369	-122.462583788703	118.949685148762	1205.470723209221	710.842555385535	-842.836132689893	284.717955523496	
0.266379310345	-0.308756831357	0.299842167935	3.038914485797	-122.477196092770	118.940940796971	1205.472033608023	710.867320993503	-842.827218803074	284.707175666444	
0.267241379310	-0.308819578335	0.299921142998	3.038815509063	-122.502086469979	118.972268506324	1205.432771665907	710.822931476915	-842.814023601695	284.748293612017	
0.268103448276	-0.308836477585	0.299987147747	3.038822030154	-122.508790039057	118.998451171072	1205.435358442422	710.822444629974	-842.818232570658	284.766883536843	
0.268965517241	-0.308872659207	0.300044070221	3.038861284483	-122.523142510504	119.021031092345	1205.450929790875	710.831250020974	-842.828372559913	284.781679047801	
0.269827586207	-0.308918646583	0.300062934165	3.038909851654	-122.541384713614	119.028514013491	1205.470195343081	710.860173601419	-842.849810537960	284.796035838225	
0.270689655172	-0.308893391906	0.300175936887	3.038848793446	-122.531366726293	119.073339763414	1205.445974864958	710.818187733263	-842.858180282866	284.843010692663	
0.271551724138	-0.308827697076	0.300265479874	3.038897115750	-122.505306999881	119.108859540879	1205.465143283815	710.825837173776	-842.878130116118	284.863519168989	
0.272413793103	-0.308799529242	0.300298092301	3.038929709252	-122.494133425679	119.121796189572	1205.478072425458	710.836002862856	-842.883064550894	284.861122380576	
0.273275862069	-0.308792935930	0.300285461358	3.038927750871	-122.491518000699	119.116785765926	1205.477295577666	710.851380801774	-842.874826269177	284.853506784530	
0.274137931034	-0.308751189357	0.300308968821	3.038794819903	-122.474958032663	119.126110671154	1205.424564721084	710.799705756965	-842.833180634389	284.849486856128	
0.275000000000	-0.308705295283	0.300310055270	3.038784343145	-122.456752840284	119.126541642057	1205.420408816301	710.799279950733	-842.805987476569	284.827675704031	
0.275862068966	-0.308731454607	0.300253436994	3.038769010087	-122.467129681691	119.104082389358	1205.414326521852	710.807923537507	-842.780480728109	284.793141808636	
0.276724137931	-0.308776572991	0.300225307624	3.038752102206	-122.485027174728	119.092924073136	1205.407619529191	710.815282292745	-842.771953506242	284.793101134445	
0.277586206897	-0.308810550333	0.300262568042	3.038685773600	-122.498505255485	119.107704479833	1205.381308397512	710.780539822321	-842.778459427621	284.824144442514	
0.278448275862	-0.308834599009	0.300308965906	3.038762932603	-122.508044848120	119.126109514937	1205.411915714723	710.797039993750	-842.814230158554	284.853605639029	
0.279310344828	-0.308874316124	0.300285388458	3.038825699066	-122.523799773714	119.116756848142	1205.436813820936	710.823064716637	-842.845121725006	284.856582959445	
0.280172413793	-0.308859228175	0.300292954974	3.038819966538	-122.517814708978	119.119758322250	1205.434539850473	710.822660852027	-842.850297783319	284.870094381924	
0.281034482759	-0.308781672601	0.300302819779	3.038748002720	-122.487050080074	119.123671478586	1205.405993351108	710.789302037658	-842.834427540866	284.863136784132	
0.281896551724	-0.308705344543	0.300292786322	3.038774313156	-122.456772380721	119.119691421930	1205.416430135431	710.794152802922	-842.821502500718	284.837416045227	
0.282758620690	-0.308667844780	0.300187291152	3.038769198462	-122.441897031024	119.077843756073	1205.414401246187	710.813347578356	-842.792394061137	284.776137939377	
0.283620689655	-0.308663318196	0.300160424006	3.038710804197	-122.440101432594	119.067186137123	1205.391237496809	710.796283923121	-842.767120393010	284.769967520519	
0.284482758621	-0.308671723177	0.300142191292	3.038655814746	-122.443435507636	119.059953611570	1205.369424364243	710.773214115897	-842.755716692417	284.767098137129	
0.285344827586	-0.308721957466	0.300125700143	3.038708912874	-122.463362370330	119.053411927147	1205.390487249965	710.784872240437	-842.766637581817	284.767842451550	
0.286206896552	-0.308793663311	0.300028366117	3.038753880083	-122.491806536964	119.014801612116	1205.408324774789	710.817671019826	-842.777408436211	284.744173780227	
0.287068965517	-0.308839609417	0.300029467146	3.038720689341	-122.510032369330	119.015238366560	1205.395158720924	710.797728575624	-842.783422109329	284.769082953604	
0.287931034483	-0.308834947948	0.300023131042	3.038729773224	-122.508183264632	119.012724970468	1205.398762102073	710.789932680165	-842.802503038884	284.776803193174	
0.288793103448	-0.308802529020	0.300017012074	3.038797129732	-122.495323373136	119.010297707271	1205.425480980722	710.802651648602	-842.819046763103	284.771175136998	
0.289655172414	-0.308790278358	0.299928785403	3.038849297837	-122.490463798911	118.975300083991	1205.446174946043	710.838071281077	-842.830568206226	284.739796294713	
0.290517241379	-0.308761062926	0.299942851268	3.038787512044	-122.478874665283	118.980879710389	1205.421665850341	710.806084862871	-842.825139036361	284.756929824632	
0.291379310345	-0.308710650910	0.299928648266	3.038772813445	-122.458877302383	118.975245684854	1205.415835232160	710.799567824021	-842.818439525096	284.744766226934	
0.292241379310	-0.308678468206	0.299896005288	3.038773839021	-122.446111115848	118.962296917203	1205.416242056141	710.802191312872	-842.794541892665	284.715603072840	
0.293103448276	-0.308693265422	0.299791812832	3.038764760880	-122.451980853118	118.920966010118	1205.412640952762	710.827323712078	-842.768753641468	284.670856391078	
0.293965517241	-0.308723450394	0.299789714093	3.038659626360	-122.463954582440	118.920133485595	1205.370936349505	710.784640749923	-842.742615920725	284.679309139318	
0.294827586207	-0.308739760130	0.299780475151	3.038679448362	-122.470424304214	118.916468595868	1205.378799311387	710.786641791395	-842.749834391050	284.678496325846	
0.295689655172	-0.308797701162	0.299770918616	3.038746282546	-122.493408265708	118.912677724022	1205.405310995230	710.803127165085	-842.774984157406	284.684369256500	
0.296551724138	-0.308870059563	0.299737716458	3.038834029347	-122.522111287404	118.899507141884	1205.440118264535	710.841672702500	-842.817461525212	284.699141643555	
0.297413793103	-0.308885209401	0.299813678407	3.038816894084	-122.528120902537	118.929639613894	1205.433321074149	710.810734462051	-842.849649819491	284.754378169824	
0.298275862069	-0.308819518212	0.299864200185	3.038890537883	-122.502062620380	118.949680516726	1205.462533985543	710.822647134303	-842.873810098180	284.766808515127	
0.299137931034	-0.308761372064	0.299867474100	3.038938288036	-122.478997293587	118.950979208550	1205.481475444404	710.837197069911	-842.873210944634	284.747829760731	
0.300000000000	-0.308734523326	0.299834244876	3.038948159844	-122.468346976668	118.937797889575	1205.485391378683	710.857284238172	-842.857163859124	284.725138592139	
0.300862068966	-0.308689586777	0.299848569790	3.038841420933	-122.450521613656	118.943480275133	1205.443050347529	710.812806803904	-842.820835054058	284.717386382502	
0.301724137931	-0.308668805446	0.299839759653	3.038865147697	-122.442278106833	118.939985483375	1205.452462244566	710.820078648156	-842.808548229191	284.698933563258	
0.302586206897	-0.308738161717	0.299778782933	3.038887744446	-122.469790247933	118.915797329396	1205.461425889332	710.838590243061	-842.804565648737	284.676458134687	
0.303448275862	-0.308833640156	0.299744693226	3.038904358633	-122.507664491855	118.902274675838	1205.468016379818	710.854823966720	-842.817434000809	284.691200077459	
0.304310344828	-0.308878428611	0.299768022265	3.038847991834	-122.525431109039	118.911528803738	1205.445656882648	710.822750488460	-842.826440461830	284.721601943558	
0.305172413793	-0.308876634144	0.299794202596	3.038922048110	-122.524719282322	118.921913978472	1205.475033415061	710.837943682900	-842.852766762151	284.736840022465	
0.306034482759	-0.308894365804	0.299762717268	3.038983696028	-122.531753050768	118.909424425544	1205.499487818667	710.865113227043	-842.875631264171	284.730620819438	
0.306896551724	-0.308871759367	0.299778424827	3.038990348897	-122.522785563344	118.915655276496	1205.502126868878	710.868419923053	-842.883858446038	284.746346357261	
0.307758620690	-0.308803869332	0.299810805378	3.038946169487	-122.495855046093	118.928499944993	1205.484601846778	710.840744298430	-842.882935527716	284.753542379031	
0.308620689655	-0.308758538745	0.299830112555	3.039001826128	-122.477873376765	118.936158686971	1205.506679639262	710.852432748215	-842.888183433554	284.747515935864	
0.309482758621	-0.308765422434	0.299760261061	3.039023090240	-122.480603988306	118.908450101183	1205.515114655478	710.877936731574	-842.878651877896	284.710802906645	
0.310344827586	-0.308766180691	0.299759873835	3.038962179581	-122.480904772557	118.908296496941	1205.490952706613	710.861165335039	-842.853047889292	284.713719517757	
0.311206896552	-0.308742936328	0.299758934755	3.038886962463	-122.471684233801	118.907923984271	1205.461115693504	710.834340426387	-842.826086687242	284.703257602815	
0.312068965517	-0.308754888934	0.299767220387	3.038920213301	-122.476425575372	118.911210716221	1205.474305585630	710.841520734310	-842.822182687079	284.698633342424	
0.312931034483	-0.308822337642	0.299704591338	3.038954989529	-122.503181027509	118.886367119115	1205.488100567649	710.872227767048	-842.828807939291	284.681602425593	
0.313793103448	-0.308872937887	0.299750369069	3.038927215938	-122.523253056644	118.904526160793	1205.477083381268	710.852510001405	-842.842598815552	284.722921847285	
0.314655172414	-0.308888689546	0.299799393748	3.038951730649	-122.529501401271	118.923973196816	1205.486807839935	710.847642244411	-842.876641761275	284.754879980958	
0.315517241379	-0.308896216966	0.299855419265	3.039036183884	-122.532487366795	118.946197314678	1205.520308622465	710.863181947958	-842.909139755632	284.778783441348	
0.316379310345	-0.308885088562	0.299825099886	3.039085918870	-122.528072968128	118.934170268930	1205.540037422163	710.896849674930	-842.920425982920	284.763042530706	
0.317241379310	-0.308822307701	0.299888777063	3.039003935786	-122.503169150729	118.959429635671	1205.507516495297	710.859023995021	-842.900948826386	284.781045891065	
0.318103448276	-0.308741699775	0.299913935207	3.038965352585	-122.471193719688	118.969409330687	1205.492211369289	710.846695053224	-842.877872033697	284.764429528364	
0.318965517241	-0.308698551999	0.299920753074	3.038955093472	-122.454077924707	118.972113831698	1205.488141799523	710.845648336825	-842.849734174267	284.739841058415	
0.319827586207	-0.308720582897	0.299856211063	3.038939464654	-122.462817108250	118.946511403678	1205.481942183797	710.868538603155	-842.825489896938	284.707063615702	
0.320689655172	-0.308764863652	0.299896248480	3.038841973421	-122.480382331524	118.962393386417	1205.443269507787	710.825599722788	-842.810467087993	284.734414395376	
0.321551724138	-0.308811074979	0.299927997054	3.038864947991	-122.498713371227	118.974987362831	1205.452383025679	710.828812318345	-842.825998388362	284.752615824033	
0.322413793103	-0.308877895655	0.299953882818	3.038914253104	-122.525219696657	118.985255688767	1205.471941303958	710.840810672243	-842.844091817882	284.766434734152	
0.323275862069	-0.308913820711	0.299947348290	3.038960210913	-122.539470393789	118.982663582059	1205.490171778522	710.870525589289	-842.863611844271	284.773422179362	
0.324137931034	-0.308904469964	0.300029480607	3.038892409429	-122.535761153536	119.015243706419	1205.463276387466	710.828917818695	-842.870136735257	284.813776913352	
0.325000000000	-0.308826185845	0.300090448670	3.038933718980	-122.504707526926	119.039428425929	1205.479662998288	710.834806224946	-842.882861377080	284.821195876472	
0.325862068966	-0.308773241879	0.300106494133	3.038959543898	-122.483705794000	119.045793316111	1205.489907188024	710.844492204196	-842.878863224645	284.806507467644	
0.326724137931	-0.308761087328	0.300086706119	3.038958665394	-122.478884344943	119.037943836586	1205.489558704225	710.861627284229	-842.867477054160	284.793368499564	
0.327586206897	-0.308745694099	0.300110731043	3.038846866402	-122.472778181982	119.047474007257	1205.445210448055	710.815022008492	-842.838769368801	284.796313926900	
0.328448275862	-0.308740607660	0.300101897332	3.038845697449	-122.470760500897	119.043969864010	1205.444746749524	710.816984046046	-842.819095678394	284.776716427790	
0.329310344828	-0.308774066733	0.300030518382	3.038829513571	-122.484032995712	119.015655369233	1205.438326953172	710.825540920955	-842.793636848188	284.736261310281	
0.330172413793	-0.308827616775	0.299979371620	3.038805906704	-122.505275146236	118.995366548461	1205.428962616726	710.831876328682	-842.783359556085	284.730032144964	
0.331034482759	-0.308858482423	0.299987324329	3.038729570867	-122.517518884979	118.998521217246	1205.398681831440	710.793587997964	-842.784221684037	284.749915660111	
0.331896551724	-0.308857082511	0.300005909609	3.038803713690	-122.516963570106	119.005893598204	1205.428092694940	710.806052815184	-842.815815793414	284.766457752063	
0.332758620690	-0.308890552867	0.299976233826	3.038876924531	-122.530240540396	118.994121853279	1205.457133861453	710.833665367914	-842.851037399992	284.770769849632	
0.333620689655	-0.308892959628	0.299995938759	3.038900857787	-122.531195251057	119.001938376504	1205.466627669409	710.838393668699	-842.873990517760	284.800448450134	
0.334482758621	-0.308832028077	0.300036365789	3.038866828669	-122.507025014690	119.017974910110	1205.453129050003	710.811061823338	-842.879099480579	284.815500821147	
0.335344827586	-0.308742385734	0.300064423574	3.038910553030	-122.471465824745	119.029104830044	1205.470473563883	710.818954131520	-842.869881185474	284.800644536920	
0.336206896552	-0.308704172060	0.300007438779	3.038920199753	-122.456307282021	119.006500187088	1205.474300211773	710.841283009017	-842.846297372452	284.755731194694	
0.337068965517	-0.308683834681	0.300019221031	3.038854101509	-122.448239881205	119.011173953045	1205.448080459522	710.824165912783	-842.813722006515	284.755191497404	
0.337931034483	-0.308671647870	0.300028031317	3.038784817356	-122.443405635262	119.014668804028	1205.420596925868	710.799054143164	-842.790642025773	284.750459099847	
0.338793103448	-0.308707262723	0.300039565220	3.038833067681	-122.457533281378	119.019244055323	1205.439736792258	710.810446519396	-842.798946410200	284.755039569010	
0.339655172414	-0.308816159956	0.299964812309	3.038877352505	-122.500730472441	118.989591182901	1205.457303629717	710.845407107797	-842.814775306511	284.745365383920	
0.340517241379	-0.308892245383	0.299982358559	3.038852242644	-122.530911925377	118.996551402909	1205.447343087612	710.827902731777	-842.830905081886	284.783788646872	
0.341379310345	-0.308883452483	0.299990140901	3.038858885789	-122.527423971000	118.999638490995	1205.449978280384	710.820134296135	-842.849185345775	284.794526705772	
0.342241379310	-0.308863975709	0.299995339027	3.038929905557	-122.519697953392	119.001700475801	1205.478150295215	710.833553142246	-842.868513941824	284.793800986659	
0.343103448276	-0.308837107398	0.299915116217	3.038980764666	-122.509039872281	118.969877811886	1205.498325010426	710.868624366292	-842.877322727873	284.762179410695	
0.343965517241	-0.308787894735	0.299921476910	3.038914102804	-122.489518267073	118.972400962186	1205.471881682901	710.835681417258	-842.865311697808	284.769347819263	
0.344827586207	-0.308723386622	0.299892964617	3.038909085549	-122.463929285452	118.961090748459	1205.469891445893	710.830486851532	-842.859928270569	284.749814323082	
0.345689655172	-0.308717054858	0.299836630376	3.038930591385	-122.461417611059	118.938744166153	1205.478422348476	710.837786197833	-842.847813224185	284.720603420899	
0.346551724138	-0.308770070512	0.299692642949	3.038933973943	-122.482447780836	118.881627450218	1205.479764136630	710.866887912894	-842.830270553520	284.673573808328	
0.347413793103	-0.308790717216	0.299639832293	3.038827632855	-122.490637884483	118.860678598269	1205.437580913517	710.824041771178	-842.801470170298	284.665819699259	
0.348275862069	-0.308811134618	0.299571881469	3.038836130090	-122.498737028796	118.833723967625	1205.440951583783	710.826020572353	-842.801239694593	284.646369763818	
0.349137931034	-0.308862271937	0.299509792898	3.038883617458	-122.519022103544	118.809094766495	1205.459788801835	710.839808558144	-842.815176805148	284.634615410203	
0.350000000000	-0.308903865122	0.299429310745	3.038939238915	-122.535521225734	118.777169226941	1205.481852637953	710.873759881258	-842.841036012220	284.629583635115	
0.350862068966	-0.308906655316	0.299458563581	3.038895751392	-122.536628035781	118.788773197915	1205.464602072570	710.838956390921	-842.863543769845	284.668383028845	
0.351724137931	-0.308861724810	0.299475919371	3.038958555272	-122.518805070399	118.795657866510	1205.489515021188	710.849937936672	-842.892654745597	284.680194423966	
0.352586206897	-0.308837100176	0.299455961644	3.038991822452	-122.509037007210	118.787741065616	1205.502711396370	710.863354618427	-842.896341377560	284.666028822318	
0.353448275862	-0.308787440475	0.299402619583	3.038973994759	-122.489338071661	118.766581416714	1205.495639533658	710.878025189694	-842.871190917659	284.635235034144	
0.354310344828	-0.308727833185	0.299412039366	3.038849690449	-122.465693141406	118.770318042359	1205.446330686704	710.829171403188	-842.830796938691	284.624424013459	
0.355172413793	-0.308689667143	0.299407082375	3.038847386705	-122.450553493444	118.768351710436	1205.445416841220	710.830442068157	-842.806332471393	284.599877246565	
0.356034482759	-0.308718359286	0.299364214591	3.038847382456	-122.461935049436	118.751346982320	1205.445415155475	710.842520320762	-842.789389721861	284.571840179177	
0.356896551724	-0.308783521806	0.299353781575	3.038849127198	-122.487783620211	118.747208429291	1205.446107257355	710.854136426026	-842.794239206957	284.584060917637	
0.357758620690	-0.308848222803	0.299402177885	3.038799978652	-122.513449114309	118.766406204861	1205.426611085979	710.821346907375	-842.810166086886	284.623857733316	
0.358620689655	-0.308886736407	0.299455688477	3.038891437850	-122.528726633134	118.787632705872	1205.462890982955	710.837667011595	-842.850116732811	284.654809605407	
0.359482758621	-0.308910075551	0.299444119921	3.038950244172	-122.537984769628	118.783043708449	1205.486218186587	710.862671685120	-842.869451753819	284.650293040043	
0.360344827586	-0.308894978893	0.299473057822	3.038962507083	-122.531996249785	118.794522751768	1205.491082619547	710.864733461350	-842.879459696549	284.667515613353	
0.361206896552	-0.308831030113	0.299518845985	3.038917684628	-122.506629143933	118.812685931429	1205.473302515737	710.835130738396	-842.876077819710	284.674444973055	
0.362068965517	-0.308767848762	0.299557429611	3.038970463603	-122.481566460359	118.827991226122	1205.494238800311	710.843903651927	-842.876604586463	284.666908192812	
0.362931034483	-0.308745368250	0.299516983262	3.038990935454	-122.472648924781	118.811947029115	1205.502359543117	710.867635767885	-842.865524827424	284.634905334876	
0.363793103448	-0.308759435189	0.299545104531	3.038938925800	-122.478228977175	118.823102132071	1205.481728431822	710.852084414119	-842.848136397688	284.650076626070	
0.364655172414	-0.308769289687	0.299578984321	3.038878163983	-122.482138044446	118.836541516403	1205.457625525587	710.826778400963	-842.834007923284	284.660366744193	
0.365517241379	-0.308776046064	0.299619472776	3.038905499344	-122.484818154072	118.852602415700	1205.468468875325	710.832403298351	-842.826602125145	284.662633755050	
0.366379310345	-0.308842674700	0.299585267716	3.038930724421	-122.511248301077	118.839034004012	1205.478475121239	710.861430794901	-842.826975072385	284.650610917181	
0.367241379310	-0.308887410462	0.299663137497	3.038897646053	-122.528994015962	118.869923271724	1205.465353643936	710.840041209317	-842.835801756048	284.697019016711	
0.368103448276	-0.308886330669	0.299750540332	3.038913618827	-122.528565685230	118.904594097016	1205.471689699963	710.832504254755	-842.861499013526	284.733093997365	
0.368965517241	-0.308874764518	0.299854987406	3.039004862703	-122.523977642002	118.946026005298	1205.507884183304	710.847916683825	-842.896174023601	284.767999225692	
0.369827586207	-0.308875564038	0.299877958412	3.039072633822	-122.524294794484	118.955138109741	1205.534767529257	710.885299259989	-842.920030225054	284.775949169160	
0.370689655172	-0.308848572683	0.299984297984	3.039013989379	-122.513587904429	118.997320731278	1205.511504539687	710.852451744834	-842.915966096143	284.816580275184	
0.371551724138	-0.308756340821	0.300050215780	3.038991132596	-122.477001507706	119.023468903463	1205.502437745083	710.842271251816	-842.897372409973	284.812353832146	
0.372413793103	-0.308713549450	0.300085408459	3.038983417163	-122.460027091161	119.037429082616	1205.499377198835	710.843002676068	-842.865044406082	284.792551581094	
0.373275862069	-0.308732080148	0.300028516966	3.038962083728	-122.467377820553	119.014861450819	1205.490914683736	710.866325684795	-842.831748277070	284.755550446882	
0.374137931034	-0.308761049017	0.300064366142	3.038848351647	-122.478869147918	119.029082048069	1205.445799612648	710.821892833259	-842.803827794341	284.771772445910	
0.375000000000	-0.308799024490	0.300080430047	3.038853982107	-122.493933201456	119.035454253687	1205.448033095291	710.823224014838	-842.809718914706	284.779379682346	
0.375862068966	-0.308879698716	0.300087003738	3.038900010133	-122.525934932308	119.038061895686	1205.466291423465	710.836552128792	-842.832996308245	284.795183590305	
0.376724137931	-0.308952792925	0.300050557432	3.038945008876	-122.554929833408	119.023604429541	1205.484141457193	710.868357962746	-842.861379084539	284.807446243915	
0.377586206897	-0.308937257289	0.300097781043	3.038871438070	-122.548767180373	119.042337020650	1205.454957500318	710.826269605744	-842.868057825459	284.841446301083	
0.378448275862	-0.308853643750	0.300121199813	3.038909403102	-122.515599487503	119.051626743307	1205.470017412330	710.831935596791	-842.880722955538	284.840892522738	
0.379310344828	-0.308796944273	0.300093509562	3.038922692952	-122.493108024164	119.040642616142	1205.475289209868	710.840416783010	-842.869639883569	284.813052151668	
0.380172413793	-0.308750875928	0.300032182328	3.038918970993	-122.474833702104	119.016315420996	1205.473812788876	710.856644381492	-842.854155394253	284.783619590748	
0.381034482759	-0.308702176549	0.300021047703	3.038809267988	-122.455515705683	119.011898554417	1205.430295965615	710.810514496145	-842.823242944680	284.772696078798	
0.381896551724	-0.308695144476	0.299992896582	3.038833954176	-122.452726233526	119.000731610190	1205.440088445708	710.817353010808	-842.817593254020	284.754812021520	
0.382758620690	-0.308743662891	0.299908736964	3.038845261088	-122.471972445566	118.967347299460	1205.444573654449	710.831722649943	-842.808071060016	284.723955112411	
0.383620689655	-0.308789590211	0.299834995780	3.038834837590	-122.490190825960	118.938095757111	1205.440438877098	710.841231888979	-842.800561254267	284.711533636674	
0.384482758621	-0.308815046363	0.299815526810	3.038770785235	-122.500288733829	118.930372835428	1205.415030684946	710.805855975749	-842.800831521997	284.721180307325	
0.385344827586	-0.308826081700	0.299801776190	3.038846425617	-122.504666214939	118.924918260105	1205.445035598293	710.820617323370	-842.826387961044	284.724827659841	
0.386206896552	-0.308853551565	0.299727658745	3.038912343799	-122.515562919616	118.895517463408	1205.471183923407	710.848333638109	-842.850111633883	284.707413543351	
0.387068965517	-0.308854116689	0.299704571932	3.038942593541	-122.515787092094	118.886359421031	1205.483183345915	710.854955818780	-842.873304438354	284.720641877398	
0.387931034483	-0.308824618387	0.299701288521	3.038918152549	-122.504085750242	118.885056962542	1205.473488129845	710.830988241560	-842.886776778643	284.728726974931	
0.388793103448	-0.308781896143	0.299689854911	3.038981059002	-122.487138754393	118.880521495335	1205.498441767090	710.842899776491	-842.896194515539	284.717662579173	
0.389655172414	-0.308742334642	0.299593601115	3.038990422452	-122.471445557739	118.842339684070	1205.502156046244	710.865437114265	-842.876581243859	284.666728961283	
0.390517241379	-0.308712440355	0.299563200455	3.038921102296	-122.459587136858	118.830280395898	1205.474658231102	710.847115898281	-842.842401611456	284.653100264141	
0.391379310345	-0.308687807531	0.299542842323	3.038850236769	-122.449815825161	118.822204762636	1205.446547400296	710.820392949340	-842.816486560816	284.638219162763	
0.392241379310	-0.308698051038	0.299537484251	3.038882639137	-122.453879204153	118.820079330723	1205.459400722825	710.828721966325	-842.809817348396	284.628615811078	
0.393103448276	-0.308780031250	0.299459390028	3.038924987822	-122.486398991357	118.789101031569	1205.476199535743	710.862596839385	-842.819712392843	284.610480875314	
0.393965517241	-0.308863788817	0.299492913880	3.038913274335	-122.519623817521	118.802399223030	1205.471553047032	710.847585221652	-842.842883449001	284.655346115274	
0.394827586207	-0.308902907537	0.299530387523	3.038938819243	-122.535141372357	118.817264211340	1205.481686162831	710.843335045283	-842.875832442464	284.686252759592	
0.395689655172	-0.308886058314	0.299576014010	3.039015322455	-122.528457647981	118.835363257603	1205.512033342195	710.857007251881	-842.900533216082	284.700909384864	
0.396551724138	-0.308856922559	0.299534680452	3.039060844750	-122.516900120469	118.818967123915	1205.530091057734	710.890973382718	-842.907747596417	284.679029277269	
0.397413793103	-0.308801167447	0.299585737396	3.038987944249	-122.494783266305	118.839220315729	1205.501172996517	710.855843852314	-842.891540173797	284.695290787879	
0.398275862069	-0.308712087978	0.299615820839	3.038972326877	-122.459447356366	118.851153770914	1205.494977920969	710.846902516591	-842.878383989956	284.685133280874	
0.399137931034	-0.308678882587	0.299625595831	3.038980295545	-122.446275492013	118.855031300154	1205.498138920174	710.850753276323	-842.856612211831	284.665296352983	
0.400000000000	-0.308724667474	0.299564858718	3.038994647242	-122.464437372017	118.830938193420	1205.503831929571	710.880458892869	-842.846902667838	284.641988602480	
0.400862068966	-0.308777173848	0.299604549099	3.038903698238	-122.485265521784	118.846682513790	1205.467754415554	710.840103554980	-842.830589271379	284.667814744420	
0.401724137931	-0.308797561776	0.299639645690	3.038922292426	-122.493352974343	118.860604576852	1205.475130329799	710.841539945417	-842.836243210402	284.678315610753	
0.402586206897	-0.308834595712	0.299678159023	3.038971114587	-122.508043540376	118.875881988037	1205.494497031494	710.853935352812	-842.849200430843	284.690965611559	
0.403448275862	-0.308881175393	0.299686319882	3.039029046648	-122.526520698152	118.879119225306	1205.517477434529	710.887029661470	-842.872851006960	284.705215118863	
0.404310344828	-0.308866540920	0.299801666595	3.038988868526	-122.520715517436	118.924874786270	1205.501539637292	710.850654778210	-842.889726107892	284.757998236671	
0.405172413793	-0.308819567497	0.299901197709	3.039062674286	-122.502082170600	118.964356638947	1205.530816795500	710.862578173316	-842.918629052543	284.785858069932	
0.406034482759	-0.308810788946	0.299950717489	3.039117654322	-122.498599908012	118.984000070845	1205.552626193569	710.879459432906	-842.930977897286	284.790773488236	
0.406896551724	-0.308814688421	0.299958111707	3.039136203965	-122.500146745893	118.986933198167	1205.559984437897	710.900180164300	-842.928383604015	284.788261805519	
0.407758620690	-0.308772248536	0.300012516394	3.039025701452	-122.483311756097	119.008514367760	1205.516150467023	710.853465606357	-842.894543144759	284.791744115869	
0.408620689655	-0.308732326935	0.300043459008	3.039028684912	-122.467475715456	119.020788637583	1205.517333941350	710.854836051236	-842.872178237599	284.777183385335	
0.409482758621	-0.308755455621	0.300024098840	3.039018077201	-122.476650367809	119.013108874996	1205.513126090573	710.865173312554	-842.849177731877	284.753914960459	
0.410344827586	-0.308794203500	0.300026311914	3.038999462345	-122.492020818319	119.013986754070	1205.505741977425	710.872945741650	-842.839129246424	284.760441397428	
0.411206896552	-0.308834295470	0.300092030413	3.038937464354	-122.507924440856	119.040055869275	1205.481148707676	710.837943409473	-842.846689380107	284.799520387346	
0.412068965517	-0.308879871656	0.300162783125	3.039016025562	-122.526003533985	119.068121948927	1205.512312249770	710.853905170943	-842.882231227252	284.836189174830	
0.412931034483	-0.308943167609	0.300163165861	3.039077076450	-122.551111677421	119.068273772093	1205.536529824089	710.881093247352	-842.911252177717	284.846592672628	
0.413793103448	-0.308938777900	0.300200486803	3.039079176300	-122.549370374049	119.083078187188	1205.537362789476	710.882695084599	-842.921628026276	284.870224202907	
0.414655172414	-0.308871808517	0.300246940624	3.039018629972	-122.522805059795	119.101505419171	1205.513345363204	710.850933002938	-842.914426876459	284.877135859811	
0.415517241379	-0.308794136654	0.300278530447	3.039049522783	-122.491994302100	119.114036422606	1205.525599876744	710.856404387680	-842.907345414511	284.866796267346	
0.416379310345	-0.308743943513	0.300215213120	3.039041746249	-122.472083762399	119.088919800744	1205.522515093153	710.875458680963	-842.882530447654	284.820731296638	
0.417241379310	-0.308721528806	0.300211072060	3.038970215725	-122.463192330045	119.087277131107	1205.494140472201	710.856294851639	-842.853604537571	284.818309930917	
0.418103448276	-0.308722796465	0.300207471052	3.038904195293	-122.463695183038	119.085848688620	1205.467951586457	710.830696976386	-842.838389399023	284.817252770856	
0.418965517241	-0.308765158111	0.300193548027	3.038932686436	-122.480499137239	119.080325723978	1205.479253410364	710.838273474665	-842.836086925759	284.812315910863	
0.419827586207	-0.308833335268	0.300090584474	3.038957886650	-122.507543549434	119.039482296356	1205.489249793161	710.867685641333	-842.837015644802	284.781962904093	
0.420689655172	-0.308879487307	0.300083873905	3.038915770620	-122.525851071027	119.036820358154	1205.472543269914	710.845788640495	-842.839891624281	284.802342125480	
0.421551724138	-0.308884277434	0.300079152616	3.038926085180	-122.527751211107	119.034947524202	1205.476634833819	710.837388149342	-842.862307159664	284.812907416569	
0.422413793103	-0.308848526880	0.300085062429	3.039001865754	-122.513569735206	119.037291820015	1205.506695358215	710.850611324540	-842.886507089389	284.816225576122	
0.423275862069	-0.308831374317	0.300003596502	3.039065726789	-122.506765682298	119.004976038361	1205.532027657676	710.887500409672	-842.906494958384	284.791947062873	
0.424137931034	-0.308796438304	0.300013910550	3.039022159974	-122.492907316922	119.009067399385	1205.514745638811	710.857513338928	-842.909952626449	284.809970892480	
0.425000000000	-0.308747290772	0.299986519673	3.039022419961	-122.473411548045	118.998202027335	1205.514848770126	710.852810777000	-842.907362790401	284.794554759297	
0.425862068966	-0.308704849696	0.299926524219	3.039031358129	-122.456576085739	118.974403120928	1205.518394349047	710.857120629288	-842.882126716859	284.753101288773	
0.426724137931	-0.308714595940	0.299781990767	3.039028901948	-122.460442211060	118.917069808417	1205.517420035091	710.883734370942	-842.854885139221	284.693701247209	
0.427586206897	-0.308742317083	0.299736495913	3.038927732480	-122.471438592410	118.899022977966	1205.477288282418	710.841966163031	-842.827370918216	284.687617989348	
0.428448275862	-0.308753273740	0.299685470601	3.038943671866	-122.475784862814	118.878782333752	1205.483611094002	710.844480973827	-842.829835890517	284.672934532809	
0.429310344828	-0.308810241015	0.299637210214	3.039001023935	-122.498382555690	118.859638475899	1205.506361426803	710.860843226565	-842.850681877020	284.670085328892	
0.430172413793	-0.308890334551	0.299554128279	3.039071602379	-122.530153939382	118.826681658766	1205.534358378021	710.898125330971	-842.886628096006	284.671860630947	
0.431034482759	-0.308923868126	0.299568432076	3.039039289519	-122.543455987347	118.832355667662	1205.521540560909	710.865203273699	-842.914506100120	284.710811613589	
0.431896551724	-0.308878979309	0.299556552077	3.039092078694	-122.525649558982	118.827643127182	1205.542480891944	710.875182689710	-842.932629831093	284.707520991392	
0.432758620690	-0.308832140187	0.299494044470	3.039119280938	-122.507069486445	118.802847703751	1205.553271437112	710.887412035929	-842.927243465692	284.671893439826	
0.433620689655	-0.308804349331	0.299401430725	3.039115594627	-122.496045451335	118.766109822359	1205.551809156761	710.905011789925	-842.911216103067	284.635366979197	
0.434482758621	-0.308743787449	0.299377146335	3.038998582931	-122.472021855053	118.756476727251	1205.505393133091	710.857715552960	-842.875251587724	284.618028712976	
0.435344827586	-0.308700696589	0.299352330823	3.039008567339	-122.454928637531	118.746632947007	1205.509353733073	710.861423083226	-842.861393200459	284.597154985322	
0.436206896552	-0.308740340128	0.299289090833	3.039012774726	-122.470654376965	118.721547002848	1205.511022712797	710.875510637013	-842.851512919376	284.573123954300	
0.437068965517	-0.308812072239	0.299256808184	3.039009917636	-122.499108963106	118.708741170056	1205.509889366804	710.886919876531	-842.854389360844	284.582648458079	
0.437931034483	-0.308845188483	0.299292904649	3.038939401726	-122.512245464932	118.723059861511	1205.481917221573	710.850653790337	-842.854208390298	284.610292866802	
0.438793103448	-0.308853440110	0.299338192492	3.038999713948	-122.515518707871	118.741024575286	1205.505841782920	710.862831425477	-842.872299003676	284.626727769372	
0.439655172414	-0.308886134536	0.299332451223	3.039056186312	-122.528487883697	118.738747137035	1205.528243155410	710.888239406624	-842.893047682867	284.625819560470	
0.440517241379	-0.308874579737	0.299382861948	3.039066139772	-122.523904343410	118.758743987928	1205.532191479158	710.890779449254	-842.904904776428	284.650797782548	
0.441379310345	-0.308821377758	0.299467571181	3.039032109763	-122.502800262095	118.792346319129	1205.518692506264	710.863197015437	-842.913545440949	284.676400708045	
0.442241379310	-0.308764948661	0.299550549424	3.039092058737	-122.480416052704	118.825262004035	1205.542472975302	710.873653239661	-842.924883176137	284.690487387365	
0.443103448276	-0.308759788621	0.299541696583	3.039113210742	-122.478369175772	118.821750272346	1205.550863520789	710.897555010451	-842.918705282594	284.671373486531	
0.443965517241	-0.308735405242	0.299595045024	3.039048926213	-122.468696813716	118.842912451929	1205.525363230529	710.878145169554	-842.890137188386	284.681931675713	
0.444827586207	-0.308708644121	0.299647245086	3.038966704751	-122.458081252543	118.863619093848	1205.492747744260	710.848384630306	-842.857767884314	284.681422589198	
0.445689655172	-0.308719537113	0.299697888765	3.038986792224	-122.462402268240	118.883708352410	1205.500716012964	710.853070370160	-842.844106385736	284.681057784881	
0.446551724138	-0.308784760352	0.299671319241	3.039013135919	-122.488274924634	118.873168793605	1205.511165990285	710.881926460389	-842.843380899996	284.666696947508	
0.447413793103	-0.308849667037	0.299755045202	3.038985840753	-122.514022010789	118.906381082117	1205.500338585030	710.862201080863	-842.856576910066	284.715930421131	
0.448275862069	-0.308882413573	0.299845153617	3.039009823372	-122.527011857552	118.942125152644	1205.509851974055	710.856250103433	-842.891160026479	284.760543991594	
0.449137931034	-0.308902048564	0.299939104527	3.039097891477	-122.534800636248	118.979393458439	1205.544786697711	710.871963700953	-842.929684089784	284.799045519829	
0.450000000000	-0.308893755006	0.299931923912	3.039146416910	-122.531510760235	118.976545063189	1205.564035693808	710.905170080008	-842.941838537561	284.790707164881	
0.450862068966	-0.308834235171	0.300008308648	3.039072088904	-122.507900521355	119.006845245347	1205.534551371919	710.868274166798	-842.926306244069	284.812084371781	
0.451724137931	-0.308763458257	0.300040998204	3.039039321060	-122.479824841622	119.019812489421	1205.521553072617	710.856558177508	-842.904885551165	284.799682248130	
0.452586206897	-0.308712285493	0.300042633307	3.039030801291	-122.459525706487	119.020461099653	1205.518173463619	710.856497666679	-842.873528813474	284.769267522531	
0.453448275862	-0.308732713101	0.299963967932	3.039019312973	-122.467628899147	118.989256236769	1205.513616294915	710.880834366301	-842.848632632203	284.730112058216	
0.454310344828	-0.308782513544	0.299986739591	3.038917377491	-122.487383664361	118.998289264373	1205.473180680975	710.837680569402	-842.830329375778	284.750790539014	
0.455172413793	-0.308826992699	0.299999280884	3.038931927062	-122.505027588676	119.003264125360	1205.478952182944	710.839327612676	-842.842867815947	284.764938287746	
0.456034482759	-0.308882371455	0.299997267118	3.038965625512	-122.526995150353	119.002465307805	1205.492319633315	710.849575034582	-842.854143748163	284.770811017432	
0.456896551724	-0.308920775856	0.299956287090	3.039005371960	-122.542229350415	118.986209411738	1205.508086194687	710.878666918020	-842.870879696506	284.770352917312	
0.457758620690	-0.308921625354	0.300011030971	3.038945010355	-122.542566327919	119.007925132499	1205.484142044107	710.839017173719	-842.880642919649	284.807635121222	
0.458620689655	-0.308861883692	0.300041306561	3.038992005270	-122.518868095206	119.019934807833	1205.502783916120	710.846363028022	-842.895833998169	284.811686429250	
0.459482758621	-0.308819141518	0.300025692390	3.039031874588	-122.501913194050	119.013741002125	1205.518599217425	710.859661812090	-842.899950049195	284.793139516149	
0.460344827586	-0.308812037146	0.299975866179	3.039048379772	-122.499095042407	118.993976015634	1205.525146468967	710.880299393588	-842.898483067949	284.776945450479	
0.461206896552	-0.308787700456	0.299986096276	3.038955576097	-122.489441200553	118.998034074950	1205.488333246609	710.836905862757	-842.880163632820	284.781869793316	
0.462068965517	-0.308745784732	0.299974152923	3.038965615216	-122.472814134093	118.993296403812	1205.492315549367	710.840338248842	-842.864286470120	284.763648707229	
0.462931034483	-0.308748216070	0.299904027443	3.038954196269	-122.473778593913	118.965479133576	1205.487785898624	710.850590393789	-842.837458451993	284.723850324417	
0.463793103448	-0.308783384454	0.299857491221	3.038940128723	-122.487729135361	118.947019214899	1205.482205605522	710.859193888240	-842.826338505488	284.717001948310	
0.464655172414	-0.308813374378	0.299875020351	3.038867805699	-122.499625493282	118.953972644067	1205.453516616814	710.823313849046	-842.821568241906	284.736523405152	
0.465517241379	-0.308829356906	0.299900428534	3.038942630863	-122.505965418482	118.964051523867	1205.483198150687	710.838915087368	-842.847532699542	284.752368022795	
0.466379310345	-0.308889700574	0.299872880883	3.039018981996	-122.529902454309	118.953123962924	1205.513485003324	710.869561194031	-842.881923557793	284.756513078480	
0.467241379310	-0.308925950738	0.299897303157	3.039051173180	-122.544282114895	118.962811754024	1205.526254553968	710.877651029865	-842.911040626719	284.790177776461	
0.468103448276	-0.308878018793	0.299943039580	3.039014140717	-122.525268543042	118.980954409557	1205.511564572192	710.850921193956	-842.917768756220	284.808383860792	
0.468965517241	-0.308788478741	0.299974442220	3.039053531341	-122.489749929510	118.993411161472	1205.527189985617	710.858636376987	-842.912852477980	284.797926663446	
0.469827586207	-0.308748991469	0.299909823438	3.039054590577	-122.474086177725	118.967778280296	1205.527610161842	710.879566561168	-842.890302280761	284.752995125992	
0.470689655172	-0.308712956940	0.299911179906	3.038983998488	-122.459792054822	118.968316362044	1205.499607798144	710.860570483637	-842.857300983311	284.746720722317	
0.471551724138	-0.308693083109	0.299912413838	3.038903712004	-122.451908533711	118.968805836210	1205.467759875964	710.832985919278	-842.828162617454	284.736722369579	
0.472413793103	-0.308724124512	0.299915113003	3.038939213855	-122.464221990621	118.969876537054	1205.481842696938	710.841739441576	-842.828152122863	284.733893512347	
0.473275862069	-0.308828574164	0.299837521860	3.038978936779	-122.505654921913	118.939097799036	1205.497599926936	710.875031750389	-842.840795386582	284.719149452179	
0.474137931034	-0.308904984183	0.299866481672	3.038949082135	-122.535965133134	118.950585533618	1205.485757231570	710.855250559062	-842.854118526603	284.757639480751	
0.475000000000	-0.308897096453	0.299901891538	3.038955072061	-122.532836240321	118.964631866205	1205.488133306247	710.846011276499	-842.874495446916	284.778474804020	
0.475862068966	-0.308879545797	0.299939917091	3.039026192387	-122.525874272606	118.979715785225	1205.516345210601	710.858546460298	-842.897772367970	284.790509815585	
0.476724137931	-0.308855367793	0.299894799604	3.039082316480	-122.516283378168	118.961818648182	1205.538608431369	710.892967240761	-842.912057922823	284.771092047250	
0.477586206897	-0.308805940623	0.299941482719	3.039022223886	-122.496676682610	118.980336836170	1205.514770991387	710.859594143113	-842.904354260994	284.789837900868	
0.478448275862	-0.308754395075	0.299951569498	3.039016994242	-122.476229671961	118.984338044732	1205.512696504123	710.853639286427	-842.900444342959	284.781865319227	
0.479310344828	-0.308739913138	0.299933509421	3.039037167869	-122.470484999105	118.977174000418	1205.520698947991	710.859379407634	-842.888316635373	284.759449515544	
0.480172413793	-0.308778725307	0.299830211685	3.039035934591	-122.485880951867	118.936198009679	1205.520209733129	710.885994611111	-842.868338075169	284.717995612375	
0.481034482759	-0.308790067398	0.299827505618	3.038921869755	-122.490380115663	118.935124570998	1205.474962665305	710.840121985399	-842.836338306728	284.720769772030	
0.481896551724	-0.308795481761	0.299816711135	3.038919610095	-122.492527876892	118.930842631741	1205.474066307100	710.838632833489	-842.832604833821	284.715557063554	
0.482758620690	-0.308836379877	0.299801924051	3.038953095483	-122.508751280296	118.924976913599	1205.487349240262	710.849177139619	-842.840194893840	284.713542052198	
0.483620689655	-0.308883851118	0.299759764799	3.039004519759	-122.527582100836	118.908253244721	1205.507748144850	710.880928845289	-842.864043630594	284.716509455326	
0.484482758621	-0.308911882311	0.299821703324	3.038958660317	-122.538701472328	118.932822925922	1205.489556690189	710.845309290088	-842.885388697667	284.764762035283	
0.485344827586	-0.308891370512	0.299859284697	3.039021016382	-122.530564882762	118.947730648497	1205.514292000669	710.856407884166	-842.914581426324	284.782454444134	
0.486206896552	-0.308871136474	0.299847990432	3.039058607378	-122.522538474781	118.943250456397	1205.529203540283	710.870105231782	-842.920453259779	284.768948077070	
0.487068965517	-0.308830350920	0.299802277022	3.039050503095	-122.506359722465	118.925116929401	1205.525988745602	710.885618611818	-842.902551855483	284.741998255770	
0.487931034483	-0.308763615563	0.299820670261	3.038928804426	-122.479887241574	118.932413132056	1205.477713500251	710.836489789157	-842.865872020421	284.736395486684	
0.488793103448	-0.308700078698	0.299822265562	3.038921990581	-122.454683533123	118.933045953676	1205.475010594562	710.836574164259	-842.841462644144	284.714429182011	
0.489655172414	-0.308705404408	0.299776020775	3.038908705877	-122.456796128126	118.914701640859	1205.469740838243	710.846134144389	-842.817456419466	284.683105701375	
0.490517241379	-0.308758973014	0.299759038157	3.038900447127	-122.478045642027	118.907965001474	1205.466464769684	710.855898513514	-842.815604521668	284.690831817540	
0.491379310345	-0.308821888353	0.299799954803	3.038833425029	-122.503002804126	118.924195755091	1205.439878544275	710.821104453117	-842.820123135474	284.725096317731	
0.492241379310	-0.308860749841	0.299842635197	3.038906753077	-122.518418321082	118.941126149574	1205.468966204428	710.835557814599	-842.849074009728	284.749080346419	
0.493103448276	-0.308889665792	0.299824094275	3.038958890205	-122.529888657185	118.933771364553	1205.489647881972	710.860377519163	-842.866138374593	284.742316936670	
0.493965517241	-0.308889017776	0.299858831810	3.038971741640	-122.529631602816	118.947550997973	1205.494745769875	710.863096762709	-842.880037751967	284.765392949677	
0.494827586207	-0.308818709933	0.299922802668	3.038930409735	-122.501741993452	118.972926861875	1205.478350291931	710.834253298372	-842.882938048491	284.783080220924	
0.495689655172	-0.308738767176	0.299971211965	3.038981973472	-122.470030420585	118.992129789030	1205.498804517839	710.843180376868	-842.885713860581	284.779937563091	
0.496551724138	-0.308716081695	0.299929834153	3.039009286690	-122.461031578083	118.975716100695	1205.509639084068	710.867986648205	-842.880185112091	284.749870393211	
0.497413793103	-0.308718581961	0.299945097212	3.038957493209	-122.462023379913	118.981770628024	1205.489093723794	710.852295236716	-842.860065623270	284.756929680977	
0.498275862069	-0.308724356065	0.299949735366	3.038890671642	-122.464313842766	118.983610483879	1205.462587045061	710.826698418318	-842.838806324683	284.753408196990	
0.499137931034	-0.308726048406	0.299945659905	3.038912394810	-122.464985158246	118.981993836303	1205.471204158439	710.831693172766	-842.824055119482	284.736804194528	
0.500000000000	-0.308796813227	0.299860826739	3.038937918370	-122.493056040808	118.948342343230	1205.481328805803	710.861202654891	-842.821454342388	284.706985760372	
0.500862068966	-0.308850351489	0.299891021052	3.038905545707	-122.514293518474	118.960319777819	1205.468487266751	710.840611537902	-842.829181301008	284.740519756039	
