dbx_v3_0_15_0										
Time	Cx	Cy	Cz	Fx	Fy	Fz	Mx	My	Mz	
0.000000000000	0.000000000000	0.000000000000	0.000000000000	0.000000000000	0.000000000000	0.000000000000	0.000000000000	0.000000000000	0.000000000000	
0.000862068966	1.692002503205	0.020029508763	-4.863731755991	671.170110349660	7.945146405786	-1929.306471589654	-950.287677350600	1158.019131162001	-56.436963287713	
0.001724137931	0.288249112109	0.410775887005	-0.397308135905	114.340367709977	162.943315324766	-157.601034817249	-24.779887590491	27.300668407927	114.068105388595	
0.002586206897	0.071674871296	0.293985265084	-0.433478150132	28.431418502999	116.615739299397	-171.948668697164	-147.579463548257	66.219437190328	19.037973392006	
0.003448275862	0.039149989311	0.371931044846	-0.400345145818	15.529706720914	147.534651951575	-158.805731780742	-161.277942008817	16.662856758378	56.422656491113	
0.004310344828	0.061018745654	0.311454905368	-0.417795979327	24.204431244303	123.545457414287	-165.727989773740	-149.533776431189	24.236016017139	53.564677338738	
0.005172413793	0.069041371989	0.326221445634	-0.478825736114	27.386782920526	129.402931289839	-189.936788826974	-153.053856990687	46.758710838125	59.126765618891	
0.006034482759	0.069033402478	0.309327388752	-0.578531783047	27.383621638299	122.701531025724	-229.487391379580	-163.321083315368	66.039773386528	59.349800756435	
0.006896551724	0.085093667036	0.308223173387	-0.530000613481	33.754279787621	122.263519647509	-210.236432606610	-155.744221090171	56.926643235201	59.020157347783	
0.007758620690	0.093829210159	0.320973775473	-0.479373296171	37.219425631460	127.321327181947	-190.153990600117	-151.336775772346	43.067080475266	61.978753830630	
0.008620689655	0.093601395101	0.307989368668	-0.475359640196	37.129057764093	122.170775849331	-188.561885435692	-144.211787523626	42.679533454361	58.762883726451	
0.009482758621	0.093664242871	0.312241107718	-0.476806735218	37.153987718434	123.857321916254	-189.135907592184	-140.197260887265	44.456840424589	59.903013706941	
0.010344827586	0.096278732952	0.321752095955	-0.459598033500	38.191082872086	127.630065167500	-182.309696514360	-135.436227360054	41.300450919328	60.613167134620	
0.011206896552	0.101314106350	0.316665904376	-0.435872258763	40.188474786575	125.612515100745	-172.898344688111	-127.911165050595	35.664763366952	59.089158570810	
0.012068965517	0.108551817595	0.308498294013	-0.410764010444	43.059472580978	122.372652311719	-162.938604225118	-120.825376561689	30.284628914364	56.827079295483	
0.012931034483	0.117676543452	0.301346334225	-0.377337985420	46.678996340003	119.535669724037	-149.679434181536	-112.208181019650	23.847551951110	53.381065532847	
0.013793103448	0.122667115851	0.298638705432	-0.347590792969	48.658616950011	118.461629045841	-137.879554215663	-103.224614685809	18.166724273825	51.346173605781	
0.014655172414	0.123838569932	0.297875716459	-0.325528375020	49.123300047946	118.158972641874	-129.128009545195	-95.813184550831	14.281779328245	50.407604727452	
0.015517241379	0.123995009075	0.295649355480	-0.304456041699	49.185355084313	117.275837456896	-120.769203778819	-89.163278181380	10.244925791871	49.262603520940	
0.016379310345	0.123833646616	0.294505951373	-0.285027189849	49.121347106178	116.822280999907	-113.062321185050	-83.189787855686	5.868945330227	48.820791204827	
0.017241379310	0.124403134350	0.294258040532	-0.265432407214	49.347246975808	116.723941696797	-105.289618486242	-77.594014859837	1.164051655694	48.925297829852	
0.018103448276	0.125911785334	0.293742148475	-0.245407265936	49.945686662175	116.519301734418	-97.346204539842	-72.517662879868	-3.675350643484	49.066531856225	
0.018965517241	0.127511795212	0.292506288930	-0.227680172825	50.580365868933	116.029070788872	-90.314362082865	-68.139056277462	-7.982376586356	48.902438384054	
0.019827586207	0.128602904989	0.290612697498	-0.211904005822	51.013178626563	115.277935983550	-84.056397494643	-64.263648797728	-12.039558755191	48.586367282048	
0.020689655172	0.129604419991	0.288205287859	-0.197860739795	51.410451640638	114.322983854500	-78.485826297796	-60.805203996070	-15.646870235046	47.869573700468	
0.021551724138	0.131304867490	0.286831606800	-0.184339022577	52.084971645134	113.778082965798	-73.122138939221	-57.859481534272	-19.664823950506	47.528300904945	
0.022413793103	0.133568460342	0.285787605449	-0.172552072983	52.982875673704	113.363956804233	-68.446585419079	-55.361293363321	-23.037345051603	47.091956755294	
0.023275862069	0.136002652027	0.285953699704	-0.160441765043	53.948451492131	113.429841753702	-63.642764679378	-53.031447196091	-27.103065064325	47.175725967508	
0.024137931034	0.138332058362	0.287173558133	-0.149600821118	54.872461890626	113.913725503656	-59.342465172510	-51.002555376929	-30.993596161134	47.623750651318	
0.025000000000	0.140194613714	0.288821492987	-0.139400689845	55.611285549697	114.567415209137	-55.296358136911	-49.163912298988	-35.030581327489	48.471507842566	
0.025862068966	0.141730834662	0.290823596599	-0.129702328919	56.220661470542	115.361593763546	-51.449289376682	-47.521796193816	-39.082468886935	49.672663302363	
0.026724137931	0.142826893814	0.292851341854	-0.121353616762	56.655437506936	116.165943641095	-48.137588566940	-46.114784401439	-42.631842272474	51.004912404561	
0.027586206897	0.143531347643	0.294714375183	-0.114078756660	56.934874655317	116.904956900736	-45.251854858938	-44.910919204029	-45.707675784331	52.366918497484	
0.028448275862	0.144126369236	0.296592564248	-0.108438646267	57.170903093497	117.649982017072	-43.014580677981	-43.983536099602	-48.099111217074	53.708675487442	
0.029310344828	0.144710709161	0.298106661338	-0.104841737292	57.402694412480	118.250582021875	-41.587787402214	-43.379993719942	-49.558200824689	54.806214757463	
0.030172413793	0.145388884799	0.299453148100	-0.102802422877	57.671707736445	118.784695692759	-40.778848362018	-42.981313482727	-50.301871143140	55.661939057980	
0.031034482759	0.146275152082	0.300537079675	-0.101356264161	58.023265201020	119.214661058413	-40.205197611961	-42.748441770259	-50.806647599374	56.317725541160	
0.031896551724	0.147168122720	0.301436644853	-0.100686226596	58.377481699381	119.571493426275	-39.939412434021	-42.603069652459	-50.878544566518	56.808344148621	
0.032758620690	0.147935632643	0.302212165941	-0.100497019230	58.681931437975	119.879120970194	-39.864359159414	-42.562088973486	-50.710395075515	57.205823084336	
0.033620689655	0.148160387648	0.302369272092	-0.100841617428	58.771085467527	119.941440590052	-40.001051634664	-42.670388647253	-50.280309668055	57.346945227604	
0.034482758621	0.148244747731	0.302323189010	-0.101569711769	58.804548754939	119.923160719299	-40.289866313360	-42.815780326672	-49.616269937016	57.487775609575	
0.035344827586	0.148162519555	0.302410043458	-0.102407981359	58.771931135520	119.957613451424	-40.622384434719	-42.899090702597	-48.960892676684	57.707005679228	
0.036206896552	0.147852655583	0.301856682718	-0.103947717315	58.649016757004	119.738110709638	-41.233154660529	-43.176521012441	-47.942016276821	57.543926955292	
0.037068965517	0.147712040890	0.301567704358	-0.105277422914	58.593238837464	119.623481069676	-41.760611713443	-43.373457529837	-47.125650831612	57.532964483605	
0.037931034483	0.147643276046	0.301333902887	-0.106840376755	58.565961745558	119.530738559753	-42.380591825705	-43.633071318591	-46.299228289740	57.479802208489	
0.038793103448	0.147589800130	0.300672042465	-0.109251605750	58.544749344033	119.268197025619	-43.337058986642	-43.801595752755	-44.862574019726	57.079171745323	
0.039655172414	0.147555611622	0.300615830758	-0.110494187944	58.531187718243	119.245899412201	-43.829956619565	-43.929360396223	-44.213311136598	57.111200023771	
0.040517241379	0.147375403516	0.300152032830	-0.111836698808	58.459704198635	119.061923734951	-44.362493162788	-44.167778506984	-43.354757489576	56.837598011592	
0.041379310345	0.147115203274	0.299725969815	-0.113051156488	58.356490033697	118.892916443359	-44.844234586713	-44.395025693548	-42.591028607007	56.619298034317	
0.042241379310	0.146757631898	0.299006983682	-0.114635817012	58.214651461340	118.607714736422	-45.472825133620	-44.578275203038	-41.702196064924	56.269781009833	
0.043103448276	0.146417245883	0.298243534770	-0.116526190791	58.079629841300	118.304875887368	-46.222683585730	-44.785088284184	-40.781090788370	55.924781070188	
0.043965517241	0.146098383242	0.297478352376	-0.118436896509	57.953145942086	118.001349414426	-46.980607149544	-44.990094376892	-39.949180018910	55.587413606267	
0.044827586207	0.145806065106	0.296723040996	-0.120496822406	57.837191506037	117.701738497110	-47.797722188965	-45.243215838234	-39.100783545156	55.256242574699	
0.045689655172	0.145553258869	0.296045015059	-0.122629165096	57.736910336704	117.432784555148	-48.643562945994	-45.521218863951	-38.259011198332	54.948115860548	
0.046551724138	0.145203140601	0.295322680203	-0.124533602190	57.598028203806	117.146254503250	-49.398999922220	-45.762056557616	-37.516521588079	54.618013346213	
0.047413793103	0.144941049368	0.294686148834	-0.126616584482	57.494063935592	116.893760296914	-50.225260788850	-46.029374161798	-36.697179031880	54.283706208737	
0.048275862069	0.144661658486	0.294060233647	-0.128769465018	57.383237380319	116.645477233340	-51.079248335545	-46.322299125172	-35.802090619543	53.900019700727	
0.049137931034	0.144364141741	0.293902525336	-0.129877732568	57.265220801436	116.582918753631	-51.518867102490	-46.512214088434	-35.477279244794	53.821323473720	
0.050000000000	0.144258200891	0.293898854357	-0.130966717112	57.223197026784	116.581462578768	-51.950836839492	-46.696321366525	-35.085848948071	53.760982077956	
0.050862068966	0.144035616164	0.293841814256	-0.131920867323	57.134903885774	116.558836364559	-52.329321564798	-46.862369676734	-34.723025586273	53.643280216975	
0.051724137931	0.143697658180	0.293748641572	-0.132488058464	57.000845397505	116.521877364686	-52.554310440211	-47.023514879263	-34.600021281165	53.540638096031	
0.052586206897	0.143425423950	0.293387707248	-0.132984727870	56.892857685980	116.378704804451	-52.751325314474	-47.138033158345	-34.395897506114	53.277198514211	
0.053448275862	0.143205470658	0.292950954733	-0.132767062030	56.805608361716	116.205457286642	-52.664983358370	-47.119536614044	-34.400820981718	53.105663945552	
0.054310344828	0.143113661081	0.292545018706	-0.132369943886	56.769190068290	116.044433808422	-52.507457687762	-47.093265068248	-34.489175878775	53.011968633503	
0.055172413793	0.143176020653	0.292145550491	-0.132543733779	56.793926367658	115.885975930938	-52.576395281844	-47.109699008688	-34.365284851944	52.833173618348	
0.056034482759	0.143132347364	0.291858832131	-0.132876271001	56.776602394292	115.772242769689	-52.708303505212	-47.119799816856	-34.245659864190	52.692636146156	
0.056896551724	0.143008784163	0.291653900673	-0.133140815112	56.727588325421	115.690952187085	-52.813240761488	-47.133158974514	-34.196827088339	52.611634254061	
0.057758620690	0.142907713290	0.291467167991	-0.133398567741	56.687496334628	115.616880550254	-52.915484026583	-47.144937816394	-34.155473482833	52.542301158711	
0.058620689655	0.142879198555	0.291307900267	-0.133606575014	56.676185336298	115.553703494977	-52.997994699180	-47.156901514061	-34.137523055310	52.474394396411	
0.059482758621	0.142920211310	0.291220516640	-0.133710387823	56.692453949869	115.519040852118	-53.039174339410	-47.158627087326	-34.150092758966	52.410774214429	
0.060344827586	0.142870176655	0.291145297383	-0.133685395940	56.672606600383	115.489203474847	-53.029260757556	-47.142779573756	-34.195780184788	52.369357187596	
0.061206896552	0.142814389471	0.291069796210	-0.133609303758	56.650477383551	115.459254269097	-52.999077115512	-47.120793610843	-34.253506151313	52.340811720947	
0.062068965517	0.142825154213	0.291020666935	-0.133567010654	56.654747455839	115.439766058599	-52.982300623194	-47.104320766313	-34.310394439304	52.322542709374	
0.062931034483	0.142850359662	0.290979174132	-0.133531788201	56.664745753145	115.423307023134	-52.968328860147	-47.092073927085	-34.371985982743	52.310364600714	
0.063793103448	0.142843665595	0.290919648493	-0.133472451802	56.662090403897	115.399694865815	-52.944791768795	-47.080922763844	-34.442521277973	52.298052598598	
0.064655172414	0.142824403670	0.290817534261	-0.133397762360	56.654449736376	115.359189003489	-52.915164554247	-47.070345716857	-34.512219442563	52.270850769165	
0.065517241379	0.142811031656	0.290670857534	-0.133304705625	56.649145432394	115.301006444545	-52.878251547915	-47.059156286017	-34.585699461766	52.230991894411	
0.066379310345	0.142780297093	0.290505258784	-0.133188731349	56.636953889937	115.235318048364	-52.832247793564	-47.047484922449	-34.667489857866	52.191318081745	
0.067241379310	0.142737427839	0.290360469747	-0.133055369631	56.619948854861	115.177884283233	-52.779346927062	-47.036058603475	-34.754899551796	52.160303037669	
0.068103448276	0.142684403680	0.290266955396	-0.132924019148	56.598915652803	115.140789753734	-52.727243861028	-47.026106756884	-34.842043750704	52.144055335755	
0.068965517241	0.142626259724	0.290245886613	-0.132807078439	56.575851570145	115.132432356214	-52.680856749324	-47.019186033997	-34.924924473019	52.149503898826	
0.069827586207	0.142574579549	0.290309768937	-0.132704842476	56.555351489001	115.157772688864	-52.640302599945	-47.016875516833	-35.001388168377	52.177611347965	
0.070689655172	0.142520119558	0.290459587411	-0.132623894775	56.533748732521	115.217201490876	-52.608192909136	-47.019665705685	-35.071278389915	52.226943646125	
0.071551724138	0.142501863085	0.290687768817	-0.132555107127	56.526506899825	115.307714678090	-52.580906771202	-47.025882085271	-35.134248871890	52.289569566385	
0.072413793103	0.142472457343	0.290987158406	-0.132471162255	56.514842463641	115.426474161549	-52.547608186349	-47.030526766374	-35.213721000194	52.384869092816	
0.073275862069	0.142485504685	0.291276429496	-0.132446999530	56.520017979626	115.541219919635	-52.538023508715	-47.047727196700	-35.253169416877	52.462037756982	
0.074137931034	0.142510912952	0.291585040521	-0.132359562201	56.530096729191	115.663637288878	-52.503339563690	-47.050144636945	-35.334472043128	52.562775179650	
0.075000000000	0.142549793180	0.291819480209	-0.132291344595	56.545519428949	115.756632961872	-52.476279545851	-47.055867735512	-35.394062545717	52.638873544400	
0.075862068966	0.142616423587	0.292014301099	-0.132177206163	56.571949849484	115.833912964747	-52.431004019300	-47.046151804110	-35.477254924386	52.719325320727	
0.076724137931	0.142665184275	0.291999528978	-0.132265305344	56.591291851655	115.828053277280	-52.465950502395	-47.062716221731	-35.420881362366	52.701302953531	
0.077586206897	0.142762911337	0.292196028761	-0.131882214911	56.630057446378	115.905999249785	-52.313989233027	-47.041800961356	-35.678967748090	52.853632499571	
0.078448275862	0.142840419924	0.292042996272	-0.131908474753	56.660802937025	115.845295537963	-52.324405778515	-47.031358065003	-35.626710404118	52.786983843613	
0.079310344828	0.142878800988	0.291920595618	-0.131712974163	56.676027632320	115.796742618975	-52.246856157800	-47.017452066261	-35.718123305506	52.778713422263	
0.080172413793	0.142927803507	0.291771431862	-0.131568927071	56.695465562154	115.737573525397	-52.189716701747	-47.001562017234	-35.788929237647	52.760370064396	
0.081034482759	0.142916042666	0.291590326515	-0.131323678252	56.690800365277	115.665734094977	-52.092433348784	-46.969689884567	-35.888264564849	52.741304028330	
0.081896551724	0.142945660117	0.291445420409	-0.131102531344	56.702548780411	115.608253892415	-52.004710549981	-46.938171689496	-35.971257671542	52.725766709350	
0.082758620690	0.142925235305	0.291362444840	-0.130895682197	56.694446828286	115.575339802580	-51.922659274059	-46.918881225919	-36.066251900078	52.727152495734	
0.083620689655	0.142849878174	0.291290502104	-0.130719902572	56.664554760459	115.546802129791	-51.852932408609	-46.890381512492	-36.127347013468	52.716838033602	
0.084482758621	0.142818137542	0.291282754298	-0.130588974005	56.651964138697	115.543728791698	-51.800996705136	-46.868675948241	-36.168820724302	52.718417795576	
0.085344827586	0.142789046511	0.291357676254	-0.130489218488	56.640424539735	115.573448238038	-51.761426479213	-46.857930785334	-36.219999421673	52.747919031095	
0.086206896552	0.142746558109	0.291465961511	-0.130459259162	56.623570577720	115.616401973354	-51.749542451459	-46.852612084657	-36.243665931211	52.780280447923	
0.087068965517	0.142720938488	0.291608638737	-0.130483165827	56.613407989894	115.672998041878	-51.759025557690	-46.854711429341	-36.242389652536	52.815697416516	
0.087931034483	0.142695922194	0.291777242189	-0.130560417310	56.603484725388	115.739878319573	-51.789669061980	-46.867253398315	-36.236151523373	52.862332778669	
0.088793103448	0.142675528163	0.291948607519	-0.130666578890	56.595394983301	115.807854157297	-51.831780394212	-46.885945125186	-36.224728465930	52.915861967347	
0.089655172414	0.142655930985	0.292064869392	-0.130836568024	56.587621330390	115.853971993443	-51.899210333327	-46.908881846185	-36.182715197472	52.944714439286	
0.090517241379	0.142671421640	0.292153418205	-0.131033141558	56.593766040251	115.889096833130	-51.977185561044	-46.938788416152	-36.132274851612	52.963769480743	
0.091379310345	0.142698857990	0.292230263151	-0.131191587605	56.604649273746	115.919579075522	-52.040036680254	-46.973675220695	-36.109613425088	52.991646435769	
0.092241379310	0.142714458721	0.292223808740	-0.131381319006	56.610837647700	115.917018791068	-52.115297825068	-47.004937104217	-36.056356149272	52.981421429764	
0.093103448276	0.142738116065	0.292195744198	-0.131537547860	56.620221854934	115.905886371705	-52.177269445548	-47.034209358072	-36.013566952790	52.971735370898	
0.093965517241	0.142768030619	0.292185336367	-0.131616630584	56.632088122392	115.901757875769	-52.208639352304	-47.063513404164	-36.010583829676	52.981789800659	
0.094827586207	0.142786805493	0.292127733434	-0.131698538236	56.639535590462	115.878908402318	-52.241129828712	-47.082452072734	-35.984911626938	52.963613505220	
0.095689655172	0.142814251612	0.292073341931	-0.131728807512	56.650422698818	115.857332812690	-52.253136804771	-47.095025825283	-35.975290096698	52.953864303251	
0.096551724138	0.142833967948	0.292041109261	-0.131685605137	56.658243618356	115.844547013355	-52.235999629955	-47.104541611179	-36.001516577515	52.959432398221	
0.097413793103	0.142860713357	0.291996886116	-0.131619514038	56.668852774491	115.827004927570	-52.209783137948	-47.105073899682	-36.015545050604	52.946807715278	
0.098275862069	0.142870374897	0.291961997798	-0.131521896621	56.672685237398	115.813165706767	-52.171061036246	-47.098471907053	-36.034211621672	52.935923872125	
0.099137931034	0.142863967230	0.291950019733	-0.131392665500	56.670143495277	115.808414343021	-52.119798662091	-47.088228566099	-36.071309175117	52.935940798796	
0.100000000000	0.142862435264	0.291963776036	-0.131238333767	56.669535806876	115.813871084040	-52.058579576541	-47.072006565687	-36.117997864476	52.945251470538	
0.100862068966	0.142847560989	0.291967148886	-0.131118703470	56.663635597649	115.815208999356	-52.011125580577	-47.050180141376	-36.139552318093	52.942174407546	
0.101724137931	0.142837122602	0.291994576771	-0.130997429539	56.659494981433	115.826088875066	-51.963019601184	-47.027184594228	-36.166495889634	52.949757417566	
0.102586206897	0.142817854129	0.292065250306	-0.130848299531	56.651851716735	115.854123091479	-51.903863894187	-47.005843937027	-36.220509926773	52.983265178524	
0.103448275862	0.142793954196	0.292104556281	-0.130777879134	56.642371281016	115.869714673063	-51.875930090880	-46.983971214945	-36.226311339376	52.983754321590	
0.104310344828	0.142786258189	0.292165157290	-0.130730767226	56.639318489960	115.893753400140	-51.857242113227	-46.965666757011	-36.228213956616	52.991319255947	
0.105172413793	0.142763303647	0.292262149986	-0.130669842450	56.630213064827	115.932227692157	-51.833074957195	-46.954166234369	-36.261030875984	53.025394659413	
0.106034482759	0.142743587998	0.292317833992	-0.130687585329	56.622392417876	115.954315981072	-51.840113061415	-46.942483864794	-36.249180208511	53.028880195019	
0.106896551724	0.142756215690	0.292382961040	-0.130727269420	56.627401470412	115.980150061108	-51.855854631586	-46.935299969052	-36.229225493129	53.038433814924	
0.107758620690	0.142752993674	0.292462760551	-0.130753962213	56.626123386466	116.011804297297	-51.866442916519	-46.934705027397	-36.235219496372	53.065923881987	
0.108620689655	0.142738424009	0.292505793044	-0.130810011585	56.620344007447	116.028874084691	-51.888676136324	-46.934473068202	-36.220957349619	53.077120188828	
0.109482758621	0.142726653414	0.292529670664	-0.130880250777	56.615674941580	116.038345669283	-51.916538060597	-46.937947685867	-36.197390680302	53.083396405379	
0.110344827586	0.142735274998	0.292553295283	-0.130948070987	56.619094883163	116.047716895507	-51.943440442762	-46.948556496338	-36.180546975233	53.087728708881	
0.111206896552	0.142741678318	0.292573043185	-0.130998709890	56.621634901237	116.055550336294	-51.963527480439	-46.960525842205	-36.176721331484	53.097006106260	
0.112068965517	0.142748973395	0.292549816544	-0.131081385048	56.624528654326	116.046336976850	-51.996322405440	-46.972385851514	-36.149054997805	53.084580835230	
0.112931034483	0.142777184299	0.292529755170	-0.131152522562	56.635719131613	116.038379190578	-52.024540669170	-46.985830915524	-36.125001810141	53.075278050541	
0.113793103448	0.142791560669	0.292539589958	-0.131167471559	56.641421835643	116.042280376046	-52.030470518489	-47.000531268290	-36.135622268193	53.090138172675	
0.114655172414	0.142778461497	0.292510442908	-0.131220466623	56.636225760304	116.030718555650	-52.051492179634	-47.011178012344	-36.114889963701	53.078816680315	
0.115517241379	0.142774782340	0.292499485213	-0.131266789558	56.634766341364	116.026371944387	-52.069867193559	-47.022344866616	-36.097300737164	53.076969909853	
0.116379310345	0.142774322170	0.292532728384	-0.131274124169	56.634583804902	116.039558581271	-52.072776628578	-47.038639547960	-36.113513846181	53.097387121113	
0.117241379310	0.142764758746	0.292531029836	-0.131330774053	56.630790261858	116.038884814750	-52.095248054642	-47.050993340182	-36.092885567036	53.086955942455	
0.118103448276	0.142769706336	0.292551798795	-0.131371667888	56.632752832767	116.047123280487	-52.111469496261	-47.062560168362	-36.077565072091	53.087151625830	
0.118965517241	0.142770979378	0.292599603706	-0.131390345164	56.633257812649	116.066086152630	-52.118878249605	-47.076478572688	-36.083902340492	53.102365991673	
0.119827586207	0.142766741904	0.292632430339	-0.131425445360	56.631576925241	116.079107560709	-52.132801516690	-47.084874701684	-36.070724650773	53.103540871900	
0.120689655172	0.142757170792	0.292666965757	-0.131454583770	56.627780332555	116.092806795934	-52.144359909394	-47.089997114371	-36.059357705205	53.109250538204	
0.121551724138	0.142736542866	0.292707610703	-0.131466687506	56.619597810916	116.108929510115	-52.149161123156	-47.095460734282	-36.066101072115	53.124580545173	
0.122413793103	0.142730148374	0.292739561269	-0.131461883274	56.617061294676	116.121603406693	-52.147255418679	-47.097818239136	-36.076176096364	53.138049716760	
0.123275862069	0.142739198256	0.292740088663	-0.131469555437	56.620651129730	116.121812609250	-52.150298751492	-47.097832623454	-36.068840057279	53.130269131579	
0.124137931034	0.142745554514	0.292726092166	-0.131455544337	56.623172479676	116.116260590067	-52.144740939670	-47.095224378947	-36.072171473468	53.122587432303	
0.125000000000	0.142753786390	0.292718325155	-0.131381882768	56.626437834727	116.113179633798	-52.115521453594	-47.090074349605	-36.105032014961	53.130806607817	
0.125862068966	0.142764247489	0.292654210417	-0.131340838780	56.630587460479	116.087747109000	-52.099240450730	-47.078976710355	-36.102199961336	53.106815971294	
0.126724137931	0.142780884454	0.292590323307	-0.131276492641	56.637186879779	116.062404877775	-52.073716135305	-47.063966357447	-36.109330037517	53.088670208337	
0.127586206897	0.142793707248	0.292549958802	-0.131153274843	56.642273323768	116.046393406651	-52.024839077995	-47.049558531058	-36.159561747593	53.098544238758	
0.128448275862	0.142795607024	0.292450995806	-0.131075062251	56.643026911801	116.007137551809	-51.993814328467	-47.029495658860	-36.172583031418	53.073667614652	
0.129310344828	0.142822753420	0.292358619779	-0.130989288407	56.653795128400	115.970494563321	-51.959790241540	-47.010301863449	-36.183435791316	53.050093606467	
0.130172413793	0.142828288049	0.292290246492	-0.130874734935	56.655990560928	115.943372790968	-51.914350080311	-46.995208723311	-36.224105590534	53.043075253898	
0.131034482759	0.142821700884	0.292194170761	-0.130799116579	56.653377616908	115.905262233249	-51.884354391773	-46.976317570561	-36.236008108511	53.015406734198	
0.131896551724	0.142833864521	0.292109071509	-0.130749007464	56.658202591800	115.871505737900	-51.864477506170	-46.960007838141	-36.235033421057	52.989726840754	
0.132758620690	0.142831765772	0.292046304056	-0.130709290626	56.657370076700	115.846607643230	-51.848722946195	-46.947775491335	-36.246099551227	52.974935537821	
0.133620689655	0.142825056305	0.291998352903	-0.130671648890	56.654708618364	115.827586760895	-51.833791521672	-46.935698004281	-36.259067595950	52.967579312947	
0.134482758621	0.142809111158	0.291943268414	-0.130680228857	56.648383624444	115.805736283679	-51.837194954675	-46.926815101833	-36.248464581387	52.951076990105	
0.135344827586	0.142784150821	0.291906317208	-0.130703831088	56.638482556221	115.791078772848	-51.846557300143	-46.922496697436	-36.241540977913	52.939841373687	
0.136206896552	0.142773450840	0.291908064385	-0.130711627369	56.634238172704	115.791771829020	-51.849649867121	-46.924943514916	-36.252114247919	52.945026268339	
0.137068965517	0.142740326239	0.291877391609	-0.130786041464	56.621098569199	115.779604795855	-51.879167859174	-46.927989356431	-36.226452310776	52.925135712273	
0.137931034483	0.142740858762	0.291865280769	-0.130871246065	56.621309806107	115.774800764317	-51.912966143300	-46.934663017859	-36.197414398072	52.912086569838	
0.138793103448	0.142748597652	0.291899894743	-0.130916335560	56.624379607441	115.788531160196	-51.930851885851	-46.946417543466	-36.203188037775	52.927902481670	
0.139655172414	0.142735949484	0.291895606286	-0.131009642676	56.619362432851	115.786830049154	-51.967864211279	-46.956254965986	-36.173687864325	52.916159102761	
0.140517241379	0.142739543675	0.291911605593	-0.131077226561	56.620788147965	115.793176527130	-51.994672849825	-46.965472366037	-36.155269512231	52.919099865361	
0.141379310345	0.142716352523	0.291957837585	-0.131096964010	56.611588866011	115.811515466552	-52.002502144375	-46.979458850187	-36.173848999742	52.947847009199	
0.142241379310	0.142705140933	0.291970649774	-0.131143880534	56.607141541302	115.816597704064	-52.021112618156	-46.990652604515	-36.160026736479	52.946081172776	
0.143103448276	0.142717487307	0.291993461481	-0.131180472442	56.612039002841	115.825646470405	-52.035627605597	-47.001941024941	-36.147537499952	52.948203497850	
0.143965517241	0.142727500844	0.292027312838	-0.131184604435	56.616011093343	115.839074357943	-52.037266651905	-47.014464329954	-36.159701997328	52.964019031662	
0.144827586207	0.142758873153	0.292042634961	-0.131182236680	56.628455611681	115.845152216099	-52.036327429425	-47.021165222156	-36.158449458086	52.966759865825	
0.145689655172	0.142778603153	0.292051592613	-0.131171640026	56.636281951269	115.848705466278	-52.032124033171	-47.024821177538	-36.153484301229	52.967382268416	
0.146551724138	0.142779556717	0.292065591600	-0.131136487675	56.636660203559	115.854258472969	-52.018180077905	-47.025929424870	-36.164538364819	52.976473398738	
0.147413793103	0.142777555940	0.292094048773	-0.131065051841	56.635866551042	115.865546638556	-51.989843478451	-47.024344650989	-36.193425069257	52.998428867604	
0.148275862069	0.142761986298	0.292089755779	-0.131036244211	56.629690509190	115.863843727587	-51.978416296946	-47.019991225360	-36.194302859615	52.996635824941	
0.149137931034	0.142766209783	0.292085933661	-0.131015405069	56.631365847840	115.862327600124	-51.970149991495	-47.015805082985	-36.192082625232	52.990805583236	
0.150000000000	0.142778054492	0.292114805534	-0.130947764567	56.636064312642	115.873780265326	-51.943318894707	-47.013302474532	-36.221691590960	53.008775117445	
0.150862068966	0.142785711874	0.292094313552	-0.130948095081	56.639101782212	115.865651668832	-51.943450000328	-47.006661578219	-36.204654828756	52.991172004757	
0.151724137931	0.142801269819	0.292088818548	-0.130947334952	56.645273184414	115.863471954455	-51.943148478492	-46.999413806612	-36.189654230089	52.981490820404	
0.152586206897	0.142793577537	0.292118159260	-0.130916540516	56.642221871110	115.875110594870	-51.930933186266	-46.996372257641	-36.210496591854	52.998974904034	
0.153448275862	0.142772173320	0.292110878143	-0.130939086001	56.633731416242	115.872222379415	-51.939876349982	-46.989596025471	-36.199396427800	52.992976444034	
0.154310344828	0.142765078878	0.292112787845	-0.130973955430	56.630917249132	115.872979904737	-51.953708078222	-46.986412715607	-36.185265997866	52.992670089162	
0.155172413793	0.142757925872	0.292133292947	-0.131002486242	56.628079851524	115.881113705399	-51.965025453957	-46.989849295462	-36.190402985156	53.001680857520	
0.156034482759	0.142760683469	0.292136267971	-0.131052298291	56.629173713404	115.882293814616	-51.984784501851	-46.993039682530	-36.178007326474	52.996615652340	
0.156896551724	0.142765433351	0.292128952702	-0.131121149197	56.631057858963	115.879392051666	-52.012095732193	-46.998363313307	-36.151087247427	52.987585764045	
0.157758620690	0.142771753960	0.292126459973	-0.131183673760	56.633565067843	115.878403255842	-52.036897479072	-47.006534373858	-36.132138438421	52.982692629267	
0.158620689655	0.142780088398	0.292151724992	-0.131207999270	56.636871106391	115.888425182916	-52.046546729202	-47.014919230645	-36.134515689653	52.994469164054	
0.159482758621	0.142772712114	0.292147066171	-0.131269159151	56.633945140903	115.886577158857	-52.070807144869	-47.022171944745	-36.113223363799	52.989723151601	
0.160344827586	0.142772973282	0.292146879237	-0.131312132571	56.634048738843	115.886503007163	-52.087853499523	-47.029194738862	-36.102514139998	52.991844857455	
0.161206896552	0.142772241942	0.292180414347	-0.131293798192	56.633758636529	115.899805448144	-52.080580763897	-47.039125884491	-36.127614896473	53.016284892123	
0.162068965517	0.142763719228	0.292166804106	-0.131319072369	56.630377914210	115.894406645842	-52.090606323418	-47.045273942647	-36.112884770321	53.002929947073	
0.162931034483	0.142773596370	0.292162849942	-0.131325284596	56.634295900226	115.892838139419	-52.093070540377	-47.049295476698	-36.098863357987	52.995441427058	
0.163793103448	0.142781733886	0.292194473608	-0.131281318324	56.637523825525	115.905382364204	-52.075630348804	-47.054928814596	-36.120377295576	53.011880971352	
0.164655172414	0.142775628852	0.292192235966	-0.131268656661	56.635102129075	115.904494753960	-52.070607821019	-47.052812395848	-36.114164723822	53.001999440633	
0.165517241379	0.142780275388	0.292203183254	-0.131238426665	56.636945280038	115.908837237314	-52.058616426559	-47.048342970986	-36.112909314402	53.002448234699	
0.166379310345	0.142769452528	0.292237026672	-0.131170089356	56.632652154070	115.922261975672	-52.031508925581	-47.043615185618	-36.141502817584	53.020396453164	
0.167241379310	0.142746276474	0.292256793473	-0.131107366452	56.623458861173	115.930102912913	-52.006628502160	-47.034238148807	-36.160779293498	53.027775828365	
0.168103448276	0.142728719553	0.292268994317	-0.131063611259	56.616494521067	115.934942647012	-51.989272039871	-47.024769159163	-36.165156105066	53.025449666747	
0.168965517241	0.142716259997	0.292283802717	-0.131024687789	56.611552163602	115.940816725317	-51.973832187207	-47.016329527533	-36.174917872494	53.024494459994	
0.169827586207	0.142724975104	0.292311036082	-0.130971387945	56.615009202739	115.951619440301	-51.952689628553	-47.007515077090	-36.193358028919	53.033991478888	
0.170689655172	0.142727296216	0.292305081975	-0.130967752553	56.615929923049	115.949257612243	-51.951247570195	-46.997832509355	-36.183365558470	53.021345132614	
0.171551724138	0.142739082781	0.292306750086	-0.130961871014	56.620605324013	115.949919305280	-51.948914528126	-46.988210879639	-36.179910854872	53.016155623506	
0.172413793103	0.142739762859	0.292338759303	-0.130909502462	56.620875092068	115.962616467253	-51.928141386650	-46.982362213565	-36.213753297492	53.040018973032	
0.173275862069	0.142706626347	0.292315998055	-0.130914792770	56.607730763582	115.953587716244	-51.930239904030	-46.974076561080	-36.211026880006	53.033445652359	
0.174137931034	0.142699976031	0.292300250591	-0.130919841056	56.605092769253	115.947341137378	-51.932242418195	-46.969269993895	-36.206087424156	53.029550686273	
0.175000000000	0.142701000879	0.292314124785	-0.130900806433	56.605499297741	115.952844642458	-51.924691914977	-46.971979746473	-36.228296767896	53.043666218130	
0.175862068966	0.142711294809	0.292279520484	-0.130937687852	56.609582612043	115.939118083213	-51.939321743235	-46.972261003948	-36.211219872705	53.027738582621	
0.176724137931	0.142747439761	0.292250761956	-0.130971647583	56.623920304520	115.927710378980	-51.952792619735	-46.974594194773	-36.191561992648	53.016704419850	
0.177586206897	0.142760960633	0.292242187604	-0.130978089894	56.629283656487	115.924309172810	-51.955348104439	-46.980441150608	-36.198210611216	53.020988573090	
0.178448275862	0.142767966801	0.292225116012	-0.130986221550	56.632062807604	115.917537349457	-51.958573705023	-46.983082537171	-36.195643172838	53.019198639872	
0.179310344828	0.142755293931	0.292206372921	-0.131000247835	56.627035834099	115.910102489016	-51.964137540226	-46.985788589474	-36.188182228037	53.018348584543	
0.180172413793	0.142735164258	0.292198416410	-0.131013261001	56.619050955597	115.906946363509	-51.969299499821	-46.990525723197	-36.189745619191	53.021892090016	
0.181034482759	0.142731559039	0.292210131996	-0.131007167394	56.617620865729	115.911593609139	-51.966882336088	-46.996312008921	-36.201247485024	53.031913346984	
0.181896551724	0.142740722360	0.292192733200	-0.131045212218	56.621255699315	115.904691992741	-51.981973654597	-47.001094037585	-36.176856438892	53.016960493867	
0.182758620690	0.142763678682	0.292185266272	-0.131077089803	56.630361830853	115.901730071295	-51.994618601587	-47.004966961777	-36.155459894502	53.006224966004	
0.183620689655	0.142779332561	0.292218700432	-0.131057169460	56.636571287000	115.914992468345	-51.986716758268	-47.010552912730	-36.170285200578	53.021331584122	
0.184482758621	0.142769140666	0.292212832446	-0.131085491652	56.632528446921	115.912664802168	-51.997951380347	-47.010542553592	-36.151680915786	53.009225915358	
0.185344827586	0.142769056231	0.292219740471	-0.131103296174	56.632494954294	115.915405022491	-52.005013936928	-47.009603528218	-36.139930813396	53.008268884265	
0.186206896552	0.142746558122	0.292257163138	-0.131075573978	56.623570582979	115.930249548646	-51.994017316373	-47.011513747749	-36.170519723286	53.034143789235	
0.187068965517	0.142731366905	0.292248057287	-0.131096945837	56.617544651570	115.926637512051	-52.002494935787	-47.010108296258	-36.163211821314	53.025084600212	
0.187931034483	0.142754938250	0.292238942396	-0.131117675847	56.626894745427	115.923021889475	-52.010717951164	-47.010143764280	-36.149138427535	53.015052564035	
0.188793103448	0.142767133445	0.292233345740	-0.131114638263	56.631732238694	115.920801852761	-52.009513026567	-47.012433943500	-36.156347159847	53.015942975379	
0.189655172414	0.142773894905	0.292201982901	-0.131112916512	56.634414320699	115.908361090927	-52.008830055917	-47.010596716380	-36.154574195658	53.004987157929	
0.190517241379	0.142785395415	0.292162622899	-0.131113409810	56.638976251688	115.892748077904	-52.009025733502	-47.008442592277	-36.145129221705	52.990825860025	
0.191379310345	0.142787624593	0.292125604874	-0.131101599228	56.639860504255	115.878064061707	-52.004340805751	-47.006254647714	-36.152554964211	52.984796089596	
0.192241379310	0.142790026269	0.292093130778	-0.131054337769	56.640813182263	115.865182495340	-51.985593505842	-47.003097987163	-36.181230520991	52.991855271854	
0.193103448276	0.142772717394	0.292019402035	-0.131041894334	56.633947235053	115.835936363440	-51.980657542563	-46.998335454176	-36.182571557481	52.974425956566	
0.193965517241	0.142779469162	0.291944956207	-0.131027192101	56.636625472761	115.806405783886	-51.974825577916	-46.994487870804	-36.180792915826	52.952687776010	
0.194827586207	0.142798119110	0.291900195429	-0.130967736004	56.644023386038	115.788650434229	-51.951241005516	-46.993516085516	-36.205698553752	52.951841435241	
0.195689655172	0.142795324272	0.291809943275	-0.130963812141	56.642914751942	115.752849926603	-51.949684518588	-46.988217134097	-36.191972346810	52.919362896898	
0.196551724138	0.142815586685	0.291739152021	-0.130957702430	56.650952285067	115.724769014619	-51.947260967135	-46.982848042737	-36.179717110865	52.894524229436	
0.197413793103	0.142812643476	0.291711172005	-0.130909083530	56.649784796085	115.713670124172	-51.927975208150	-46.980604554216	-36.207881922595	52.900672212403	
0.198275862069	0.142801981510	0.291656193475	-0.130898059676	56.645555492378	115.691861677314	-51.923602353407	-46.973716732027	-36.205906903863	52.883547140536	
0.199137931034	0.142787653932	0.291622362919	-0.130884227812	56.639872142197	115.678442041190	-51.918115639547	-46.967470573321	-36.207639890563	52.877960884360	
0.200000000000	0.142765692914	0.291615581269	-0.130866565139	56.631160820322	115.675751950258	-51.911109350761	-46.966551325783	-36.223398030812	52.881666524088	
0.200862068966	0.142770175283	0.291606318908	-0.130877717164	56.632938850681	115.672077830432	-51.915533047454	-46.964882678732	-36.216390926941	52.872653123859	
0.201724137931	0.142777098418	0.291600950786	-0.130914829581	56.635685064770	115.669948446390	-51.930254506095	-46.964808141638	-36.195817908443	52.862932794626	
0.202586206897	0.142787175698	0.291617357496	-0.130953264377	56.639682440122	115.676456529827	-51.945500515695	-46.967392624969	-36.186175422240	52.861991982285	
0.203448275862	0.142808963202	0.291666123158	-0.130967504113	56.648324934128	115.695800505217	-51.951149021030	-46.971287356334	-36.191930606641	52.877668950626	
0.204310344828	0.142804237488	0.291697684485	-0.131013631272	56.646450375663	115.708320001612	-51.969446376053	-46.973960571422	-36.178551262628	52.881499333073	
0.205172413793	0.142788224194	0.291740336933	-0.131052723219	56.640098349314	115.725239035943	-51.984953058633	-46.977600149952	-36.172463541170	52.893946392086	
0.206034482759	0.142766670449	0.291823106996	-0.131039959885	56.631548580888	115.758071606753	-51.979890201012	-46.985492524451	-36.200953390893	52.933356683255	
0.206896551724	0.142760965820	0.291866612426	-0.131093141350	56.629285714067	115.775328995126	-52.000985801901	-46.992493013406	-36.178980924108	52.933964863767	
0.207758620690	0.142791426371	0.291921535233	-0.131143881297	56.641368563399	115.797115338014	-52.021112920979	-47.000653639201	-36.155369742386	52.940459767218	
0.208620689655	0.142808226475	0.292006203322	-0.131144819724	56.648032695140	115.830700802664	-52.021485168674	-47.012301615711	-36.170942036313	52.971841392917	
0.209482758621	0.142820132044	0.292056117534	-0.131174875425	56.652755301907	115.850500376020	-52.033407425516	-47.018651426712	-36.155474628410	52.975794390275	
0.210344827586	0.142829343363	0.292119256503	-0.131183826215	56.656409174550	115.875545840613	-52.036957953733	-47.023683092459	-36.146154996762	52.990661034305	
0.211206896552	0.142802870433	0.292201107665	-0.131156745590	56.645908103207	115.908013909163	-52.026215826341	-47.029695785759	-36.168132767419	53.022963893658	
0.212068965517	0.142766336579	0.292267356693	-0.131136515215	56.631416144070	115.934293047155	-52.018191002006	-47.030954194766	-36.179673124730	53.045147487828	
0.212931034483	0.142745010179	0.292322176180	-0.131140399273	56.622956557061	115.956038405647	-52.019731699199	-47.033074998189	-36.172166864285	53.055372001779	
0.213793103448	0.142751852662	0.292375872545	-0.131145369201	56.625670779223	115.977338253142	-52.021703130964	-47.036274549767	-36.164256039621	53.062501090347	
0.214655172414	0.142762423552	0.292441206000	-0.131116891905	56.629863955507	116.003254209041	-52.010406983322	-47.037724947824	-36.173464873506	53.080254469336	
0.215517241379	0.142755948983	0.292471461992	-0.131127922204	56.627295675154	116.015255915596	-52.014782394888	-47.036289923816	-36.155664793706	53.075611210243	
0.216379310345	0.142752717636	0.292506180197	-0.131132318862	56.626013889993	116.029027657465	-52.016526426138	-47.033636912218	-36.144522618751	53.075711790347	
0.217241379310	0.142736231495	0.292571130569	-0.131086096958	56.619474298796	116.054791654850	-51.998191488624	-47.032044644587	-36.174489344691	53.105246198593	
0.218103448276	0.142696007571	0.292579621906	-0.131098006707	56.603518592001	116.058159931088	-52.002915752881	-47.026550920940	-36.168683406669	53.102667888326	
0.218965517241	0.142684320801	0.292588081619	-0.131111666756	56.598882777107	116.061515662690	-52.008334312932	-47.021875227355	-36.161053164981	53.102424893045	
0.219827586207	0.142698571519	0.292616035857	-0.131096161620	56.604535638643	116.072604327804	-52.002183858591	-47.023377966630	-36.178074863109	53.116136520266	
0.220689655172	0.142710041482	0.292589715533	-0.131123681162	56.609085452357	116.062163791008	-52.013100092031	-47.020682210258	-36.159982930991	53.097905651976	
0.221551724138	0.142726629918	0.292559818222	-0.131141843593	56.615665621381	116.050304363051	-52.020304620735	-47.018658906449	-36.143903427083	53.085162093692	
0.222413793103	0.142741520699	0.292547323036	-0.131129594342	56.621572377946	116.045347872087	-52.015445685012	-47.019603946386	-36.153464042166	53.086705400553	
0.223275862069	0.142745254953	0.292521913983	-0.131118760104	56.623053652190	116.035268810452	-52.011148045616	-47.016850537747	-36.159189459051	53.082789616699	
0.224137931034	0.142746514502	0.292482881601	-0.131115957534	56.623553279969	116.019785755259	-52.010036344364	-47.013867728617	-36.160024253207	53.077428119747	
0.225000000000	0.142738214822	0.292444387149	-0.131099566123	56.620261029009	116.004516082160	-52.003534329805	-47.011606407180	-36.173088999014	53.076280048867	
0.225862068966	0.142758181386	0.292418843188	-0.131059684270	56.628181207118	115.994383506454	-51.987714313245	-47.010602960398	-36.190302509326	53.078811189845	
0.226724137931	0.142774984197	0.292360810182	-0.131058874083	56.634846412605	115.971363434959	-51.987392934853	-47.008277141261	-36.175023178064	53.055665057969	
0.227586206897	0.142790256962	0.292311997947	-0.131048824073	56.640904691830	115.952000985304	-51.983406376466	-47.004959456736	-36.165692985617	53.038105256715	
0.228448275862	0.142808876580	0.292306390389	-0.130991857213	56.648290573807	115.949776623567	-51.960809215306	-47.003815420963	-36.191145398169	53.047407462650	
0.229310344828	0.142804494878	0.292262625418	-0.130987945478	56.646552475194	115.932416282492	-51.959257539132	-46.998198158516	-36.181141444851	53.027779296295	
0.230172413793	0.142809140823	0.292239651563	-0.130963496675	56.648395391423	115.923303196206	-51.949559382134	-46.990892476748	-36.181688669925	53.021454363387	
0.231034482759	0.142788415152	0.292251026274	-0.130898661574	56.640174096945	115.927815226493	-51.923841109313	-46.987055820551	-36.219659505097	53.040924666119	
0.231896551724	0.142759842532	0.292224487637	-0.130884844740	56.628840137041	115.917288090774	-51.918360357685	-46.978934935996	-36.218478639513	53.029334078092	
0.232758620690	0.142776403355	0.292206098016	-0.130885428931	56.635409353059	115.909993441801	-51.918592089781	-46.973742273239	-36.203929037667	53.015793460925	
0.233620689655	0.142775499403	0.292202230161	-0.130872881435	56.635050780526	115.908459171845	-51.913614848918	-46.971896870902	-36.213313914033	53.015569555638	
0.234482758621	0.142784124443	0.292183263399	-0.130877650016	56.638472092646	115.900935587627	-51.915506411457	-46.967960085319	-36.209731659675	53.005174145046	
0.235344827586	0.142799503661	0.292159729984	-0.130896852962	56.644572598550	115.891600539287	-51.923123683492	-46.964995138746	-36.198338345547	52.992493752415	
0.236206896552	0.142799102233	0.292140789964	-0.130905013342	56.644413363620	115.884087562571	-51.926360678302	-46.963511775479	-36.203852513987	52.988911773278	
0.237068965517	0.142786378765	0.292130906802	-0.130881136222	56.639366319315	115.880167188705	-51.916889292145	-46.961953535260	-36.229460822803	52.999530488485	
0.237931034483	0.142752421629	0.292078985152	-0.130901180266	56.625896472465	115.859571321122	-51.924840204103	-46.960200303796	-36.224998266201	52.987594072454	
0.238793103448	0.142763753185	0.292031796139	-0.130927684062	56.630391383935	115.840852758244	-51.935353519349	-46.961582009468	-36.211649475389	52.971786718845	
0.239655172414	0.142789372079	0.292013851818	-0.130916144244	56.640553683352	115.833734747426	-51.930775996213	-46.967746867651	-36.229087628617	52.977359156009	
0.240517241379	0.142802895767	0.291942365566	-0.130958762774	56.645918152247	115.805378148873	-51.947681575990	-46.970719269823	-36.208790665526	52.950730869264	
0.241379310345	0.142837060878	0.291885405701	-0.130985218279	56.659470497182	115.782783762267	-51.958175735451	-46.974143671079	-36.192545323761	52.932166511304	
0.242241379310	0.142845550890	0.291866951910	-0.130959416996	56.662838247608	115.775463658925	-51.947941087778	-46.980988149465	-36.217382381837	52.941233736133	
0.243103448276	0.142822698206	0.291816735897	-0.130963931036	56.653773226639	115.755544369911	-51.949731681108	-46.981882772028	-36.216449331631	52.928533401305	
0.243965517241	0.142805464659	0.291781927339	-0.130967629806	56.646937160088	115.741736787852	-51.951198879618	-46.983275664949	-36.213165486218	52.923723502579	
0.244827586207	0.142786604046	0.291773362695	-0.130961891298	56.639455681932	115.738339432856	-51.948922573893	-46.988171955935	-36.225842990434	52.930806196033	
0.245689655172	0.142793927022	0.291755552016	-0.130979606754	56.642360502054	115.731274434088	-51.955949800455	-46.991734101588	-36.215577470920	52.920799363187	
0.246551724138	0.142807173578	0.291742766906	-0.131005420381	56.647615040427	115.726202938138	-51.966189344872	-46.995260305805	-36.195638385544	52.908978367944	
0.247413793103	0.142812754437	0.291746156499	-0.131028437079	56.649828811473	115.727547494984	-51.975319425828	-46.999723836760	-36.184777423153	52.903744206935	
0.248275862069	0.142812996492	0.291782051135	-0.131018304239	56.649924827712	115.741785894104	-51.971300011211	-47.003113835850	-36.194508501761	52.915555015706	
0.249137931034	0.142782727647	0.291795785893	-0.131048866037	56.637918022786	115.747234088952	-51.983423022518	-47.004225764842	-36.181478293436	52.912149713753	
0.250000000000	0.142752932475	0.291822050650	-0.131075475295	56.626099110764	115.757652583903	-51.993978171647	-47.004608943600	-36.176860176297	52.917826808109	
0.250862068966	0.142736465435	0.291882678441	-0.131066733655	56.619567096019	115.781701934549	-51.990510607319	-47.008855533571	-36.199190190710	52.946735958871	
0.251724137931	0.142734443700	0.291895983430	-0.131122300941	56.618765130283	115.786979651829	-52.012552596786	-47.011459987668	-36.173936196082	52.937255353422	
0.252586206897	0.142756624630	0.291914621590	-0.131169320396	56.627563685431	115.794372889058	-52.031203900639	-47.014951970611	-36.150157951726	52.931288795085	
0.253448275862	0.142758545990	0.291959446584	-0.131167742234	56.628325835129	115.812153711305	-52.030577887705	-47.022091680826	-36.165206819989	52.951142044808	
0.254310344828	0.142757321189	0.291963115971	-0.131198185861	56.627839990800	115.813609254727	-52.042654024078	-47.024562538991	-36.148968936698	52.943172845473	
0.255172413793	0.142764086661	0.291981845079	-0.131212076417	56.630523664569	115.821038568504	-52.048164019559	-47.026954482102	-36.140663231063	52.945735609815	
0.256034482759	0.142749478797	0.292011825653	-0.131198904718	56.624729133124	115.832931024401	-52.042939174479	-47.030912205272	-36.162142766681	52.965203515234	
0.256896551724	0.142739664415	0.292019319826	-0.131188585066	56.620836042130	115.835903753341	-52.038845656732	-47.030917954183	-36.171820468889	52.973381807291	
0.257758620690	0.142744704499	0.292015104332	-0.131189249442	56.622835302563	115.834231584675	-52.039109196139	-47.031011710420	-36.163598108368	52.972608853943	
0.258620689655	0.142759967437	0.292012799645	-0.131182984915	56.628889683587	115.833317379681	-52.036624233321	-47.032974617767	-36.159957376758	52.968638781928	
0.259482758621	0.142774492770	0.292026930896	-0.131141616651	56.634651477085	115.838922852152	-52.020214599173	-47.033367930104	-36.172916637453	52.977090572252	
0.260344827586	0.142774491700	0.292014423886	-0.131139034703	56.634651052868	115.833961670928	-52.019190412459	-47.031306916777	-36.159792270867	52.965820788858	
0.261206896552	0.142777740781	0.292015917080	-0.131129335465	56.635939872439	115.834553979054	-52.015342996050	-47.027726536154	-36.154604853562	52.961251295386	
0.262068965517	0.142772458088	0.292057398717	-0.131063607321	56.633844375800	115.851008585567	-51.989270478088	-47.025439054266	-36.189253693413	52.986229440609	
0.262931034483	0.142746368857	0.292056390361	-0.131049315354	56.623495506826	115.850608598631	-51.983601253975	-47.017687559629	-36.187090482667	52.981740225160	
0.263793103448	0.142740735420	0.292067232241	-0.131037052712	56.621260879730	115.854909269441	-51.978737006778	-47.010326930841	-36.179798747200	52.981609571182	
0.264655172414	0.142738172895	0.292111113861	-0.130995310832	56.620244397617	115.872315882084	-51.962179169094	-47.008077037247	-36.200744194217	53.000042910092	
0.265517241379	0.142735708375	0.292113901942	-0.131006373570	56.619266791338	115.873421835721	-51.966567448329	-47.002265593566	-36.185422578256	52.987639190179	
0.266379310345	0.142753498973	0.292127144484	-0.131018103278	56.626323824479	115.878674782120	-51.971220295721	-46.997592769239	-36.170220144190	52.983566058325	
0.267241379310	0.142759100985	0.292159728706	-0.131010147449	56.628545986397	115.891600032634	-51.968064440566	-46.996628580870	-36.182230109260	52.994180410415	
0.268103448276	0.142763042239	0.292179974585	-0.131006775964	56.630109371501	115.899631007071	-51.966727066860	-46.992457496574	-36.187722198487	52.997802505216	
0.268965517241	0.142750363924	0.292187851123	-0.131011531168	56.625080238218	115.902755409507	-51.968613323270	-46.988400208189	-36.187518485231	53.000830891682	
0.269827586207	0.142732645889	0.292192392549	-0.131013550168	56.618051989035	115.904556866309	-51.969414204350	-46.986189981470	-36.193139053474	53.007621532081	
0.270689655172	0.142737780275	0.292211762636	-0.130988790343	56.620088656486	115.912240438583	-51.959592673397	-46.985561214708	-36.208756488496	53.022381168822	
0.271551724138	0.142749449614	0.292195940820	-0.131014766448	56.624717557174	115.905964366258	-51.969896668323	-46.986125362611	-36.191033471888	53.009489046543	
0.272413793103	0.142779374943	0.292178638261	-0.131035974366	56.636588098609	115.899100924434	-51.978309257061	-46.987193831124	-36.178148811266	53.000406530813	
0.273275862069	0.142809677790	0.292194967760	-0.130999850912	56.648608391381	115.905578380528	-51.963980092101	-46.991140807506	-36.202661814330	53.017292387779	
0.274137931034	0.142809338556	0.292167861587	-0.131005226572	56.648473826720	115.894826119078	-51.966112466160	-46.990550303084	-36.194928229017	53.004438688509	
0.275000000000	0.142810007158	0.292153772920	-0.130993640829	56.648739042653	115.889237538504	-51.961516725846	-46.988937364083	-36.193546268471	53.001424612760	
0.275862068966	0.142790928476	0.292174556497	-0.130937768230	56.641171062378	115.897481802637	-51.939353627253	-46.989850761378	-36.228698630723	53.025541125296	
0.276724137931	0.142775540341	0.292157244521	-0.130937418921	56.635067019284	115.890614625598	-51.939215066093	-46.986933337759	-36.221654788472	53.018268138634	
0.277586206897	0.142783782086	0.292150394642	-0.130942010826	56.638336289143	115.887897470021	-51.941036546348	-46.985765983441	-36.209014282917	53.012089133672	
0.278448275862	0.142798525885	0.292165368310	-0.130925348724	56.644184742468	115.893837105781	-51.934427156056	-46.988124920775	-36.216611061984	53.017078303946	
0.279310344828	0.142806838625	0.292170579009	-0.130918093819	56.647482174070	115.895904044461	-51.931549337852	-46.986764235794	-36.214142929518	53.013852710067	
0.280172413793	0.142803988976	0.292176677074	-0.130923245143	56.646351797846	115.898322976467	-51.933592724221	-46.985493708720	-36.203879496262	53.008330093447	
0.281034482759	0.142785397240	0.292195128467	-0.130923406474	56.638976975873	115.905642128259	-51.933656719985	-46.984457914239	-36.208127843810	53.011511046806	
0.281896551724	0.142764860756	0.292230569197	-0.130902240261	56.630830726526	115.919700475659	-51.925260674478	-46.983048478330	-36.228311714394	53.029806451148	
0.282758620690	0.142743959916	0.292232972114	-0.130933541888	56.622539947237	115.920653645762	-51.937677155185	-46.980928112404	-36.215152897059	53.026484226534	
0.283620689655	0.142746625783	0.292239209013	-0.130969588258	56.623597422382	115.923127648997	-51.951975742929	-46.980745128014	-36.201269575833	53.022972103209	
0.284482758621	0.142769571097	0.292274116793	-0.130965483234	56.632699187128	115.936974590163	-51.950347394560	-46.985830910429	-36.215656473575	53.038373178886	
0.285344827586	0.142768910078	0.292256321292	-0.131011789569	56.632436979164	115.929915611946	-51.968715823610	-46.987758405335	-36.193841710488	53.022760005727	
0.286206896552	0.142780352527	0.292245751203	-0.131043457267	56.636975878932	115.925722753203	-51.981277514749	-46.990169028815	-36.177605024509	53.014973138191	
0.287068965517	0.142775379451	0.292274148253	-0.131023198701	56.635003198891	115.936987069211	-51.973241507408	-46.996523833715	-36.203540240376	53.034937812399	
0.287931034483	0.142762190953	0.292259662182	-0.131047426759	56.629771690040	115.931240849920	-51.982852101053	-46.998190553937	-36.197560299611	53.028285841836	
0.288793103448	0.142772695296	0.292249213894	-0.131063061616	56.633938469642	115.927096305762	-51.989054012127	-46.999776328671	-36.191113542935	53.029518569543	
0.289655172414	0.142770961354	0.292252658348	-0.131054576041	56.633250663138	115.928462624380	-51.985688021405	-47.004724547236	-36.204507887512	53.041141034008	
0.290517241379	0.142780142997	0.292242284565	-0.131053171017	56.636892764486	115.924347634510	-51.985130687804	-47.007375238344	-36.201973101307	53.037325027794	
0.291379310345	0.142794117962	0.292226353674	-0.131062734149	56.642436242548	115.918028295386	-51.988924115110	-47.010353553596	-36.185837813350	53.027233922778	
0.292241379310	0.142794125738	0.292223913322	-0.131060973554	56.642439326888	115.917060275937	-51.988225736181	-47.013479580699	-36.184349319949	53.025556427908	
0.293103448276	0.142795965180	0.292246182941	-0.131032797687	56.643168982010	115.925894011619	-51.977049157053	-47.015818896902	-36.199518208357	53.036429889638	
0.293965517241	0.142773417761	0.292243699417	-0.131040106428	56.634225051152	115.924908866891	-51.979948330273	-47.014918131774	-36.192314160260	53.030801500712	
0.294827586207	0.142771079988	0.292253174494	-0.131041771934	56.633297721973	115.928667365076	-51.980608989943	-47.012968856857	-36.185503727063	53.030482244725	
0.295689655172	0.142762981469	0.292299852669	-0.130999994173	56.630085265891	115.947183292641	-51.964036919941	-47.013087615652	-36.210626722655	53.056330741597	
0.296551724138	0.142738000758	0.292301173769	-0.131020324443	56.620176115646	115.947707336099	-51.972101369648	-47.010187574492	-36.193217731097	53.046041720476	
0.297413793103	0.142751867980	0.292313257368	-0.131045481850	56.625676855439	115.952500562438	-51.982080610068	-47.009088991732	-36.171615769068	53.037852588682	
0.298275862069	0.142752806773	0.292355163057	-0.131033625978	56.626049248052	115.969123378105	-51.977377716826	-47.012065808018	-36.187212333223	53.055083718477	
0.299137931034	0.142747831389	0.292357637820	-0.131064857818	56.624075652234	115.970105047454	-51.989766514963	-47.010862924511	-36.173628973965	53.045046570421	
0.300000000000	0.142756422638	0.292367885544	-0.131089153275	56.627483560653	115.974170033190	-51.999403843976	-47.010229540435	-36.163075707248	53.042548659345	
0.300862068966	0.142746928194	0.292388369698	-0.131088742398	56.623717379995	115.982295524497	-51.999240860762	-47.012252018301	-36.178390774967	53.054819072379	
0.301724137931	0.142737316906	0.292384007999	-0.131096714656	56.619904850769	115.980565360502	-52.002403232691	-47.010652776147	-36.179460069516	53.057032896973	
0.302586206897	0.142728659023	0.292366150200	-0.131114526332	56.616470510432	115.973481670805	-52.009468626812	-47.010433650837	-36.168772008008	53.052826288897	
0.303448275862	0.142737481307	0.292352053066	-0.131131848055	56.619970064160	115.967889731455	-52.016339670070	-47.013392200006	-36.163236567672	53.047589130626	
0.304310344828	0.142767483132	0.292345878209	-0.131122666170	56.631870949734	115.965440338569	-52.012697472946	-47.017151618312	-36.172854195353	53.051514500590	
0.305172413793	0.142778743604	0.292302722763	-0.131143339047	56.636337664262	115.948321778981	-52.020897825359	-47.018692569939	-36.159821025816	53.035293431560	
0.306034482759	0.142793013154	0.292266186860	-0.131148122392	56.641997995894	115.933829007070	-52.022795244941	-47.019753969185	-36.154139087002	53.022610089522	
0.306896551724	0.142795225665	0.292266409797	-0.131094242640	56.642875637096	115.933917440108	-52.001422652779	-47.021652686779	-36.186278903345	53.038048370830	
0.307758620690	0.142778635418	0.292221662136	-0.131091807714	56.636294749773	115.916167293251	-52.000456785843	-47.018598933825	-36.178055767567	53.023187006273	
0.308620689655	0.142776048559	0.292192059921	-0.131083891532	56.635268615188	115.904424922124	-51.997316657428	-47.014621894409	-36.171381774874	53.016407380075	
0.309482758621	0.142767030576	0.292197380787	-0.131042741980	56.631691433519	115.906535560692	-51.980993780385	-47.015398219014	-36.196011792549	53.029945899829	
0.310344827586	0.142779373857	0.292167741454	-0.131046823929	56.636587668002	115.894778465645	-51.982612975205	-47.012589757195	-36.181288950522	53.011013200977	
0.311206896552	0.142795778012	0.292152708776	-0.131041545863	56.643094738045	115.888815422331	-51.980519314125	-47.009662003182	-36.170665585335	53.000996933606	
0.312068965517	0.142786263029	0.292162810726	-0.131013753671	56.639320409852	115.892822583654	-51.969494928079	-47.008851511288	-36.186474502587	53.006217943700	
0.312931034483	0.142769309567	0.292165785073	-0.130996607633	56.632595445514	115.894002423815	-51.962693573912	-47.004068521464	-36.192368059910	53.003769780053	
0.313793103448	0.142758438706	0.292165040230	-0.131001230710	56.628283278562	115.893706965545	-51.964527419285	-46.999181451042	-36.184691196759	52.999828633396	
0.314655172414	0.142745768022	0.292171698636	-0.131005971365	56.623257172510	115.896348169118	-51.966407904681	-46.995413617368	-36.186867372773	53.003006641757	
0.315517241379	0.142742907769	0.292194703461	-0.130989898094	56.622122589970	115.905473540231	-51.960032087367	-46.992915676833	-36.202566512847	53.016734577327	
0.316379310345	0.142749007438	0.292184017820	-0.131021148961	56.624542158357	115.901234845113	-51.972428433199	-46.991249825180	-36.185222034770	53.004379339020	
0.317241379310	0.142768279310	0.292174263278	-0.131046854741	56.632186771231	115.897365491144	-51.982625197423	-46.990945014585	-36.171649535584	52.994378353454	
0.318103448276	0.142767521745	0.292194088557	-0.131017624286	56.631886266420	115.905229625070	-51.971030292880	-46.993430752199	-36.198120729897	53.012198559661	
0.318965517241	0.142756760856	0.292171184495	-0.131037075324	56.627617722559	115.896144223896	-51.978745976149	-46.992929419705	-36.186952259048	52.997954928369	
0.319827586207	0.142766979435	0.292161175275	-0.131049619596	56.631671147212	115.892173845936	-51.983721938148	-46.992220426843	-36.179390056872	52.993617645594	
0.320689655172	0.142777667024	0.292176879256	-0.131021305913	56.635910615140	115.898403176397	-51.972490691515	-46.995354756971	-36.205910358582	53.014426197474	
0.321551724138	0.142769520565	0.292151104609	-0.131025824645	56.632679142564	115.888179094216	-51.974283146386	-46.993267619811	-36.202608288618	53.008077908492	
0.322413793103	0.142786542707	0.292134706357	-0.131025645712	56.639431350484	115.881674365859	-51.974212168503	-46.993435464304	-36.193248902513	53.003216909536	
0.323275862069	0.142797584468	0.292137234409	-0.131002122247	56.643811308377	115.882677173318	-51.964881067110	-46.997191333307	-36.204796815468	53.008247874185	
0.324137931034	0.142796338618	0.292130512307	-0.130983036741	56.643317114470	115.880010703498	-51.957310380371	-46.997041551804	-36.208054677328	53.005867997364	
0.325000000000	0.142791530949	0.292125122339	-0.130979884166	56.641410046737	115.877872653537	-51.956059841829	-46.996602208176	-36.201889768619	53.000529332422	
0.325862068966	0.142778221383	0.292131411671	-0.130974122479	56.636130513682	115.880367455875	-51.953774341846	-46.996551704809	-36.205399841341	53.001541611111	
0.326724137931	0.142789141306	0.292162634508	-0.130937361807	56.640462142271	115.892752682933	-51.939192410402	-46.995244966096	-36.221467406356	53.016662913244	
0.327586206897	0.142771301919	0.292165281833	-0.130943337553	56.633385755806	115.893802802681	-51.941562822036	-46.991674942713	-36.211040224736	53.013045494251	
0.328448275862	0.142756354865	0.292177912081	-0.130951111661	56.627456677051	115.898812869151	-51.944646593318	-46.988583336836	-36.201482862318	53.012147774738	
0.329310344828	0.142758626343	0.292227091558	-0.130922697525	56.628357709126	115.918320993467	-51.933375499625	-46.990132279365	-36.220651326019	53.032576435722	
0.330172413793	0.142747789412	0.292227531001	-0.130957261509	56.624059001490	115.918495308274	-51.947086066231	-46.989053905040	-36.200540694312	53.019483658930	
0.331034482759	0.142751531248	0.292238475728	-0.130986714762	56.625543282912	115.922836775703	-51.958769348465	-46.988449024977	-36.186414871106	53.014918224844	
0.331896551724	0.142752407155	0.292279701801	-0.130978701669	56.625890730778	115.939190006722	-51.955590778581	-46.992417500162	-36.207132869546	53.033183433700	
0.332758620690	0.142750667773	0.292276469634	-0.131012299182	56.625200766795	115.937907896430	-51.968917972989	-46.991658370977	-36.194123629442	53.024795377499	
0.333620689655	0.142755552298	0.292272907164	-0.131038578240	56.627138321222	115.936494763911	-51.979342140921	-46.991535849961	-36.181692548383	53.023370534616	
0.334482758621	0.142734728854	0.292279780288	-0.131035009664	56.618878242852	115.939221140361	-51.977926586373	-46.994202167619	-36.196905334933	53.037168515629	
0.335344827586	0.142737905677	0.292270564043	-0.131047206220	56.620138399783	115.935565313364	-51.982764619476	-46.996364772627	-36.192580097901	53.034351064443	
0.336206896552	0.142759232084	0.292248332471	-0.131075665934	56.628597989680	115.926746669952	-51.994053792909	-47.000404776745	-36.177438005128	53.023973653315	
0.337068965517	0.142771143185	0.292223354914	-0.131090672811	56.633322790249	115.916838771309	-52.000006601663	-47.005093772704	-36.176863968553	53.018435507329	
0.337931034483	0.142783910618	0.292214613567	-0.131066213710	56.638387274449	115.913371323080	-51.990304359678	-47.008916758799	-36.194885699241	53.024492647329	
0.338793103448	0.142785166273	0.292173648108	-0.131078627398	56.638885357758	115.897121470177	-51.995228522685	-47.010371185716	-36.181849717038	53.008396794106	
0.339655172414	0.142792406963	0.292142623952	-0.131077959369	56.641757537039	115.884815054499	-51.994963534372	-47.009914136213	-36.174349061792	52.999540406157	
0.340517241379	0.142784120206	0.292149098372	-0.131028411680	56.638470411940	115.887383276208	-51.975309350658	-47.011202551597	-36.203281879428	53.018315244730	
0.341379310345	0.142761482155	0.292114702992	-0.131038666354	56.629490529971	115.873739589780	-51.979377093270	-47.008930446258	-36.191210537568	53.004447747414	
0.342241379310	0.142778899392	0.292093250610	-0.131047653601	56.636399461155	115.865230029392	-51.982942083161	-47.007884612243	-36.175308743894	52.992140984168	
0.343103448276	0.142786691067	0.292110363429	-0.131008980437	56.639490200816	115.872018206402	-51.967601519648	-47.010472107998	-36.198210694937	53.004661131963	
0.343965517241	0.142771184566	0.292091101894	-0.131014656564	56.633339205150	115.864377693706	-51.969853080465	-47.007634166045	-36.188876655649	52.989695187315	
0.344827586207	0.142771492518	0.292088644683	-0.131018357286	56.633461360999	115.863402987013	-51.971321053380	-47.004899986211	-36.178267101340	52.981675542316	
0.345689655172	0.142762681859	0.292106785068	-0.131008774365	56.629966418679	115.870598770696	-51.967519776594	-47.004363182844	-36.188341242403	52.990001293555	
0.346551724138	0.142750567762	0.292112422035	-0.131012072459	56.625161095078	115.872834798232	-51.968828038232	-47.000447364824	-36.188898623729	52.991082691785	
0.347413793103	0.142738999721	0.292112878695	-0.131032675088	56.620572376327	115.873015942213	-51.977000525539	-46.997283436078	-36.179851195694	52.990020648580	
0.348275862069	0.142743081899	0.292118267721	-0.131054712776	56.622191662598	115.875153618370	-51.985742260344	-46.997946880998	-36.175942976764	52.989122325552	
0.349137931034	0.142761718614	0.292134959861	-0.131049745288	56.629584326300	115.881774923808	-51.983771796816	-47.000033728712	-36.186198457663	52.996481277093	
0.350000000000	0.142745363979	0.292113287086	-0.131079100496	56.623096899623	115.873177939644	-51.995416187478	-47.000609876629	-36.173896877761	52.984700219879	
0.350862068966	0.142747327007	0.292099192417	-0.131100128409	56.623875578212	115.867586978211	-52.003757373162	-47.001635796079	-36.164202150127	52.976377285863	
0.351724137931	0.142760739539	0.292122670406	-0.131076335974	56.629195954824	115.876900040286	-51.994319579045	-47.006036914774	-36.186050152438	52.994011612445	
0.352586206897	0.142762558252	0.292096514575	-0.131103559407	56.629917387409	115.866524753308	-52.005118353983	-47.005825150551	-36.172980863918	52.982779088997	
0.353448275862	0.142774858489	0.292078671879	-0.131115232032	56.634796547557	115.859447054260	-52.009748557986	-47.005465254529	-36.164918285802	52.979875197645	
0.354310344828	0.142774977159	0.292095001127	-0.131078671931	56.634843620702	115.865924410645	-51.995246187612	-47.009404493861	-36.191720047828	53.000758266969	
0.355172413793	0.142776181740	0.292072723317	-0.131082451725	56.635321444546	115.857087425818	-51.996745526244	-47.009926440185	-36.182288017736	52.988099831845	
0.356034482759	0.142783846254	0.292063490671	-0.131076942926	56.638361742848	115.853425093239	-51.994560339960	-47.010553607748	-36.174264104956	52.982565530888	
0.356896551724	0.142770287444	0.292077450616	-0.131052732430	56.632983342052	115.858962613299	-51.984956712714	-47.013356381674	-36.190475157760	52.991554717166	
0.357758620690	0.142770953949	0.292084842648	-0.131044452630	56.633247725990	115.861894825748	-51.981672347282	-47.012317187739	-36.189421481783	52.989859829701	
0.358620689655	0.142777848058	0.292093483580	-0.131043912080	56.635982426284	115.865322441998	-51.981457926256	-47.010245806522	-36.178588564575	52.987798648948	
0.359482758621	0.142770032654	0.292114013202	-0.131034822578	56.632882273969	115.873465969711	-51.977852374742	-47.008140138727	-36.181145336428	52.993865980641	
0.360344827586	0.142755618416	0.292157160880	-0.130998495503	56.627164548525	115.890581447440	-51.963442439312	-47.005346823766	-36.199393774096	53.013664619795	
0.361206896552	0.142738627099	0.292171297682	-0.131013224079	56.620424567633	115.896189121926	-51.969284853900	-47.002798951542	-36.184586302952	53.008426391458	
0.362068965517	0.142738095992	0.292190589958	-0.131031864535	56.620213892420	115.903841828887	-51.976679001619	-47.001340945991	-36.172484237292	53.004474878407	
0.362931034483	0.142733168348	0.292242313594	-0.131007504757	56.618259233797	115.924359149683	-51.967016158682	-47.002797125482	-36.196377793366	53.026808354266	
0.363793103448	0.142727380565	0.292246086616	-0.131043529062	56.615963382085	115.925855802144	-51.981305993762	-47.001091482893	-36.178758718910	53.015332489454	
0.364655172414	0.142754484644	0.292256694381	-0.131074466301	56.626714812826	115.930063606058	-51.993577931671	-46.999928950890	-36.159969092324	53.009865750617	
0.365517241379	0.142752630211	0.292292538284	-0.131053487469	56.625979210946	115.944281880509	-51.985256215587	-47.001563621422	-36.184599413575	53.032379958960	
0.366379310345	0.142732727825	0.292279071636	-0.131070770080	56.618084490778	115.938940037596	-51.992111744180	-46.999000583864	-36.177045133544	53.027420395469	
0.367241379310	0.142734672181	0.292274717687	-0.131078266092	56.618855762487	115.937212948018	-51.995085202775	-46.998224850201	-36.169283912365	53.027757445845	
0.368103448276	0.142743267315	0.292281000657	-0.131071681155	56.622265211975	115.939705226641	-51.992473142061	-47.002680820230	-36.181967139606	53.035132052833	
0.368965517241	0.142756609343	0.292262084781	-0.131070857394	56.627557621377	115.932201827077	-51.992146379297	-47.003803427433	-36.184978788569	53.030492402810	
0.369827586207	0.142768372740	0.292231215805	-0.131076584105	56.632223832176	115.919956966766	-51.994418005646	-47.004825949125	-36.177138543187	53.020044112344	
0.370689655172	0.142788224591	0.292206969583	-0.131071263286	56.640098506833	115.910339168176	-51.992307385170	-47.006198948243	-36.175975237665	53.012900465471	
0.371551724138	0.142798897426	0.292200332089	-0.131027797876	56.644332122228	115.907706259824	-51.975065871937	-47.005704422299	-36.194078283488	53.020591270883	
0.372413793103	0.142783893575	0.292165516825	-0.131020905006	56.638380513979	115.893896017329	-51.972331662954	-47.002313779862	-36.187439013006	53.010468993705	
0.373275862069	0.142776064623	0.292142762462	-0.131012494152	56.635274987213	115.884869997547	-51.968995312265	-46.998768867511	-36.184543057510	53.005661059926	
0.374137931034	0.142774479061	0.292155212961	-0.130964636605	56.634646039407	115.889808762422	-51.950011560612	-46.999248526648	-36.211734566485	53.021756383962	
0.375000000000	0.142773735472	0.292125627416	-0.130968204319	56.634351078246	115.878073003560	-51.951426773100	-46.996442340714	-36.199433075726	53.002967765701	
0.375862068966	0.142778833033	0.292107872221	-0.130969017957	56.636373138174	115.871030013838	-51.951749520420	-46.993016321229	-36.188577406394	52.991111993921	
0.376724137931	0.142777718751	0.292127617004	-0.130933986207	56.635931133751	115.878862217642	-51.937853404089	-46.993256573221	-36.209276488324	53.002956310885	
0.377586206897	0.142771654879	0.292110375008	-0.130948806091	56.633525765185	115.872022799488	-51.943732038079	-46.988797563027	-36.195049088857	52.987542473132	
0.378448275862	0.142770800609	0.292105231347	-0.130959622856	56.633186900177	115.869982453014	-51.948022746682	-46.984318782541	-36.185828255636	52.983916014570	
0.379310344828	0.142757859871	0.292116994007	-0.130956632684	56.628053671047	115.874648371534	-51.946836628686	-46.983683464353	-36.199579857215	52.995005067407	
0.380172413793	0.142750838819	0.292115198001	-0.130964627090	56.625268615776	115.873935946249	-51.950007786302	-46.981398617799	-36.202491668836	52.995738298101	
0.381034482759	0.142760512816	0.292099193252	-0.130993148727	56.629106020270	115.867587309492	-51.961321522624	-46.982179872649	-36.189841442398	52.985344663599	
0.381896551724	0.142753415772	0.292081550623	-0.131012639654	56.626290821084	115.860588971738	-51.969053028597	-46.984474518322	-36.190202180055	52.979837980164	
0.382758620690	0.142762233164	0.292075623468	-0.131004883491	56.629788434270	115.858237834639	-51.965976375725	-46.987422176481	-36.200461161982	52.984028265490	
0.383620689655	0.142770475174	0.292043810479	-0.131037331393	56.633057809207	115.845618511069	-51.978847551382	-46.989345235660	-36.181915257597	52.968091328580	
0.384482758621	0.142785030536	0.292015456923	-0.131063572891	56.638831514651	115.834371447761	-51.989256820421	-46.991068585481	-36.171790563599	52.959168873229	
0.385344827586	0.142797318405	0.292020470693	-0.131032219956	56.643705768615	115.836360270058	-51.976819987380	-46.994862157944	-36.200785436279	52.979356434351	
0.386206896552	0.142786825732	0.291979648483	-0.131048605435	56.639543618643	115.820167240131	-51.983319649159	-46.995338361486	-36.191174624386	52.967198903119	
0.387068965517	0.142797617527	0.291952240859	-0.131053629306	56.643824422229	115.809295401688	-51.985312478270	-46.997013593722	-36.182424164368	52.958345020219	
0.387931034483	0.142795679697	0.291958641564	-0.131015392471	56.643055739165	115.811834382722	-51.970144994162	-47.002575020278	-36.207958206439	52.971278588216	
0.388793103448	0.142782666293	0.291931260504	-0.131022545890	56.637893685339	115.800973081186	-51.972982555534	-47.002852528062	-36.198784124056	52.957045552655	
0.389655172414	0.142799275724	0.291921632483	-0.131033712155	56.644482182523	115.797153914469	-51.977411901027	-47.003462670948	-36.182484757557	52.948263570250	
0.390517241379	0.142802234839	0.291938337067	-0.131018684639	56.645655980904	115.803780155810	-51.971450905421	-47.005803416979	-36.192801081530	52.956333706163	
0.391379310345	0.142801422509	0.291951335370	-0.131006549887	56.645333752303	115.808936219616	-51.966637388455	-47.003503847809	-36.194729262908	52.959518991296	
0.392241379310	0.142785534043	0.291965900573	-0.131007688532	56.639031241631	115.814713828632	-51.967089056913	-47.001092481387	-36.187890172211	52.962001278969	
0.393103448276	0.142759444244	0.291993576034	-0.131006554905	56.628682147376	115.825691910668	-51.966639378669	-47.000084879998	-36.191093233514	52.969652655931	
0.393965517241	0.142755497343	0.292038821750	-0.130991127975	56.627116522118	115.843639621874	-51.960519946977	-47.001069559600	-36.203815092177	52.983603972346	
0.394827586207	0.142739918586	0.292051948610	-0.131024848661	56.620936864631	115.848846680262	-51.973896000516	-47.000735804449	-36.187054105729	52.976448804585	
0.395689655172	0.142752835704	0.292072730717	-0.131062996891	56.626060724238	115.857090361213	-51.989028337554	-47.001253809037	-36.169080186337	52.971989333072	
0.396551724138	0.142772903826	0.292129458315	-0.131052577053	56.634021187609	115.879592614120	-51.984895078690	-47.004619603985	-36.186082874948	52.993994271893	
0.397413793103	0.142766852579	0.292135980104	-0.131090379029	56.631620826874	115.882179625702	-51.999890066175	-47.004104711802	-36.168977351774	52.986777618228	
0.398275862069	0.142765280783	0.292149458844	-0.131111709431	56.630997339330	115.887526265106	-52.008351240905	-47.002992695265	-36.159035041153	52.990796604296	
0.399137931034	0.142748669845	0.292194964800	-0.131084491997	56.624408244396	115.905577206151	-51.997554845457	-47.006970554278	-36.187013834023	53.019417818811	
0.400000000000	0.142738943861	0.292198527187	-0.131105720993	56.620550218493	115.906990305565	-52.005975794862	-47.008382307403	-36.178398200206	53.014810683354	
0.400862068966	0.142759399049	0.292201558527	-0.131124188360	56.628664219708	115.908192753676	-52.013301283330	-47.011176308920	-36.168181293282	53.012423851276	
0.401724137931	0.142773475446	0.292216534317	-0.131117683658	56.634247933110	115.914133231068	-52.010721049583	-47.016326646335	-36.178496434670	53.021887280429	
0.402586206897	0.142794026421	0.292217723157	-0.131113546210	56.642399930777	115.914604810370	-52.009079839665	-47.017830944844	-36.175041747485	53.019420226339	
0.403448275862	0.142803711374	0.292215589991	-0.131110464214	56.646241680937	115.913758643091	-52.007857298061	-47.017897943670	-36.165902281532	53.015737437056	
0.404310344828	0.142795916752	0.292224084521	-0.131093473760	56.643149772337	115.917128185756	-52.001117659619	-47.017479812179	-36.170977293425	53.021695222971	
0.405172413793	0.142786220786	0.292255227444	-0.131048478497	56.639303653388	115.929481713188	-51.983269296403	-47.016181291440	-36.193453737877	53.042039791039	
0.406034482759	0.142756291006	0.292256618616	-0.131047772473	56.627431346143	115.930033552081	-51.982989236293	-47.013534377234	-36.188076114428	53.039634054708	
0.406896551724	0.142764470107	0.292265769146	-0.131046501882	56.630675767005	115.933663311877	-51.982485228476	-47.012096990764	-36.179844519526	53.034379563042	
0.407758620690	0.142770775996	0.292308625256	-0.131001785214	56.633177136875	115.950663132768	-51.964747375788	-47.012715014575	-36.203197289504	53.053419433871	
0.408620689655	0.142766804518	0.292307885971	-0.131017378084	56.631601762467	115.950369879225	-51.970932631552	-47.009218718617	-36.182715205217	53.038630089920	
0.409482758621	0.142773444633	0.292320939562	-0.131026817881	56.634235710650	115.955547873836	-51.974677135299	-47.004992486872	-36.167315411819	53.032650134765	
0.410344827586	0.142766585012	0.292366153742	-0.130997691548	56.631514690391	115.973483075637	-51.963123532860	-47.004427085417	-36.190073057360	53.054295481882	
0.411206896552	0.142746689350	0.292370728803	-0.131011487182	56.623622637539	115.975297874513	-51.968595875238	-46.998878452038	-36.184281327883	53.051341295475	
0.412068965517	0.142742217778	0.292380914808	-0.131023660968	56.621848889833	115.979338377961	-51.973424876168	-46.995480975059	-36.178981106400	53.053793529366	
0.412931034483	0.142736719395	0.292398711543	-0.131020600334	56.619667835073	115.986397845443	-51.972210807981	-46.997013550477	-36.193651002866	53.063236182421	
0.413793103448	0.142738464912	0.292389281426	-0.131029251250	56.620360232727	115.982657181485	-51.975642384555	-46.996450879193	-36.192912261599	53.057311584002	
0.414655172414	0.142745959573	0.292362153918	-0.131051656286	56.623333155202	115.971896457151	-51.984529836179	-46.996453489204	-36.177624084222	53.045663441646	
0.415517241379	0.142758355499	0.292341786268	-0.131063926459	56.628250272930	115.963817179711	-51.989397071088	-46.998314568346	-36.172427188451	53.037546014718	
0.416379310345	0.142778023513	0.292335157361	-0.131046192317	56.636052024303	115.961187677669	-51.982362432402	-46.999583636176	-36.187035582000	53.043807775285	
0.417241379310	0.142782432114	0.292290356884	-0.131060868257	56.637800793149	115.943416580433	-51.988183967720	-46.998835637087	-36.179053664462	53.032268721609	
0.418103448276	0.142782577079	0.292249580927	-0.131059533413	56.637858296787	115.927241897460	-51.987654472337	-46.997592770038	-36.179562505958	53.026013811359	
0.418965517241	0.142779040828	0.292241240401	-0.131005789560	56.636455564825	115.923933444085	-51.966335787718	-46.999838862033	-36.213850150148	53.041829012918	
0.419827586207	0.142772440578	0.292182701625	-0.131010574914	56.633837430074	115.900712747295	-51.968234004049	-46.999263979297	-36.202234403137	53.018212108409	
0.420689655172	0.142787632221	0.292136291940	-0.131012055702	56.639863530265	115.882303322462	-51.968821391191	-46.998239913157	-36.188357971937	53.000883766411	
0.421551724138	0.142796962778	0.292128158299	-0.130976883529	56.643564701362	115.879076934220	-51.954869573075	-47.000623057642	-36.208127649524	53.007359945770	
0.422413793103	0.142793290138	0.292085646685	-0.130982970476	56.642107867979	115.862213764767	-51.957284094919	-46.997521569751	-36.197054036659	52.988222601503	
0.423275862069	0.142812333493	0.292062095930	-0.130977540842	56.649661834438	115.852871838560	-51.955130310943	-46.994198116303	-36.187298217637	52.979013701855	
0.424137931034	0.142793897203	0.292063123055	-0.130946558031	56.642348673359	115.853279270504	-51.942840295415	-46.992523012621	-36.208086374172	52.989097530745	
0.425000000000	0.142764461862	0.292054626937	-0.130929779541	56.630672496438	115.849909097596	-51.936184737591	-46.988158639452	-36.215956291359	52.988648829535	
0.425862068966	0.142747247656	0.292040494310	-0.130939300530	56.623844101918	115.844303079529	-51.939961447492	-46.985830912788	-36.208123905073	52.979811646823	
0.426724137931	0.142747480112	0.292029976223	-0.130959497099	56.623936310626	115.840130848361	-51.947972862356	-46.985992496551	-36.201299061845	52.971401951890	
0.427586206897	0.142764167625	0.292037369980	-0.130959477695	56.630555780734	115.843063745092	-51.947965165344	-46.986577072149	-36.207277935645	52.975205718554	
0.428448275862	0.142771867908	0.292014508997	-0.131002013181	56.633610267702	115.833995431978	-51.964837803647	-46.986558100594	-36.186172228046	52.957677420875	
0.429310344828	0.142786695523	0.291999139213	-0.131033296773	56.639491968251	115.827898668335	-51.977247130758	-46.986341739787	-36.173891546662	52.948671785760	
0.430172413793	0.142783538641	0.292014070362	-0.131010863472	56.638239721366	115.833821437695	-51.968348466779	-46.988868591262	-36.200309349299	52.968914115247	
0.431034482759	0.142751946017	0.291983658223	-0.131031729799	56.625707810465	115.821757792027	-51.976625555945	-46.987948211122	-36.194139192937	52.960643965627	
0.431896551724	0.142748383592	0.291964444484	-0.131051994071	56.624294695768	115.814136238950	-51.984663826223	-46.989345798371	-36.185537256739	52.954796718243	
0.432758620690	0.142761133590	0.291970831851	-0.131039249763	56.629352263628	115.816669928671	-51.979608515248	-46.996480392921	-36.206989498286	52.967410116722	
0.433620689655	0.142779723376	0.291931609220	-0.131069047295	56.636726312261	115.801111407150	-51.991428363702	-46.998980905255	-36.189971198521	52.949577165680	
0.434482758621	0.142809192188	0.291905792025	-0.131083440849	56.648415766474	115.790870447499	-51.997137884276	-47.001618551534	-36.175064504707	52.938656352240	
0.435344827586	0.142817432563	0.291903143356	-0.131067133900	56.651684493298	115.789819794238	-51.990669373164	-47.006164354616	-36.186381106540	52.943789793970	
0.436206896552	0.142815593468	0.291895652654	-0.131048892530	56.650954975410	115.786848442117	-51.983433531514	-47.005983178846	-36.191191676109	52.944468091965	
0.437068965517	0.142797769366	0.291890593927	-0.131041280161	56.643884652491	115.784841786346	-51.980413917633	-47.004922448970	-36.189762155214	52.946032810706	
0.437931034483	0.142766682053	0.291898933433	-0.131031813344	56.631553183854	115.788149835451	-51.976658695679	-47.005132463801	-36.198450016341	52.952800796898	
0.438793103448	0.142767715668	0.291927872464	-0.131001506782	56.631963190183	115.799629140442	-51.964636929597	-47.006147567296	-36.214044972624	52.965583552802	
0.439655172414	0.142773865379	0.291929185783	-0.131018763065	56.634402608739	115.800150097214	-51.971482014830	-47.005959630612	-36.194417559125	52.954062117922	
0.440517241379	0.142780923260	0.291943340602	-0.131033709999	56.637202272747	115.805764918620	-51.977411045885	-47.004898530632	-36.177885445640	52.947602301131	
0.441379310345	0.142784799320	0.291999861138	-0.131003480340	56.638739797635	115.828185035696	-51.965419784692	-47.006411946274	-36.196205802843	52.967868549023	
0.442241379310	0.142770898299	0.292016339085	-0.131028926229	56.633225650903	115.834721376885	-51.975513457968	-47.003505528474	-36.179228953485	52.961457878454	
0.443103448276	0.142765105263	0.292046492678	-0.131047191438	56.630927715649	115.846682464659	-51.982758755874	-47.000566145591	-36.169905689563	52.966486898487	
0.443965517241	0.142740395554	0.292109991776	-0.131023362759	56.621126064492	115.871870782017	-51.973306584784	-47.001626346032	-36.200944444974	52.998540939835	
0.444827586207	0.142722586885	0.292127132202	-0.131050878717	56.614061863210	115.878669910109	-51.984221396450	-47.000470644969	-36.192540353693	52.995981910447	
0.445689655172	0.142745722820	0.292143640329	-0.131081140974	56.623239242116	115.885218222962	-51.996225587908	-47.001719069367	-36.174635170801	52.992613215178	
0.446551724138	0.142746942372	0.292166791151	-0.131088461266	56.623723004018	115.894401506888	-51.999129343287	-47.005897418108	-36.179864799770	53.001943993656	
0.447413793103	0.142756588148	0.292177846907	-0.131096772085	56.627549214004	115.898787016471	-52.002426012875	-47.007167525487	-36.174955364587	53.001255431552	
0.448275862069	0.142770137330	0.292182348647	-0.131117474627	56.632923795745	115.900572730794	-52.010638132933	-47.008997705490	-36.161657137863	52.998326406056	
0.449137931034	0.142781334649	0.292188964583	-0.131122581835	56.637365459475	115.903197087771	-52.012664019793	-47.010977786023	-36.165770916793	53.004347668049	
0.450000000000	0.142780338429	0.292208640758	-0.131086953785	56.636970286901	115.911002076515	-51.998531367884	-47.011915763046	-36.191531210519	53.024395515475	
0.450862068966	0.142757297034	0.292194061680	-0.131086314187	56.627830409338	115.905218963833	-51.998277657235	-47.011433394105	-36.189131061552	53.021291984760	
0.451724137931	0.142763953130	0.292181872986	-0.131085022509	56.630470696363	115.900384049656	-51.997765284747	-47.011774645531	-36.181541263570	53.014259349193	
0.452586206897	0.142782754647	0.292203232210	-0.131040659335	56.637928732918	115.908856656900	-51.980167653172	-47.014807745071	-36.201323569113	53.029207515071	
0.453448275862	0.142778044337	0.292181749756	-0.131052234979	56.636060284758	115.900335167480	-51.984759387677	-47.013144953751	-36.184042971465	53.012586416196	
0.454310344828	0.142794479842	0.292176634819	-0.131057624986	56.642579789972	115.898306214902	-51.986897452988	-47.011040113136	-36.168815275561	53.003711590400	
0.455172413793	0.142801213539	0.292212033312	-0.131009735912	56.645250859615	115.912347808035	-51.967901195326	-47.011312470523	-36.195007579089	53.024127163442	
0.456034482759	0.142782480709	0.292211278120	-0.131001130904	56.637820069358	115.912048244468	-51.964487829245	-47.005966868702	-36.193037196305	53.020006310067	
0.456896551724	0.142756918925	0.292223748767	-0.130986321477	56.627680424041	115.916995001435	-51.958613343394	-47.000223526632	-36.194186977711	53.024509576424	
0.457758620690	0.142731129620	0.292250377156	-0.130967271488	56.617450527499	115.927557739401	-51.951056745094	-46.999340081113	-36.209687133063	53.035944152835	
0.458620689655	0.142739690494	0.292258578189	-0.130974703432	56.620846386915	115.930810859960	-51.954004789572	-46.996872625938	-36.202151459493	53.030653874242	
0.459482758621	0.142747594706	0.292256769736	-0.131001648103	56.623981766802	115.930093497275	-51.964692987429	-46.995030320839	-36.184405574798	53.021486809225	
0.460344827586	0.142760048719	0.292261386818	-0.131024329346	56.628921925667	115.931924964614	-51.973690002844	-46.994937176647	-36.177619930033	53.017050467415	
0.461206896552	0.142780563312	0.292280432953	-0.131015729859	56.637059491385	115.939480034131	-51.970278826722	-46.995273705461	-36.188779916200	53.026302185329	
0.462068965517	0.142767763832	0.292263372332	-0.131036926275	56.631982295699	115.932712562550	-51.978686852770	-46.993224825515	-36.180975666477	53.019233360414	
0.462931034483	0.142747971204	0.292246310581	-0.131045949369	56.624131113298	115.925944642918	-51.982266062015	-46.991526837970	-36.181382803163	53.018365540884	
0.463793103448	0.142731751452	0.292263141136	-0.131009582386	56.617697190786	115.932620853689	-51.967840295866	-46.993912546853	-36.213069180238	53.040518151011	
0.464655172414	0.142738740163	0.292224925078	-0.131042936676	56.620469417014	115.917461611515	-51.981071010680	-46.995165677964	-36.194850939547	53.021832372188	
0.465517241379	0.142777834847	0.292188537588	-0.131068378762	56.635977185819	115.903027710788	-51.991163175228	-46.996845659729	-36.176503410389	53.006714192933	
0.466379310345	0.142796267331	0.292183877687	-0.131041622576	56.643288837054	115.901179258290	-51.980549743933	-47.002027493940	-36.197129248413	53.016484598465	
0.467241379310	0.142809757304	0.292143551462	-0.131049705441	56.648639932549	115.885182971798	-51.983755990807	-47.002150204489	-36.184783272125	52.998325877591	
0.468103448276	0.142818813036	0.292119672407	-0.131038572214	56.652232088364	115.875710818127	-51.979339750447	-47.001299267540	-36.180321031060	52.993029299614	
0.468965517241	0.142796493519	0.292119437072	-0.131002923210	56.643378559690	115.875617467099	-51.965198786899	-47.002152032895	-36.203994778908	53.005289501870	
0.469827586207	0.142763835802	0.292112809775	-0.130977953644	56.630424155952	115.872988603706	-51.955294057708	-46.999096530182	-36.217577825735	53.009587991612	
0.470689655172	0.142757870773	0.292099020059	-0.130982623057	56.628057995589	115.867518608769	-51.957146283457	-46.997989779498	-36.207140131531	53.002602886146	
0.471551724138	0.142779359806	0.292097489948	-0.130985173782	56.636582094209	115.866911656572	-51.958158084961	-46.998762538461	-36.199085984533	52.995783195179	
0.472413793103	0.142788049343	0.292116843862	-0.130961349205	56.640028990887	115.874588813426	-51.948707540915	-46.998531549181	-36.208255363898	53.002399575886	
0.473275862069	0.142780917314	0.292114255085	-0.130979331213	56.637199914430	115.873561917638	-51.955840501037	-46.996540981865	-36.190267143306	52.990133689459	
0.474137931034	0.142783105004	0.292123838067	-0.130997711186	56.638067709569	115.877363218781	-51.963131322783	-46.994639853140	-36.177141232187	52.984767231812	
0.475000000000	0.142771395125	0.292173613258	-0.130964978938	56.633422728018	115.897107646279	-51.950147354425	-46.994656740425	-36.207044642918	53.011731411832	
0.475862068966	0.142737832814	0.292176473588	-0.130992569391	56.620109497019	115.898242259141	-51.961091716371	-46.991587493520	-36.199195111901	53.007737174946	
0.476724137931	0.142730919406	0.292188065418	-0.131018380010	56.617367141286	115.902840414397	-51.971330067471	-46.989998358933	-36.190119610473	53.008616727599	
0.477586206897	0.142748676934	0.292222238131	-0.131015108395	56.624411056622	115.916395774435	-51.970032309179	-46.994975907535	-36.204080033092	53.024316830371	
0.478448275862	0.142749020313	0.292207198568	-0.131051877646	56.624547265353	115.910430000300	-51.984617643592	-46.995772230472	-36.185929590047	53.010481700523	
0.479310344828	0.142767412419	0.292201182579	-0.131077156634	56.631842899921	115.908043625252	-51.994645111721	-46.997786384136	-36.168190816456	53.003666369391	
0.480172413793	0.142776623361	0.292217618690	-0.131077014384	56.635496622980	115.914563371261	-51.994588685268	-47.003075021440	-36.177807514435	53.012624062976	
0.481034482759	0.142784387671	0.292216519430	-0.131079835052	56.638576507828	115.914127325846	-51.995707565213	-47.004527218585	-36.182087624957	53.015462962026	
0.481896551724	0.142779732227	0.292205955583	-0.131083684888	56.636729823265	115.909936942726	-51.997234687604	-47.005300323844	-36.182570750753	53.017187129488	
0.482758620690	0.142762677434	0.292200021164	-0.131075385476	56.629964663693	115.907582924376	-51.993942543032	-47.006748746786	-36.192400729779	53.022940841644	
0.483620689655	0.142773197836	0.292208115579	-0.131044425469	56.634137813228	115.910793752723	-51.981661573425	-47.009315935654	-36.206660955511	53.033032842816	
0.484482758621	0.142780185285	0.292184345531	-0.131055940417	56.636909538736	115.901364839118	-51.986229231299	-47.010449654808	-36.188197025139	53.017740330841	
0.485344827586	0.142788797425	0.292171938758	-0.131063795619	56.640325733945	115.896443418940	-51.989345170544	-47.010705744657	-36.175019775138	53.007989910401	
0.486206896552	0.142799128312	0.292201950007	-0.131025321477	56.644423708357	115.908348042506	-51.974083553341	-47.013197181916	-36.196119178382	53.025159699626	
0.487068965517	0.142795666708	0.292193383316	-0.131033193156	56.643050586544	115.904949875933	-51.977206028460	-47.011142047534	-36.182947264256	53.013235509643	
0.487931034483	0.142794098627	0.292202540692	-0.131025903135	56.642428572964	115.908582350889	-51.974314280956	-47.007228191437	-36.179150220910	53.013843613200	
0.488793103448	0.142761231627	0.292247087846	-0.130978037408	56.629391152476	115.926252962115	-51.955327284617	-47.006541845994	-36.212477406883	53.040159321316	
0.489655172414	0.142730607716	0.292251904173	-0.130985772437	56.617243502666	115.928163464436	-51.958395554429	-47.001904428876	-36.203990222214	53.035044014526	
0.490517241379	0.142745714595	0.292262094792	-0.131006408082	56.623235979375	115.932205798012	-51.966581138246	-47.000154688706	-36.184558297156	53.028347512142	
0.491379310345	0.142747568504	0.292286864440	-0.131011914132	56.623971373240	115.942031225384	-51.968765234382	-47.001672630420	-36.189474322324	53.034816267397	
0.492241379310	0.142758930720	0.292297181635	-0.131030021812	56.628478446946	115.946123768171	-51.975948045079	-47.000806031016	-36.182204150414	53.031038306209	
0.493103448276	0.142775015785	0.292301083372	-0.131056841139	56.634858942468	115.947671478355	-51.986586522722	-47.000556236795	-36.168335426219	53.025309521629	
0.493965517241	0.142768342262	0.292305526684	-0.131067972877	56.632211742348	115.949434016028	-51.991002171948	-47.000942112486	-36.172471745843	53.028127698226	
0.494827586207	0.142747787202	0.292319041733	-0.131044187037	56.624058124774	115.954795058338	-51.981566993901	-47.000624239749	-36.196849446831	53.045379423840	
0.495689655172	0.142721495709	0.292298984911	-0.131060319028	56.613629024028	115.946839077654	-51.987966104181	-46.999764755266	-36.189675456351	53.039823751110	
0.496551724138	0.142738308539	0.292278704897	-0.131086936888	56.620298203890	115.938794562641	-51.998524665117	-47.001447601575	-36.175202862073	53.030513173112	
0.497413793103	0.142770402416	0.292281973989	-0.131066684441	56.633028948082	115.940091319990	-51.990491085567	-47.006670506013	-36.193829728739	53.041670611031	
0.498275862069	0.142782896944	0.292236423983	-0.131091407155	56.637985178191	115.922022905608	-52.000297895029	-47.007797232672	-36.175893118605	53.021217090619	
0.499137931034	0.142810006824	0.292204498133	-0.131098331110	56.648738910147	115.909358813000	-52.003044434683	-47.008516967660	-36.162658652327	53.008312525530	
0.500000000000	0.142812714711	0.292209244981	-0.131050585128	56.649813053075	115.911241754819	-51.984104937697	-47.011929422093	-36.191616521914	53.023186422415	
0.500862068966	0.142787271462	0.292179113146	-0.131038147411	56.639720427203	115.899289298020	-51.979171243295	-47.008786120490	-36.193191610251	53.014770917308	
