dbx_v3_0_0_0										
Time	Cx	Cy	Cz	Fx	Fy	Fz	Mx	My	Mz	
0.000000000000	0.000000000000	0.000000000000	0.000000000000	0.000000000000	0.000000000000	0.000000000000	0.000000000000	0.000000000000	0.000000000000	
0.000862068966	3.806638564376	0.000731237242	27.339385428993	1498.484185582642	0.287851715829	10762.155643640446	0.479127212698	-7376.426777750944	0.184339700482	
0.001724137931	-0.333027851421	0.010161390071	6.316351286001	-131.096493736645	4.000033643333	2486.433201521988	-0.347483943589	-1660.603317647579	3.152738936590	
0.002586206897	-1.027972691867	0.005083970475	5.158587604611	-404.661697170075	2.001306199041	2030.679250138006	-0.662174226624	-1295.599804621481	1.168071005887	
0.003448275862	-1.112474186803	0.002320235263	5.701067023355	-437.925730957021	0.913361168631	2244.226403681610	-0.343114788908	-1645.611170014196	0.500920376704	
0.004310344828	-1.079086038462	0.003050290444	6.323693714213	-424.782478339553	1.200747566433	2489.323550151748	-0.406301788503	-1813.749561559871	1.082945181451	
0.005172413793	-1.163563697953	0.003143854968	6.547433513962	-458.037129297644	1.237579263770	2577.398776086686	-0.286376212399	-1828.363029996320	0.969902310582	
0.006034482759	-1.250325262797	0.003774647510	6.998757887747	-492.190840146863	1.485890899528	2755.062724278230	-0.298789813997	-1956.738471086980	1.230321167468	
0.006896551724	-1.324549863814	0.005353471941	7.032963856929	-521.409372172956	2.107395515860	2768.527912265874	-0.397813998871	-1978.221164140474	1.782823954555	
0.007758620690	-1.383099104107	0.005013864116	7.081506079868	-544.457294683678	1.973708813931	2787.636569990559	-0.465916811607	-1982.409224224400	1.561339236235	
0.008620689655	-1.472331806893	0.003705323796	7.172062506699	-579.583769577397	1.458601602728	2823.284129172611	-0.386623888228	-2014.714860924603	1.061250196062	
0.009482758621	-1.543172149155	0.004298102106	7.424601163416	-607.470087331217	1.691948926784	2922.696032073204	-0.291854663371	-2080.203491062995	1.352645961192	
0.010344827586	-1.604266570367	0.005459242128	7.562600963877	-631.519920922288	2.149031975381	2977.019686685178	-0.319949149428	-2117.813680255271	1.896772432289	
0.011206896552	-1.657257246931	0.005123340331	7.600309709724	-652.379713484844	2.016804152581	2991.863743549262	-0.190460549299	-2128.333504909198	1.932218359302	
0.012068965517	-1.699446233169	0.004119545980	7.661690017527	-668.987418055470	1.621660264826	3016.026116465297	-0.131020636112	-2141.926498420953	1.646080708897	
0.012931034483	-1.738724701077	0.006193318351	7.760114518022	-684.449396385700	2.438001256922	3054.770944735824	-0.152569503716	-2165.144503345834	2.433368994840	
0.013793103448	-1.781161977166	0.007448653201	7.861744097747	-701.154840315499	2.932164122422	3094.777453215747	-0.136920303174	-2188.606186821246	2.844737388616	
0.014655172414	-1.831430417482	0.006588302087	7.943135205848	-720.943023925251	2.593486699503	3126.817082477503	-0.117137416292	-2206.921772957114	2.504657327721	
0.015517241379	-1.872667345545	0.005792487883	8.022978852557	-737.175950566456	2.280214247099	3158.247553190680	-0.313268293418	-2226.802844930982	2.183993818013	
0.016379310345	-1.906857866810	0.005211132021	8.097560456321	-750.635057477992	2.051363372123	3187.606619433906	-0.326205476882	-2247.958309411577	1.847655080621	
0.017241379310	-1.934125476072	0.005310890680	8.155100283522	-761.368958416360	2.090633392533	3210.257186238070	-0.246944437206	-2263.190967429297	1.921416283898	
0.018103448276	-1.959815740224	0.004684072366	8.212520319032	-771.481937073070	1.843886212619	3232.860597014387	-0.193105355560	-2277.199897479524	1.822069319819	
0.018965517241	-1.980239795245	0.004624284356	8.276552844480	-779.521871239896	1.820350648097	3258.067016043578	-0.182402189357	-2291.440697868852	1.783942932278	
0.019827586207	-2.001824110718	0.005129830829	8.327840203807	-788.018542212300	2.019359138553	3278.256297366725	-0.154175206248	-2301.788178261636	1.994283315567	
0.020689655172	-2.019990806364	0.005097465799	8.369824991090	-795.169866318729	2.006618636712	3294.783618969446	-0.238115572358	-2307.044662193812	2.075080055850	
0.021551724138	-2.032266366959	0.005384930383	8.396079744995	-800.002143696830	2.119779139079	3305.118809153342	-0.274780795212	-2302.174083748549	2.351037330518	
0.022413793103	-2.037981604931	0.005749621144	8.403083168528	-802.251948497908	2.263339744961	3307.875708509895	-0.274372171004	-2285.700582438531	2.670404771382	
0.023275862069	-2.040802462320	0.005452104555	8.390911705663	-803.362379686803	2.146222268029	3303.084409228111	-0.237278073842	-2257.847332762226	2.552252196010	
0.024137931034	-2.041559526657	0.004876803008	8.376283671600	-803.660398245040	1.919754675798	3297.326080104336	-0.229814419366	-2226.021075240174	2.216097582001	
0.025000000000	-2.044226759668	0.004063510320	8.358067941944	-804.710355160936	1.599601813752	3290.155453748260	-0.149960726044	-2193.905015665194	1.670217831310	
0.025862068966	-2.052094829268	0.003530587632	8.339647111434	-807.807622649560	1.389816669829	3282.904089391415	-0.120964586282	-2165.761102842718	1.256894757299	
0.026724137931	-2.065384402397	0.002773221385	8.339710853217	-813.039066305284	1.091679264719	3282.929181359727	-0.160637145362	-2150.310674116234	0.765119144486	
0.027586206897	-2.076918078401	0.002158543737	8.359773798188	-817.579300635647	0.849711260711	3290.826964468388	-0.163812580647	-2149.673039273150	0.384366209982	
0.028448275862	-2.085787795907	0.001807072276	8.376626133197	-821.070867063068	0.711354435587	3297.460890194103	-0.269695469566	-2148.785938774606	0.163755347007	
0.029310344828	-2.096422298502	0.002048258573	8.384367607853	-825.257141564936	0.806297479370	3300.508323552743	-0.215678123680	-2141.002531418135	0.236389309771	
0.030172413793	-2.109688123696	0.002029629143	8.390326218743	-830.479236840428	0.798963999693	3302.853932161509	-0.280950508742	-2131.693063833429	0.280125214749	
0.031034482759	-2.113825884395	-0.000231159085	8.389686422443	-832.108067334027	-0.090995829519	3302.602076194140	-0.039787075881	-2118.327955609463	-0.270098543158	
0.031896551724	-2.119312959643	0.003555847489	8.395926862882	-834.268055823927	1.399760218475	3305.058627072522	-0.426713069038	-2110.769985972011	0.678530354933	
0.032758620690	-2.133051688111	0.003367758424	8.403934546204	-839.676309586463	1.325718912832	3308.210853536743	-0.516987093547	-2106.661651707032	0.762476950198	
0.033620689655	-2.145474273504	0.002520715768	8.411821775854	-844.566463311545	0.992280367938	3311.315663383652	-0.315663866545	-2104.922829084056	0.718052580033	
0.034482758621	-2.153306983540	0.002726864104	8.419159336412	-847.649811499424	1.073430709783	3314.204095860180	-0.355393073109	-2104.735324193808	0.745568262879	
0.035344827586	-2.161551759937	0.003414683627	8.431690639640	-850.895369709323	1.344191030420	3319.137046387464	-0.463140063019	-2107.389287076661	1.094628706992	
0.036206896552	-2.169633599553	0.003195260150	8.444794391780	-854.076787816140	1.257814925832	3324.295341565977	-0.461881525171	-2111.790878848991	0.995435804016	
0.037068965517	-2.177361984934	0.002995337389	8.450695349677	-857.119068578365	1.179115283042	3326.618255060141	-0.414544621040	-2114.021382312469	0.902639036138	
0.037931034483	-2.183999810969	0.002814692649	8.453627300431	-859.732050392157	1.108004437784	3327.772418179026	-0.387637546462	-2115.478684378543	0.822934404331	
0.038793103448	-2.190577876128	0.002389814913	8.459414507956	-862.321507322751	0.940751214920	3330.050553811677	-0.362520294941	-2117.540813071335	0.627770346839	
0.039655172414	-2.195410280733	0.002221766421	8.469784836482	-864.223784556719	0.874598885497	3334.132836127820	-0.315900576315	-2121.606729853641	0.601143481318	
0.040517241379	-2.197070257595	0.002085009657	8.476356944790	-864.877234847317	0.820764552642	3336.719948142768	-0.292920462418	-2123.991934359148	0.565065788745	
0.041379310345	-2.200322582009	0.002049764928	8.483837223955	-866.157513134456	0.806890456437	3339.664561833547	-0.294865256901	-2126.653523898697	0.612288715047	
0.042241379310	-2.203775788423	0.002117648779	8.492037162599	-867.516868668884	0.833612950892	3342.892469651123	-0.313742835589	-2129.230873631930	0.688535314033	
0.043103448276	-2.205778386705	0.002055388742	8.498378541113	-868.305191963933	0.809104272095	3345.388754826928	-0.320936761773	-2131.046381617276	0.681540840730	
0.043965517241	-2.207731316799	0.001935643338	8.502274961320	-869.073963364759	0.761966465028	3346.922581577560	-0.311691849833	-2132.330569109452	0.669877246392	
0.044827586207	-2.209804532626	0.002006478417	8.509559696083	-869.890085273166	0.789850711185	3349.790219167668	-0.311312377954	-2134.667660781976	0.718209699644	
0.045689655172	-2.212103741201	0.001935425130	8.515591880837	-870.795169281055	0.761880567646	3352.164790145609	-0.346936793026	-2136.273710277681	0.725449788904	
0.046551724138	-2.213204040563	0.001642556156	8.517229483022	-871.228302389463	0.646592625646	3352.809432639112	-0.337479191096	-2136.806278826266	0.596031878753	
0.047413793103	-2.214215619723	0.001429535485	8.519895321894	-871.626510769010	0.562736987065	3353.858840751794	-0.321078466388	-2138.029191869911	0.529289401137	
0.048275862069	-2.216701643067	0.001136305166	8.520458463233	-872.605134455799	0.447306801705	3354.080521475301	-0.326274057911	-2137.729855608260	0.449163204016	
0.049137931034	-2.217548711861	0.000634355420	8.520701705087	-872.938583289870	0.249714163321	3354.176273689400	-0.311275711137	-2137.854527430385	0.295944871498	
0.050000000000	-2.217529196436	0.000321443542	8.517868251592	-872.930901038152	0.126536327578	3353.060884040216	-0.288714582750	-2136.977304684287	0.195278172205	
0.050862068966	-2.218449983982	-0.000099724349	8.517417558347	-873.293369276768	-0.039256514115	3352.883468536187	-0.317807279079	-2137.086253333482	0.051804204619	
0.051724137931	-2.218392585803	-0.000360906338	8.519837566580	-873.270774470038	-0.142070866633	3353.836105358396	-0.308156441653	-2138.224201694692	-0.002777404436	
0.052586206897	-2.217661312397	-0.000096249617	8.516093342529	-872.982908518049	-0.037888684938	3352.362190660976	-0.270912775141	-2136.631971515091	0.028868964133	
0.053448275862	-2.216646658281	0.000286664526	8.513659020899	-872.583489681428	0.112845559718	3351.403919366408	-0.295511175357	-2136.540031331081	0.147163113267	
0.054310344828	-2.214239478961	-0.000387376165	8.513770157697	-871.635902963629	-0.152490720568	3351.447668393581	-0.370986602673	-2136.710748571393	-0.038445710001	
0.055172413793	-2.212171078026	-0.001034071850	8.512209625753	-870.821676438678	-0.407062632095	3350.833364618968	-0.331281071867	-2136.538161043635	-0.208857671407	
0.056034482759	-2.209660412955	-0.000602986154	8.506317085951	-869.833352529929	-0.237365644613	3348.513764909914	-0.293389528614	-2135.396564521693	-0.078800536279	
0.056896551724	-2.206370112992	-0.000628288996	8.502678604310	-868.538125158788	-0.247326114401	3347.081475737649	-0.307235572700	-2135.044558492236	-0.136882105975	
0.057758620690	-2.202770283334	-0.000544504366	8.501153733308	-867.121051349115	-0.214344274324	3346.481209901312	-0.319520965256	-2135.255105436190	-0.097220414522	
0.058620689655	-2.199354842117	-0.000122828360	8.496232011443	-865.776562093312	-0.048351413397	3344.543772906360	-0.311898368625	-2134.546515600447	0.031088042262	
0.059482758621	-2.195583322772	-0.000385789763	8.489341400236	-864.291902596744	-0.151866232859	3341.831282148976	-0.294332643633	-2133.411330231169	-0.097755473066	
0.060344827586	-2.191590532035	-0.000282508019	8.483587212092	-862.720139563860	-0.111209349441	3339.566144603502	-0.291598734194	-2132.503798881015	-0.010729291097	
0.061206896552	-2.186802419266	0.000010831538	8.476666701927	-860.835297821824	0.004263837616	3336.841884114103	-0.300065250993	-2131.025725379252	0.126405814016	
0.062068965517	-2.181427325276	0.000663057724	8.468160789911	-858.719390781103	0.261012832506	3333.493529804987	-0.305301973068	-2129.199424170490	0.329614398760	
0.062931034483	-2.176179432222	0.000814780544	8.458857359431	-856.653556419134	0.320738556942	3329.831232161125	-0.320950816330	-2127.081233230267	0.374434417334	
0.063793103448	-2.169939806047	0.000664254831	8.452028608169	-854.197326076228	0.261484073872	3327.143092585804	-0.368742773353	-2125.948774334911	0.284713671609	
0.064655172414	-2.163547511023	0.000246090525	8.443338537420	-851.680997603916	0.096873594162	3323.722244147195	-0.346336331580	-2124.569841168820	0.142164323014	
0.065517241379	-2.156794125113	0.000422212352	8.435581351933	-849.022525617359	0.166203993749	3320.668626216522	-0.408320747150	-2124.126366350051	0.114039659751	
0.066379310345	-2.150034450325	0.000186372912	8.429429148537	-846.361578012822	0.073365741484	3318.246809871216	-0.417892393277	-2124.435529167364	-0.128900427641	
0.067241379310	-2.143513782032	0.000292285428	8.423158399084	-843.794715372419	0.115058228897	3315.778327842083	-0.446516829965	-2124.788020969631	-0.347585615297	
0.068103448276	-2.136887171759	0.000158658415	8.416601753097	-841.186148646255	0.062455923033	3313.197302574030	-0.501506830202	-2125.093524252201	-0.591455322622	
0.068965517241	-2.130776756758	0.000770494277	8.409857086320	-838.780782312621	0.303305257300	3310.542262876411	-0.469587719635	-2125.180816784326	-0.558466849893	
0.069827586207	-2.124809562943	0.002034093572	8.402245453769	-836.431795033520	0.800721423465	3307.545941893598	-0.611237840907	-2124.782373404833	-0.216480407152	
0.070689655172	-2.118423575405	0.001970259353	8.393264747405	-833.917949504843	0.775593067914	3304.010684675479	-0.630371977605	-2123.552411164621	-0.189834931966	
0.071551724138	-2.111800564439	0.002152678159	8.383649253296	-831.310799646494	0.847402274732	3300.225543108669	-0.632340407111	-2121.808782253660	-0.040599303024	
0.072413793103	-2.106803567023	0.002630995243	8.374602864395	-829.343730412770	1.035691909742	3296.664429944161	-0.726560515593	-2120.173786484740	0.340071210795	
0.073275862069	-2.102798261166	0.003430598340	8.368409072950	-827.767040799780	1.350455860895	3294.226242453524	-0.732879852535	-2120.170050134311	0.812947349028	
0.074137931034	-2.100663088139	0.003326224958	8.364082833068	-826.926529424838	1.309369253975	3292.523217084423	-0.728415975270	-2120.750061104508	1.038552087840	
0.075000000000	-2.098723545939	0.003253701549	8.361370617237	-826.163028171586	1.280820396649	3291.455552670818	-0.712738343261	-2121.506863935775	1.073428570609	
0.075862068966	-2.098741409159	0.002498237192	8.359988082671	-826.170060032312	0.983431670996	3290.911317606855	-0.685611348568	-2122.235186306209	0.876732097592	
0.076724137931	-2.097889658278	0.003516323893	8.359365354609	-825.834768093568	1.384201745322	3290.666180555422	-0.710718006382	-2123.058661463698	1.179337158913	
0.077586206897	-2.099541092891	0.003186636710	8.353578617749	-826.484855725651	1.254420306812	3288.388230200049	-0.927247454145	-2121.920333844893	1.046158800897	
0.078448275862	-2.100485801404	0.003998046998	8.349130070415	-826.856740458967	1.573832161512	3286.637058472874	-1.188029630840	-2121.769049905845	1.215190626798	
0.079310344828	-2.098914039545	0.003619499347	8.347593694191	-826.238016025221	1.424816787848	3286.032263603327	-1.315629719704	-2122.659263367801	0.927560417738	
0.080172413793	-2.093551764707	0.002704836337	8.342179046603	-824.127155246929	1.064759474211	3283.900786279255	-1.370761092664	-2121.712868564242	0.525854709403	
0.081034482759	-2.088191483499	0.003625557201	8.331255799748	-822.017079261453	1.427201463478	3279.600847529821	-1.200141669012	-2118.102733374446	0.880886399674	
0.081896551724	-2.087223318343	0.000858234914	8.317703089010	-821.635960814905	0.337844379975	3274.265819691133	-0.938089051111	-2113.512526305114	-0.204275368710	
0.082758620690	-2.083141085263	-0.000898946463	8.314039291229	-820.028988782121	-0.353870491065	3272.823564814275	-0.820490687510	-2112.688141455590	-0.904920246499	
0.083620689655	-2.078708748749	0.000144176649	8.302307916478	-818.284198448392	0.056755172412	3268.205506324661	-0.509749966094	-2109.003305100440	-0.352669562888	
0.084482758621	-2.075253656609	-0.000830388838	8.290990674113	-816.924100597061	-0.326882765790	3263.750471147976	-0.404437541469	-2105.467813753218	-0.778179824415	
0.085344827586	-2.073696147728	0.000860807166	8.283615868730	-816.310986851829	0.338856947623	3260.847377236850	-0.787514300819	-2103.071245500335	-0.259447994321	
0.086206896552	-2.075279075854	-0.000498134661	8.279517465763	-816.934106888981	-0.196090828858	3259.234039924016	-0.797212345283	-2101.280273823446	-1.131555079965	
0.087068965517	-2.078872261418	-0.001510398348	8.281313403648	-818.348565249660	-0.594568672503	3259.941011304160	-0.605665534578	-2101.470445211996	-1.688848255161	
0.087931034483	-2.082186485666	-0.002345881428	8.286255394867	-819.653210421558	-0.923456787928	3261.886427334985	-0.336387637983	-2102.294047827853	-1.816480014712	
0.088793103448	-2.084497827327	-0.001109636023	8.294932518981	-820.563070621552	-0.436808486938	3265.302179327494	-0.286033709971	-2103.989802259387	-1.122474981131	
0.089655172414	-2.086390658296	-0.000088084624	8.305661163016	-821.308183987408	-0.034674533403	3269.525512630026	0.067084382943	-2105.648040433391	-0.519485562797	
0.090517241379	-2.089009845672	0.003447633711	8.312789200449	-822.339227727321	1.357161838861	3272.331466278152	0.368242385907	-2105.688644287856	1.019068750519	
0.091379310345	-2.092315727549	0.003970989804	8.308411761030	-823.640588922770	1.563181090364	3270.608286199352	0.846641737331	-2103.407120214378	1.435397696929	
0.092241379310	-2.095312585068	0.001027557852	8.294448021556	-824.820302605087	0.404498395338	3265.111456799647	1.205678889512	-2099.226031590708	0.772148820734	
0.093103448276	-2.096502708848	-0.001714294949	8.278314836574	-825.288795116951	-0.674832618540	3258.760624654884	1.096532462911	-2094.469920735414	0.101096358149	
0.093965517241	-2.093118406016	0.003421026792	8.273582300490	-823.956563493916	1.346688018602	3256.897660688051	0.840744017640	-2093.866064882481	2.169911558209	
0.094827586207	-2.087439392505	0.008667086047	8.270527439866	-821.721018461012	3.411800505131	3255.695114069659	0.446936073947	-2093.739200282055	3.721677072016	
0.095689655172	-2.079158291307	0.011510176268	8.266191706310	-818.461160984433	4.530983653549	3253.988351513398	0.329969561927	-2094.055025349897	4.441219030012	
0.096551724138	-2.074829704936	0.012750853326	8.256397122094	-816.757211919401	5.019376475700	3250.132711083100	0.269584196222	-2092.622861333018	4.759102056803	
0.097413793103	-2.074561247130	0.008713626111	8.248792334484	-816.651533439525	3.430121012278	3247.139084613058	0.422554804539	-2092.829729184569	3.514150407796	
0.098275862069	-2.076079023886	0.004924012530	8.258289231172	-817.249006624185	1.938338715731	3250.877540276196	0.773993703561	-2099.498932184980	2.110450918019	
0.099137931034	-2.078283895318	0.002516313710	8.276926436845	-818.116954793277	0.990547496502	3258.214080767902	0.924066442601	-2109.332904976494	1.251245187843	
0.100000000000	-2.082334713580	0.002863681499	8.295659455820	-819.711560375488	1.127288910138	3265.588338188769	1.065571369818	-2119.266377265483	1.439468626519	
0.100862068966	-2.086572305924	0.003721280366	8.310005812081	-821.379689619751	1.464882910374	3271.235784778365	0.971318818264	-2126.768001448261	2.061523604850	
0.101724137931	-2.092241094483	0.004398831280	8.318181967273	-823.611209598218	1.731600990552	3274.454330234479	0.962925002323	-2130.747743422136	3.003128033977	
0.102586206897	-2.096312639211	0.010538614543	8.326439579423	-825.213974158902	4.148528147397	3277.704941241589	0.973465008544	-2132.434131599537	6.711799812933	
0.103448275862	-2.091383953834	0.011883354989	8.333162951640	-823.273795975973	4.677885546838	3280.351598330461	0.584495109262	-2131.297991886627	8.832061404482	
0.104310344828	-2.087356477350	0.011930897927	8.316614984159	-821.688378890246	4.696600835850	3273.837486954962	0.705003782853	-2120.130041263846	10.047469174811	
0.105172413793	-2.085015833176	0.013343579045	8.289806101834	-820.766983748726	5.252703097460	3263.284163985674	0.796134189675	-2104.834120255778	10.566411057630	
0.106034482759	-2.076395202503	0.011372959769	8.263081691274	-817.373470412602	4.476968345775	3252.764093347157	1.033756747450	-2089.860648303587	8.327611375712	
0.106896551724	-2.069236403086	0.007670781224	8.233497638433	-814.555407301758	3.019604871912	3241.118323837367	1.215277323371	-2074.701757235290	5.450298885640	
0.107758620690	-2.061215844770	0.003339705540	8.206532947284	-811.398112593580	1.314675888491	3230.503666687037	1.448425779818	-2062.461415749082	3.475495293897	
0.108620689655	-2.054701986507	-0.001029860601	8.182472994172	-808.833930723209	-0.405404873218	3221.032460362992	1.865254251035	-2054.324463765407	1.582552682558	
0.109482758621	-2.051797165489	-0.000420310936	8.168750072989	-807.690447231344	-0.165455501130	3215.630429141945	2.091340357653	-2051.374072091054	1.659204061678	
0.110344827586	-2.048075647158	-0.001916266336	8.177431435252	-806.225470646191	-0.754338703593	3219.047849482707	2.387571100850	-2058.364042871513	0.251840409890	
0.111206896552	-2.048398482162	-0.002270328223	8.191500395345	-806.352554722927	-0.893715250491	3224.586099004065	2.785304186659	-2066.633248418180	-0.669077210935	
0.112068965517	-2.055090725929	-0.001305359232	8.208058789441	-808.986958090038	-0.513854975378	3231.104314818797	2.991768157648	-2075.829806222097	0.121546688283	
0.112931034483	-2.062901011076	-0.000632550646	8.230978031284	-812.061478714766	-0.249003713888	3240.126479877787	2.932526317954	-2088.397631579246	1.382440820105	
0.113793103448	-2.074148387020	0.000298622417	8.254935684961	-816.489010957922	0.117552786198	3249.557416004645	3.047115183108	-2099.700106320244	2.872375834674	
0.114655172414	-2.075812104738	-0.001680321195	8.284955245347	-817.143933837447	-0.661458842279	3261.374623164021	3.484757881428	-2108.184679237426	1.526747300151	
0.115517241379	-2.068048478833	-0.006776241360	8.277767394999	-814.087780634253	-2.667469039792	3258.545124147488	4.026415632895	-2099.165809637620	-2.143328799700	
0.116379310345	-2.074026789359	-0.003525301390	8.241020647222	-816.441144009268	-1.387735739403	3244.079758054771	4.037301205904	-2080.092646730109	-2.262082512423	
0.117241379310	-2.059813241047	0.001005088341	8.243716363104	-810.845977300998	0.395653266995	3245.140927259434	3.899181272247	-2079.270407348960	-0.169788967476	
0.118103448276	-2.060864891873	0.008117641575	8.209226739581	-811.259959901243	3.195511556726	3231.564078672172	3.597249586142	-2065.613997407358	4.313899476080	
0.118965517241	-2.055398588805	0.016471516112	8.200430888410	-809.108148384888	6.484016275630	3228.101589744879	2.826474822977	-2061.320458349670	9.761611773120	
0.119827586207	-2.048720484895	0.020262858982	8.187171293354	-806.479311176246	7.976479307142	3222.881946964893	2.478696364274	-2055.640469336082	13.209521356948	
0.120689655172	-2.045520194166	0.023371786461	8.168948003318	-805.219515961672	9.200309356618	3215.708344463252	2.344013530097	-2047.909061794547	15.743280936949	
0.121551724138	-2.041500842661	0.022069705116	8.158396353165	-803.637297275809	8.687744722258	3211.554684845249	2.851849603676	-2043.100755637424	15.672085309142	
0.122413793103	-2.031564026960	0.024820076376	8.150602738150	-799.725667387302	9.770429029723	3208.486726421843	3.541104230723	-2037.608126394043	17.374720522097	
0.123275862069	-2.028321286582	0.027191394097	8.154281412030	-798.449161858442	10.703898820416	3209.934837278577	3.561187039502	-2038.240263252436	18.879740557297	
0.124137931034	-2.034774197832	0.024367846626	8.176473344722	-800.989351922494	9.592408679612	3218.670696915255	3.935862537689	-2050.944154265570	17.272051951530	
0.125000000000	-2.043364343684	0.023176960971	8.210451946400	-804.370864901591	9.123616255647	3232.046381630696	4.041889704050	-2070.019129205579	16.918961963244	
0.125862068966	-2.054829826579	0.021036603096	8.241976617377	-808.884254998246	8.281063863906	3244.456075935950	3.927636793485	-2088.305255751207	16.393170883786	
0.126724137931	-2.063043305868	0.013620484145	8.261174411495	-812.117493093946	5.361706856481	3252.013292203832	4.172224122823	-2099.036176299012	13.409624270098	
0.127586206897	-2.065987636929	0.000129773200	8.260476201937	-813.276529723689	0.051085251528	3251.738441843680	4.597826810479	-2098.301368675935	7.096311032126	
0.128448275862	-2.064961501518	-0.003492377567	8.233906206252	-812.872591272337	-1.374775268510	3241.279156657443	4.916681627192	-2085.399490371753	3.705708991168	
0.129310344828	-2.053872833478	-0.001272458210	8.207551087727	-808.507534433976	-0.500903480031	3230.904457917006	4.905831113616	-2072.181531464547	3.119154285630	
0.130172413793	-2.045546401403	-0.002723585825	8.177798072265	-805.229832447031	-1.072140214369	3219.192176231091	4.601281547829	-2057.767977187491	2.408624297126	
0.131034482759	-2.034879406658	0.003483824114	8.163978714620	-801.030767402410	1.371408199465	3213.752182773230	4.450905659199	-2049.666881956002	5.211080232137	
0.131896551724	-2.026392512733	0.005697491495	8.150902483636	-797.689899569143	2.242818895942	3208.604721304288	4.358172061415	-2042.677319860813	6.247644734386	
0.132758620690	-2.028873096993	0.011377452590	8.141343000595	-798.666382159507	4.478736946096	3204.841628508002	4.284498637595	-2038.977519066673	8.712733154883	
0.133620689655	-2.025007153282	0.015614626042	8.153992213824	-797.144552488560	6.146701293690	3209.820994335291	4.375193215975	-2047.642835256318	10.444142975006	
0.134482758621	-2.031694966105	0.015778037200	8.155160191354	-799.777211613415	6.211028135023	3210.280768970652	4.409830640460	-2051.397073630240	11.017116756495	
0.135344827586	-2.037647244685	0.019270497425	8.169823592153	-802.120327506487	7.585835942016	3216.053020218545	4.186353317414	-2060.803685745317	13.474804769412	
0.136206896552	-2.040542227613	0.015963974992	8.201356631870	-803.259938231973	6.284222591682	3228.466008880550	4.460093632880	-2078.292217192775	11.861581866759	
0.137068965517	-2.049305242880	0.010421187755	8.220942159984	-806.709501297561	4.102303063935	3236.175856728902	5.209982828752	-2089.953262127094	8.299300393170	
0.137931034483	-2.060030885123	0.000388057006	8.244755727754	-810.931652943809	0.152758733582	3245.550073403771	5.951905962010	-2101.740341489756	2.580704672098	
0.138793103448	-2.061566955619	-0.007518099657	8.267062973445	-811.536327463749	-2.959501736369	3254.331326030231	6.430121533794	-2110.074822746111	-2.045107987315	
0.139655172414	-2.061674044684	-0.018022701876	8.261644496579	-811.578483099797	-7.094640924060	3252.198341310078	6.764025635578	-2107.347623741264	-7.663713700686	
0.140517241379	-2.072594835538	-0.031466379325	8.238919374419	-815.877455043751	-12.386747782499	3243.252591510996	7.058569235916	-2100.129176432328	-14.841381389060	
0.141379310345	-2.063880354995	-0.044101575000	8.229600934191	-812.446997683916	-17.360595596273	3239.584385276164	7.333529167222	-2096.141419848023	-21.720549112376	
0.142241379310	-2.050607920409	-0.053655031267	8.199561594171	-807.222300619795	-21.121315951232	3227.759391859057	7.155723039116	-2081.061972345509	-27.103489295133	
0.143103448276	-2.038153051533	-0.060059873048	8.185083325880	-802.319438494006	-23.642583457429	3222.060018066981	6.996788338221	-2071.352009891300	-30.369802843662	
0.143965517241	-2.024468577755	-0.064776165948	8.173047043772	-796.932542102893	-25.499153290786	3217.321932723118	6.804355099588	-2063.148939912116	-32.477722771010	
0.144827586207	-2.012944783349	-0.061667893933	8.155385554337	-792.396197666020	-24.275581265108	3210.369483163166	6.632915251295	-2053.421079714372	-30.592951049366	
0.145689655172	-2.004684426700	-0.054669005004	8.137145718609	-789.144506285904	-21.520466956586	3203.189367445933	6.487766568923	-2043.918399960412	-26.186470168859	
0.146551724138	-2.000244255426	-0.044349773963	8.132165895706	-787.396631796980	-17.458299177655	3201.229058963200	6.141359497390	-2041.988813919368	-20.243693122695	
0.147413793103	-2.007093297294	-0.032895776487	8.144471189975	-790.092758774429	-12.949430318838	3206.073041009163	5.787602472105	-2052.331658356435	-13.425453118895	
0.148275862069	-2.019196872919	-0.020953287899	8.174192463946	-794.857334227547	-8.248266816567	3217.772827649623	4.999855017098	-2071.216136021192	-6.383431807952	
0.149137931034	-2.026644393005	-0.015082707464	8.208644266040	-797.789052298940	-5.937311417564	3231.334787822781	4.833665137192	-2089.543135791103	-2.767441063595	
0.150000000000	-2.032959265669	-0.011029723709	8.238301630838	-800.274903440644	-4.341853388401	3243.009416602117	5.152778036032	-2102.453805604616	-1.050486637961	
0.150862068966	-2.042298115293	-0.012922221275	8.259650837794	-803.951143839249	-5.086835509994	3251.413537050137	6.002876549700	-2110.712810112061	-2.661097850653	
0.151724137931	-2.046903310865	-0.016334215505	8.274554153590	-805.763980182483	-6.429967858402	3257.280230894463	6.498857175314	-2114.960743400372	-5.625637538032	
0.152586206897	-2.045333005648	-0.020305074071	8.271869569346	-805.145829156742	-7.993097287248	3256.223443661897	6.451081579864	-2111.834714720049	-9.106457415787	
0.153448275862	-2.047356864286	-0.021779973340	8.246601909787	-805.942521595878	-8.573691738993	3246.276823404574	5.646546472610	-2099.526125054259	-11.078553629702	
0.154310344828	-2.046172665578	-0.021591505896	8.217934613364	-805.476361489835	-8.499501484443	3234.991935279362	4.444117226501	-2086.031984911664	-11.069549402272	
0.155172413793	-2.036724296962	-0.021476670551	8.191939244364	-801.757008913894	-8.454296523115	3224.758852025810	3.529962713836	-2072.747081714700	-10.429173665808	
0.156034482759	-2.022792198764	-0.018459426657	8.180796855022	-796.272635110465	-7.266557739064	3220.372647783855	2.950119515130	-2065.377921370284	-8.337467357409	
0.156896551724	-2.011661081581	-0.019527941965	8.178758156037	-791.890868156574	-7.687179047058	3219.570113438561	2.788299873847	-2062.209613596966	-7.600416280755	
0.157758620690	-2.007938090341	-0.019410122629	8.172586718574	-790.425311760002	-7.640799436868	3217.140725598401	2.561585344646	-2059.362679960663	-5.828888327277	
0.158620689655	-2.007531676727	-0.015466185547	8.171635849112	-790.265326943500	-6.088267657077	3216.766415606197	2.342890013646	-2061.264146144064	-1.571544214179	
0.159482758621	-2.009440410924	-0.007006086554	8.188532048472	-791.016700618707	-2.757947655573	3223.417608544191	2.502442489636	-2073.480286216490	4.138187264636	
0.160344827586	-2.009308093008	0.000391983122	8.221007417475	-790.964613639396	0.154304250320	3236.201545355993	2.422438965090	-2090.890657294433	8.662420373497	
0.161206896552	-2.013408862461	0.000663612912	8.252682721856	-792.578882519857	0.261231382188	3248.670536537031	2.378162338115	-2106.012901903466	8.985319433426	
0.162068965517	-2.021293718347	-0.000719402870	8.269573321048	-795.682757934229	-0.283193112527	3255.319524967444	2.766608124796	-2113.249337544900	7.419263579992	
0.162931034483	-2.026109362645	0.000094264120	8.277228433164	-797.578437469013	0.037107093454	3258.332961691409	3.199383618634	-2113.897978597022	6.757708205628	
0.163793103448	-2.034735587182	0.000684323137	8.270281441699	-800.974152830955	0.269383967437	3255.598276832111	3.876544003250	-2107.615179502524	5.629881892862	
0.164655172414	-2.042724274696	-0.000739461131	8.266484865035	-804.118901590325	-0.291089051957	3254.103753515723	4.210362287684	-2102.513060374372	4.117107748223	
0.165517241379	-2.045143859952	-0.004858332875	8.261014968671	-805.071371908043	-1.912483903559	3251.950527498008	4.241674086092	-2096.410694965216	1.966687784510	
0.166379310345	-2.046747972038	-0.006900168505	8.243153023054	-805.702831016086	-2.716252990014	3244.919168313606	4.103752752566	-2084.128796336110	0.674392354258	
0.167241379310	-2.050406250398	-0.003303712319	8.216956892821	-807.142913171503	-1.300507148149	3234.607055352736	3.583526035335	-2069.604024461463	1.772515161885	
0.168103448276	-2.046089896645	-0.000831231031	8.201402457160	-805.443779479616	-0.327214295003	3228.484048016921	2.563693205858	-2059.333169746509	2.469810060466	
0.168965517241	-2.040347275833	-0.000418747709	8.181663303088	-803.183195416694	-0.164840136389	3220.713725273146	1.389537424935	-2046.959763249042	3.132356463677	
0.169827586207	-2.035297019961	0.002740486455	8.162843396587	-801.195160979156	1.078793151635	3213.305264556817	0.641127925463	-2036.037535244437	5.256889321270	
0.170689655172	-2.029936420040	0.005642585639	8.159897756317	-799.084959532297	2.221205192714	3212.145712556561	0.204543417371	-2036.061812015746	7.111383314151	
0.171551724138	-2.030079062116	0.003799025733	8.165531696569	-799.141110619717	1.495487392857	3214.363514490549	0.383681576959	-2043.100031673189	6.650836499349	
0.172413793103	-2.034853405328	0.000250968694	8.185914532374	-801.020531972505	0.098793886570	3222.387222703235	0.948489736333	-2059.489568804646	5.185678285684	
0.173275862069	-2.043913894435	0.002596092183	8.205463521178	-804.587195686466	1.021952311618	3230.082686843408	1.512687780407	-2075.044790427610	5.941895791845	
0.174137931034	-2.054066209545	0.002264644912	8.226677345639	-808.583656969248	0.891478013758	3238.433513940186	1.689833059356	-2089.479412184416	5.324768802401	
0.175000000000	-2.066071863881	-0.003322751340	8.246622032617	-813.309685683556	-1.308001863471	3246.284744761647	2.114671798073	-2102.932691531340	2.229124171548	
0.175862068966	-2.075129777081	-0.011517584786	8.261937897115	-816.875335391304	-4.533900018578	3252.313838501553	2.176858620831	-2111.633070065682	-3.005430476537	
0.176724137931	-2.083568896165	-0.021477790831	8.265370827743	-820.197396646475	-8.454737521438	3253.665212468315	2.174451363603	-2110.564528134761	-9.783690181120	
0.177586206897	-2.084739935068	-0.023727984674	8.262371062581	-820.658376391925	-9.340526868750	3252.484354191470	1.352711416835	-2103.594709077357	-11.685294942278	
0.178448275862	-2.071661190297	-0.020528479042	8.260595218474	-815.509925370126	-8.081040707751	3251.785292732030	0.511943606669	-2094.182603669444	-9.464809011722	
0.179310344828	-2.061582894893	-0.012094428938	8.234504873257	-811.542601962570	-4.760974857483	3241.514822067979	-0.121110696662	-2076.182816885435	-3.700363187790	
0.180172413793	-2.058509218007	0.002210126786	8.210302500234	-810.332648318048	0.870016940230	3231.987552111810	-0.351423894154	-2061.084300679922	4.344634055713	
0.181034482759	-2.046188870716	0.012892450613	8.200012712925	-805.482740646087	5.075116281904	3227.936974864841	-0.824607685279	-2054.694222284895	10.747954007507	
0.181896551724	-2.038222713249	0.016734639259	8.182701851576	-802.346860845087	6.587594765473	3221.122550135168	-0.958670452439	-2045.399420009821	13.886725144904	
0.182758620690	-2.027763914838	0.016758732963	8.174481123821	-798.229752337632	6.597079258085	3217.886458678816	-0.825637384887	-2040.216775712406	14.435260212679	
0.183620689655	-2.023910734825	0.011650486907	8.153303911347	-796.712947099294	4.586216970627	3209.550043899797	-0.592498389517	-2030.655456679339	11.570619638392	
0.184482758621	-2.021825653477	0.008244990060	8.141707187748	-795.892154325985	3.245642318196	3204.984990868525	-0.510058722034	-2026.651423391046	8.850550114355	
0.185344827586	-2.021124147053	0.010223260293	8.147934240690	-795.616006153374	4.024388871078	3207.436271755180	-0.769886185461	-2031.384382408101	7.537581682663	
0.186206896552	-2.022391014121	0.009048833908	8.161913048621	-796.114708679051	3.562075642174	3212.939032856424	-0.829720334231	-2038.735835192759	5.936737208954	
0.187068965517	-2.026982244234	0.003540497385	8.192216711070	-797.922047516277	1.393717646359	3224.868076861289	-0.257915503166	-2054.193331979419	2.414422631195	
0.187931034483	-2.035496171201	-0.001004922851	8.221716098330	-801.273556912635	-0.395588121587	3236.480517744652	0.300929035798	-2069.573516614253	-0.752347186356	
0.188793103448	-2.046929631465	-0.005625909286	8.247573937682	-805.774341293198	-2.214640542267	3246.659462419228	0.527598962329	-2082.865168633910	-3.834557495278	
0.189655172414	-2.058317839894	-0.004721504724	8.274642206627	-810.257312277848	-1.858621469314	3257.314892993729	0.539036166735	-2096.098874144861	-4.443961831725	
0.190517241379	-2.063678100261	0.000355517023	8.300967600319	-812.367380059362	0.139949361428	3267.677890546331	0.379554086715	-2108.304122251601	-3.058227685837	
0.191379310345	-2.061331347935	0.003351412842	8.307285978831	-811.443580442279	1.319284470552	3270.165121765995	0.090877805370	-2109.748132782286	-2.257425815560	
0.192241379310	-2.061991973101	0.004255555438	8.277586774018	-811.703635697438	1.675200420572	3258.474022654681	-0.374071247499	-2093.162255378304	-2.534521492423	
0.193103448276	-2.058619396993	0.001285381700	8.231881321780	-810.376020302315	0.505990815249	3240.482060398542	-0.211639079229	-2067.777698181909	-4.040321801983	
0.193965517241	-2.045050921965	-0.002634545330	8.189913277794	-805.034786846947	-1.037089402299	3223.961329798805	0.202399643909	-2043.049621918292	-5.793806671447	
0.194827586207	-2.035425583452	-0.004137471701	8.153427799637	-801.245770028551	-1.628716729341	3209.598812555015	0.183824622485	-2021.463034959106	-6.182486026336	
0.195689655172	-2.032589716627	-0.005469692694	8.127701077895	-800.129430371287	-2.153145843214	3199.471482359133	0.169825643899	-2007.947062545290	-7.138236515550	
0.196551724138	-2.031329763898	-0.010193631698	8.130797100180	-799.633449676832	-4.012725567385	3200.690232275598	0.265046858036	-2010.133980806937	-10.163395343850	
0.197413793103	-2.032723330477	-0.017575828617	8.155388656614	-800.182027495560	-6.918729158527	3210.370704375273	0.333576688167	-2025.142077388752	-14.098869832610	
0.198275862069	-2.041668582542	-0.017914209507	8.182534617731	-803.703328120353	-7.051932877145	3221.056718491681	0.080897836226	-2044.782969443467	-13.806657178278	
0.199137931034	-2.052100882094	-0.014618911637	8.204331919398	-807.810005345689	-5.754738078575	3229.637231531046	-0.322578557809	-2060.952816946410	-11.969632044382	
0.200000000000	-2.061636218922	-0.016241979237	8.228431747207	-811.563592979377	-6.393659029376	3239.124134539079	-0.238308402342	-2076.760861060102	-12.873157171745	
0.200862068966	-2.071547943483	-0.021583188447	8.257512467009	-815.465345734688	-8.496227318675	3250.571766877045	-0.066487360462	-2093.499840852583	-16.022274405763	
0.201724137931	-2.084276814940	-0.026921590313	8.288685268228	-820.476069042351	-10.597690495726	3262.842947567402	-0.310192747776	-2111.505234827101	-18.959080671967	
0.202586206897	-2.098493135390	-0.030395527392	8.301205448209	-826.072327003811	-11.965206661835	3267.771519425487	-0.673706625983	-2121.062007711852	-21.339992746691	
0.203448275862	-2.099886044610	-0.029829455301	8.319726211531	-826.620646052810	-11.742372247072	3275.062222357859	-1.408103000128	-2130.305307044275	-22.446134410482	
0.204310344828	-2.089185946768	-0.028524643637	8.315759676545	-822.408549966057	-11.228732822169	3273.500794907463	-2.122509650452	-2125.844308453128	-22.677685870350	
0.205172413793	-2.090082854269	-0.024389619353	8.278328428026	-822.761617819372	-9.600979518949	3258.765974933303	-3.082605538675	-2104.240830590471	-19.969749788359	
0.206034482759	-2.074914884147	-0.016402725847	8.249861008369	-816.790742736199	-6.456936971024	3247.559768344650	-3.694174584565	-2082.683230857480	-14.331564820658	
0.206896551724	-2.057566639751	-0.018000474444	8.222974193841	-809.961602160783	-7.085891090201	3236.975767345077	-3.547757001250	-2061.839309422677	-13.196713404107	
0.207758620690	-2.046007862305	-0.016198989665	8.202199054382	-805.411486641874	-6.376736174195	3228.797628704751	-3.379553544145	-2047.038239569314	-11.583139957248	
0.208620689655	-2.038905970786	-0.019034917500	8.184671495236	-802.615825338629	-7.493099847798	3221.897900835326	-3.329257007415	-2038.816740775999	-12.634244647501	
0.209482758621	-2.039373631686	-0.017991409547	8.175145452871	-802.799920164357	-7.082322691369	3218.147971969253	-3.502421819065	-2038.222345311189	-12.248669520592	
0.210344827586	-2.041298369938	-0.014757482976	8.186382797557	-803.557593839964	-5.809286719473	3222.571555405156	-3.819452445244	-2048.742421845594	-11.091825330731	
0.211206896552	-2.048615570968	-0.008199416548	8.213539243859	-806.438011783500	-3.227702294364	3233.261697017543	-4.246678568721	-2067.436924506747	-7.697555772481	
0.212068965517	-2.059214050614	-0.004292968528	8.244797110201	-810.610105842898	-1.689928092754	3245.566363614236	-4.131124805118	-2087.820939527933	-4.720375214099	
0.212931034483	-2.073427692190	-0.003344493894	8.264257052445	-816.205309264857	-1.316560824889	3253.226774554467	-3.455917322569	-2101.438827506207	-3.491424950830	
0.213793103448	-2.086251901403	-0.004727562244	8.279503290275	-821.253562303127	-1.861006013301	3259.228459740042	-2.505190796901	-2109.783394708978	-4.166817240936	
0.214655172414	-2.092883918364	-0.003072295397	8.307034119407	-823.864257373669	-1.209409821289	3270.065977243285	-1.422934376276	-2118.852139284344	-4.612031369174	
0.215517241379	-2.087333013788	-0.003408324907	8.321127577915	-821.679142453160	-1.341687918686	3275.613870571607	-0.402233580988	-2120.141687262366	-6.657474360573	
0.216379310345	-2.082674017512	-0.014439137416	8.289566085645	-819.845127449774	-5.683969913498	3263.189681555178	0.145116694129	-2101.785243699230	-12.342630304361	
0.217241379310	-2.078845623147	-0.019752086062	8.254154964292	-818.338079088180	-7.775413424752	3249.250085125681	0.423156244788	-2083.679197758657	-13.786170943875	
0.218103448276	-2.068908283223	-0.018749036727	8.219673682309	-814.426242839078	-7.380562812763	3235.676520187131	0.477672987129	-2066.163284652746	-11.675060989146	
0.218965517241	-2.063715390375	-0.014176867656	8.195360566693	-812.382059321768	-5.580727359407	3226.105656382675	0.451582208510	-2054.949473965067	-8.585799694991	
0.219827586207	-2.059919503279	-0.005397851067	8.194002615198	-810.887807453996	-2.124865369757	3225.571098450560	-0.316180160388	-2054.938271476786	-3.953883798645	
0.220689655172	-2.053779433937	0.003721759705	8.185369620441	-808.470767682301	1.465071602044	3222.172717989873	-0.604188289309	-2051.877848360792	0.292658448302	
0.221551724138	-2.049225850012	0.005918943664	8.185008893433	-806.678248276102	2.329993595722	3222.030717716480	-0.232915577623	-2052.683590066830	0.878929204948	
0.222413793103	-2.051614001785	0.012827917998	8.196465275331	-807.618344795063	5.049713002448	3226.540525203743	-0.299587051368	-2059.809246927210	4.524716567816	
0.223275862069	-2.054308071408	0.016257060467	8.226102646623	-808.678865949728	6.399595759461	3238.207283534217	-0.629871456361	-2076.475829610294	7.595541950904	
0.224137931034	-2.063960944578	0.020411562791	8.254121540774	-812.478721792793	8.035016597455	3249.236927949862	-0.387300813995	-2094.489728786760	10.392837709730	
0.225000000000	-2.075369725422	0.021849672985	8.281473197009	-816.969791113402	8.601129020860	3260.003913999010	-0.466049328439	-2111.466206588031	11.110881050950	
0.225862068966	-2.084201671497	0.017117068078	8.300710620717	-820.446488808179	6.738137961964	3267.576730464303	-0.008942420464	-2121.522534227819	8.983368451467	
0.226724137931	-2.094274435267	0.012222103455	8.307159564627	-824.411634686347	4.811233961827	3270.115358784390	0.579913204510	-2123.664601295478	6.954174840593	
0.227586206897	-2.099390907047	0.005068821492	8.323436499179	-826.425735032357	1.995342798317	3276.522777981897	1.169569936744	-2130.136829306201	3.653366560449	
0.228448275862	-2.094305259558	0.000547552013	8.333270232072	-824.423768675976	0.215543981512	3280.393829298257	1.456549849238	-2131.600204086951	0.993576795791	
0.229310344828	-2.093902661451	0.004550249960	8.301740759581	-824.265285834617	1.791206990092	3267.982244875864	1.369569521328	-2115.595370131109	1.863897215734	
0.230172413793	-2.094593352747	0.005879233799	8.277089244818	-824.537176629137	2.314361797596	3258.278170165599	0.893361845381	-2101.359582070812	2.154746615329	
0.231034482759	-2.082063428363	0.009711139345	8.258972960854	-819.604768884440	3.822792336515	3251.146690629824	0.695774845190	-2088.395815042638	4.245939874299	
0.231896551724	-2.076131018159	0.014258670981	8.227270671055	-817.269474182138	5.612929258007	3238.667076632837	0.940255537467	-2069.954168432545	6.534192838462	
0.232758620690	-2.065315343142	0.016106719761	8.211598932287	-813.011881112734	6.340414104130	3232.497892900977	1.145279340138	-2060.250440213584	8.339078768165	
0.233620689655	-2.059927301868	0.015479095967	8.197531813725	-810.890877370433	6.093349846793	3226.960368298524	1.697289176619	-2053.726008644189	9.203524273229	
0.234482758621	-2.059042316961	0.012263506135	8.208316939796	-810.542502849259	4.827532136805	3231.205935767926	2.070988099972	-2060.415074699626	8.719923996399	
0.235344827586	-2.062880280435	0.011390557341	8.227558334990	-812.053318092935	4.483895634533	3238.780315610015	2.117117239250	-2074.621702063209	8.540812529236	
0.236206896552	-2.069592808226	0.008020190264	8.250673066058	-814.695706271037	3.157149824631	3247.879435049146	1.910561592330	-2092.124547814400	7.151812743942	
0.237068965517	-2.079155272132	0.008996868259	8.273765233747	-818.459972485280	3.541619351995	3256.969672408918	1.102219906705	-2108.593634348054	7.674292011603	
0.237931034483	-2.087574991993	0.009969165873	8.292677742155	-821.774397231699	3.924364541474	3264.414585888167	0.400065001341	-2119.304104229078	8.148784718301	
0.238793103448	-2.094462666569	0.010490797000	8.295382726620	-824.485731983814	4.129704759834	3265.479403673026	0.184358381499	-2119.505155961160	8.235720401352	
0.239655172414	-2.093586355985	0.011836393938	8.297847213593	-824.140772111979	4.659399317727	3266.449549562141	0.158555164796	-2116.471721678130	8.552346122591	
0.240517241379	-2.080738154198	0.005583077526	8.282263079492	-819.083074391010	2.197779809802	3260.314851428218	0.554746617786	-2103.013767301300	4.745729986442	
0.241379310345	-2.074921871987	-0.003567812586	8.246138374677	-816.793493501080	-1.404470281887	3246.094352697421	1.285163595146	-2082.048949109267	-0.051278104763	
0.242241379310	-2.070837459048	-0.009685426628	8.230368543363	-815.185663366068	-3.812670519359	3239.886554811040	1.834309809946	-2071.807804377707	-2.974570513919	
0.243103448276	-2.057041392314	-0.013423320986	8.222245119315	-809.754838381301	-5.284093531593	3236.688766982690	2.235062743769	-2065.779534345944	-4.326557709464	
0.243965517241	-2.052207805612	-0.016015977388	8.192875736004	-807.852095814261	-6.304693347316	3225.127502184842	2.372608867300	-2051.576514636915	-4.598541520426	
0.244827586207	-2.041937560106	-0.015387052574	8.177903277345	-803.809211202928	-6.057116943294	3219.233590236182	2.637546973757	-2044.463033114214	-3.699405404470	
0.245689655172	-2.036990478569	-0.011630386005	8.166971324559	-801.861791367341	-4.578304245783	3214.930224394903	2.789446061628	-2041.405568905440	-2.316206971891	
0.246551724138	-2.036194891156	-0.009420723055	8.167449258795	-801.548608190824	-3.708469894196	3215.118363321869	3.144686858762	-2044.917592719804	-1.591850320606	
0.247413793103	-2.037135924302	-0.007562229368	8.186279854059	-801.919046114980	-2.976873407849	3222.531031672213	3.568994841039	-2058.565194700810	-1.267039343204	
0.248275862069	-2.039518601223	-0.005358193957	8.215607913719	-802.856987457551	-2.109254338885	3234.076029404818	3.815667743314	-2075.864641918448	-0.803603951877	
0.249137931034	-2.048053845755	0.000729612845	8.251624521113	-806.216888518412	0.287212271749	3248.253975559961	3.668354840177	-2095.067669657419	1.913595618743	
0.250000000000	-2.061990035801	0.008503062653	8.289431149237	-811.702873078762	3.347232656522	3263.136563805846	3.242403921451	-2114.715881552017	6.116649826108	
0.250862068966	-2.076747418029	0.013773619903	8.318185189310	-817.512120139146	5.421988784403	3274.455598590100	2.707517130217	-2128.249633196124	9.222030803948	
0.251724137931	-2.085397472529	0.008676897384	8.326583367740	-820.917216171433	3.415662740167	3277.761543547111	2.719849399533	-2129.608767590735	6.546872424890	
0.252586206897	-2.079935978496	-0.000646051374	8.321287458074	-818.767297733135	-0.254318278813	3275.676807434355	3.172559759568	-2124.123719933102	1.026901682432	
0.253448275862	-2.074871254767	-0.003552181440	8.296675473302	-816.773568020338	-1.398317077423	3265.988293714835	3.110767463886	-2112.133666877555	-2.117100858420	
0.254310344828	-2.077609548905	0.001192011746	8.273693809335	-817.851498165719	0.469235710184	3256.941556171949	2.914157586804	-2103.585318469910	-0.736778652142	
0.255172413793	-2.070431906401	0.004743290857	8.260697838278	-815.026017469318	1.867197585616	3251.825689042335	2.194020377981	-2097.332373105908	0.804572800520	
0.256034482759	-2.063679271301	0.008980103964	8.232609001130	-812.367841039606	3.535020083148	3240.768511549559	1.645830314052	-2081.272778647897	3.270383522159	
0.256896551724	-2.059404591406	0.014489615441	8.220586983741	-810.685112271735	5.703840600120	3236.036041515349	1.440595029000	-2072.340757295862	6.635996289972	
0.257758620690	-2.052182084571	0.014166573824	8.224428701831	-807.841970720394	5.576675190140	3237.548334764832	1.512200143549	-2071.915163784805	7.267672076312	
0.258620689655	-2.047378038722	0.014410722241	8.225093795420	-805.950856917655	5.672784273096	3237.810149016017	2.360230142118	-2071.631549154950	8.733884922998	
0.259482758621	-2.049107312048	0.017367646459	8.225239216868	-806.631585777889	6.836778201813	3237.867394203828	2.828541866745	-2074.838794916986	12.282491558100	
0.260344827586	-2.052568254635	0.019464033564	8.236307947627	-807.993986659037	7.662021489714	3242.224602726982	2.801867355946	-2084.084624202444	15.056652065504	
0.261206896552	-2.060544628617	0.016411498908	8.248187653524	-811.133888193629	6.460390488631	3246.901051808007	2.601366632849	-2093.493334984217	14.539173490695	
0.262068965517	-2.069198473223	0.009869625916	8.260889716378	-814.540476202116	3.885180613371	3251.901221902532	2.795111568082	-2101.541562495550	11.147645714022	
0.262931034483	-2.078417485384	0.009307273261	8.275411846331	-818.169542554525	3.663810355653	3257.617861848323	2.549628646343	-2109.957976134926	9.515796179943	
0.263793103448	-2.085880138592	0.011161358711	8.288913175181	-821.107217783264	4.393671538420	3262.932663194291	2.331505404740	-2116.764177135173	9.180941261992	
0.264655172414	-2.091367955746	0.012514171929	8.300443397096	-823.267498324823	4.926206786870	3267.471537821778	2.081795493258	-2120.757348401328	9.064117567926	
0.265517241379	-2.088675411070	0.011158946181	8.306170694078	-822.207577465923	4.392721845737	3269.726089655071	2.008503375579	-2119.079721754957	8.592137040100	
0.266379310345	-2.090233543421	0.009409886065	8.288465363666	-822.820936640310	3.704203910558	3262.756382083913	2.161154863708	-2107.215965806122	8.323210935442	
0.267241379310	-2.088462801746	0.010183032255	8.273280288402	-822.123883754626	4.008553094042	3256.778773557292	2.657753956104	-2096.752063637910	9.330023893601	
0.268103448276	-2.079394578442	0.010102997078	8.255298774328	-818.554175471650	3.977047227286	3249.700346221041	3.019215927768	-2084.360543169047	9.476495938794	
0.268965517241	-2.073717131596	0.011093744722	8.229359679218	-816.319247156692	4.367055275461	3239.489415198127	3.374113372264	-2068.992686483168	10.040034437772	
0.269827586207	-2.063156884210	0.010979940727	8.217632486035	-812.162203235468	4.322256305768	3234.873002783761	3.582961626745	-2062.058337974537	9.486098955242	
0.270689655172	-2.057169124786	0.011132144530	8.201632545699	-809.805120299631	4.382171369384	3228.574622425605	3.425085903664	-2054.631405270829	8.953506608428	
0.271551724138	-2.054275434025	0.012202619617	8.191721280378	-808.666018235914	4.803564144337	3224.673050450292	2.825584612947	-2051.914212067768	8.555906556659	
0.272413793103	-2.055423065871	0.009025566843	8.191917883123	-809.117783788052	3.552916556731	3224.750443168321	2.899606532156	-2056.150077125029	5.723828628057	
0.273275862069	-2.059600569036	0.004556861741	8.207109519331	-810.762258912802	1.793809719225	3230.730634411731	3.130881401416	-2068.209501674761	3.138780546615	
0.274137931034	-2.068422688697	0.003905090164	8.237525501567	-814.235088437335	1.537239681427	3242.703893127957	3.043715058698	-2086.681508270053	3.232480167087	
0.275000000000	-2.078866882888	0.000047410360	8.265022608709	-818.346447989975	0.018663099524	3253.528135961971	2.999929697077	-2101.115689336390	2.139362232363	
0.275862068966	-2.087440495866	-0.002677762844	8.292085011244	-821.721452799027	-1.054101987186	3264.181257222595	3.703138495410	-2113.207040527054	1.150240965443	
0.276724137931	-2.091104770891	-0.003870938894	8.312757661166	-823.163895543314	-1.523796025751	3272.319050831983	4.959576740998	-2119.996186106622	0.298343642200	
0.277586206897	-2.086718626813	-0.008654889272	8.307271120435	-821.437288872931	-3.406999241841	3270.159272754745	5.875010525641	-2114.956871227119	-1.849319871858	
0.278448275862	-2.084698753950	-0.018174547730	8.269226127530	-820.642165435136	-7.154415081154	3255.182852155584	6.524842392091	-2096.350372632261	-4.976130495568	
0.279310344828	-2.075635876355	-0.019257674288	8.240497672510	-817.074561492161	-7.580788110842	3243.873888933769	6.373151632569	-2082.147736645540	-3.862188996534	
0.280172413793	-2.062147249185	-0.009213386368	8.214344446378	-811.764760165491	-3.626851757519	3233.578665182452	5.831899713801	-2069.836151943651	2.002622803217	
0.281034482759	-2.055339478480	-0.003593746152	8.188868612312	-809.084879591507	-1.414679036193	3223.550096980876	4.945609765711	-2057.182612511599	5.978373236133	
0.281896551724	-2.041901364462	0.003894757396	8.175029661564	-803.794962779253	1.533172184839	3218.102390693325	4.184619547296	-2049.014531038047	10.407167636881	
0.282758620690	-2.037862162761	0.006834631319	8.154747312332	-802.204930059032	2.690454261179	3210.118239044457	3.845674128963	-2039.603806243216	11.927217239640	
0.283620689655	-2.028061548548	0.008950560866	8.154003941063	-798.346915919036	3.523390435708	3209.825610765702	3.639208949533	-2038.886700773052	12.175014898537	
0.284482758621	-2.027213638864	0.008095487110	8.157506803395	-798.013136067906	3.186790446213	3211.204513364598	3.652378018778	-2040.437176629935	10.593240327353	
0.285344827586	-2.030426036551	0.007157220383	8.182615375169	-799.277697189488	2.817441523544	3221.088508676713	3.526025483143	-2053.792265935957	9.453226532478	
0.286206896552	-2.038165476843	0.007392230735	8.206997536563	-802.324329720017	2.909953405250	3230.686552368540	3.658301400579	-2068.768494899108	9.312087305280	
0.287068965517	-2.048177645846	0.007266056293	8.227699604177	-806.265622454040	2.860284805677	3238.835926259362	3.803961816936	-2083.706256558172	9.281583104476	
0.287931034483	-2.058695252351	0.005140038294	8.251722738264	-810.405880781937	2.023377309690	3248.292638765128	4.048239227909	-2098.361825547199	8.514036500069	
0.288793103448	-2.064568331186	0.001655312561	8.273069412531	-812.717819676622	0.651614187512	3256.695762219788	4.191274021412	-2109.520155287737	7.044227090950	
0.289655172414	-2.065964831055	-0.005444318886	8.280309018890	-813.267552185710	-2.143157437688	3259.545635002814	4.880222574563	-2112.315203330833	3.264221320936	
0.290517241379	-2.071377718176	-0.008910741010	8.265669431286	-815.398336501576	-3.507715339601	3253.782757824704	6.086507656646	-2104.264364791915	0.554193424220	
0.291379310345	-2.062720197869	-0.010590245009	8.265535842025	-811.990301552323	-4.168852492562	3253.730170380011	6.876663023268	-2099.293520504202	-1.319219298647	
0.292241379310	-2.050506569017	-0.008958484124	8.247702450319	-807.182403619886	-3.526509428135	3246.710051449660	6.839825721230	-2085.798287029901	-0.676990267196	
0.293103448276	-2.047951403251	-0.004391340478	8.210726932790	-806.176562002261	-1.728652234257	3232.154630089294	6.288259418161	-2066.183822990819	2.718226072863	
0.293965517241	-2.040117399790	-0.000276441587	8.183869632057	-803.092704657220	-0.108821296995	3221.582247201956	5.615467434198	-2052.203448554385	6.017060749855	
0.294827586207	-2.031855430768	0.004183663994	8.155247831368	-799.840378566367	1.646900336726	3210.315268483127	5.416918859999	-2039.176353583964	9.113971089064	
0.295689655172	-2.027904201589	0.003908356230	8.134760493417	-798.284976250685	1.538525369169	3202.250422975766	5.757839625881	-2031.303245715491	9.166147357672	
0.296551724138	-2.022978680702	0.003979825970	8.130236140084	-796.346043769791	1.566659449473	3200.469410198974	6.207563326894	-2031.988695208391	9.259351203750	
0.297413793103	-2.027833241673	0.010869280689	8.140046891009	-798.257042862794	4.278694955116	3204.331414657986	6.233345473679	-2040.564245290975	12.286666924287	
0.298275862069	-2.034056572487	0.018159632476	8.169179629510	-800.706858533068	7.148543687830	3215.799524169473	6.158442756334	-2058.263468851318	15.630825989956	
0.299137931034	-2.046720982446	0.019162979887	8.199790020495	-805.692206556777	7.543511637447	3227.849311936262	6.038069884145	-2076.427857795614	16.565537792987	
0.300000000000	-2.058022240160	0.020187250721	8.228700010453	-810.140949371596	7.946716097400	3239.229736430016	5.878314687210	-2091.881796933136	16.935968252952	
0.300862068966	-2.067219710665	0.018759160483	8.251689442206	-813.761535845847	7.384548031745	3248.279531764074	6.556212041596	-2102.381017541900	16.073495788358	
0.301724137931	-2.069947367604	0.017652559436	8.268149848454	-814.835278655386	6.948934263745	3254.759174639022	7.402924029498	-2106.251367082160	15.012829556020	
0.302586206897	-2.066168152118	0.015347228527	8.277928092069	-813.347589571088	6.041440197532	3258.608382587539	7.964316769506	-2105.899508956370	14.637349445870	
0.303448275862	-2.061227857474	0.014649564123	8.265912165013	-811.402841397301	5.766804437212	3253.878310014621	7.879344645592	-2097.200749364229	17.185307934609	
0.304310344828	-2.054710404190	0.021541473589	8.229907353232	-808.837244346168	8.479806254465	3239.705007205301	7.666395529509	-2079.138681714086	23.022659806190	
0.305172413793	-2.046216792001	0.031096464275	8.185563201820	-805.493731866676	12.241130634058	3222.248921346164	7.177175336400	-2055.541012276236	28.424214309694	
0.306034482759	-2.038570619599	0.036553143539	8.146714801038	-802.483814263352	14.389153737764	3206.956239043241	6.743795931769	-2034.873877451929	30.693936758585	
0.306896551724	-2.029774881022	0.039998693069	8.139713572952	-799.021369658949	15.745495138234	3204.200203925078	6.566020975081	-2030.738700772530	31.429094539284	
0.307758620690	-2.023249584035	0.035986976954	8.142071083142	-796.452684931925	14.166282125587	3205.128238377831	6.774328687585	-2032.140483824692	28.454799857609	
0.308620689655	-2.024264634467	0.033634162026	8.142498948456	-796.852259778527	13.240095963842	3205.296667661228	6.773126459592	-2034.912543606051	26.369342191944	
0.309482758621	-2.031349326722	0.031401631018	8.154668639696	-799.641150587076	12.361259595946	3210.087269542480	6.915879030455	-2044.074378584809	24.798684949666	
0.310344827586	-2.037824228668	0.028864646172	8.194660179325	-802.189997293930	11.362574901680	3225.829948727058	7.592449635128	-2065.105797830437	22.817627331082	
0.311206896552	-2.046066927841	0.030608945938	8.232981594636	-805.434737804356	12.049218923752	3240.915183072516	7.673499824842	-2085.720471279728	23.434811744485	
0.312068965517	-2.056241886677	0.033526370616	8.257309896735	-809.440112795149	13.197663849286	3250.492025039805	7.309108852548	-2100.917050990478	25.252360226520	
0.312931034483	-2.065126063962	0.032443028768	8.272823965147	-812.937371318145	12.771206070538	3256.599141798443	6.815791828052	-2110.758391257406	25.677266854270	
0.313793103448	-2.071599159846	0.026337162414	8.276121822126	-815.485507068232	10.367630312910	3257.897343990296	6.933636268722	-2113.505385949145	23.357335353982	
0.314655172414	-2.074627769281	0.021992094168	8.278671680908	-816.677719900056	8.657193153745	3258.901096512767	7.078333946839	-2113.206317909147	21.485512218841	
0.315517241379	-2.075414684580	0.018428226019	8.277461420348	-816.987489296736	7.254275600722	3258.424677152398	7.125662741016	-2109.933002424912	19.678098252981	
0.316379310345	-2.068263154461	0.012150606265	8.278889922094	-814.172287747000	4.783089075921	3258.987007208232	7.165825186197	-2106.755998943211	16.803507172843	
0.317241379310	-2.056991228705	0.003925581358	8.265095521191	-809.735091464518	1.545306044851	3253.556837977967	7.082718835054	-2094.767100772376	13.496382440011	
0.318103448276	-2.048544915880	0.003329864270	8.245445687732	-806.410198391325	1.310801870231	3245.821676315030	7.064313365526	-2079.332390245618	12.982230724664	
0.318965517241	-2.039452206995	0.006494779011	8.226669651543	-802.830851353816	2.556671318330	3238.430485157441	6.894530488131	-2065.854482936626	13.422550559438	
0.319827586207	-2.035208288158	0.004128131756	8.201061073103	-801.160231683772	1.625040057670	3228.349662100787	6.204898754011	-2054.140475009587	11.685504149229	
0.320689655172	-2.035923183729	0.002471891834	8.190786188120	-801.441650497126	0.973060814245	3224.304951158284	5.603459501187	-2052.016905970935	10.032943202947	
0.321551724138	-2.036537978346	0.001855907790	8.202871105693	-801.683664545804	0.730578547331	3229.062181864804	5.561264550567	-2060.701515066177	8.574493904620	
0.322413793103	-2.039699997117	-0.000305571412	8.232198962221	-802.928393994803	-0.120288259571	3240.607099634370	5.845485683380	-2077.872373891993	6.606261346121	
0.323275862069	-2.046181911387	-0.002317171233	8.257176126548	-805.480001104935	-0.912155012548	3250.439366373634	6.008287486202	-2092.932811730101	5.548015378872	
0.324137931034	-2.055089964731	-0.002261735577	8.277722767131	-808.986658444184	-0.890332753189	3258.527556376444	6.296090269233	-2105.518153434131	5.884061115133	
0.325000000000	-2.064714878823	-0.001674451274	8.291279297385	-812.775508189160	-0.659148146503	3263.864087768622	6.565847429838	-2114.208821688661	6.507442740655	
0.325862068966	-2.073316372869	-0.002571295553	8.299257925810	-816.161488387528	-1.012191112136	3267.004876765072	6.952051282508	-2117.994753890718	6.577718346687	
0.326724137931	-2.077439185256	-0.001715962489	8.305517686631	-817.784434474136	-0.675489046071	3269.469033116637	7.415340764176	-2118.782644543611	6.966302484050	
0.327586206897	-2.076914739236	-0.004031218296	8.303253808260	-817.577986172271	-1.586890051036	3268.577856851835	7.478741163139	-2114.835353748364	6.203030418901	
0.328448275862	-2.076765888692	-0.007952798352	8.285659838199	-817.519391120000	-3.130620982429	3261.651986309603	7.253182086098	-2105.287383073086	5.142304346313	
0.329310344828	-2.070645987556	-0.005523729963	8.269902906569	-815.110290567263	-2.174417627380	3255.449266387129	7.050764735953	-2097.700167958200	6.673408571072	
0.330172413793	-2.057854320185	-0.002035125336	8.249663287205	-810.074847632933	-0.801127577640	3247.481935361011	7.275484086723	-2088.258703279111	8.380210965728	
0.331034482759	-2.047302603477	0.001965348442	8.223444145948	-805.921161815462	0.773659886320	3237.160764104767	7.327872215783	-2076.446586528763	10.242507875642	
0.331896551724	-2.037940386949	0.006652040454	8.206449599032	-802.235723029403	2.618577322981	3230.470856627656	7.707799990264	-2070.126888023290	12.398920741951	
0.332758620690	-2.034223229270	0.010161943321	8.191325475257	-800.772463015890	4.000251430173	3224.517241669543	7.896065621910	-2065.499181132054	13.912671292100	
0.333620689655	-2.029979367402	0.007749164474	8.194631726528	-799.101865771529	3.050460457365	3225.818748276505	8.577390805334	-2067.880469449035	12.813188664114	
0.334482758621	-2.024235551129	0.004423906021	8.208986405590	-796.840811115526	1.741471668234	3231.469471138984	9.453781138622	-2074.972548867005	10.465346955501	
0.335344827586	-2.023473742468	-0.001180415922	8.218054114391	-796.540924952954	-0.464671011477	3235.038976887397	9.893870816646	-2079.213014092245	6.711560755688	
0.336206896552	-2.022626951597	-0.008507230813	8.232641219088	-796.207585523452	-3.348873453958	3240.781194156233	10.363658704103	-2086.164512874928	2.142211293316	
0.337068965517	-2.025404914133	-0.013219213593	8.253206606646	-797.301131143204	-5.203746607553	3248.876763910228	10.688991184307	-2096.047319584054	-0.615902014625	
0.337931034483	-2.031963819817	-0.014521016252	8.273133074921	-799.883045941593	-5.716201537019	3256.720822934994	10.524014346212	-2105.194253499803	-0.638710834380	
0.338793103448	-2.040098079948	-0.012436215302	8.277926683510	-803.085099396958	-4.895519142019	3258.607828108092	10.206563329985	-2105.606522047090	1.332958831331	
0.339655172414	-2.043395116802	-0.005102413298	8.262946178673	-804.382978746574	-2.008566220671	3252.710748779034	9.828431737810	-2095.388509761618	5.100658533893	
0.340517241379	-2.037095209910	-0.001787581632	8.239143334959	-801.903018884824	-0.703681938846	3243.340753631589	8.895834489626	-2081.047452032033	7.711104894320	
0.341379310345	-2.036061805523	0.003725984853	8.200238126727	-801.496218999608	1.466734832804	3228.025709062085	7.735890892518	-2061.956688862863	11.206263534387	
0.342241379310	-2.036146205046	0.014255466529	8.184414431245	-801.529442892202	5.611667824691	3221.796707533495	7.132630819562	-2051.318561916464	16.671231113350	
0.343103448276	-2.016732434594	0.015513109596	8.191957296105	-793.887207488512	6.106739320214	3224.765958097927	6.833394231994	-2049.403649285674	17.378384960376	
0.343965517241	-2.017562886789	0.012514354584	8.165657483489	-794.214115194768	4.926278689137	3214.413030542190	6.896788028420	-2036.140869355382	16.219267456045	
0.344827586207	-2.016355727466	0.007943819352	8.180652581508	-793.738916637339	3.127086396932	3220.315854480361	7.467092261921	-2043.314134251011	13.224932374075	
0.345689655172	-2.016834471975	0.001542951843	8.191868310821	-793.927374528074	0.607383363864	3224.730929019419	8.200955396707	-2051.591471884781	8.723785233199	
0.346551724138	-2.017710419259	-0.000986155801	8.210914515923	-794.272191387188	-0.388200467992	3232.228472234689	9.065364033196	-2062.204947864190	5.852313495016	
0.347413793103	-2.024283290045	-0.004467091853	8.211272712937	-796.859603551400	-1.758471781390	3232.369476575359	10.194764963899	-2063.195935373125	4.082460936249	
0.348275862069	-2.025067267926	-0.006898620015	8.212432877259	-797.168216632748	-2.715643426412	3232.826175539593	10.901130964103	-2064.600877140704	3.319799726542	
0.349137931034	-2.030522884884	-0.007137168118	8.221912961334	-799.315821559133	-2.809547944577	3236.558012913461	10.709466773346	-2070.610371642527	2.982250413185	
0.350000000000	-2.033798011298	-0.010611129687	8.241549117981	-800.605075858856	-4.177073750955	3244.287790696131	10.271915927437	-2080.604140796197	0.558800578223	
0.350862068966	-2.038621274989	-0.016747126816	8.254436432229	-802.503754769857	-6.592510495202	3249.360885046625	9.647492720764	-2085.708776440994	-2.614635059107	
0.351724137931	-2.040007939721	-0.024237148780	8.247104519772	-803.049615674826	-9.540959441281	3246.474675946153	9.576595656403	-2076.967665303694	-6.654385773994	
0.352586206897	-2.039204947973	-0.029425238138	8.213769616221	-802.733517780203	-11.583252063678	3233.352383153228	8.874217149522	-2055.263881347284	-9.242117604592	
0.353448275862	-2.039746523432	-0.035697581492	8.189360454160	-802.946709089901	-14.052361532110	3223.743710642269	8.513253217799	-2037.365815822138	-11.492706420032	
0.354310344828	-2.032316613864	-0.034942372571	8.184200124046	-800.021923403212	-13.755073359043	3221.712345452789	8.624107177644	-2029.654440296294	-11.457333607633	
0.355172413793	-2.030414447478	-0.028164260554	8.172425253626	-799.273135148151	-11.086867934821	3217.077164882789	8.721023437665	-2023.831135520768	-10.227052400454	
0.356034482759	-2.029135191239	-0.025009182911	8.157092486201	-798.769555622397	-9.844870862443	3211.041417301359	8.598467596905	-2018.316678110029	-9.929320851017	
0.356896551724	-2.028160158918	-0.025965893668	8.137558317373	-798.385733914927	-10.221480281705	3203.351787048515	8.125225110917	-2011.603326056096	-9.933468077718	
0.357758620690	-2.025328122949	-0.023217414639	8.128949660642	-797.270902275183	-9.139540851768	3199.962987257618	7.866742835445	-2009.198221352146	-6.813401309216	
0.358620689655	-2.021336008039	-0.019523878880	8.121966846134	-795.699405281582	-7.685579612495	3197.214200648392	7.503275638968	-2007.539473852223	-2.522884304429	
0.359482758621	-2.022876892128	-0.016948012861	8.126188702090	-796.305974673308	-6.671589335075	3198.876135260100	7.278609680393	-2014.647509778316	1.051497763021	
0.360344827586	-2.028686586878	-0.017029715225	8.150642840365	-798.592962407570	-6.703751490652	3208.502512668374	7.172728659398	-2032.969104061736	2.247588966143	
0.361206896552	-2.038886415213	-0.019027381128	8.180672805055	-802.608127282694	-7.490133153263	3220.323815484554	7.073753554743	-2054.524880026011	1.258068794469	
0.362068965517	-2.049925661289	-0.020167844695	8.206093478247	-806.953729153428	-7.939076910462	3230.330669595254	7.126767458389	-2072.157267214992	-0.887095764322	
0.362931034483	-2.054603277822	-0.025120579528	8.229537952142	-808.795074025361	-9.888722167489	3239.559592377405	7.227035036834	-2084.838173994576	-5.366334129181	
0.363793103448	-2.057796332593	-0.030798276244	8.251567655913	-810.052020803259	-12.123748844244	3248.231590560471	6.684865876785	-2094.411286277976	-9.860845242484	
0.364655172414	-2.058822312713	-0.030684769478	8.268918262994	-810.455898124119	-12.079066878607	3255.061661207352	6.064066278954	-2099.971828463484	-10.189802642016	
0.365517241379	-2.056976769468	-0.024765674915	8.272753525188	-809.729399582407	-9.749013881255	3256.571413091617	5.566905744007	-2100.859164805637	-7.498366763592	
0.366379310345	-2.057086034182	-0.017188084938	8.248435477462	-809.772411663300	-6.766093765879	3246.998607760580	5.239619197946	-2089.502218812049	-3.656369543495	
0.367241379310	-2.050143140557	-0.015669269846	8.214508013720	-807.039339919564	-6.168211839977	3233.643053505824	4.901177446951	-2071.932109854957	-2.541011894379	
0.368103448276	-2.034659543795	-0.016406725739	8.181894341884	-800.944218333223	-6.458511529488	3220.804673750984	4.883877555771	-2054.459745287051	-2.076935615300	
0.368965517241	-2.027378567908	-0.017456117927	8.142550170878	-798.078060426045	-6.871605016614	3205.316831379950	5.215103981360	-2034.818105960335	-1.531020582535	
0.369827586207	-2.022685997675	-0.018023890241	8.126184225596	-796.230829026254	-7.095108724384	3198.874373087317	5.160442588325	-2026.426621924788	-0.789584677459	
0.370689655172	-2.017730234828	-0.011782811289	8.126021258637	-794.279991790384	-4.638306495420	3198.810221104575	4.814108131794	-2027.289522793215	3.208628612727	
0.371551724138	-2.015511169681	-0.001715757321	8.139299311726	-793.406456262065	-0.675408281820	3204.037129893603	3.967984565334	-2036.699329353964	8.949294785027	
0.372413793103	-2.016896734226	0.005777610127	8.168271679794	-793.951884078353	2.274357614957	3215.442109545808	2.911483386194	-2055.671626260701	13.073605439510	
0.373275862069	-2.027183480819	0.007682020424	8.193505677050	-798.001264346591	3.024029186035	3225.375478629167	2.416342366163	-2074.957795367711	13.629534923556	
0.374137931034	-2.032747047569	0.003407623361	8.212688118519	-800.191363734502	1.341411754935	3232.926651322602	3.065611079993	-2088.351874903926	10.652837254970	
0.375000000000	-2.030260637390	-0.002414856312	8.211966291295	-799.212587769990	-0.950608767617	3232.642503862802	4.484581440533	-2086.916690726866	6.382720899664	
0.375862068966	-2.028355149021	-0.008851864980	8.202526126142	-798.462491815686	-3.484538776315	3228.926380581712	5.521195657962	-2079.867866449083	1.765892578844	
0.376724137931	-2.030081327613	-0.016111051179	8.191798480915	-799.142002433072	-6.342119168125	3224.703440460474	5.922734911125	-2073.287046862371	-3.442940191949	
0.377586206897	-2.030497157339	-0.019225190083	8.197438343909	-799.305693904927	-7.568000695973	3226.923573883273	5.530765847731	-2075.909670084669	-5.984671532117	
0.378448275862	-2.029003718870	-0.012070198288	8.207835637904	-798.717801492461	-4.751436456570	3231.016471162609	4.234913169395	-2081.801242675008	-3.541192571363	
0.379310344828	-2.028242041976	-0.003375200808	8.200766902177	-798.417967200329	-1.328648609296	3228.233861645102	3.229145735724	-2079.451533234397	-0.329683643513	
0.380172413793	-2.024498725553	0.000803658461	8.187627819655	-796.944409790716	0.316360346270	3223.061658653217	2.754810035881	-2069.890031757144	1.968311050481	
0.381034482759	-2.015309792238	0.001930032711	8.174800388335	-793.327183983212	0.759757840572	3218.012137231478	2.152231423097	-2058.133988562114	4.333619224398	
0.381896551724	-2.003081898730	0.007704319720	8.154298527990	-788.513670765721	3.032807309113	3209.941574980497	1.801819636913	-2044.561922847266	9.303191416437	
0.382758620690	-1.994769666202	0.014928644688	8.128866467670	-785.241558433396	5.876664568620	3199.930238324228	1.793962187392	-2031.913946313051	14.231352148999	
0.383620689655	-1.989411870780	0.019995946871	8.114348622823	-783.132460978110	7.871409290828	3194.215285211409	1.958006337790	-2026.282831140288	17.434869510614	
0.384482758621	-1.985128512931	0.024048973742	8.109261686503	-781.446316131694	9.466884292494	3192.212811506946	2.253595604916	-2028.210330960973	20.094763343795	
0.385344827586	-1.985356163289	0.025515554159	8.108456830378	-781.535930749804	10.044204025762	3191.895979699732	2.467441824391	-2033.760308939123	20.698757785158	
0.386206896552	-1.987141907702	0.020956750473	8.120989163370	-782.238889467150	8.249629859315	3196.829335593482	3.232376594112	-2044.831869643815	16.875439115083	
0.387068965517	-1.990181608838	0.015670840013	8.132883828420	-783.435468549739	6.168829936704	3201.511673348933	4.249069481331	-2054.035418702585	12.477673086668	
0.387931034483	-1.989357565801	0.013091066261	8.142464937211	-783.111083810387	5.153301379493	3205.283279126746	4.787784039981	-2058.687228648140	10.461071427992	
0.388793103448	-1.990000057350	0.009829024902	8.148239510468	-783.364000762742	3.869198014406	3207.556441276950	4.787375162809	-2059.753585668695	9.687115494984	
0.389655172414	-1.989754013543	0.009345881114	8.153625258738	-783.267145559261	3.679008346480	3209.676542377425	4.460355552152	-2059.534733803791	10.849802857382	
0.390517241379	-1.987622991532	0.014026751353	8.142964350383	-782.428268232609	5.521634040732	3205.479873241976	3.700279720965	-2051.128214584852	15.319046696993	
0.391379310345	-1.986921125010	0.016562332806	8.113231844571	-782.151978307316	6.519766288988	3193.775665184374	2.993551794805	-2033.178657933209	19.018447381130	
0.392241379310	-1.985565501104	0.007288473083	8.084346906474	-781.618336630962	2.869109180605	3182.405102361656	2.959432863680	-2015.221689445471	16.418001751134	
0.393103448276	-1.976635374481	-0.003540101091	8.079897745475	-778.102990140102	-1.393561644976	3180.653689065179	3.075369170099	-2008.803019646480	12.332370166800	
0.393965517241	-1.968462994169	-0.009818803788	8.065779758999	-774.885930666431	-3.865174470486	3175.096140296458	3.330407416165	-2002.093347477659	9.487983705492	
0.394827586207	-1.965845320896	-0.009877008652	8.054372960553	-773.855482953569	-3.888086829098	3170.605851347262	3.148774646914	-2000.317602067474	8.749288869151	
0.395689655172	-1.968012005980	-0.006623467412	8.057688243729	-774.708399057344	-2.607329538418	3171.910913366177	2.573773974355	-2007.682294411048	9.037390220289	
0.396551724138	-1.974636687992	-0.005802703459	8.064707413143	-777.316206723361	-2.284235610947	3174.674011092339	2.201733393655	-2017.181580656010	8.062454413243	
0.397413793103	-1.977453756575	-0.004794406362	8.072792868516	-778.425146447886	-1.887319216475	3177.856852542815	2.120577209502	-2024.840954355312	7.495476045208	
0.398275862069	-1.978607488072	-0.001022140577	8.082476904419	-778.879313128821	-0.402365883915	3181.668975603410	2.049674084787	-2031.845034817248	8.296537251214	
0.399137931034	-1.979612057961	-0.001214971205	8.093560129777	-779.274762307006	-0.478273706738	3186.031889928818	1.824753180882	-2039.520564155799	8.200056784533	
0.400000000000	-1.984523793462	0.001020309089	8.113352923399	-781.208268167602	0.401644917992	3193.823327894066	1.899794538796	-2051.666373404625	10.178265978903	
0.400862068966	-1.990163932263	0.003949126403	8.130396874664	-783.428510161919	1.554574557390	3200.532683405084	1.934895610250	-2062.567875319535	12.980335340826	
0.401724137931	-1.996581302161	0.007764661196	8.145100869096	-785.954709364036	3.056560745778	3206.320914346378	1.928404107213	-2071.071330911519	15.899932589967	
0.402586206897	-2.004778447110	0.013551950499	8.147655833189	-789.181517443136	5.334728570435	3207.326676575784	1.891774327473	-2073.663681953708	19.001808870017	
0.403448275862	-2.008084933280	0.017811441452	8.150021990101	-790.483116518375	7.011478207713	3208.258114812719	1.878368746908	-2074.132922936233	21.161657667926	
0.404310344828	-2.000211530962	0.023856143930	8.154253437249	-787.383749803852	9.390976790529	3209.923824999139	2.449372531085	-2072.356534927914	22.795223242878	
0.405172413793	-1.992286838055	0.020050581261	8.142390364999	-784.264192536728	7.892916131559	3205.253923757506	3.160573262244	-2063.324367434265	19.974405431074	
0.406034482759	-1.989100644606	0.007003780483	8.134351863650	-783.009946719990	2.757039869972	3202.089565769826	3.997482957580	-2057.241989217078	13.750629223459	
0.406896551724	-1.979849658498	0.000956148436	8.134885449257	-779.368293815864	0.376388061540	3202.299611872023	4.697872619549	-2054.970152905396	10.070021674311	
0.407758620690	-1.980862090537	-0.002647788372	8.116758304982	-779.766837931313	-1.042302528842	3195.163857172492	4.940655385119	-2046.782248179183	7.189143292311	
0.408620689655	-1.978031336306	-0.000052078087	8.124236663871	-778.652510847885	-0.020500551564	3198.107714946032	4.665717071689	-2051.283252846039	6.300411805534	
0.409482758621	-1.976918679937	0.002753058616	8.126370310861	-778.214513400953	1.083742185884	3198.947625596299	4.497774404965	-2055.564047974968	5.583865272393	
0.410344827586	-1.985271335354	0.003713463155	8.125877469884	-781.502538212695	1.461805663485	3198.753618627500	4.306786340899	-2060.764140234858	4.838243818301	
0.411206896552	-1.985412580787	0.006552994805	8.141644556596	-781.558139511481	2.579587979501	3204.960336100364	4.204200358389	-2071.560505226219	5.537961980842	
0.412068965517	-1.985535163986	0.012941600837	8.143255034891	-781.606394417369	5.094464279321	3205.594301268273	3.707222716341	-2073.030389520428	8.974389425945	
0.412931034483	-1.995105758567	0.023278184700	8.142117845950	-785.373861273631	9.163463000714	3205.146646568159	3.200696644919	-2072.489705316055	15.045547162157	
0.413793103448	-2.001898230027	0.035374150634	8.165232630116	-788.047719296078	13.925042897212	3214.245786909490	2.167971603459	-2082.702440857418	22.336507615548	
0.414655172414	-2.004372502828	0.042224903324	8.190064102126	-789.021717379098	16.621843339981	3224.020701833255	1.117445637252	-2094.430915967557	27.095139744047	
0.415517241379	-2.010599771682	0.047215825424	8.209067837884	-791.473083259547	18.586521023900	3231.501526980754	0.496491269939	-2102.650798570359	29.939529912592	
0.416379310345	-2.013077621436	0.052106072589	8.208303113657	-792.448489410802	20.511567995542	3231.200493105086	0.583506768516	-2099.903397479351	32.508939368048	
0.417241379310	-2.010186783540	0.049985760811	8.190548215664	-791.310510378521	19.676906754481	3224.211273243834	1.150844976746	-2087.099773451900	32.017114717088	
0.418103448276	-2.005300282127	0.044319475200	8.158376365567	-789.386937922862	17.446372062260	3211.546816722406	2.476507645319	-2067.788574651844	29.146182063456	
0.418965517241	-1.996267557134	0.039524667365	8.124955179585	-785.831203559083	15.558894805976	3198.390558829621	4.013718239112	-2047.641593383123	26.079158151127	
0.419827586207	-1.986940918831	0.034342554080	8.093281153515	-782.159770149824	13.518954666052	3185.922070856052	4.995552229778	-2030.375728279005	22.482165946101	
0.420689655172	-1.981219080675	0.029443299817	8.069286408030	-779.907367184850	11.590362047932	3176.476533530199	5.854816513883	-2018.369047673600	18.111133072551	
0.421551724138	-1.975823533994	0.018209582478	8.061458209432	-777.783408937111	7.168206518183	3173.394961270839	6.565118595049	-2015.948470438486	10.557096809967	
0.422413793103	-1.973028613714	0.004739574133	8.055783327469	-776.683187897504	1.865734496299	3171.161042622447	7.206588123444	-2014.565116602439	1.921901263049	
0.423275862069	-1.973759816855	-0.005290781987	8.064882423728	-776.971026189679	-2.082717600359	3174.742904051249	7.316937426636	-2019.692097192032	-4.638179113662	
0.424137931034	-1.973786900679	-0.011066523835	8.085038207389	-776.981687743554	-4.356339766918	3182.677233132931	6.752236368405	-2029.210795613415	-8.463265960616	
0.425000000000	-1.974095408394	-0.013061707042	8.099828554814	-777.103131879539	-5.141744115933	3188.499456950550	6.043899409727	-2036.413340762074	-9.670246824860	
0.425862068966	-1.980644116011	-0.012785958170	8.104952511931	-779.681032206591	-5.033195505933	3190.516503900929	5.327112007700	-2040.105602792441	-9.866069671975	
0.426724137931	-1.990378371424	-0.011146315104	8.117152652356	-783.512924188849	-4.387749619109	3195.319092110849	4.862613341645	-2048.013765326086	-9.793174521581	
0.427586206897	-1.997250135012	-0.012105705524	8.143029494781	-786.217995576827	-4.765413888420	3205.505517349604	4.684345280336	-2062.155391988933	-10.148949471512	
0.428448275862	-2.001656208214	-0.012661325117	8.165487710748	-787.952447351218	-4.984133674846	3214.346199461716	4.711817147308	-2073.356891072861	-9.373311708751	
0.429310344828	-2.004364031857	-0.011148741071	8.175006406368	-789.018382779014	-4.388704601680	3218.093236279733	4.650308657383	-2077.843325329814	-6.718654672915	
0.430172413793	-2.004026992523	-0.005808531030	8.169822112210	-788.885707164248	-2.286529635814	3216.052437638834	4.577600483189	-2075.944582798363	-2.779289878402	
0.431034482759	-2.004762265113	-0.000706712291	8.154737471724	-789.175147395970	-0.278197463037	3210.114365286536	4.654083100935	-2068.553092289332	-0.524552560266	
0.431896551724	-1.998155133192	0.000035229405	8.148232094882	-786.574248327504	0.013868063828	3207.553522129577	4.530678815936	-2063.389634367692	-0.734920280968	
0.432758620690	-1.992771366252	-0.004365710058	8.135970444960	-784.454927178249	-1.718562813508	3202.726720691268	4.123580622604	-2056.451198788278	-2.733511984352	
0.433620689655	-1.991107016691	-0.008658945035	8.120379721420	-783.799755573304	-3.408595793543	3196.589428623538	3.878677063474	-2050.686621223374	-4.350060510315	
0.434482758621	-1.987586916636	-0.013076231971	8.116587757909	-782.414067341105	-5.147461857570	3195.096721276264	4.037256732321	-2052.864568737718	-6.174427873227	
0.435344827586	-1.983750586942	-0.020485870478	8.113593918070	-780.903895234881	-8.064267836144	3193.918195504100	4.520257067522	-2055.371330650542	-9.569711922856	
0.436206896552	-1.976899905818	-0.021047492366	8.106044020894	-778.207122964463	-8.285350427491	3190.946176666624	4.743381503656	-2053.434047118038	-9.813970836373	
0.437068965517	-1.973318348984	-0.020226263848	8.104607487356	-776.797242256070	-7.962073624142	3190.380684894438	4.383332853573	-2052.784544999625	-8.512988006233	
0.437931034483	-1.974668131157	-0.014498393758	8.114734173870	-777.328584332626	-5.707296186545	3194.367057473937	3.824384393416	-2058.024916269693	-4.445537282675	
0.438793103448	-1.981062438326	-0.005926513597	8.127457714524	-779.845704886471	-2.332973501600	3199.375682309678	3.238138891594	-2063.834234123024	1.163526196345	
0.439655172414	-1.990330036053	0.000094394494	8.133185267697	-783.493896958768	0.037158415412	3201.630334992610	3.122623725672	-2066.599266952033	4.821113453928	
0.440517241379	-1.997441341842	-0.000002153848	8.140465139616	-786.293264191337	-0.000847862806	3204.496058322815	3.684021933596	-2067.969241172040	4.668117883804	
0.441379310345	-2.001280409406	-0.001683691537	8.145384070665	-787.804514060427	-0.662785578162	3206.432396712279	4.319663455582	-2067.448661257842	3.095800420643	
0.442241379310	-2.002692161631	-0.004793455092	8.147679373694	-788.360250662768	-1.886944748786	3207.335943301060	4.874607864038	-2063.717405221120	0.495481441389	
0.443103448276	-1.994785506517	-0.010319198618	8.149310108289	-785.247793977220	-4.062155015815	3207.977882366419	4.748811575667	-2057.899482205783	-2.985807042110	
0.443965517241	-1.992445845667	-0.010246859514	8.129232143434	-784.326785921628	-4.033678709854	3200.074186676399	4.190924450332	-2045.859072365094	-2.402266147524	
0.444827586207	-1.997806336638	-0.007185742156	8.103541684843	-786.436944480363	-2.828669126528	3189.961131479059	3.740290654168	-2033.942812587969	0.362575000151	
0.445689655172	-1.998487325776	-0.004452394485	8.087102486852	-786.705016018296	-1.752686159086	3183.489837239551	3.383325083617	-2027.140877984456	3.168323277903	
0.446551724138	-1.995990715166	0.002849198409	8.069946163976	-785.722224651531	1.121587638353	3176.736246616878	2.904818127242	-2020.571911940152	7.543622762353	
0.447413793103	-1.989227753967	0.007200383169	8.072871084499	-783.059983350736	2.834432564880	3177.887642283376	2.449986738748	-2021.191961485757	9.860161068258	
0.448275862069	-1.981352643725	0.007274650004	8.094744164835	-779.959944311395	2.863667722167	3186.497985613752	2.201769787513	-2031.606386052144	10.252504672792	
0.449137931034	-1.979958783878	0.010330936857	8.102878960666	-779.411251047555	4.066775776423	3189.700249947233	1.902365530403	-2037.050052350435	12.333804753158	
0.450000000000	-1.986948547744	0.018839098539	8.100540377783	-782.162773273188	7.416015666917	3188.779666233636	1.533090557318	-2038.424688990747	16.811530208118	
0.450862068966	-1.988258286151	0.027229556829	8.119085083105	-782.678352111702	10.718921588831	3196.079793939692	1.196777784322	-2046.743148624942	21.286674978791	
0.451724137931	-1.983975573042	0.028709321364	8.142620766157	-780.992461067249	11.301431253713	3205.344621228829	1.704973011202	-2054.607785266772	22.526721861242	
0.452586206897	-1.990673574040	0.028151899599	8.136765153803	-783.629130769829	11.082002042037	3203.039558018518	2.989265976750	-2050.373935260149	22.497532448759	
0.453448275862	-2.001722958292	0.024346701782	8.132548788652	-787.978723535575	9.584085006681	3201.379784863462	4.297787288920	-2048.580111460557	20.849077356761	
0.454310344828	-2.003680759996	0.021845486260	8.142995476541	-788.749412646833	8.599480915433	3205.492126061363	4.764158905744	-2052.221906311022	20.116629404279	
0.455172413793	-2.005742865198	0.020349093048	8.151570050700	-789.561160855318	8.010425368308	3208.867509239289	4.781412167654	-2054.573161086933	19.282260163368	
0.456034482759	-2.008771199520	0.021453642574	8.165439506928	-790.753265388800	8.445231554354	3214.327224016363	4.508773649084	-2058.478334041350	19.145163968200	
0.456896551724	-2.010269232543	0.023279208757	8.162809976486	-791.342966448252	9.163866121181	3213.292108725866	3.886114151950	-2055.742224207397	18.954143765123	
0.457758620690	-2.016525244348	0.026612020485	8.147031444138	-793.805646998576	10.475828258626	3207.080885675631	2.927665707852	-2046.204358483626	20.474367477595	
0.458620689655	-2.015631601190	0.029752429867	8.138509164923	-793.453864154509	11.712051166314	3203.726088414751	2.419159070897	-2038.496715658087	22.191739503705	
0.459482758621	-2.008221943546	0.028198941747	8.124237430605	-790.537050642517	11.100520194953	3198.108016771292	2.585561336172	-2027.609432483676	21.352052161200	
0.460344827586	-2.005981554429	0.025414196873	8.105957382671	-789.655120928379	10.004304705966	3190.912071509293	3.105799749613	-2017.235599784183	19.758304920529	
0.461206896552	-2.002661396422	0.021377149166	8.092591199913	-788.348139930822	8.415119905823	3185.650470454823	3.671983503985	-2011.225953513377	17.326059020150	
0.462068965517	-1.998584208109	0.016490785481	8.093874194413	-786.743153771936	6.491601667397	3186.155521548071	4.323809615040	-2013.119946268900	14.117792275337	
0.462931034483	-1.994255740531	0.013431365103	8.108479114986	-785.039251469703	5.287260100175	3191.904752040946	4.485687608359	-2022.728916791832	12.004203354392	
0.463793103448	-1.997165316599	0.011872956431	8.124557246436	-786.184606788076	4.673792151998	3198.233912349846	4.272465596788	-2035.809785616315	10.618201370138	
0.464655172414	-2.004663421939	0.013195325823	8.142920544217	-789.136237757043	5.194343180826	3205.462628934042	3.728783927851	-2049.980123312034	11.413049178038	
0.465517241379	-2.011942634415	0.016235149324	8.155743648964	-792.001701497359	6.390970432726	3210.510447199163	2.976627370115	-2059.134023385839	13.504045332943	
0.466379310345	-2.017363365107	0.014697565529	8.167988429264	-794.135573436681	5.785700202152	3215.330607906295	2.649142992077	-2066.650227243848	12.769497597932	
0.467241379310	-2.020952030270	0.011754180695	8.177257106736	-795.548252340578	4.627036054938	3218.979225020489	2.739963443778	-2071.664883408806	11.554865974063	
0.468103448276	-2.016747599194	0.006982482609	8.182806458719	-793.893177037214	2.748655956704	3221.163728762245	3.257102173861	-2073.215320802412	9.291199720851	
0.468965517241	-2.009881821824	0.003069122492	8.174025496403	-791.190462125651	1.208160806554	3217.707100836343	4.024847311328	-2067.587324584114	6.948989036026	
0.469827586207	-2.007555940136	-0.003138792055	8.145614116669	-790.274878240082	-1.235586246866	3206.522954376953	4.160615036367	-2052.725260222849	3.053577387091	
0.470689655172	-2.002387490772	-0.006227277226	8.126919660259	-788.240316905909	-2.451369176258	3199.163877118941	3.738939096466	-2041.308148023688	0.965087226621	
0.471551724138	-1.995137189613	-0.001476721261	8.117533302007	-785.386234112468	-0.581311679133	3195.468934937556	2.875728489529	-2034.378858246596	2.758924881541	
0.472413793103	-1.997066341501	0.005108542926	8.110007126946	-786.145645216974	2.010979150529	3192.506254316505	1.693844549918	-2030.558533721728	6.508053525610	
0.473275862069	-1.999455162694	0.012482832681	8.115874622970	-787.086005253455	4.913870084616	3194.815995536234	0.843565857822	-2034.942472561599	10.495192498643	
0.474137931034	-2.000212766919	0.015549188286	8.119894557076	-787.384236338570	6.120941705093	3196.398443562856	0.556832705606	-2039.886870245004	12.965872597143	
0.475000000000	-2.000546629620	0.013109029973	8.112137941273	-787.515661471393	5.160372798762	3193.345049888334	0.581898561944	-2037.116722596171	12.774426773955	
0.475862068966	-1.993892810043	0.006971754335	8.103165046027	-784.896383796039	2.744432769178	3189.812867518293	1.632344001511	-2031.564733752939	10.081463052763	
0.476724137931	-1.989112321535	0.001155399216	8.106178291165	-783.014543346103	0.454823179095	3190.999032191053	2.397155210882	-2032.152307272265	7.585124455063	
0.477586206897	-1.989446992684	-0.002850228148	8.126134364380	-783.146286724297	-1.121992995409	3198.854745207402	2.629176160531	-2043.802038943387	6.695095568798	
0.478448275862	-1.996066988696	-0.007120670079	8.140493400401	-785.752249745107	-2.803053487565	3204.507183187447	2.903882806708	-2054.348820562007	5.517922572304	
0.479310344828	-2.005170540410	-0.010854188742	8.156857022503	-789.335865064728	-4.272754006511	3210.948726960345	3.443601184075	-2066.275512564233	3.646359904445	
0.480172413793	-2.003922873020	-0.015813554319	8.167431820877	-788.844720496874	-6.225009457416	3215.111498881002	3.604431936751	-2071.715990191615	0.824631355177	
0.481034482759	-2.000904102888	-0.019040620183	8.155538409022	-787.656380909105	-7.495344710414	3210.429654446432	3.578040901672	-2066.424812820626	-1.154441621509	
0.481896551724	-1.998669053102	-0.020531541358	8.138646182716	-786.776553023717	-8.082246189220	3203.780025501989	3.439140772238	-2057.473667312808	-2.414926368604	
0.482758620690	-1.994492469116	-0.020392095164	8.123933417335	-785.132439734200	-8.027353161352	3197.988341874567	2.955654581586	-2048.811669805156	-3.423034758958	
0.483620689655	-1.988129442736	-0.019824609648	8.116586387296	-782.627632870562	-7.803962351597	3195.096181734014	2.266604148585	-2043.028474409941	-4.200735407826	
0.484482758621	-1.986308080616	-0.016861558459	8.108943621475	-781.910653234311	-6.637556539036	3192.087605132294	1.626219180861	-2038.184564289691	-4.059576911218	
0.485344827586	-1.983066814987	-0.013339278587	8.110235060505	-780.634728240603	-5.251010221110	3192.595980416630	1.299400498955	-2037.926204576482	-2.996825922890	
0.486206896552	-1.977675717435	-0.006848892439	8.108909110890	-778.512521393951	-2.696068154294	3192.074020032062	0.970193708195	-2036.228606658513	0.522664965207	
0.487068965517	-1.976294797467	-0.000386318956	8.103523780715	-777.968921916508	-0.152074549981	3189.954083514673	1.137027588538	-2033.189226377930	4.362136596565	
0.487931034483	-1.979939004815	0.006519467084	8.105003951725	-779.403465014919	2.566389784198	3190.536753188300	1.676854912330	-2034.825030464784	8.069298932880	
0.488793103448	-1.982764829168	0.012683819839	8.117460570487	-780.515851450402	4.992988727677	3195.440304157450	2.353466884716	-2042.881580075187	11.704336501084	
0.489655172414	-1.984803979528	0.014987697539	8.129365935874	-781.318563479528	5.899910737699	3200.126854102837	3.356244611507	-2051.278252820613	13.966048025797	
0.490517241379	-1.986366652495	0.015719749578	8.141480598711	-781.933710068708	6.188083198681	3204.895794039589	4.505006560220	-2058.337742044305	15.007964931263	
0.491379310345	-1.990676148439	0.016759275721	8.147667695673	-783.630144182555	6.597292914873	3207.331346245350	5.558754810343	-2061.788564453987	16.016216252138	
0.492241379310	-1.994220584934	0.021500023266	8.155928543895	-785.025412460464	8.463489325163	3210.583231132968	6.217167614424	-2064.320151834713	18.526525970208	
0.493103448276	-1.990958708623	0.024101976008	8.160459247490	-783.741374066865	9.487748647140	3212.366743691816	6.746657326305	-2064.710764689319	20.252371199817	
0.493965517241	-1.993628531573	0.021886271345	8.144982522220	-784.792350512511	8.615535974090	3206.274327070471	6.667675519829	-2057.528992025577	19.931875862314	
0.494827586207	-1.991619971371	0.024346898242	8.123523472612	-784.001680306422	9.584162343245	3197.826967035550	6.297421862492	-2045.360064313171	21.174435526107	
0.495689655172	-1.986551014298	0.026204803785	8.101515083808	-782.006284136842	10.315527306922	3189.163359494386	5.400264558035	-2033.999751285145	21.826579374674	
0.496551724138	-1.986342203866	0.025376054286	8.089965816194	-781.924085859932	9.989289867495	3184.616987523178	4.933323158152	-2029.712219997693	20.925890238955	
0.497413793103	-1.989451998877	0.022793867166	8.087459427511	-783.148257413323	8.972811287310	3183.630347015494	4.628079959728	-2031.142155039550	18.984701299794	
0.498275862069	-1.989445738825	0.017188569600	8.090930843248	-783.145793142107	6.766284553245	3184.996870654760	4.917021680803	-2034.316744034419	15.384997297933	
0.499137931034	-1.989923157430	0.012388510221	8.098950617972	-783.333729090748	4.876740025324	3188.153856901934	5.207447364405	-2038.177952712983	12.528315737502	
0.500000000000	-1.994036627270	0.013879261855	8.110385997906	-784.952997481663	5.463574764455	3192.655396960633	5.071174342167	-2044.565219199833	13.172032694566	
0.500862068966	-2.000859414477	0.015457711269	8.125678740538	-787.638789305254	6.084931755262	3198.675388772650	4.742249443989	-2054.325864630926	14.616329676075	
