dbx_v3_0_0_0										
Time	Cx	Cy	Cz	Fx	Fy	Fz	Mx	My	Mz	
0.000000000000	0.000000000000	0.000000000000	0.000000000000	0.000000000000	0.000000000000	0.000000000000	0.000000000000	0.000000000000	0.000000000000	
0.000862068966	3.331471300018	-5.540169853129	-10.072621235502	1311.433212699331	-2180.887090142216	-3965.085944791629	82.212680473605	2739.050510714064	-1609.361234491023	
0.001724137931	0.437968144827	-0.737867445715	-1.267143932768	172.406099139117	-290.461417114907	-498.811032439053	53.427996942654	387.768557286929	-189.714346901003	
0.002586206897	0.075915620359	-0.096701008257	-1.414726652155	29.884173368260	-38.066338416199	-556.906949346136	-43.423503167672	501.126036000734	-61.030739515835	
0.003448275862	-0.012421756027	-0.354604895847	-1.381389375858	-4.889822527856	-139.590167802822	-543.783735180535	-18.863986033986	437.001856846992	-137.696493991630	
0.004310344828	0.006475717341	-0.575646779022	-1.495734738564	2.549165228266	-226.603274291647	-588.795771264715	-31.687147921932	495.628383279152	-188.475463062446	
0.005172413793	0.018250631197	-0.572237487778	-1.706388161609	7.184358425600	-225.261207268788	-671.719461872196	3.673791977197	555.640295987099	-192.148254807690	
0.006034482759	0.009082343372	-0.539458716738	-1.899629352443	3.575263201956	-212.357848619685	-747.788829697826	0.910607123686	607.848112382531	-185.211070105458	
0.006896551724	0.031651689598	-0.568516628042	-1.845601745285	12.459683196428	-223.796491352502	-726.520869673870	3.089555955789	605.326025877565	-193.194261693292	
0.007758620690	0.038462327373	-0.559370823814	-1.840429246299	15.140689806869	-220.196246793606	-724.484716169449	7.827343291300	607.989086082086	-189.092354358352	
0.008620689655	0.036765974919	-0.561024523028	-1.862774371238	14.472920899918	-220.847225258599	-733.280871485514	2.067806985878	619.326027700162	-189.037789080711	
0.009482758621	0.034578638960	-0.558791679923	-1.872490717761	13.611876404738	-219.968266881588	-737.105709939598	4.787710221137	628.451589405611	-186.557272076603	
0.010344827586	0.043594253354	-0.554077135649	-1.875413836379	17.160871753941	-218.112387185491	-738.256395176019	7.012947196448	634.450864647166	-183.372786579814	
0.011206896552	0.054803129435	-0.544494044623	-1.842778564224	21.573244260261	-214.340004739526	-725.409524842979	-0.108916267487	630.376569030025	-180.385379088076	
0.012068965517	0.059552220375	-0.539692163649	-1.798776335610	23.442723246599	-212.449744963807	-708.088053684874	-1.857110956543	623.194470915871	-178.403425186152	
0.012931034483	0.067507246430	-0.551952698055	-1.758383604985	26.574218143680	-217.276102623145	-692.187460906886	-3.002178158291	618.187300334747	-180.390380879518	
0.013793103448	0.074886873650	-0.538825131014	-1.737555594057	29.479207369723	-212.108437687816	-683.988517309348	-5.038671070539	616.857443315702	-176.489571229378	
0.014655172414	0.079478285358	-0.522240670683	-1.712425918892	31.286615948602	-205.579967191110	-674.096224184698	-9.349201627671	614.655209649891	-172.035211261030	
0.015517241379	0.084396405071	-0.528001091981	-1.676952262798	33.222633087477	-207.847556232007	-660.132024409883	-14.452700538177	609.391905131136	-172.396880068763	
0.016379310345	0.089146830401	-0.533253518486	-1.637290407479	35.092637356407	-209.915173193338	-644.519140594085	-20.019040443977	602.013898960400	-173.202747732360	
0.017241379310	0.093801437389	-0.527230105919	-1.587946439970	36.924922748019	-207.544057676139	-625.094894665051	-26.076969669136	591.690785373218	-171.691890370245	
0.018103448276	0.098199992324	-0.514317893568	-1.538268335439	38.656413285079	-202.461167084538	-605.539115743797	-32.099257541013	581.946635126252	-168.442882891469	
0.018965517241	0.102268824132	-0.504743689659	-1.494632970082	40.258108358645	-198.692283050930	-588.362060255462	-37.620096492945	573.212630237588	-166.526627748057	
0.019827586207	0.103858960407	-0.502792948155	-1.453200530211	40.884065281776	-197.924373929910	-572.052186078019	-42.454071692652	563.576519870590	-166.736851165678	
0.020689655172	0.104220659891	-0.503239148186	-1.415134979816	41.026448233319	-198.100020510046	-557.067687472863	-46.223896147494	553.955122159433	-167.210238009929	
0.021551724138	0.108595085303	-0.504829979831	-1.380769361986	42.748440186769	-198.726251165156	-543.539666806108	-49.428141030041	545.207356580759	-167.663617292991	
0.022413793103	0.114170862248	-0.502574344969	-1.346799770856	44.943344003695	-197.838320816397	-530.167541994849	-51.939323958441	535.845334001067	-167.346267287326	
0.023275862069	0.119349731301	-0.498351184621	-1.309564659182	46.982005084032	-196.175874334279	-515.509945476554	-54.968715174584	524.868587051696	-166.465577658885	
0.024137931034	0.124701376482	-0.496993601895	-1.274806332742	49.088679463435	-195.641462083379	-501.827335120109	-57.713031930810	513.817873670473	-167.063357968851	
0.025000000000	0.128793006840	-0.496347759803	-1.244162382731	50.699349183355	-195.387226434044	-489.764348471469	-59.842592773651	503.596582628670	-168.058216687548	
0.025862068966	0.129812762261	-0.497232592738	-1.214151743158	51.100775762333	-195.735540795309	-477.950664388411	-61.610882100871	492.800636107285	-169.291893996454	
0.026724137931	0.132313270336	-0.503819824061	-1.185636135665	52.085100417400	-198.328603487092	-466.725499475134	-63.153001167945	482.490919390227	-172.862502157475	
0.027586206897	0.138566428193	-0.509830048948	-1.166029130269	54.546655135879	-200.694527675732	-459.007204535126	-63.808968286530	475.210608869406	-176.474190196355	
0.028448275862	0.138495386229	-0.509183642227	-1.151591053161	54.518689476696	-200.440069760326	-453.323657494837	-64.180365442966	469.061018100849	-177.818946058896	
0.029310344828	0.137619452249	-0.514121339878	-1.135930543267	54.173878187556	-202.383793751893	-447.158899958765	-64.943575800249	462.327042624572	-181.264913211811	
0.030172413793	0.140094154812	-0.518997449176	-1.118798670816	55.148044506444	-204.303273497335	-440.414940757283	-66.077973916227	455.334228040651	-184.159930965174	
0.031034482759	0.142789330160	-0.520776028015	-1.101379996186	56.208999906408	-205.003410809214	-433.558081918022	-67.338789471353	448.569128932177	-185.753147598033	
0.031896551724	0.143344009813	-0.517812304011	-1.093704193426	56.427349474515	-203.836741268107	-430.536503232036	-67.668662165347	445.657912473464	-185.229058136679	
0.032758620690	0.142303033717	-0.516884978116	-1.090966662540	56.017569379529	-203.471699559002	-429.458874580241	-67.433319575767	443.867107317575	-185.316013239951	
0.033620689655	0.141621601645	-0.519875420288	-1.092075650203	55.749323739260	-204.648886702991	-429.895427419410	-66.835281786070	442.875307331855	-186.689331549406	
0.034482758621	0.142752775632	-0.522681035642	-1.096150257749	56.194610221491	-205.753316795875	-431.499396111467	-66.049491690140	442.845021983701	-187.434463742204	
0.035344827586	0.142575097284	-0.527203137016	-1.100015476716	56.124667164449	-207.533441371153	-433.020939019166	-65.432433754404	443.293056921819	-189.722753039442	
0.036206896552	0.145179718847	-0.531109475271	-1.105199070717	57.149976079767	-209.071170880378	-435.061460074491	-64.916926593967	443.877423687278	-191.447887374931	
0.037068965517	0.146169321799	-0.531752839595	-1.107230359344	57.539533143696	-209.324431157032	-435.861076559563	-64.464653390361	443.866225256801	-192.540001661244	
0.037931034483	0.146016195616	-0.535327950343	-1.101669214695	57.479255043352	-210.731773004521	-433.671932743882	-65.123712403639	442.005388481817	-194.790556778979	
0.038793103448	0.146628232154	-0.538437394202	-1.092690668596	57.720183140886	-211.955805145863	-430.137529323967	-65.805558905485	438.797715180302	-196.431617134022	
0.039655172414	0.145081646474	-0.534585590654	-1.083490371096	57.111369903602	-210.439543216355	-426.515833496098	-66.340813145245	435.660247931600	-195.765604246851	
0.040517241379	0.141034455401	-0.529405072304	-1.078149045664	55.518193702103	-208.400232890083	-424.413221484551	-66.455923943712	433.529173225347	-195.079576815270	
0.041379310345	0.139246154035	-0.527168149157	-1.078423385839	54.814229118697	-207.519668405250	-424.521215455962	-65.754746700425	432.821141212817	-194.839102729939	
0.042241379310	0.138742374148	-0.527566056523	-1.079063265628	54.615916236744	-207.676304584696	-424.773104046041	-64.678395659446	431.927182078667	-194.844234087776	
0.043103448276	0.138784430419	-0.525806880964	-1.080990532045	54.632471681977	-206.983805370991	-425.531772202183	-63.580896437530	431.803149446346	-193.996732105919	
0.043965517241	0.138605578138	-0.521215433704	-1.082824232768	54.562066506356	-205.176382797418	-426.253608236244	-63.206273074864	433.010607022297	-191.997693829407	
0.044827586207	0.137983586606	-0.516869769494	-1.084320022025	54.317219626327	-203.465712687245	-426.842425468553	-62.788449294782	434.706876464099	-190.149801957198	
0.045689655172	0.138455358667	-0.513079857821	-1.085103895108	54.502932632466	-201.973814485512	-427.150996998537	-61.964309514116	436.985601222913	-187.998216437700	
0.046551724138	0.139155585144	-0.507387789758	-1.090653208472	54.778576687592	-199.733132686248	-429.335483430222	-60.908412455346	441.565161027470	-184.837210641541	
0.047413793103	0.138739471257	-0.502771293071	-1.096614805496	54.614773514148	-197.915849409214	-431.682265267646	-60.256117714162	446.102312085088	-182.444993257933	
0.048275862069	0.140137183400	-0.500635264532	-1.101406484890	55.164982704330	-197.075002072702	-433.568509192791	-59.225870276891	449.517707391770	-180.648336902450	
0.049137931034	0.141729644202	-0.497847958002	-1.106587074157	55.791854676703	-195.977779245784	-435.607847435198	-58.648133666089	453.302191589231	-178.833075255537	
0.050000000000	0.142616317942	-0.494793597631	-1.110776664618	56.140893671052	-194.775430711424	-437.257079136227	-58.178607428964	456.460963789121	-177.354392568905	
0.050862068966	0.142484867594	-0.491494011405	-1.115745516491	56.089148259938	-193.476549053685	-439.213066983003	-57.414204130213	459.370427730316	-175.588109067733	
0.051724137931	0.143117182750	-0.488701316900	-1.121090831186	56.338059032693	-192.377205251257	-441.317249367415	-56.841783610546	462.094893534620	-173.928115168761	
0.052586206897	0.142907439971	-0.487649579040	-1.123801925771	56.255493816892	-191.963188789593	-442.384471372562	-56.652700156026	463.585291862608	-173.348163508962	
0.053448275862	0.142468385201	-0.487558480095	-1.124747411092	56.082659967990	-191.927327702451	-442.756661537248	-56.345151503471	464.524830376603	-172.612311164306	
0.054310344828	0.141796132302	-0.488693905102	-1.126672233961	55.818027708129	-192.374287598192	-443.514367791192	-56.280658320396	466.009411192315	-172.434808415929	
0.055172413793	0.141409698722	-0.489890436147	-1.127986626018	55.665908183134	-192.845301876993	-444.031778041375	-56.295222905939	467.148704150005	-172.429413554524	
0.056034482759	0.140361862491	-0.491881594354	-1.128390389531	55.253427597027	-193.629121027695	-444.190719492076	-56.301008411199	467.363138114053	-172.726156932463	
0.056896551724	0.140083674349	-0.495254351869	-1.131318526203	55.143918873696	-194.956806553316	-445.343380084511	-56.085932503355	468.241378601593	-173.595283017531	
0.057758620690	0.140430162638	-0.500014508912	-1.134216464694	55.280313940261	-196.830641709156	-446.484153167297	-55.896655531518	468.578763306003	-175.122635893981	
0.058620689655	0.140365375095	-0.504054851878	-1.136270258522	55.254810332998	-198.421122154349	-447.292628821484	-56.023777710909	468.528149449980	-176.468129519101	
0.059482758621	0.141374514934	-0.506865747222	-1.137695848874	55.652058089875	-199.527630714814	-447.853812264635	-56.437190460798	468.635653785306	-177.744086851493	
0.060344827586	0.143027898787	-0.507165062360	-1.136106998293	56.302912413272	-199.645456077221	-447.228361455211	-56.837690742716	467.908146494250	-178.491444663979	
0.061206896552	0.143535790155	-0.504530055756	-1.133815813847	56.502843779455	-198.608186094619	-446.326437017337	-56.694907713023	467.116351674927	-177.674950708540	
0.062068965517	0.143415520982	-0.500970190141	-1.133952960169	56.455499836054	-197.206845491804	-446.380424647980	-56.434259983078	467.814771634827	-176.395223868929	
0.062931034483	0.141761980992	-0.498753841567	-1.137516849965	55.804584049494	-196.334380184569	-447.783349369177	-55.910953292037	469.787758082633	-175.748265911132	
0.063793103448	0.139257229006	-0.496865440431	-1.144544096733	54.818588779739	-195.591011340724	-450.549624079458	-55.353306255697	472.573159837697	-174.789572024016	
0.064655172414	0.138771886893	-0.495824266059	-1.151557131716	54.627533924585	-195.181153194531	-453.310304322496	-54.816815834481	475.327720638757	-174.427776723601	
0.065517241379	0.139248380231	-0.492082845199	-1.155636287162	54.815105460475	-193.708343394556	-454.916063295239	-54.091076110496	476.296753195618	-173.233974686433	
0.066379310345	0.138675811572	-0.488047591583	-1.156916676407	54.589713887656	-192.119866371642	-455.420088342871	-53.562874782267	476.335379583724	-171.753467324097	
0.067241379310	0.138737940692	-0.486805928074	-1.155059994393	54.614171007230	-191.631085704426	-454.689205726844	-53.224633490764	475.189955149747	-171.435817071888	
0.068103448276	0.138856028257	-0.487064133617	-1.151376663827	54.660656160794	-191.732728280464	-453.239263163115	-52.995188774560	473.472415114409	-171.446787887963	
0.068965517241	0.138578707827	-0.488446076652	-1.147752579895	54.551489012143	-192.276729963200	-451.812643028922	-52.947983297389	472.162119303659	-171.582830182477	
0.069827586207	0.141251607661	-0.492323022619	-1.144438968315	55.603675659174	-193.802889202760	-450.508240292361	-52.956682458471	471.342970796951	-172.948320861956	
0.070689655172	0.143498634428	-0.494291114791	-1.138846374863	56.488217432743	-194.577628411713	-448.306716659738	-53.191427358109	469.125678900981	-173.729756080306	
0.071551724138	0.144901717055	-0.494850950781	-1.135945147932	57.040540713246	-194.798007771180	-447.164649082961	-53.423362161672	468.230504111025	-173.902215330318	
0.072413793103	0.146998718253	-0.496511732497	-1.137130105602	57.866024942321	-195.451774262140	-447.631107504419	-53.169873105948	468.681683713470	-174.733295380260	
0.073275862069	0.146913938443	-0.496724343474	-1.135594455725	57.832651381984	-195.535468543574	-447.026599144615	-53.328180699300	468.016925883835	-175.188833637973	
0.074137931034	0.146440060576	-0.497222891735	-1.132636085818	57.646109425416	-195.731721996905	-445.862037243334	-53.727290700271	467.094980959075	-175.748621690800	
0.075000000000	0.147457855545	-0.497039758268	-1.129710115430	58.046764273247	-195.659631532933	-444.710229408223	-53.844928886738	466.594982139225	-176.095425095748	
0.075862068966	0.147881346348	-0.495974682121	-1.126863074705	58.213471368744	-195.240364456466	-443.589492223537	-54.099542708393	465.899617185670	-175.824628551472	
0.076724137931	0.146569143187	-0.493498878897	-1.126915861668	57.696922777354	-194.265764862568	-443.610271804328	-54.078370217920	466.099227907342	-174.902740419663	
0.077586206897	0.145521133705	-0.491161302528	-1.127444775931	57.284373990786	-193.345578250871	-443.818478830239	-54.258970746190	466.246588451965	-174.257940268863	
0.078448275862	0.143780757842	-0.487159426707	-1.127437995100	56.599275275008	-191.770240391854	-443.815809556904	-54.020929557208	465.829925995236	-172.711422848301	
0.079310344828	0.142570026147	-0.484657081482	-1.124958371515	56.122670912402	-190.785192542960	-442.839706078368	-53.770413569069	464.531856198178	-171.684927520690	
0.080172413793	0.142770279749	-0.486009997807	-1.120567707150	56.201500714768	-191.317767865775	-441.111321663294	-53.940708118177	463.147382252379	-172.524009514141	
0.081034482759	0.143315463150	-0.489803909811	-1.119081326722	56.416112084428	-192.811240797170	-440.526208215393	-53.844709841118	462.637691050106	-173.844498380759	
0.081896551724	0.143999546679	-0.494159573093	-1.120254343208	56.685401470487	-194.525847040448	-440.987965991285	-53.768746394181	462.867174358903	-175.166111724482	
0.082758620690	0.146675063354	-0.499223522429	-1.120143000724	57.738618236254	-196.519269990435	-440.944136038051	-54.107869005670	462.691189794606	-176.954145849615	
0.083620689655	0.149535552517	-0.500545038044	-1.118910587879	58.864649396658	-197.039484427987	-440.458996893397	-54.142616643108	461.629236579545	-177.152158130824	
0.084482758621	0.149853246105	-0.499532751855	-1.119581046656	58.989709433305	-196.640998110915	-440.722922897396	-54.224582615149	462.037225440191	-176.740781065101	
0.085344827586	0.150019579407	-0.500491337274	-1.119413021576	59.055186514166	-197.018345127396	-440.656779848216	-54.469480197719	462.037645931200	-177.367831839390	
0.086206896552	0.149155399463	-0.502165978697	-1.119819495657	58.715002199757	-197.677567490370	-440.816788313486	-54.440816059670	462.241437215113	-177.938963613807	
0.087068965517	0.148318226791	-0.502386185049	-1.121305035564	58.385449294214	-197.764251689971	-441.401570890999	-54.415586603549	462.905590149625	-178.025318889919	
0.087931034483	0.148376828456	-0.499829481455	-1.122570257762	58.408517831444	-196.757805676548	-441.899625432769	-54.380616536736	463.738619110925	-177.326161011375	
0.088793103448	0.147994357239	-0.497253813948	-1.122896515780	58.257958090214	-195.743894521757	-442.028056855979	-54.194709335781	464.396890575222	-176.238642453799	
0.089655172414	0.146954631596	-0.493401408474	-1.125404856725	57.848670235720	-194.227395643895	-443.015464919265	-54.132357115066	465.953949310259	-174.825883049119	
0.090517241379	0.145394227346	-0.489060975656	-1.129702173253	57.234417320496	-192.518784870592	-444.707102971197	-53.979132776647	467.982683754216	-173.073874524522	
0.091379310345	0.143440232207	-0.484830305258	-1.133878599495	56.465227406567	-190.853382058141	-446.351152578913	-53.544427995306	469.378300920904	-171.118364343691	
0.092241379310	0.141569743612	-0.481875948398	-1.135994434048	55.728909831799	-189.690399892120	-447.184050555896	-53.433406801877	470.199435232497	-169.922706986050	
0.093103448276	0.140996770458	-0.481707188994	-1.135097752477	55.503359029869	-189.623967776573	-446.831071980145	-53.352297820628	469.856834416957	-169.997626546508	
0.093965517241	0.141488910188	-0.483784213378	-1.135333963875	55.697089765731	-190.441588135474	-446.924056564175	-52.989270464082	469.996086959621	-170.797820537248	
0.094827586207	0.143369580591	-0.488478868420	-1.135589194938	56.437415407847	-192.289638438146	-447.024528236532	-52.743550032331	469.600396223992	-172.221938256060	
0.095689655172	0.146018868502	-0.493209365141	-1.134664066894	57.480307224386	-194.151797812702	-446.660351711021	-52.540387752702	468.690125855038	-173.708444889594	
0.096551724138	0.147095978285	-0.494797589520	-1.132648317058	57.904311340412	-194.777002118053	-445.866852069250	-52.375250690317	467.250091577623	-173.964750366089	
0.097413793103	0.146097987633	-0.494818481644	-1.130392724233	57.511452459383	-194.785226299654	-444.978938268180	-52.864461702561	466.247943890499	-174.345952400626	
0.098275862069	0.146098317691	-0.497146929005	-1.130059961451	57.511582386422	-195.701819278743	-444.847946245276	-53.190530581875	466.098171789549	-175.845709841988	
0.099137931034	0.145241397518	-0.499412552756	-1.129698578730	57.174255879907	-196.593681752330	-444.705687987871	-53.302534793235	465.813038639824	-176.993973860414	
0.100000000000	0.145328003690	-0.501078134706	-1.131842243465	57.208348387529	-197.249337854834	-445.549541311533	-53.325897750938	466.871389376276	-177.835992549766	
0.100862068966	0.145647109975	-0.500226337420	-1.133177695945	57.333964532248	-196.914027972092	-446.075241994313	-53.111740078785	467.277544932164	-177.711147995888	
0.101724137931	0.145241471501	-0.497639926310	-1.135246061346	57.174285003280	-195.895887599279	-446.889453745888	-53.015930318937	468.452710993789	-176.510113183641	
0.102586206897	0.144630372199	-0.494544716167	-1.139410270049	56.933725848444	-194.677458558026	-448.528693921100	-52.661643768993	470.290881716881	-175.179973854746	
0.103448275862	0.143547020549	-0.491053103473	-1.143483812393	56.507264622406	-193.302985707893	-450.132243296929	-52.662490844680	472.511580711166	-173.812122030570	
0.104310344828	0.142410961845	-0.486279339903	-1.145960199923	56.060055272055	-191.423794344289	-451.107072902860	-52.373708622250	473.495756772172	-171.561309316078	
0.105172413793	0.142226833533	-0.483205826771	-1.144931382971	55.987573187585	-190.213906328229	-450.702079253165	-52.380078801303	473.148500267202	-170.327616430436	
0.106034482759	0.143009948278	-0.482717910032	-1.139805389860	56.295846197852	-190.021837972116	-448.684232779567	-52.317126275533	471.185578035937	-170.200576753769	
0.106896551724	0.142969650364	-0.483804856671	-1.132409336022	56.279982929596	-190.449714364945	-445.772777217672	-52.320274854643	468.440670516705	-170.349242892545	
0.107758620690	0.142814631016	-0.486690975935	-1.126724679977	56.218959584914	-191.585834810735	-443.535013158338	-52.747232174701	466.313094177114	-171.651809235714	
0.108620689655	0.145034698934	-0.490910408909	-1.123641522119	57.092889011125	-193.246814012576	-442.321328497479	-52.870202358278	465.235388149072	-173.381266412885	
0.109482758621	0.147896694369	-0.495794589226	-1.120389364133	58.219513115148	-195.169470913337	-441.041116959878	-52.954551571147	462.844661820643	-175.183295186898	
0.110344827586	0.150445067854	-0.498978703864	-1.121179159513	59.222679982012	-196.422897196468	-441.352019800835	-53.040158051632	462.430625126114	-176.481786058461	
0.111206896552	0.151840770888	-0.501278397929	-1.120117617729	59.772098286794	-197.328171444654	-440.934144025828	-53.226640152979	461.003951751596	-177.630956519348	
0.112068965517	0.150531473468	-0.501847705709	-1.119949776981	59.256693540121	-197.552279372859	-440.868073538802	-53.218552173775	460.526933239079	-177.921808697964	
0.112931034483	0.149782572751	-0.504026340135	-1.120827477796	58.961888877284	-198.409898510935	-441.213580341941	-53.485371306451	460.990014638110	-179.202461250057	
0.113793103448	0.149865600453	-0.503386641413	-1.120317686834	58.994572720386	-198.158081197994	-441.012901200809	-53.657905385608	461.156911719581	-179.339033134944	
0.114655172414	0.149419812977	-0.501295418949	-1.118251846408	58.819088542610	-197.334871766964	-440.199683405357	-53.740183640185	460.658788325111	-178.740363903981	
0.115517241379	0.148613503792	-0.497525272839	-1.119163773182	58.501685044314	-195.850754276105	-440.558663252665	-53.707084756324	461.906836403724	-177.442205042334	
0.116379310345	0.146977927620	-0.493933605084	-1.122555699470	57.857840712431	-194.436894765527	-441.893894563068	-53.364963899002	463.525531131786	-175.955834656392	
0.117241379310	0.144225966328	-0.490552596695	-1.127973526333	56.774531533794	-193.105961284689	-444.026621352097	-52.908975795659	465.803059768799	-174.019930039026	
0.118103448276	0.142873865459	-0.487108361405	-1.131987752925	56.242277215101	-191.750138542699	-445.606821090483	-52.776915583372	467.306764226119	-172.381222279690	
0.118965517241	0.143053193863	-0.483510672080	-1.132190947933	56.312869816362	-190.333908641661	-445.686808776789	-52.410353678531	467.664225922541	-170.845630750827	
0.119827586207	0.142348250666	-0.482636402022	-1.129096027458	56.035369025237	-189.989752355241	-444.468493763318	-52.468298565561	466.660943128783	-170.530048558259	
0.120689655172	0.142725328329	-0.485457140584	-1.129281832643	56.183805594596	-191.100135697018	-444.541635948661	-52.482957200475	466.747889245150	-171.604435164869	
0.121551724138	0.143069597502	-0.488780146163	-1.129421825036	56.319327106634	-192.408236379710	-444.596743934755	-52.230949091724	466.141194364389	-172.623342368587	
0.122413793103	0.143765652463	-0.493905009431	-1.128362253324	56.593329044703	-194.425638090408	-444.179643678012	-52.541148916113	465.402973570936	-174.506310730029	
0.123275862069	0.146082791431	-0.496877467494	-1.128034874357	57.505470476339	-195.595745792698	-444.050770993339	-52.600609872982	464.587063923909	-175.526117581384	
0.124137931034	0.146739399734	-0.497885618303	-1.129241195500	57.763944243267	-195.992604217758	-444.525639143164	-52.776821799467	464.888376079371	-176.100571913936	
0.125000000000	0.146157966091	-0.498266717634	-1.131017823599	57.535062970728	-196.142623916427	-445.225008546528	-52.910870564763	465.304929132416	-176.266113016523	
0.125862068966	0.146174117434	-0.499696334682	-1.134381100395	57.541420944872	-196.705392467944	-446.548961988291	-52.890814015477	466.533132726145	-177.063020600385	
0.126724137931	0.145684591705	-0.498431134769	-1.135821364658	57.348719209905	-196.207346698832	-447.115921814341	-52.921934577133	467.321873768262	-176.741814429580	
0.127586206897	0.144502173411	-0.495158181034	-1.136467193632	56.883260413167	-194.918948917426	-447.370152300001	-52.978657596822	468.177161060150	-175.619506772400	
0.128448275862	0.144056740154	-0.490122251863	-1.137482777281	56.707915673915	-192.936556101578	-447.769936661850	-53.082774355633	469.417087825680	-173.883332508238	
0.129310344828	0.143108879414	-0.487817284883	-1.137903163355	56.334790425717	-192.029206171131	-447.935421581128	-53.188374211335	470.170238947747	-173.095885806572	
0.130172413793	0.142275793302	-0.486499012316	-1.142193366679	56.006846193955	-191.510268359100	-449.624259521489	-52.943527539584	472.404718864240	-171.975989463456	
0.131034482759	0.141986422890	-0.483737628132	-1.147375407978	55.892935571436	-190.423249859796	-451.664169356256	-52.742243252320	474.986599132619	-170.678719490457	
0.131896551724	0.141758050633	-0.480053809826	-1.148388135523	55.803036864282	-188.973115297511	-452.062829413306	-52.421145192870	475.240708049697	-169.012110237295	
0.132758620690	0.141343185446	-0.478197808369	-1.146383558004	55.639725241376	-188.242500582607	-451.273727752268	-52.285700385439	474.585860038171	-168.383552227183	
0.133620689655	0.142563372633	-0.480461026666	-1.143135381536	56.120051757351	-189.133416149674	-449.995083538473	-52.259860159822	473.465683097781	-169.306476329110	
0.134482758621	0.143414805526	-0.484624985096	-1.139591766736	56.455218196953	-190.772557804935	-448.600140066636	-51.997007799005	471.516442224987	-170.516596225885	
0.135344827586	0.144513027480	-0.489654051639	-1.137207123875	56.887533115912	-192.752249148386	-447.661425737050	-51.869123313500	470.128185062546	-171.825174395390	
0.136206896552	0.146859183358	-0.495358555270	-1.133640899142	57.811097050314	-194.997826207531	-446.257581868165	-52.191768770141	468.091061274666	-174.085173572233	
0.137068965517	0.147543021237	-0.498584100486	-1.132835601215	58.080289736016	-196.267561631728	-445.940576451428	-52.253542559617	467.223528526959	-175.322059865802	
0.137931034483	0.148311248937	-0.502144779960	-1.133851152026	58.382702463067	-197.669222610388	-446.340347886643	-52.363778256845	466.791490560933	-176.769500355144	
0.138793103448	0.148163833376	-0.504067585655	-1.136593599336	58.324672348060	-198.426134804171	-447.419911887752	-52.232698137881	467.282411195727	-177.710099510776	
0.139655172414	0.146372238466	-0.506317319186	-1.137662803617	57.619411261299	-199.311742094791	-447.840804003749	-52.392067787658	467.240117391309	-178.863677772327	
0.140517241379	0.144868123439	-0.507022123973	-1.139270745172	57.027316590835	-199.589188400956	-448.473769972753	-52.484773332221	467.959006096115	-179.247109367926	
0.141379310345	0.145457966607	-0.506053354378	-1.140322139151	57.259508271659	-199.207832384985	-448.887651065953	-52.523650794802	468.819347873530	-179.240885092664	
0.142241379310	0.146182631528	-0.502480698895	-1.140521127535	57.544772516572	-197.801457052244	-448.965982815594	-52.369792269069	469.341605167200	-178.018009299142	
0.143103448276	0.146131961151	-0.498267577477	-1.141576224609	57.524826129872	-196.142962393712	-449.381321631781	-52.375959559463	470.237362387443	-176.336780101271	
0.143965517241	0.145503127304	-0.493001428980	-1.143323917060	57.277285773823	-194.069943772019	-450.069300521398	-52.263852345537	471.260798266163	-174.273931903394	
0.144827586207	0.143161398445	-0.487070190596	-1.145648278358	56.355464535024	-191.735112609132	-450.984285022146	-51.893871308337	471.934908144526	-171.728125639841	
0.145689655172	0.141802534579	-0.484429539810	-1.146398880542	55.820547963483	-190.695620795641	-451.279759467184	-51.805993860078	472.111860996802	-170.696580306937	
0.146551724138	0.142905424216	-0.484826843163	-1.141482034297	56.254700315355	-190.852019204991	-449.344243628456	-51.860215898359	470.308684665176	-170.968312811613	
0.147413793103	0.143869944325	-0.487367626483	-1.135855611103	56.634383521957	-191.852198204490	-447.129402922944	-51.908035100044	468.387647453368	-172.116101142034	
0.148275862069	0.144796931894	-0.490294937111	-1.131357978911	56.999292049098	-193.004533625318	-445.358910637739	-52.283918700960	466.791269956084	-173.191077488757	
0.149137931034	0.146468648206	-0.494055140140	-1.126933077189	57.657362941977	-194.484737023160	-443.617048691574	-52.492022626303	464.669294064102	-174.715540168789	
0.150000000000	0.148733498202	-0.497801829037	-1.124102128164	58.548920827451	-195.959620585144	-442.502646002815	-52.468325798346	462.756537562843	-175.877944707858	
0.150862068966	0.149866521416	-0.499648349483	-1.124731970522	58.994935257652	-196.686503101271	-442.750583359168	-52.654622607335	462.605284433747	-176.475587174506	
0.151724137931	0.151270735977	-0.502025402955	-1.125085796080	59.547704123535	-197.622229868843	-442.889866740846	-52.943983038676	462.654767399220	-177.714435646291	
0.152586206897	0.150839601833	-0.502422485563	-1.124183208994	59.377988227976	-197.778541382137	-442.534563460175	-53.109005941373	462.431902473076	-178.235575754166	
0.153448275862	0.149743929331	-0.502624678318	-1.123781532014	58.946676900343	-197.858134531956	-442.376443372921	-53.123946593645	462.769059656414	-178.834721429699	
0.154310344828	0.150028068627	-0.502566186594	-1.122055010169	59.058528294383	-197.835109273204	-441.696798289309	-53.354258448034	462.468189514144	-179.227495509421	
0.155172413793	0.149484148993	-0.500627469213	-1.122129045175	58.844414406477	-197.071933446378	-441.725942159146	-52.928643605580	462.901172977081	-178.291680071711	
0.156034482759	0.147958148739	-0.498310707145	-1.120787617263	58.243704619301	-196.159940381473	-441.197889248789	-53.086479092523	462.839521880290	-177.509383097478	
0.156896551724	0.146852406164	-0.494213808488	-1.123726450406	57.808429208755	-194.547196796261	-442.354760505849	-52.867792848164	464.893576716930	-175.852350863514	
0.157758620690	0.144790595133	-0.489342346545	-1.126196706727	56.996797584020	-192.629546481856	-443.327176561924	-52.880512501345	466.063420382126	-173.587511474464	
0.158620689655	0.143618283939	-0.484528409222	-1.127107052343	56.535317446098	-190.734540725858	-443.685533986748	-52.825588518342	466.676121570077	-171.449496991683	
0.159482758621	0.143815720562	-0.482017339402	-1.123346821187	56.613038344910	-189.746058441220	-442.205319516464	-52.840972099449	465.482080069558	-170.472733052195	
0.160344827586	0.143114349159	-0.482435805126	-1.121135890866	56.336943590150	-189.910787415055	-441.334987103870	-52.997128791377	464.955880870967	-170.551345992408	
0.161206896552	0.143587664668	-0.486189262102	-1.122354390595	56.523264174283	-191.388335230437	-441.814649352291	-53.118456903683	465.174859424242	-171.892538266116	
0.162068965517	0.145220175013	-0.490211505139	-1.123202649956	57.165901643876	-192.971690641247	-442.148566531681	-53.329368422547	465.201097536830	-173.294438634663	
0.162931034483	0.146714323360	-0.494770930680	-1.122776198732	57.754072932388	-194.766507869477	-441.980694066954	-53.410497819241	463.980845400589	-174.529323671520	
0.163793103448	0.148217639599	-0.498366951343	-1.123419794206	58.345853160118	-196.182080901928	-442.234045335367	-53.804171197211	463.718612403883	-176.061302648862	
0.164655172414	0.149420253674	-0.499717545220	-1.123529678198	58.819262023138	-196.713741993511	-442.277301153547	-54.163516534393	463.384728653888	-176.670935942866	
0.165517241379	0.149595207492	-0.500871128574	-1.123886099669	58.888132569016	-197.167849919851	-442.417606416038	-54.164862582178	463.196869340868	-177.166668691411	
0.166379310345	0.149440301711	-0.501353729693	-1.124541232044	58.827153929911	-197.357825783109	-442.675499183996	-54.402717732752	463.532690201405	-177.649679271463	
0.167241379310	0.148332169975	-0.499766289212	-1.125842194465	58.390938026524	-196.732930058993	-443.187622859484	-54.387656321235	464.603243539606	-177.446033764713	
0.168103448276	0.146994208957	-0.495564934788	-1.126661602421	57.864249858615	-195.079067475882	-443.510182687283	-54.323654747875	465.490545835760	-175.955151066316	
0.168965517241	0.146060102637	-0.491415013371	-1.127879681089	57.496539035955	-193.445451488624	-443.989679184986	-54.214993735559	466.706889417103	-174.906847823740	
0.169827586207	0.145521249817	-0.488660000919	-1.128755777567	57.284419698466	-192.360941221360	-444.334554441496	-53.941013966298	467.601004539341	-173.979540402151	
0.170689655172	0.144276494983	-0.485899282879	-1.132866252019	56.794422131504	-191.274184949739	-445.952642136383	-53.113988689252	469.450702411597	-172.399868906309	
0.171551724138	0.143900448732	-0.484581823118	-1.136480123752	56.646391577407	-190.755567098506	-447.375242240141	-52.746647206812	471.267976494862	-171.506367118769	
0.172413793103	0.142849754834	-0.481032221991	-1.137802768685	56.232786070838	-189.358267109769	-447.895901233457	-52.339897413147	471.574738396364	-169.917526955933	
0.173275862069	0.141429591252	-0.478077540395	-1.137146610678	55.673738875034	-188.195157111745	-447.637604725397	-52.264225238194	471.175983385161	-168.638138814786	
0.174137931034	0.141996863719	-0.478578034556	-1.135446294182	55.897045602521	-188.392176568335	-446.968275373967	-52.435984077184	470.970254202284	-169.053089956162	
0.175000000000	0.143546892198	-0.482254703401	-1.132288278635	56.507214097224	-189.839496746277	-445.725122994319	-52.656695635809	469.469634064807	-170.450449960135	
0.175862068966	0.145185909489	-0.486768937482	-1.130460208381	57.152413024972	-191.616524362765	-445.005503393664	-52.755427185585	468.551013980818	-171.803814515548	
0.176724137931	0.148121470702	-0.492358478979	-1.127447989605	58.307996287137	-193.816846593970	-443.819743892504	-53.058796381930	466.644453122885	-173.927914183578	
0.177586206897	0.149679206616	-0.495357791293	-1.125066360879	58.921198812656	-194.997525467778	-442.882216076448	-53.266142892069	465.046036504615	-174.932541847898	
0.178448275862	0.149364356426	-0.497611177016	-1.123371171509	58.797258079193	-195.884570443604	-442.214905017282	-53.695373861607	463.576202668369	-175.959762435840	
0.179310344828	0.149745789197	-0.500921407393	-1.124158100320	58.947409036453	-197.187642170000	-442.524679434258	-53.922892385460	463.511276424201	-177.502247113139	
0.180172413793	0.148768833280	-0.503076673914	-1.124927149539	58.562830475964	-198.036062535241	-442.827415551810	-53.980701435594	463.538160861181	-178.699017838175	
0.181034482759	0.147549856973	-0.504151318684	-1.125360809901	58.082980622368	-198.459096299337	-442.998125892952	-54.133561819261	463.698490098622	-179.512719671897	
0.181896551724	0.147780616845	-0.502199998670	-1.126288368583	58.173819213800	-197.690959447853	-443.363259238809	-54.145316245026	464.498238190932	-179.134832172923	
0.182758620690	0.146671934986	-0.498375162253	-1.126333104727	57.737386754792	-196.185313125411	-443.380869615626	-53.758169912726	464.521698527721	-177.764874457725	
0.183620689655	0.144901213998	-0.494297295084	-1.126903248891	57.040342684619	-194.580061283034	-443.605306786189	-53.822822282701	465.350573518653	-176.094539055876	
0.184482758621	0.143286247747	-0.489972660662	-1.130858340200	56.404611445101	-192.877669546006	-445.162227928705	-53.641742037341	467.453657160729	-174.337990591365	
0.185344827586	0.142027537627	-0.486201709825	-1.133046355510	55.909120381872	-191.393235274690	-446.023539850138	-53.749550943523	468.818934091110	-172.569284419627	
0.186206896552	0.141804850022	-0.482778384312	-1.133771204158	55.821459437365	-190.045643664120	-446.308876419592	-53.840116403922	469.372357300570	-170.961523537026	
0.187068965517	0.143154998641	-0.480515028841	-1.131403238435	56.352945253110	-189.154674098587	-445.376727042763	-53.856215007442	468.714840101515	-169.971786391653	
0.187931034483	0.143511257936	-0.480652994609	-1.125872352213	56.493186674921	-189.208984303817	-443.199494452869	-54.169021128201	466.809654184341	-169.893681181953	
0.188793103448	0.144139096912	-0.484972867882	-1.122477782585	56.740335400256	-190.909501815461	-441.863222592259	-54.360677069167	465.364795663045	-171.323526684570	
0.189655172414	0.146811422264	-0.489636708837	-1.123460440781	57.792295902146	-192.745422156816	-442.250045853761	-54.199300248909	465.722195247882	-172.650578111846	
0.190517241379	0.148379704541	-0.493723097220	-1.121535482196	58.409650001927	-194.354028374124	-441.492286175371	-54.270107589170	464.155810585769	-174.182134686700	
0.191379310345	0.149031853679	-0.495761851276	-1.121331570229	58.666368419131	-195.156583623735	-441.412016257835	-54.565736648576	463.514250544764	-175.116893063874	
0.192241379310	0.149852563290	-0.498411727443	-1.120771109203	58.989440642937	-196.199707007691	-441.191390853403	-54.779369106015	462.862221671035	-176.412303246644	
0.193103448276	0.148935061555	-0.500610731481	-1.120692663090	58.628266213133	-197.065344640500	-441.160510551983	-54.718823485229	462.047802597412	-177.307640277703	
0.193965517241	0.146990493789	-0.502575172620	-1.123632772564	57.862787383187	-197.838646620885	-442.317884236286	-54.786673162816	463.016695456743	-178.227505607761	
0.194827586207	0.146115641533	-0.502569299016	-1.126297246828	57.518401914648	-197.836334477463	-443.366754158765	-54.675341401509	463.953687809944	-178.529314674548	
0.195689655172	0.145380385461	-0.501672405398	-1.126767550096	57.228968464155	-197.483272430029	-443.551888974562	-54.545356303673	464.652821090463	-178.294975559282	
0.196551724138	0.144581571485	-0.497605257950	-1.126593832768	56.914515454273	-195.882240404009	-443.483505172860	-54.641979366500	465.131380330029	-176.869616343180	
0.197413793103	0.144515837619	-0.493815872201	-1.128849644627	56.888639327040	-194.390549232538	-444.371505196545	-54.552510597247	466.822477761290	-175.717010747068	
0.198275862069	0.142768747083	-0.488455747043	-1.133056288726	56.200897381140	-192.280536711254	-446.027450059397	-54.291151587072	468.545202290370	-173.204250538680	
0.199137931034	0.142102094959	-0.483888613583	-1.136113039211	55.938469865212	-190.482685261741	-447.230739461623	-54.215149778466	470.156494411004	-171.100883393529	
0.200000000000	0.142337487320	-0.480280393965	-1.136719329346	56.031132035259	-189.062310112171	-447.469405488797	-53.915619787982	470.439955974609	-169.820201232922	
0.200862068966	0.142511908881	-0.480286604592	-1.133360249605	56.099793058446	-189.064754924525	-446.147104217216	-53.910526831781	469.362538893550	-169.662846666922	
0.201724137931	0.143958981179	-0.483348506435	-1.130241308607	56.669432866997	-190.270072158166	-444.919333528019	-53.846063271365	468.074016656663	-170.696188767360	
0.202586206897	0.145046456726	-0.486712805314	-1.128086498952	57.097517464508	-191.594427942840	-444.071093007999	-53.669397227239	466.694613072646	-171.879165610892	
0.203448275862	0.145678648526	-0.489946279848	-1.125983515230	57.346379678364	-192.867284742122	-443.243253758854	-53.633766328753	465.499392768809	-172.888120079971	
0.204310344828	0.146931794957	-0.494101616987	-1.124214709212	57.839680596186	-194.503032627432	-442.546963516662	-53.699489388802	464.080198481679	-174.625116478365	
0.205172413793	0.148196468393	-0.496603898341	-1.123773862393	58.337519117937	-195.488055333644	-442.373424227777	-53.733095243761	463.294844376222	-175.796527323575	
0.206034482759	0.147943743545	-0.498473126640	-1.123080741558	58.238034016759	-196.223876793084	-442.100577307626	-54.033073234546	462.627683145560	-176.526704845153	
0.206896551724	0.146968211053	-0.499922008617	-1.125072917519	57.854015787100	-196.794228980931	-442.884797096844	-54.091233731651	463.329710506337	-177.425171610144	
0.207758620690	0.146776745655	-0.501760948255	-1.126600979152	57.778645459851	-197.518127313085	-443.486318345650	-54.056991084276	463.864569266708	-178.462434055675	
0.208620689655	0.145980431567	-0.501050879027	-1.127362673721	57.465176530320	-197.238608660568	-443.786159306721	-53.835735570385	464.012086021696	-178.272671060710	
0.209482758621	0.146548584531	-0.498721505058	-1.129589398858	57.688829865477	-196.321650922607	-444.662709346131	-53.702195116231	465.850831519106	-177.342938459243	
0.210344827586	0.146480890718	-0.495814801052	-1.129842623496	57.662182205358	-195.177427296048	-444.762391189905	-53.769847360559	466.339158860481	-176.267467513127	
0.211206896552	0.144395601267	-0.490119360390	-1.132258876943	56.841308303556	-192.935417873461	-445.713549022138	-53.661280140629	467.838810220007	-173.887579352911	
0.212068965517	0.142723554833	-0.484533764755	-1.134803962945	56.183107458024	-190.736648930617	-446.715421772166	-54.026354243078	469.323112157463	-171.531969875371	
0.212931034483	0.142426053338	-0.480699332926	-1.135494462023	56.065996036141	-189.227225375658	-446.987236637640	-53.911381257797	470.003577939665	-169.952195261817	
0.213793103448	0.143391858361	-0.480496296634	-1.132798020588	56.446185048880	-189.147300167758	-445.925782843073	-53.738298059763	468.989334133215	-169.646472644576	
0.214655172414	0.144908912979	-0.482466115964	-1.128302056386	57.043373387734	-189.922719272496	-444.155947161556	-53.873957577693	467.729480937438	-170.572242666294	
0.215517241379	0.145998831616	-0.484667449105	-1.122914155251	57.472419706880	-190.789273756284	-442.035000631406	-53.897584710726	465.451461290869	-171.312088067912	
0.216379310345	0.146693911163	-0.488961083523	-1.120276725948	57.746037673965	-192.479462346284	-440.996776953855	-53.792707650946	463.766458147466	-172.568244010788	
0.217241379310	0.148224902081	-0.494127569819	-1.119578910281	58.348712035142	-194.513248956379	-440.722081913674	-53.893401869854	463.038098187166	-174.566078674499	
0.218103448276	0.148783192796	-0.495789892912	-1.120175537213	58.568483097195	-195.167622210199	-440.956944022446	-53.938172174334	462.398288931981	-175.336664733915	
0.218965517241	0.148498643450	-0.497269529356	-1.121029163989	58.456470286731	-195.750080889905	-441.292974083727	-54.044237308245	462.396495977354	-176.158891270606	
0.219827586207	0.149060126944	-0.498765764994	-1.122363335916	58.677498185928	-196.339073840027	-441.818170676723	-54.038095232973	462.686765706473	-177.099455869616	
0.220689655172	0.148322891489	-0.499684676538	-1.122426450434	58.387285551865	-196.700803241179	-441.843015697955	-54.020893776731	462.447066148884	-177.828881703615	
0.221551724138	0.147107826866	-0.499796497373	-1.123828861993	57.908975532562	-196.744821497540	-442.395074812773	-53.917767411040	463.119827908643	-177.827221518470	
0.222413793103	0.146617704070	-0.498155937502	-1.124426709239	57.716038762089	-196.099015333071	-442.630417297562	-54.192097400757	463.853397958477	-177.464492415400	
0.223275862069	0.146217517619	-0.494701455277	-1.125387555470	57.558505421521	-194.739158886867	-443.008654282342	-54.126003547809	465.161508200629	-176.093519566873	
0.224137931034	0.145373457613	-0.491686746184	-1.126230515804	57.226241317911	-193.552419072888	-443.340485500477	-54.424636864866	466.009294959279	-174.999786010602	
0.225000000000	0.144956407164	-0.487316096609	-1.131260069246	57.062069466690	-191.831913477063	-445.320368511739	-54.304446602516	468.810369204403	-173.146304471950	
0.225862068966	0.143937772850	-0.481770014652	-1.133663120189	56.661084211286	-189.648699087897	-446.266329180131	-54.008864230143	469.796267269502	-170.526789719346	
0.226724137931	0.143057301877	-0.478868317296	-1.133297695442	56.314486935366	-188.506446328418	-446.122479779416	-53.813077896019	469.607426840100	-169.225911560850	
0.227586206897	0.143205651623	-0.479119857137	-1.132490486078	56.372884792372	-188.605464951635	-445.804721925753	-53.581163336960	469.588510311409	-169.364593453257	
0.228448275862	0.144649464140	-0.481444154399	-1.129232001252	56.941241388276	-189.520424244870	-444.522019828651	-53.614138021284	468.352532945321	-170.200563583294	
0.229310344828	0.145624424880	-0.483850132108	-1.126297719893	57.325034547545	-190.467537034279	-443.366940380726	-53.686792579542	467.288448472152	-170.795580634734	
0.230172413793	0.147787058329	-0.488052736440	-1.122985451111	58.176354903251	-192.121891643757	-442.063066236580	-53.812186717959	465.491052043419	-172.577440550588	
0.231034482759	0.148540515424	-0.491335978022	-1.119349423090	58.472953183536	-193.414339234600	-440.631744313002	-53.955604843719	463.386258621431	-173.753210867964	
0.231896551724	0.147397138867	-0.492658330465	-1.119502910139	58.022863161539	-193.934883089288	-440.692164468652	-53.744605184461	462.522835695617	-174.223297822212	
0.232758620690	0.146245073074	-0.494479616090	-1.121496995500	57.569352622479	-194.651831921652	-441.477135892896	-54.062152538099	463.320345532541	-175.338520566006	
0.233620689655	0.145887497947	-0.498050170561	-1.124230333621	57.428593223797	-196.057380191368	-442.553114062914	-53.751826493458	463.695594975266	-176.856346151698	
0.234482758621	0.146035828136	-0.500291053382	-1.128005025538	57.486983382016	-196.939503401240	-444.039021009863	-53.607669557627	465.306365804021	-177.674873262354	
0.235344827586	0.146574916816	-0.500893749454	-1.128967220362	57.699195565629	-197.176754625979	-444.417788868202	-53.690832564547	465.766223558854	-178.092554234526	
0.236206896552	0.146138772849	-0.498206214524	-1.129251305538	57.527507553885	-196.118806875836	-444.529618957835	-53.742207813309	466.406864342429	-177.086603130357	
0.237068965517	0.144975442355	-0.493980268146	-1.131243464748	57.069562666935	-194.455263673366	-445.313832153383	-53.603814652548	467.645970507451	-175.285187829499	
0.237931034483	0.143964987973	-0.490364903845	-1.135091605736	56.671797440432	-193.032076020317	-446.828652316634	-53.645622797477	469.836049059702	-173.941332606183	
0.238793103448	0.142392382547	-0.486237578721	-1.138294271144	56.052741533713	-191.407355060675	-448.089381107949	-53.730063960922	471.586844768157	-171.998638197242	
0.239655172414	0.142285265438	-0.483365475455	-1.139451785999	56.010574898998	-190.276752010774	-448.545036668970	-53.752537414562	472.229934991340	-170.554238361437	
0.240517241379	0.143537286563	-0.482402057337	-1.138053240225	56.503432840293	-189.897502602611	-447.994499320248	-53.776618574070	471.871014335812	-170.295781756063	
0.241379310345	0.143997537249	-0.481394766630	-1.133177525394	56.684610458411	-189.500982756357	-446.075174856687	-53.863980681471	470.103614735884	-169.847303367054	
0.242241379310	0.144176679724	-0.482400322058	-1.127209342965	56.755129868817	-189.896819510484	-443.725800676020	-53.940320542838	467.885464531751	-170.301882494723	
0.243103448276	0.145413455422	-0.484683810330	-1.123435022832	57.241986449858	-190.795714350142	-442.240040081664	-53.967117773441	466.481770467962	-171.360205577032	
0.243965517241	0.146437777706	-0.489212408038	-1.119129461559	57.645210774292	-192.578396206755	-440.545156487026	-54.150533688034	464.104889759751	-172.962399774282	
0.244827586207	0.148297784362	-0.493082928928	-1.118263909707	58.377402134960	-194.102026215015	-440.204432121429	-54.035861617425	463.063808999007	-174.315514152495	
0.245689655172	0.149436132099	-0.494599053188	-1.118017980521	58.825512563010	-194.698848318815	-440.107622131600	-54.064604415213	462.349557291565	-175.053187061350	
0.246551724138	0.149060995768	-0.496452064659	-1.118521731411	58.677840198516	-195.428286025990	-440.305923598930	-53.881284937724	461.850834635005	-175.831687505014	
0.247413793103	0.148279281707	-0.499065542378	-1.120491844308	58.370118567239	-196.457081165680	-441.081458266402	-53.725193010079	462.445783059979	-177.052173741278	
0.248275862069	0.148705867291	-0.500396431433	-1.121697259903	58.538043923028	-196.980985456298	-441.555969947067	-53.750168277701	463.050090548586	-177.764031917727	
0.249137931034	0.148464532637	-0.500773597448	-1.120196976770	58.443042569943	-197.129456805786	-440.965383701216	-53.902564671080	462.597829654092	-177.973883285586	
0.250000000000	0.148112641889	-0.497657560007	-1.120047161117	58.304520826138	-195.902829101454	-440.906408790168	-54.032650174894	463.268929971016	-176.803073932709	
0.250862068966	0.147755486907	-0.494114134756	-1.119695570926	58.163926817257	-194.507960245567	-440.768005360453	-54.255415030425	463.848786990246	-175.734053176879	
0.251724137931	0.146102696397	-0.488875510225	-1.121693667028	57.513306063732	-192.445776429590	-441.554555612442	-54.399883196461	465.282791086420	-173.493013993843	
0.252586206897	0.144008438440	-0.483622331442	-1.125979974326	56.688901710838	-190.377863333930	-443.241859882742	-54.430028775016	467.566071981183	-171.262949382865	
0.253448275862	0.144684775791	-0.481606608917	-1.127123058484	56.955141814727	-189.584374443106	-443.691834802141	-54.109288056282	467.872077389985	-170.334749868728	
0.254310344828	0.144484147915	-0.479398954614	-1.126352028550	56.876164679274	-188.715331634470	-443.388318975917	-53.943598788942	467.427711651284	-169.105654482118	
0.255172413793	0.144341174000	-0.479835804061	-1.124660261348	56.819883017718	-188.887297358553	-442.722355052919	-53.910435470593	466.814946521249	-169.413571301587	
0.256034482759	0.144814610806	-0.480710474107	-1.121511117298	57.006251350377	-189.231611100012	-441.482694936846	-54.028247590381	465.608563465982	-169.980498427425	
0.256896551724	0.144690571515	-0.482889335284	-1.120914676748	56.957423300592	-190.089319498687	-441.247906197245	-53.922640498193	465.275990929572	-170.755534277443	
0.257758620690	0.145973798941	-0.486995840356	-1.118492196073	57.462565598025	-191.705844647572	-440.294297017308	-54.153873980825	463.763923220028	-172.608505263335	
0.258620689655	0.148438369389	-0.490144105467	-1.117763679436	58.432743411231	-192.945158769617	-440.007516544967	-54.047079098958	462.892582160136	-173.842561620585	
0.259482758621	0.148024563557	-0.491550297212	-1.117996045376	58.269848803283	-193.498705953915	-440.098987364845	-53.888587811924	462.224051106826	-174.155516633716	
0.260344827586	0.147686510855	-0.493906311967	-1.120703304394	58.136774404181	-194.426150833670	-441.164699499554	-53.695766735577	462.877980205386	-175.150338291927	
0.261206896552	0.146666256845	-0.496049947604	-1.123364873635	57.735151555196	-195.269992703076	-442.212425860244	-53.679849008966	463.784285275115	-176.200307293147	
0.262068965517	0.146020777325	-0.496602898808	-1.125331420566	57.481058632194	-195.487661867674	-442.986556785313	-53.570333160927	464.783579350847	-176.385300021307	
0.262931034483	0.146552608039	-0.496140734997	-1.127260372152	57.690413718593	-195.305731148007	-443.745888308198	-53.523346416981	466.070378558669	-176.323956809909	
0.263793103448	0.146379516629	-0.493722379010	-1.126212037235	57.622276309144	-194.353745650775	-443.333211414338	-53.747167472504	466.375782229069	-175.469960986976	
0.264655172414	0.144958590680	-0.490181703295	-1.127741184045	57.062929007702	-192.959959149332	-443.935159842715	-53.678662162043	467.367988927954	-173.813571773627	
0.265517241379	0.143876158820	-0.487658119959	-1.131415683373	56.636829856922	-191.966550921038	-445.381625990955	-54.126636664675	469.873869774576	-172.590610259884	
0.266379310345	0.143111622818	-0.483431843020	-1.136173679232	56.335870366133	-190.302877593378	-447.254610397243	-53.849444786340	471.865407318253	-170.472237063046	
0.267241379310	0.142090516302	-0.480239894218	-1.136151778619	55.933911928839	-189.046367392355	-447.245989224226	-54.213814072400	472.203908938410	-169.193242533695	
0.268103448276	0.143430304936	-0.478452168155	-1.134634033222	56.461319537460	-188.342629277153	-446.648528960439	-54.332109122173	471.843091035271	-168.682220468121	
0.268965517241	0.144300159341	-0.478849026737	-1.128346530574	56.803737602988	-188.498852602684	-444.173454419644	-54.464029121904	469.427492927127	-169.057197319962	
0.269827586207	0.145101550203	-0.481058158510	-1.123706821219	57.119205003913	-189.368477016862	-442.347033479186	-54.302140919382	467.490658736103	-169.638426351529	
0.270689655172	0.145500995123	-0.484116946181	-1.120548436336	57.276446440911	-190.572568356900	-441.103735710110	-54.375919530799	465.892750675040	-170.876025301509	
0.271551724138	0.146821307463	-0.488078977060	-1.119259363635	57.796187209319	-192.132221260047	-440.596292421032	-54.204758544952	464.855849369752	-172.475619974140	
0.272413793103	0.147837582297	-0.490930653332	-1.119132189313	58.196243656348	-193.254783227081	-440.546230266952	-53.949053394361	463.818395306574	-173.415509949447	
0.273275862069	0.149564974981	-0.494096143089	-1.119763567013	58.876231545258	-194.500877828456	-440.794772010589	-53.892853384811	463.441449822949	-174.782016151498	
0.274137931034	0.148981897501	-0.495630276799	-1.120391466845	58.646703176847	-195.104789349584	-441.041944692099	-53.590753953718	462.936090925205	-175.319476866184	
0.275000000000	0.147316322774	-0.498167190043	-1.121766814179	57.991049917835	-196.103444894330	-441.583349978160	-53.665896500875	463.311053712128	-176.377121647509	
0.275862068966	0.146706515024	-0.499126993876	-1.123386401593	57.750999181931	-196.481271539339	-442.220900337785	-53.697255802788	463.928290981688	-176.908304185640	
0.276724137931	0.146512092925	-0.497826885175	-1.123613273375	57.674464949807	-195.969483930238	-442.310208383114	-53.977974705874	464.765697455968	-176.539351129383	
0.277586206897	0.146529651562	-0.495159843477	-1.123725013277	57.681376904703	-194.919603337915	-442.354194779995	-54.139597800798	465.251763433107	-175.664552417733	
0.278448275862	0.147068959695	-0.491415965292	-1.124904057045	57.893675476174	-193.445826212181	-442.818325195103	-54.473430938604	466.717994616126	-174.511960543361	
0.279310344828	0.145831237412	-0.486135059118	-1.127865945903	57.406446272122	-191.366998233256	-443.984272330795	-54.327872379698	468.055806358425	-172.141291065637	
0.280172413793	0.144606169699	-0.482966254119	-1.131333038548	56.924198537531	-190.119598587372	-445.349092867218	-54.143189406749	469.570773742449	-170.528772827656	
0.281034482759	0.144398340886	-0.480413057607	-1.132097608714	56.842386754481	-189.114533136332	-445.650065806222	-54.040781400822	469.563048325227	-169.521984647638	
0.281896551724	0.144375917986	-0.479433123481	-1.130426368487	56.833559982800	-188.728782204429	-444.992182323910	-53.921299081646	468.852688444638	-168.978239847639	
0.282758620690	0.144284424811	-0.479574204248	-1.126323792800	56.797543707420	-188.784318628477	-443.377203976775	-53.833144717011	467.200682861004	-169.348771508701	
0.283620689655	0.145006992859	-0.480510982156	-1.121400218197	57.081982518598	-189.153081121356	-441.439039521078	-54.113248330695	465.441618736088	-170.073406162354	
0.284482758621	0.145503985912	-0.483011471602	-1.118812347393	57.277623764568	-190.137398443121	-440.420324539746	-53.923472365445	464.145481959003	-171.123084814910	
0.285344827586	0.146034375328	-0.487289101817	-1.114882547903	57.486411484344	-191.821286980917	-438.873359518485	-54.259074086131	462.008221286217	-172.984228367346	
0.286206896552	0.148204201620	-0.491073145337	-1.116429855295	58.340563301613	-193.310875184811	-439.482456857643	-53.883685162641	461.941179744475	-174.463086325152	
0.287068965517	0.148650710284	-0.493260139493	-1.116814046556	58.516331374693	-194.171785129564	-439.633693694167	-53.783401159760	461.451832965149	-175.151875826784	
0.287931034483	0.148116938418	-0.495309272634	-1.118415883775	58.306212154153	-194.978426104689	-440.264256691763	-54.008473451830	461.610568568704	-176.161029634006	
0.288793103448	0.148047148295	-0.496895219477	-1.120245881789	58.278739281932	-195.602733858186	-440.984635155030	-54.096652352631	462.417469687993	-176.772449926665	
0.289655172414	0.147264696632	-0.497561828265	-1.120658962311	57.970727294150	-195.865144314539	-441.147244244703	-54.184151540805	462.724833853820	-177.156783308532	
0.290517241379	0.146320904337	-0.496281946112	-1.121461118518	57.599203588824	-195.361318883495	-441.463012924028	-54.324981127760	463.976987132625	-176.592036911879	
0.291379310345	0.146335777251	-0.494243362036	-1.120964850868	57.605058309345	-194.558830546160	-441.267657232820	-54.648905433337	464.536104395271	-176.228176179210	
0.292241379310	0.145472969778	-0.489959515199	-1.123681922643	57.265414267682	-192.872494836162	-442.337232157840	-54.509331375106	466.352599020720	-174.287421272526	
0.293103448276	0.144344313424	-0.486266808701	-1.128385691411	56.821118851553	-191.418861438379	-444.188870077810	-54.464588123368	468.882884974709	-172.371012441110	
0.293965517241	0.143492364376	-0.482505980483	-1.131201146860	56.485749227522	-189.938411934571	-445.297173722358	-54.734145162992	470.360780128740	-170.760765984460	
0.294827586207	0.142940540445	-0.479398289716	-1.130459600145	56.268523813999	-188.715069897543	-445.005263961482	-54.849815955325	470.314258711871	-169.197851219576	
0.295689655172	0.142980985821	-0.478374568174	-1.129124417201	56.284445130535	-188.312082055193	-444.479669381874	-54.928175540758	470.161244838381	-168.964506968157	
0.296551724138	0.144648399346	-0.479406993874	-1.124650062631	56.940822232164	-188.718496288117	-442.718340329483	-54.851740512275	468.444560947850	-169.596044089192	
0.297413793103	0.145011173239	-0.480852020659	-1.119959835396	57.083628124446	-189.287330880802	-440.872033032291	-54.777664512650	466.397820052586	-169.927613930137	
0.298275862069	0.145374093740	-0.484183302826	-1.118513161776	57.226491729340	-190.598689641037	-440.302550163360	-54.586791914369	465.390511095712	-170.990001265299	
0.299137931034	0.147610714784	-0.488583011463	-1.118583362852	58.106937291207	-192.330634332766	-440.330184807291	-54.274426120411	464.887362093427	-172.579986468472	
0.300000000000	0.148428314609	-0.491955421409	-1.118149584468	58.428785348295	-193.658183037671	-440.159428006695	-54.183534294261	463.738840295016	-173.627586027655	
0.300862068966	0.149466175919	-0.495874513935	-1.119697235728	58.837339308586	-195.200933263951	-440.768660709549	-54.273648040874	464.102378963704	-175.080767731906	
0.301724137931	0.150064494228	-0.497319943291	-1.120179582696	59.072867227466	-195.769926328214	-440.958536526372	-54.297684922614	463.797068672111	-175.697737950199	
0.302586206897	0.148878675766	-0.497692139406	-1.122265599266	58.606069955071	-195.916441277274	-441.779696658110	-54.168110808256	464.645945132400	-175.807136906962	
0.303448275862	0.148068760931	-0.498521494742	-1.122779911061	58.287247093069	-196.242916889559	-441.982155424625	-54.575599995950	464.707848280080	-176.261184154845	
0.304310344828	0.147710761895	-0.497534781549	-1.124228231745	58.146320822582	-195.854497378706	-442.552286659874	-54.738559350821	465.813954262818	-176.126164806680	
0.305172413793	0.146889215271	-0.494572188147	-1.124757437388	57.822919108839	-194.688272899265	-442.760608387426	-54.574428371398	466.439316925311	-175.047443974104	
0.306034482759	0.146715140102	-0.490282846731	-1.126376804045	57.754394442618	-192.999774248823	-443.398071846006	-54.782670811170	468.032396901811	-173.808921169195	
0.306896551724	0.146203597356	-0.485775586494	-1.128937106263	57.553025711888	-191.225491885057	-444.405934457178	-54.623515512304	469.359686119339	-172.245071524871	
0.307758620690	0.144575229749	-0.482861314843	-1.131030279803	56.912019030752	-190.078289255969	-445.229911929445	-54.432073623816	470.059641666395	-170.735221120191	
0.308620689655	0.143744663147	-0.479646978448	-1.132890522399	56.585066603330	-188.812966182421	-445.962196168026	-54.062675510682	470.514777467928	-169.275792758837	
0.309482758621	0.143414978271	-0.478078450571	-1.131678468074	56.455286197944	-188.195515402422	-445.485071151894	-53.848090607764	469.662050719275	-168.832354174491	
0.310344827586	0.142996705773	-0.478465267596	-1.127651530152	56.290633287702	-188.347785870270	-443.899867600559	-53.710729285435	467.997961734347	-169.257000346332	
0.311206896552	0.144010375779	-0.479890744863	-1.122488771640	56.689664343890	-188.908924797676	-441.867548431997	-53.939399985309	466.057548419005	-170.195861031421	
0.312068965517	0.145381388139	-0.482355266616	-1.120057553816	57.229363168252	-189.879083441973	-440.910499874696	-53.640951791911	464.852853705906	-171.350608619644	
0.312931034483	0.146688887697	-0.487231377549	-1.116334960605	57.744060186957	-191.798563830900	-439.445101576429	-53.724765491213	462.618132574015	-173.022196157945	
0.313793103448	0.148161688833	-0.491523573344	-1.115682296375	58.323828149070	-193.488186106885	-439.188180393164	-53.893228394183	461.628975312780	-174.521850838944	
0.314655172414	0.148830980403	-0.493782239301	-1.116276950918	58.587294682166	-194.377309645844	-439.422266071195	-53.957474452280	461.476013146873	-175.389106735835	
0.315517241379	0.148841495971	-0.495221254113	-1.118070327930	58.591434134051	-194.943777625933	-440.128228681834	-54.090231718796	462.018807713377	-175.855450178504	
0.316379310345	0.149387831176	-0.497538807899	-1.119607384126	58.806498911337	-195.856082350679	-440.733290638984	-54.380992894077	462.856289818206	-177.012109153710	
0.317241379310	0.149702798813	-0.498432447044	-1.119449896218	58.930485877613	-196.207863275633	-440.671295546027	-54.448885891119	462.603815861475	-177.435001900845	
0.318103448276	0.148872598115	-0.497578237594	-1.119696257867	58.603677488697	-195.871603844664	-440.768275774749	-54.440621670890	463.437995073439	-176.882347831261	
0.318965517241	0.147821779962	-0.495196382604	-1.119213940690	58.190023069195	-194.933986959910	-440.578411685395	-54.638102804129	463.593200021936	-176.220080607314	
0.319827586207	0.146442552340	-0.490293538462	-1.120808915641	57.647090308104	-193.003983047298	-441.206273352463	-54.623099631346	465.067974647761	-174.390472178602	
0.320689655172	0.143889422228	-0.485556771654	-1.123013305127	56.642050995627	-191.139355453730	-442.074030965961	-54.983099473749	466.569156782587	-172.601001917472	
0.321551724138	0.143562632488	-0.481999362130	-1.126943770014	56.513410260056	-189.738981690630	-443.621257920781	-54.905158832996	468.616481629596	-171.039459983756	
0.322413793103	0.143240559183	-0.478896863051	-1.127249643107	56.386626148521	-188.517683360741	-443.741664821246	-54.788583970177	468.849357586417	-169.582960465902	
0.323275862069	0.142566576004	-0.478379615439	-1.125527331748	56.121312763824	-188.314068910659	-443.063677194751	-54.819106060764	468.022189676612	-169.234087533009	
0.324137931034	0.143269576928	-0.478782084435	-1.123705562397	56.398048979477	-188.472500774490	-442.346537943852	-54.620981716340	467.389097888980	-169.525286066298	
0.325000000000	0.144106204823	-0.481581044607	-1.121812596698	56.727387433958	-189.574311055941	-441.601372260595	-54.277688234018	466.361598418816	-170.442389883982	
0.325862068966	0.145306090953	-0.485043121632	-1.120869050025	57.199722441760	-190.937157194393	-441.229945244033	-54.304048284640	465.754769683086	-171.402537191149	
0.326724137931	0.147911224634	-0.489308076548	-1.119577405516	58.225232952033	-192.616056102331	-440.721489563372	-54.305984313252	464.606033024565	-172.938122107080	
0.327586206897	0.148859160933	-0.491356909061	-1.117903489232	58.598387943880	-193.422578735271	-440.062552651374	-54.492956915977	463.324573159541	-173.717982658880	
0.328448275862	0.149458934552	-0.494442807761	-1.116990039207	58.834488745204	-194.637342328357	-439.702973176606	-54.815395633743	462.941306005329	-174.618396982866	
0.329310344828	0.149914542853	-0.496330767940	-1.117492573217	59.013838889472	-195.380537589269	-439.900795619652	-54.994860569006	463.180850574361	-175.693458915644	
0.330172413793	0.149603045079	-0.498091850921	-1.118236772754	58.891217834318	-196.073787659304	-440.193749663345	-55.209931126008	463.568616382705	-176.413235427027	
0.331034482759	0.149577982336	-0.498162055005	-1.120773418823	58.881351888663	-196.101423487087	-441.192300034822	-54.856178286418	464.525833151423	-176.197765468518	
0.331896551724	0.148751950685	-0.495975558800	-1.120201608228	58.556184644694	-195.240709560803	-440.967206874029	-55.169998416354	464.726902266460	-175.772021315948	
0.332758620690	0.147568327471	-0.492638164574	-1.119020189112	58.090251531600	-193.926944789266	-440.502141403694	-55.169156100058	464.743359633293	-174.655089087087	
0.333620689655	0.146179874836	-0.489460304923	-1.118946228665	57.543687345384	-192.675980780616	-440.473026883960	-55.272017479880	465.523651551484	-173.687445802867	
0.334482758621	0.145291022139	-0.485297577919	-1.123263337131	57.193790605056	-191.037323876093	-442.172456029504	-54.996661031353	467.696110255714	-172.161689997525	
0.335344827586	0.144051228647	-0.482621039446	-1.127453565637	56.705746069841	-189.983704879328	-443.821938896521	-54.360301204867	469.173444335190	-170.754678834746	
0.336206896552	0.142437890009	-0.480077552770	-1.129359300538	56.070655539972	-188.982461703973	-444.572131174907	-54.230133715723	469.563830821949	-169.638106295496	
0.337068965517	0.142227845198	-0.478033488026	-1.130470502505	55.987971429403	-188.177815902806	-445.009555674001	-53.722841412982	469.762038276025	-168.977358303814	
0.337931034483	0.142252247470	-0.479274353940	-1.126910326750	55.997577380508	-188.666282596742	-443.608092984621	-53.384556804959	468.074890349518	-169.555388022660	
0.338793103448	0.143002566564	-0.482533479146	-1.125460835510	56.292940387256	-189.949236779583	-443.037500960198	-53.398650866437	467.543704747397	-170.805921076159	
0.339655172414	0.145255720710	-0.486338937911	-1.122446515755	57.179894202674	-191.447255091831	-441.850914408647	-53.660752221705	465.888664447178	-172.410214182180	
0.340517241379	0.147907624419	-0.490308010791	-1.119663772824	58.223815727776	-193.009680077566	-440.755488042239	-53.472320256480	464.000495288287	-173.717708662379	
0.341379310345	0.149348628716	-0.493921402554	-1.116579344697	58.791066868339	-194.432091241193	-439.541303339866	-53.928708644774	462.067333139986	-174.914968831102	
0.342241379310	0.150502037434	-0.496771160473	-1.116354484948	59.245106049198	-195.553898048496	-439.452787331159	-54.048434752377	461.630152460506	-176.128390129723	
0.343103448276	0.150174146197	-0.500252680004	-1.114965144962	59.116031709499	-196.924397726402	-438.905873839303	-54.525351872647	460.823301663858	-177.512992188172	
0.343965517241	0.149693139139	-0.501948966956	-1.117508018804	58.926683348309	-197.592140848459	-439.906875772535	-54.480576054761	461.902665891001	-178.254912459452	
0.344827586207	0.149939360261	-0.502379095739	-1.117165193529	59.023608258512	-197.761460983887	-439.771922650856	-54.584198759121	461.919865935504	-178.763337409389	
0.345689655172	0.149534542860	-0.499502890708	-1.117469709895	58.864251945200	-196.629243274791	-439.891795476016	-54.628021870594	462.513514153466	-177.662894329867	
0.346551724138	0.147806002095	-0.497082596741	-1.116856650839	58.183812114113	-195.676494892173	-439.650464864300	-54.776503047509	462.479448580387	-176.919177221777	
0.347413793103	0.146711203436	-0.492111380694	-1.118963934245	57.752844774475	-193.719576388284	-440.479996683106	-54.462666773702	463.975445718930	-174.815589901311	
0.348275862069	0.143715878948	-0.487054396620	-1.122671375806	56.573735707482	-191.728895312959	-441.939430536754	-54.537077299296	465.847729842079	-172.811604054177	
0.349137931034	0.142206521642	-0.482993843950	-1.127092597029	55.979577414677	-190.130459320500	-443.679843654350	-54.322084585178	468.023799107235	-171.010445422644	
0.350000000000	0.141971031947	-0.479293118184	-1.128054793002	55.886876929012	-188.673669138684	-444.058611965234	-54.044733218851	468.385120919605	-169.689144700214	
0.350862068966	0.142093204540	-0.478740910167	-1.125678123028	55.934970153231	-188.456292529793	-443.123036161392	-53.626985198951	467.224482803679	-169.263525525740	
0.351724137931	0.142566097792	-0.481082607208	-1.124082968690	56.121124516031	-189.378101243642	-442.495103878327	-53.506970440681	466.601086741375	-170.014260642488	
0.352586206897	0.143608175634	-0.485873040486	-1.124226444000	56.531338313174	-191.263854635546	-442.551582914479	-53.310948650168	466.230367063208	-171.495404918840	
0.353448275862	0.144634764840	-0.489792776033	-1.124577395508	56.935455010911	-192.806857986729	-442.689734926462	-53.129751589866	465.709980477172	-172.541503986327	
0.354310344828	0.147035008691	-0.494017559389	-1.123534036899	57.880310668227	-194.469943365832	-442.279016955485	-53.585347562491	464.710943616724	-174.247782226838	
0.355172413793	0.148545800264	-0.496037320344	-1.122484124959	58.475033559960	-195.265021983969	-441.865719266882	-53.720755625643	463.590325535921	-175.201568946226	
0.356034482759	0.148984841266	-0.499059619351	-1.120056665745	58.647861989249	-196.454749566950	-440.910150285732	-54.266356531263	462.248214774099	-176.258984069940	
0.356896551724	0.149509693076	-0.502350662160	-1.121099913485	58.854469830988	-197.750268109796	-441.320824612860	-54.439849513209	462.489444797523	-177.723316327503	
0.357758620690	0.148784589492	-0.504341848776	-1.121719106129	58.569032906553	-198.534098443321	-441.564569711098	-54.499651623832	462.654076303636	-178.725380664605	
0.358620689655	0.147480562706	-0.501485279644	-1.123911584570	58.055702943914	-197.409610402990	-442.427638543671	-54.530051609525	463.713261334233	-177.740406738595	
0.359482758621	0.147237535552	-0.499523613016	-1.124958857233	57.960035338621	-196.637400608192	-442.839897281136	-54.768633176672	465.117717565978	-177.413901026751	
0.360344827586	0.147243894413	-0.495163143684	-1.124281813988	57.962538503620	-194.920902463684	-442.573379302420	-54.565383100233	465.092200986314	-175.928939622860	
0.361206896552	0.145353033514	-0.491626061003	-1.125806732985	57.218201374143	-193.528530359838	-443.173663452916	-54.381300381512	466.308694061574	-174.438975534790	
0.362068965517	0.143571508134	-0.487095291024	-1.131277270943	56.516904156860	-191.744993389026	-445.327139957173	-54.019092327242	468.895233319106	-172.329619571191	
0.362931034483	0.142104563281	-0.482617281589	-1.135331477196	55.939441519882	-189.982225599585	-446.923077683290	-53.230511891461	470.277224060690	-170.429437072464	
0.363793103448	0.140948329862	-0.478683017198	-1.136191140772	55.484290395834	-188.433502970694	-447.261484130267	-52.802623581684	470.403234193406	-168.797987310556	
0.364655172414	0.141701405056	-0.479466267748	-1.133753619214	55.780738341119	-188.741829440595	-446.301954108887	-52.667678463262	469.759753457097	-169.389806181089	
0.365517241379	0.142967392422	-0.482295944346	-1.129547008458	56.279094090900	-189.855731238543	-444.646022371160	-52.596737843874	467.793499763386	-170.402313139899	
0.366379310345	0.143819962953	-0.485927438996	-1.128102807222	56.614708361810	-191.285268601421	-444.077512755918	-52.586868796769	466.932508950822	-171.449508631492	
0.367241379310	0.146130319608	-0.490884117364	-1.125334650174	57.524179936700	-193.236464349583	-442.987828120264	-53.077155977364	465.462662570674	-173.477661422271	
0.368103448276	0.148743396883	-0.494967341591	-1.123776725697	58.552817441464	-194.843824997304	-442.374551366996	-52.963293052804	463.867131527903	-174.909161545635	
0.368965517241	0.149140910259	-0.497729188004	-1.123227467172	58.709298526512	-195.931025452546	-442.158335825307	-53.389738087627	462.928960263916	-175.938179141233	
0.369827586207	0.149247493027	-0.499912170590	-1.123693133153	58.751254818280	-196.790356243264	-442.341645173866	-53.878269493649	462.801070737618	-177.054238619005	
0.370689655172	0.148508286385	-0.501561584766	-1.123758305253	58.460266226794	-197.439647903490	-442.367300161632	-54.090869125388	462.442813155044	-178.086975338592	
0.371551724138	0.147803407371	-0.501565517210	-1.125184713649	58.182790701528	-197.441195909689	-442.928805628000	-54.108011266979	463.237461191735	-178.148012677731	
0.372413793103	0.147507133252	-0.500070178078	-1.125173247724	58.066162435611	-196.852555868602	-442.924292068164	-54.516916916274	463.874573547554	-178.098904933050	
0.373275862069	0.146934970205	-0.496070636801	-1.125106903288	57.840930532132	-195.278137002684	-442.898175590234	-54.486808592774	464.616174518105	-176.813721614335	
0.374137931034	0.145763051336	-0.492082673857	-1.125454808007	57.379604832695	-193.708275945825	-443.035128234287	-54.342481723335	465.147007093435	-175.198346147305	
0.375000000000	0.144353673405	-0.488124359903	-1.128557082691	56.824803406561	-192.150086210037	-444.256338231214	-54.468966155104	467.198327552932	-173.753785811365	
0.375862068966	0.142958060941	-0.483738575307	-1.133267559592	56.275420755001	-190.423622715356	-446.110616806472	-53.735681622190	468.874859066508	-171.395476059481	
0.376724137931	0.141546890687	-0.480579655310	-1.135872797497	55.719913781008	-189.180114299150	-447.136168344192	-53.398261302818	469.919659690950	-169.942233736695	
0.377586206897	0.141820235743	-0.480384620137	-1.134986890618	55.827516024379	-189.103338730166	-446.787431224852	-53.195150846539	469.619620838735	-169.958473634982	
0.378448275862	0.143132435834	-0.481569200742	-1.131877541139	56.344063407073	-189.569648720138	-445.563436236195	-52.999105611705	468.500370036097	-170.380813181536	
0.379310344828	0.144380093336	-0.485712795669	-1.128911336382	56.835203608865	-191.200774285594	-444.395790147204	-52.964440744520	467.024851254505	-171.592041146022	
0.380172413793	0.146234425711	-0.490268055873	-1.127336254198	57.565161289692	-192.993951829781	-443.775759264953	-53.102470835370	466.059818769708	-173.036512216200	
0.381034482759	0.147702203233	-0.494493457453	-1.123929802948	58.142951706595	-194.657280572306	-442.434810205418	-53.414503185704	464.277826658965	-174.330974528497	
0.381896551724	0.147888506092	-0.496629969357	-1.123834913675	58.216289801078	-195.498318185552	-442.397457056343	-53.767878804900	463.931783266506	-175.288402208165	
0.382758620690	0.149566432243	-0.500331414193	-1.124270412095	58.876805196548	-196.955391429005	-442.568890948676	-54.120397035632	463.614377838000	-176.959441963447	
0.383620689655	0.149619098119	-0.503471701931	-1.125666894018	58.897537111061	-198.191565258996	-443.118615862911	-54.102649254778	463.742219117812	-178.103234709650	
0.384482758621	0.148307120629	-0.505113674373	-1.126999934145	58.381077355042	-198.837927482108	-443.643366923095	-54.240927596938	463.864520365782	-178.907511625133	
0.385344827586	0.146911696731	-0.504143991897	-1.129138502224	57.831768932431	-198.456212110444	-444.485213949151	-54.300650416874	464.905566453160	-178.887034705669	
0.386206896552	0.145394340605	-0.501634726842	-1.130117401326	57.234461904794	-197.468440271571	-444.870557444316	-54.286927012944	465.814954305777	-178.147294161097	
0.387068965517	0.144813265686	-0.498312791940	-1.132432879441	57.005721844098	-196.160761060766	-445.782045081377	-54.127643918432	467.561571963151	-176.986001931803	
0.387931034483	0.144313630811	-0.494568194350	-1.133533560294	56.809040645217	-194.686700741313	-446.215327945469	-54.225727403695	468.597771589803	-175.908959493832	
0.388793103448	0.143372624545	-0.490861108539	-1.137221137226	56.438613659858	-193.227406929072	-447.666942090747	-53.642950623327	470.127504080618	-174.218848573929	
0.389655172414	0.142673681343	-0.485099504767	-1.140364347450	56.163474765562	-190.959352407448	-448.904266357082	-53.177668787200	471.548237636568	-171.440080074077	
0.390517241379	0.141761024669	-0.482417389824	-1.140670754513	55.804207593449	-189.903538234126	-449.024883454724	-52.932770682817	471.467551935803	-170.441732286621	
0.391379310345	0.141267468274	-0.481671984405	-1.136859369946	55.609919187193	-189.610109495044	-447.524532451287	-52.786361718694	470.033689994478	-170.025003806607	
0.392241379310	0.142324685263	-0.483820497178	-1.131446828946	56.026092507343	-190.455871248299	-445.393886441371	-53.072326208670	468.386600934737	-171.001796710919	
0.393103448276	0.144551661021	-0.486226129808	-1.126887457949	56.902741204146	-191.402848197580	-443.599090684274	-53.327170893783	466.728873529231	-172.104591270854	
0.393965517241	0.146894020420	-0.490818621249	-1.122514233712	57.824810654740	-193.210681812960	-441.877571573296	-53.495336984459	464.633869223723	-173.511060273050	
0.394827586207	0.149347975851	-0.495270508988	-1.119690822628	58.790809868172	-194.963166800881	-440.766136193656	-53.639458269511	462.648011384666	-175.061237641545	
0.395689655172	0.150536390281	-0.497132174477	-1.119923363042	59.258629042597	-195.696011160874	-440.857675695386	-53.690835919355	462.373219000075	-175.734297814586	
0.396551724138	0.150218342473	-0.499734127867	-1.119684566069	59.133429567401	-196.720269750191	-440.763673300167	-53.991247515429	461.746066080181	-176.714053927938	
0.397413793103	0.149590607770	-0.501119741420	-1.120614594160	58.886321889167	-197.265716331972	-441.129778728543	-54.261926727706	462.008404472461	-177.650426584445	
0.398275862069	0.149680341543	-0.502521423034	-1.120860884233	58.921645576224	-197.817488103932	-441.226730781331	-54.408429433645	462.213930202144	-178.431955447003	
0.399137931034	0.149037538433	-0.502140622182	-1.119433444419	58.668606221777	-197.667585901715	-440.664819297506	-54.589582765405	461.801418010872	-178.610003509583	
0.400000000000	0.148554569370	-0.499639019607	-1.119454789455	58.478485517434	-196.682830396717	-440.673221768086	-54.612477851726	462.422580730421	-177.847458272623	
0.400862068966	0.147241527199	-0.495870814266	-1.118306959294	57.961606649927	-195.199476889745	-440.221378585257	-54.662516096333	462.391056333634	-176.752546406822	
0.401724137931	0.145013284747	-0.490758767917	-1.120572799369	57.084459319567	-193.187120557319	-441.113326214668	-54.465184087341	463.896247932664	-174.594557015109	
0.402586206897	0.143466559337	-0.485813899689	-1.126124547531	56.475591077563	-191.240573868718	-443.298771104688	-54.134767489136	466.676039382643	-172.489649510920	
0.403448275862	0.143396042449	-0.482629134914	-1.127739687718	56.447832114288	-189.986891659428	-443.934570814169	-53.792151863005	467.148247547215	-170.976242808108	
0.404310344828	0.143342118760	-0.480641649517	-1.125481141093	56.426605061818	-189.204518309940	-443.045494250031	-53.797204635412	466.183149607973	-169.977717352967	
0.405172413793	0.144053833600	-0.480105968516	-1.124032772937	56.706771509081	-188.993647558684	-442.475344327188	-53.690154959422	466.115922344101	-169.763431594054	
0.406034482759	0.145081551206	-0.482951188804	-1.121229776224	57.111332401463	-190.113668128336	-441.371945062214	-53.816687674714	464.748303175226	-170.948032584985	
0.406896551724	0.145476724836	-0.485761579033	-1.121895370670	57.266892445717	-191.219977849933	-441.633956223016	-53.659638102411	464.645757212005	-171.618114387249	
0.407758620690	0.146979203595	-0.490320407666	-1.119949905551	57.858342999767	-193.014560105499	-440.868124150033	-54.161219162185	463.471432226016	-173.496380449188	
0.408620689655	0.149093064402	-0.493317962902	-1.119353336710	58.690464011849	-194.194547306259	-440.633284909138	-54.051216417064	462.566532733096	-174.546978262960	
0.409482758621	0.148914612148	-0.495150016220	-1.119223422731	58.620216306971	-194.915734839331	-440.582144289388	-54.378539728730	462.175296483662	-175.257179603076	
0.410344827586	0.148350836261	-0.496380933128	-1.120837973431	58.398286007423	-195.400285108797	-441.217711947230	-54.697204879365	462.795968887418	-176.123283389123	
0.411206896552	0.147326007624	-0.497582273355	-1.122136754056	57.994862357314	-195.873192521325	-441.728976759195	-54.615842948653	462.965036593409	-176.941566077074	
0.412068965517	0.146497401186	-0.497522111061	-1.124794531769	57.668681548677	-195.849509642743	-442.775210585235	-54.409773048264	464.133317251123	-176.927628101444	
0.412931034483	0.145820453343	-0.495960395977	-1.126184938879	57.402201124758	-195.234740717935	-443.322544150331	-54.290728965421	464.980625602106	-176.342071318124	
0.413793103448	0.144391725684	-0.493033569697	-1.126864733492	56.839782680899	-194.082595960618	-443.590145204889	-54.398979091163	465.998055333357	-175.312508473263	
0.414655172414	0.142482120617	-0.489969658260	-1.129795853426	56.088066912671	-192.876487650759	-444.743980158398	-54.115840846251	467.532665410084	-174.067554800728	
0.415517241379	0.141738546362	-0.487166274824	-1.135728429181	55.795359010756	-191.772936152003	-447.079337777063	-53.994382880686	470.701479716210	-173.001721955224	
0.416379310345	0.142346906519	-0.483069451009	-1.140883033411	56.034839901708	-190.160222028591	-449.108447013109	-53.414069990931	472.832199554078	-171.080675002482	
0.417241379310	0.142132783147	-0.479687919276	-1.141008868508	55.950550266294	-188.829082533644	-449.157981981615	-53.271931331654	472.886076422194	-169.437070345271	
0.418103448276	0.142583133595	-0.478313361978	-1.139011394181	56.127830657464	-188.287988244676	-448.371676491214	-53.199082474686	472.311637261173	-168.927420822373	
0.418965517241	0.143611090507	-0.480758565676	-1.133211743838	56.532485752260	-189.250542339720	-446.088644942717	-53.452851410977	470.200135534776	-169.739847496691	
0.419827586207	0.144222435887	-0.483662899761	-1.129856484943	56.773141775849	-190.393833047323	-444.767847746443	-53.357702088340	468.773976087960	-170.458682801166	
0.420689655172	0.146464441089	-0.488338103717	-1.126226103154	57.655706811305	-192.234226432389	-443.338748461393	-53.717907265780	467.287772517354	-172.225040512893	
0.421551724138	0.148836209115	-0.491818495099	-1.123452345988	58.589352963777	-193.604282014678	-442.246859339777	-53.464605590484	465.370458591301	-173.389728043646	
0.422413793103	0.149595148871	-0.495209406326	-1.122067202594	58.888109492957	-194.939113746457	-441.701597836075	-53.454440184881	464.040979573533	-174.645362061761	
0.423275862069	0.150153721320	-0.497659059213	-1.121853782820	59.107991459618	-195.903419263834	-441.617585171544	-53.793597127990	463.241645813247	-175.728003710335	
0.424137931034	0.148183363607	-0.499199770439	-1.123423388308	58.332360420496	-196.509920023139	-442.235460153059	-53.637071855578	463.447139306995	-176.383027516443	
0.425000000000	0.146370529625	-0.501916825982	-1.124522936743	57.618738576604	-197.579488558654	-442.668297241141	-53.951228920353	463.605078148269	-177.760954846174	
0.425862068966	0.146663379689	-0.502646596765	-1.126516025904	57.734018963172	-197.866762725542	-443.452876511365	-53.841860271540	464.551248501934	-178.400901561535	
0.426724137931	0.146577400125	-0.501003945228	-1.125247203530	57.700173119713	-197.220133177172	-442.953404760734	-54.164243514565	464.579689615161	-178.081671455250	
0.427586206897	0.146608631030	-0.497666594982	-1.127173323108	57.712467161321	-195.906385718056	-443.711621464407	-53.649480842395	465.485716145067	-176.755920066470	
0.428448275862	0.145748184239	-0.492815519459	-1.128877283716	57.373752401868	-193.996760514981	-444.382385319948	-53.564463843576	466.578934093900	-174.968489486171	
0.429310344828	0.143594388509	-0.486992890561	-1.133900807747	56.525911013100	-191.704683461290	-446.359894854101	-53.216715278169	468.738357055378	-172.336266053010	
0.430172413793	0.142155025753	-0.483040405030	-1.136563129542	55.959306065007	-190.148788082979	-447.407917457487	-53.112376718316	469.991180304627	-170.430321971832	
0.431034482759	0.142722451773	-0.480748795829	-1.137078017312	56.182673238825	-189.246696440692	-447.610602956399	-53.017325972366	470.260407647403	-169.936488305086	
0.431896551724	0.144147590568	-0.480995364884	-1.132916673923	56.743678926492	-189.343758314826	-445.972490711624	-53.191816798205	468.627093426257	-169.938849032786	
0.432758620690	0.145389884837	-0.481853371723	-1.129406285550	57.232707892209	-189.681512587363	-444.590626818331	-52.929544465863	467.159409931309	-170.171537573397	
0.433620689655	0.145732019502	-0.484137918475	-1.124343506243	57.367389155680	-190.580824097717	-442.597664449733	-53.502453602547	465.325455445006	-171.087185977537	
0.434482758621	0.145564752903	-0.488004216079	-1.120895189980	57.301544682366	-192.102791610409	-441.240235233971	-53.519433583175	463.356882619714	-172.490324235801	
0.435344827586	0.145987753749	-0.491379742259	-1.118403720524	57.468058906034	-193.431567020621	-440.259468629899	-53.884141633220	461.987981824855	-173.905903237878	
0.436206896552	0.147593856213	-0.493727809143	-1.118898790106	58.100300917152	-194.355883221815	-440.454352701786	-54.205077965022	461.857539790140	-175.185584475189	
0.437068965517	0.147988723947	-0.495054194471	-1.119005203585	58.255740545672	-194.878014621446	-440.496242353183	-54.362870170516	461.460874416389	-175.794448606475	
0.437931034483	0.147699422314	-0.496633715568	-1.122169366772	58.141856998211	-195.499792880906	-441.741814750481	-54.201665672901	462.403211368964	-176.532947603673	
0.438793103448	0.147246321194	-0.497753436551	-1.123670525891	57.963493805467	-195.940570889844	-442.332745828330	-54.183168533793	463.186999720556	-177.377552740263	
0.439655172414	0.145935290434	-0.496961931021	-1.123754409968	57.447406729687	-195.628994848136	-442.365766783481	-54.250649457046	463.520578589888	-177.095466190698	
0.440517241379	0.145373515461	-0.494325058822	-1.125737461803	57.226264089635	-194.590990474816	-443.146394861610	-54.126075473966	465.474450459817	-176.106249445542	
0.441379310345	0.145569225206	-0.491340517257	-1.126798464398	57.303305203603	-193.416126104057	-443.564058385281	-54.036528082222	466.426018906401	-175.223898351352	
0.442241379310	0.144147966170	-0.486803330668	-1.129731985554	56.743826782341	-191.630063235759	-444.718838579324	-53.883067936864	468.268647035152	-173.180578853631	
0.443103448276	0.143007851441	-0.483111099451	-1.134073495803	56.295020778230	-190.176616932258	-446.427873483289	-53.846501737733	470.757261549974	-171.317307053210	
0.443965517241	0.142764479813	-0.479044064700	-1.135566569008	56.199217570777	-188.575629269378	-447.015621542277	-53.722192694560	471.519427380333	-169.427450980436	
0.444827586207	0.142415165450	-0.477514050916	-1.133382614423	56.061710020667	-187.973339556647	-446.155908124613	-53.902368168779	471.006373416789	-168.563212984381	
0.445689655172	0.144028000566	-0.478164619518	-1.131000127605	56.696602338952	-188.229435796234	-445.218042520982	-53.878074752800	470.474051536450	-168.762874043379	
0.446551724138	0.146086238481	-0.481516962636	-1.124897293797	57.506827407410	-189.549085197286	-442.815662843510	-54.376944968043	468.245093466048	-170.094092459048	
0.447413793103	0.147288026599	-0.485019458735	-1.121797004595	57.979911132476	-190.927842297995	-441.595234431181	-54.346874173363	466.724400213200	-170.887369051900	
0.448275862069	0.149219159603	-0.489757598874	-1.119616022660	58.740101370089	-192.793010503296	-440.736691196727	-54.591738490129	465.425014061144	-172.640798335480	
0.449137931034	0.150455560582	-0.492744808117	-1.118514307342	59.226810443001	-193.968925004902	-440.303001115202	-54.601697826991	464.121001132185	-173.872369917908	
0.450000000000	0.150151716239	-0.495508253875	-1.117349056226	59.107202159807	-195.056755042207	-439.844300176065	-54.891058723249	462.989021967803	-174.928435305302	
0.450862068966	0.150109540670	-0.497499203651	-1.118617043659	59.090599752988	-195.840492144067	-440.343443252345	-54.879054241656	463.365149437422	-175.715613479794	
0.451724137931	0.148901730610	-0.498937319145	-1.120600117464	58.615145491357	-196.406606107789	-441.124079978994	-54.772345019848	463.741604452865	-176.659948009236	
0.452586206897	0.147204840096	-0.500050437103	-1.123612245638	57.947164776992	-196.844784836535	-442.309803814707	-54.780964603559	465.039669235161	-177.319655290519	
0.453448275862	0.146884860175	-0.499273056629	-1.125984799870	57.821204725682	-196.538769121596	-443.243759457324	-54.483908043448	465.889201356306	-177.196263199269	
0.454310344828	0.146826574040	-0.496660405709	-1.127063423713	57.798260396829	-195.510299451028	-443.668359582682	-54.289120792643	466.833693590325	-176.523522787798	
0.455172413793	0.146111018319	-0.492968213004	-1.127544501948	57.516581987122	-194.056868307765	-443.857735962905	-53.992374514149	467.370561666254	-175.155336352002	
0.456034482759	0.144981784263	-0.488381994790	-1.130096536746	57.072059158270	-192.251504147156	-444.862344105348	-54.275028415629	469.039664350526	-173.447858022636	
0.456896551724	0.143636368173	-0.484411484336	-1.133358614518	56.542436302198	-190.688513260820	-446.146460565124	-53.887810990706	470.270920814197	-171.599434142487	
0.457758620690	0.142584678784	-0.480976942201	-1.134512979424	56.128438920962	-189.336506228248	-446.600876149453	-53.921681869170	470.652392153458	-169.879464482215	
0.458620689655	0.142994882031	-0.479212257025	-1.134819501235	56.289915371675	-188.641838154794	-446.721538417661	-53.739432070173	470.871480661169	-169.228753307496	
0.459482758621	0.143775789626	-0.480227557956	-1.129967270643	56.597319537525	-189.041511224807	-444.811458521659	-53.778746709054	469.060765325784	-169.931762181875	
0.460344827586	0.145288222106	-0.483044724919	-1.124973360931	57.192688372399	-190.150488606892	-442.845606659972	-53.812562173343	467.137765458759	-170.902213050046	
0.461206896552	0.146650118587	-0.485227616911	-1.121583878803	57.728798732429	-191.009783735159	-441.511337492827	-54.041971780459	465.732040831248	-171.740656552458	
0.462068965517	0.148879807297	-0.489771970116	-1.118751031494	58.606515382233	-192.798667740614	-440.396187544958	-53.904279086670	463.811286179368	-173.141189890211	
0.462931034483	0.148783612363	-0.492076416211	-1.116701708318	58.568648259884	-193.705812624570	-439.589471762373	-54.022393885975	462.332786179028	-173.865719965070	
0.463793103448	0.149107445177	-0.495036903612	-1.115964887230	58.696125001846	-194.871208077052	-439.299422243988	-54.599526021893	461.837269334906	-175.359678736419	
0.464655172414	0.149529037958	-0.497466451487	-1.117478599702	58.862084941277	-195.827599259360	-439.895294947383	-54.228503679733	461.908764038289	-176.552910472576	
0.465517241379	0.149113027234	-0.499635767628	-1.119192430374	58.698322377783	-196.681550255728	-440.569944152354	-54.252085273993	462.298040352840	-177.422843060174	
0.466379310345	0.148976889019	-0.501336739667	-1.120573189978	58.644731588275	-197.351137661525	-441.113479977926	-54.035736681972	462.651516640609	-178.290127083905	
0.467241379310	0.148292211585	-0.500169461655	-1.120973209394	58.375208412097	-196.891638835004	-441.270947565137	-53.782663975940	463.060968217847	-177.818837351934	
0.468103448276	0.146865785871	-0.498632772788	-1.121157552303	57.813696128578	-196.286721476615	-441.343514125628	-53.835238756903	463.558613496537	-177.372152896799	
0.468965517241	0.146429857872	-0.495428515297	-1.122037038040	57.642093132457	-195.025365962449	-441.689723563495	-53.948175969172	464.662789990353	-176.313541194811	
0.469827586207	0.145219716366	-0.488613201617	-1.123945414167	57.165721097515	-192.342518682485	-442.440955559516	-54.066471761736	466.197673602572	-173.612674827300	
0.470689655172	0.143665979601	-0.482902605053	-1.126445478172	56.554092836534	-190.094543141367	-443.425105406774	-54.074135368124	467.437392081355	-171.103413809430	
0.471551724138	0.143452242086	-0.480574231043	-1.125269911001	56.469955093685	-189.177979037118	-442.962343553804	-54.362633850649	467.071000930613	-170.046976618354	
0.472413793103	0.143714754174	-0.480037122181	-1.123113639408	56.573292940430	-188.966546208402	-442.113527541647	-54.247012373113	466.281253547243	-169.445107754159	
0.473275862069	0.142817246121	-0.480721878087	-1.119857512030	56.219989020631	-189.236100275470	-440.831753453419	-54.412285362652	465.200826243006	-169.602879578590	
0.474137931034	0.144543863175	-0.483810270478	-1.118862033653	56.899671583092	-190.451845509272	-440.439883529295	-54.610443455274	465.095150140878	-171.055091328742	
0.475000000000	0.145468981010	-0.485157698283	-1.117172063943	57.263844089924	-190.982260276958	-439.774627188342	-54.586399731185	463.956028018739	-171.564992590575	
0.475862068966	0.146986010626	-0.489102191716	-1.114780164661	57.861022586664	-192.535009566627	-438.833056369553	-54.933203161311	462.396133381623	-173.227004663322	
0.476724137931	0.148984239233	-0.491424061732	-1.113892749630	58.647624998964	-193.449013374786	-438.483725566429	-54.940227688624	461.579790544904	-174.109436094056	
0.477586206897	0.148800261255	-0.493421075212	-1.113690289429	58.575202093575	-194.235137452906	-438.404027136483	-54.864356058457	460.768730815287	-174.882680523294	
0.478448275862	0.147994509800	-0.495686431519	-1.114772054647	58.258018145696	-195.126894647276	-438.829863863654	-55.050439991286	461.110278901444	-175.880577951050	
0.479310344828	0.148257586268	-0.496608267484	-1.117214755220	58.361578160617	-195.489775246109	-439.791432603714	-54.967648763852	462.150443414233	-176.510080379740	
0.480172413793	0.147985081077	-0.496518248756	-1.118882332133	58.254306530317	-195.454339386337	-440.447874022965	-54.588399593448	462.736532871995	-176.534797739146	
0.481034482759	0.147662875659	-0.494732013679	-1.119422675341	58.127470412468	-194.751188197655	-440.660580051585	-54.529155857314	463.536378407715	-175.936691059130	
0.481896551724	0.147411522398	-0.492245894258	-1.118096922757	58.028525236304	-193.772527633931	-440.138697731579	-54.700813804103	463.538325282427	-175.315941671525	
0.482758620690	0.145678881766	-0.487871289183	-1.119007156456	57.346471493220	-192.050464956288	-440.497011100445	-54.461328748270	464.663911180362	-173.387163901791	
0.483620689655	0.143690686484	-0.483953606187	-1.123022556470	56.563818697774	-190.508269591050	-442.077672756129	-54.830476535715	467.133187611502	-171.833189373189	
0.484482758621	0.144379075997	-0.481214745887	-1.128816276534	56.834803133617	-189.430117616182	-444.358369851262	-54.176983993954	469.690284581078	-170.151399608950	
0.485344827586	0.143737043577	-0.478874596772	-1.129540990333	56.582067160690	-188.508918243234	-444.643653337350	-54.220400589842	469.720126521739	-168.933742509276	
0.486206896552	0.143312921258	-0.477953663139	-1.130098157283	56.415111469066	-188.146392846960	-444.862982029174	-54.024320833864	469.941768391948	-168.505868910909	
0.487068965517	0.143844316154	-0.479380720066	-1.126573990525	56.624294995979	-188.708153607250	-443.475694276453	-54.085448287257	468.424199801075	-169.336150826142	
0.487931034483	0.144649266841	-0.482841430303	-1.125485917910	56.941163721427	-190.070461709668	-443.047374643292	-53.729485256346	467.643611853522	-170.364987649445	
0.488793103448	0.145847916370	-0.487221351927	-1.122600650571	57.413011941666	-191.794617245991	-441.911589557541	-54.070449298485	466.059001719328	-171.902797111469	
0.489655172414	0.148072906848	-0.491612880278	-1.120800311392	58.288879132816	-193.523341769071	-441.202886290780	-54.125213114868	464.848473147647	-173.755906823525	
0.490517241379	0.148455957670	-0.493809995332	-1.118951569890	58.439667035350	-194.388235803865	-440.475129456432	-54.002951871871	463.295145350141	-174.553013458990	
0.491379310345	0.148524511326	-0.497026929922	-1.118282101660	58.466653172718	-195.654581656350	-440.211593381085	-54.443321401589	462.492217924363	-176.133140368324	
0.492241379310	0.148986762184	-0.500307753865	-1.120170824384	58.648618158300	-196.946077544084	-440.955088817993	-54.198808515339	462.864360238135	-177.610832983054	
0.493103448276	0.147756125973	-0.501187064482	-1.121522631346	58.164178385551	-197.292218046096	-441.487227440244	-54.027447412058	462.829689964854	-178.016462918749	
0.493965517241	0.147548707451	-0.501627590457	-1.123797809856	58.082528113184	-197.465631034696	-442.382851143116	-53.736750320303	463.805682212894	-178.261052288597	
0.494827586207	0.146959709296	-0.499908252909	-1.124962080831	57.850669071619	-196.788814048751	-442.841166250191	-53.900082982101	464.859899683616	-177.778041342823	
0.495689655172	0.145645313701	-0.496226730501	-1.125557647131	57.333257429094	-195.339583266107	-443.075610841132	-53.723467036021	465.186891066585	-176.194858835429	
0.496551724138	0.144697105850	-0.492020481246	-1.128525743572	56.959995540747	-193.683793833195	-444.244001591260	-53.937280910779	467.447738221451	-174.642880190183	
0.497413793103	0.144142164427	-0.487717904219	-1.132440487315	56.741542926962	-191.990084986665	-445.785039919927	-53.940508786031	469.515797003855	-172.781458058120	
0.498275862069	0.143361017530	-0.483340616907	-1.134729215905	56.434044559873	-190.266966446436	-446.685997609951	-53.789685949785	470.610947063026	-170.672740851006	
0.499137931034	0.143656289118	-0.480571645247	-1.135196984342	56.550278179516	-189.176961138768	-446.870134590199	-53.621160800437	470.645911962633	-169.428545551558	
0.500000000000	0.143610984026	-0.480109357173	-1.130549728277	56.532443836207	-188.994981503056	-445.040742888285	-53.576552129703	468.847413416906	-169.168834078845	
0.500862068966	0.143898971053	-0.482589780109	-1.125941383618	56.645809889219	-189.971399645608	-443.226668655751	-53.586562784738	466.929613877022	-169.942980630706	
