dbx_v3_0_0_0										
Time	Cx	Cy	Cz	Fx	Fy	Fz	Mx	My	Mz	
0.000000000000	0.000000000000	0.000000000000	0.000000000000	0.000000000000	0.000000000000	0.000000000000	0.000000000000	0.000000000000	0.000000000000	
0.000862068966	3.596207984621	-5.745288032689	38.714126329479	1415.650834118349	-2261.638323063594	15239.854164403590	188.586066697090	-10409.434423828294	-1683.051939199232	
0.001724137931	-0.922583006638	-1.176484559020	8.648538979218	-363.175714106675	-463.124311615573	3404.505932969431	255.606898985148	-2354.759536016331	-356.593025110398	
0.002586206897	-1.969147313646	-0.493538240467	6.876528751557	-775.156789870267	-194.281817062433	2706.952352202671	136.421281458388	-1873.589267945021	-217.418633313034	
0.003448275862	-2.118994508088	-0.691429603724	7.294424164754	-834.144286341485	-272.181948161047	2871.457295408659	133.504573166100	-2197.228222226186	-278.658874979900	
0.004310344828	-2.067750448567	-0.939155522179	8.078084796562	-813.972011568855	-369.699501259590	3179.946079102022	121.720155584734	-2421.330339930215	-346.181678717078	
0.005172413793	-2.156890848273	-0.922356280751	8.483124276456	-849.062218180381	-363.086463236806	3339.390271433483	145.736925284870	-2451.179184764465	-329.959705275964	
0.006034482759	-2.262545481304	-0.841941725774	8.886058232733	-890.653269092192	-331.431194043308	3498.005622307683	123.197047990776	-2542.990663914191	-297.934899680725	
0.006896551724	-2.315340656839	-0.871593023291	8.897404320309	-911.436142219562	-343.103456671670	3502.472020916797	130.390542836097	-2534.808474477768	-298.490459228960	
0.007758620690	-2.311455296905	-0.839126184946	8.940533467903	-909.906666434146	-330.322853608380	3519.449852573771	141.648973619329	-2486.135324844192	-282.922262406001	
0.008620689655	-2.329804284097	-0.797533944790	9.010278301657	-917.129763411729	-313.950027086453	3546.904975442771	103.688735841899	-2476.139383612323	-260.226652488019	
0.009482758621	-2.342972021140	-0.769959431966	9.229423441287	-922.313256137231	-303.095292808823	3633.171676655943	80.226371841304	-2531.112493242950	-255.745232972173	
0.010344827586	-2.355889096272	-0.766974397642	9.317308044559	-927.398075553593	-301.920231091451	3667.767537757649	90.372006492225	-2564.755748160225	-261.661677229819	
0.011206896552	-2.345702372615	-0.753574364335	9.232256911266	-923.388061698823	-296.645294711301	3634.287074919006	88.830048077818	-2540.692672517158	-262.482578144361	
0.012068965517	-2.300034587180	-0.735990195872	9.157443182545	-905.410892742274	-289.723269383914	3604.836576527127	81.150718624847	-2514.202266861549	-254.406989585649	
0.012931034483	-2.239943885437	-0.743347627533	9.139896647746	-881.756128499331	-292.619529642588	3597.929365729023	75.037022409022	-2509.791127763429	-253.353812837256	
0.013793103448	-2.171669400682	-0.724491876368	9.131041798526	-854.879809969965	-285.196944525480	3594.443645565564	70.302024136431	-2512.637789195553	-245.870702583048	
0.014655172414	-2.081361919004	-0.711954951898	9.066924298771	-819.330180384575	-280.261771793910	3569.203728297417	66.036484484647	-2498.392603284703	-240.379849067214	
0.015517241379	-1.980313650921	-0.731210182869	8.985165379365	-779.552429595418	-287.841612532240	3537.019248715616	73.291584899809	-2490.792482526606	-245.055911123690	
0.016379310345	-1.856830932758	-0.758991203760	8.876694520486	-730.943335317729	-298.777638914520	3494.319587709597	89.069191133672	-2472.790762098371	-250.002486324758	
0.017241379310	-1.714472292467	-0.772181693356	8.781407833421	-674.903715603628	-303.970088205414	3456.809888993494	113.977148386433	-2458.085951455892	-242.714066558019	
0.018103448276	-1.548466734136	-0.769085665221	8.644459151517	-609.555463187281	-302.751333664537	3402.899904755144	131.069794335238	-2427.085712712060	-228.571791158952	
0.018965517241	-1.371292451287	-0.765113799846	8.526513616989	-539.810631305611	-301.187804926620	3356.470528298207	146.783072925428	-2397.861057216465	-208.929831650693	
0.019827586207	-1.208485832571	-0.750454968656	8.411507968581	-475.721644636589	-295.417341513592	3311.198440923885	161.027447128491	-2362.145932301012	-179.631025286583	
0.020689655172	-1.068941539949	-0.749462615336	8.286935005679	-420.789895668950	-295.026700646281	3262.160170724898	171.509225504786	-2318.231099462297	-157.147986694273	
0.021551724138	-0.963467318357	-0.735369271939	8.165220441937	-379.269863898414	-289.478842063048	3214.247112185744	178.306522041843	-2273.034490749265	-133.033100940847	
0.022413793103	-0.883411262222	-0.714090209150	8.051862444369	-347.755718129372	-281.102317925287	3169.623624196116	182.911765007753	-2233.229578931346	-104.211495874003	
0.023275862069	-0.825336854067	-0.690314091704	7.940671276018	-324.894669853746	-271.742825749585	3125.853110672969	190.200131957372	-2197.037605284955	-78.102783142840	
0.024137931034	-0.780409491191	-0.669567098596	7.824268994622	-307.208968970178	-263.575751368961	3080.031237339741	201.125301942136	-2155.025165273887	-57.767097590593	
0.025000000000	-0.739566271047	-0.649531366554	7.682464288280	-291.130994917773	-255.688665611406	3024.209674272868	214.978338726467	-2100.323559634945	-40.159770035966	
0.025862068966	-0.707350550759	-0.636701132827	7.553171796343	-278.449244726271	-250.638031399988	2973.313556796074	222.841649318497	-2045.913472174149	-24.084029182298	
0.026724137931	-0.685168189296	-0.629792253969	7.460322949728	-269.717136171204	-247.918344396584	2936.763516386997	224.241368843581	-2002.748721460119	-10.749616828163	
0.027586206897	-0.666645869096	-0.628208501288	7.400135015271	-262.425806483892	-247.294898585329	2913.070476389766	226.459171023185	-1968.907873900833	1.314862000450	
0.028448275862	-0.649586524915	-0.632601809234	7.352973527261	-255.710378754606	-249.024328608689	2894.505309935249	231.897341782006	-1943.082529174950	11.319630470626	
0.029310344828	-0.627670536011	-0.617250546759	7.292207699337	-247.083128021311	-242.981288934477	2870.584781602447	245.915713887473	-1921.051208891797	28.821560456982	
0.030172413793	-0.602305746163	-0.602050701066	7.237886768115	-237.098253381591	-236.997854626503	2849.201293238422	258.310440856008	-1905.546697450169	44.475710763970	
0.031034482759	-0.585098448967	-0.595921480331	7.172171241696	-230.324583801319	-234.585080815034	2823.332311191851	268.872539773825	-1887.695584512547	53.192152918078	
0.031896551724	-0.568294725715	-0.598210611769	7.109756004887	-223.709781504342	-235.486199672165	2798.762491418026	278.508791444384	-1870.705034645760	52.997205852893	
0.032758620690	-0.556348835102	-0.605755993142	7.051163333393	-219.007269835582	-238.456446520992	2775.697428266180	288.750454677299	-1853.449864466069	51.169369503481	
0.033620689655	-0.550909380637	-0.617892244967	6.989511189741	-216.866023199466	-243.233894069418	2751.428000869390	300.149153017794	-1835.226047506807	47.675757038908	
0.034482758621	-0.553325182316	-0.625650495093	6.921477210445	-217.817005922284	-246.287936913596	2724.646357551885	313.727539060853	-1814.031783640395	46.209454419283	
0.035344827586	-0.559146341204	-0.634452699123	6.875552248171	-220.108510882738	-249.752933245977	2706.567950677870	324.192052964530	-1800.377434344142	41.268946999631	
0.036206896552	-0.565639939013	-0.638443637632	6.841962121521	-222.664722090416	-251.323970142177	2693.345164061089	334.848003666771	-1789.812816790656	35.248915564180	
0.037068965517	-0.573845087644	-0.642982728663	6.815517017961	-225.894686973512	-253.110787820982	2682.935022858721	347.226336323137	-1782.055285107359	27.679288851047	
0.037931034483	-0.585208647062	-0.653765801315	6.784106631870	-230.367963390624	-257.355555047803	2670.570293271465	354.585828730763	-1773.877048577957	18.297910661297	
0.038793103448	-0.585310356129	-0.657806792870	6.742574595812	-230.408001265764	-258.946295375033	2654.221166152086	356.396589854001	-1763.957262029103	10.249103329146	
0.039655172414	-0.579519901980	-0.663101598741	6.729745302335	-228.128583256002	-261.030600948821	2649.170902071158	350.433281779770	-1762.503810294652	2.792489855558	
0.040517241379	-0.570437505474	-0.662617542733	6.739291560879	-224.553288878342	-260.840051822175	2652.928796199723	340.873719800978	-1767.311911368095	-2.597591457363	
0.041379310345	-0.553081935534	-0.657159948341	6.769132396503	-217.721251585651	-258.691664385692	2664.675670691504	329.492822092492	-1779.738964771625	-5.780831895404	
0.042241379310	-0.539627805853	-0.644796896797	6.775486518143	-212.425020114699	-253.824936903333	2667.176976967236	319.912494061862	-1783.891694518988	-2.647833806453	
0.043103448276	-0.526647604000	-0.635865447047	6.745229493562	-207.315350802214	-250.309062865227	2655.266269280322	320.495677691296	-1778.951242385377	-0.113545246802	
0.043965517241	-0.517345438469	-0.621209793089	6.697401758637	-203.653544129882	-244.539850172736	2636.438834067739	322.121321426945	-1768.076995620703	4.903886336357	
0.044827586207	-0.506650476278	-0.608880109844	6.656756197447	-199.443461673072	-239.686258154496	2620.438668658032	323.230971885440	-1760.930086943997	10.244519933484	
0.045689655172	-0.497512434706	-0.590447005288	6.588957897152	-195.846262559829	-232.430048293291	2593.749800613060	328.312148989883	-1745.868080125104	20.443498097652	
0.046551724138	-0.487561262281	-0.567846101323	6.516853871846	-191.928973680874	-223.533180067952	2565.365979653925	334.626700189062	-1729.276495415350	32.647723042628	
0.047413793103	-0.478076425972	-0.550634188835	6.451913843541	-188.195258476064	-216.757693673953	2539.802273207661	342.224081585824	-1719.344417596797	42.398874535577	
0.048275862069	-0.469044127513	-0.532441069065	6.393762067268	-184.639685243863	-209.595954061738	2516.910768895779	350.480662807297	-1710.046766845117	52.755398163959	
0.049137931034	-0.463949654236	-0.517282069835	6.368926156417	-182.634240793713	-203.628599004096	2507.134087996916	354.343508416654	-1710.891854516351	61.427043210657	
0.050000000000	-0.464428009460	-0.503136029316	6.331146350426	-182.822545801415	-198.059996146444	2492.262029958622	354.855684176565	-1705.104355241356	68.686443796617	
0.050862068966	-0.465937470618	-0.497725390574	6.299524125988	-183.416746680964	-195.930092848311	2479.813909996441	358.786670946794	-1701.699902488357	70.620728424655	
0.051724137931	-0.468239419242	-0.504721956031	6.270182783971	-184.322911036356	-198.684297768088	2468.263661657537	361.036792447675	-1696.703822220186	70.056321011318	
0.052586206897	-0.466930841810	-0.514355195817	6.267214058560	-183.807788234179	-202.476432148799	2467.095019960043	360.336570567093	-1701.241894810323	69.061163737658	
0.053448275862	-0.466258500386	-0.510940985082	6.273776921616	-183.543120366926	-201.132424712415	2469.678497500402	354.904526486555	-1711.430795431394	71.353656043315	
0.054310344828	-0.461253114085	-0.503132725751	6.282986672816	-181.572745093187	-198.058695694880	2473.303925179758	350.913099270387	-1725.536110040500	74.419500050707	
0.055172413793	-0.451972387551	-0.501507240011	6.304840694468	-177.919377903286	-197.418821623827	2481.906782442999	346.422566194071	-1744.719091327587	76.618867186231	
0.056034482759	-0.434142646709	-0.513463996113	6.301661558448	-170.900682765883	-202.125610502886	2480.655312400783	339.127477962651	-1746.777346621211	69.520750971595	
0.056896551724	-0.410625594587	-0.529375850279	6.248658598471	-161.643171911612	-208.389327651268	2459.790644722010	332.588662123631	-1726.657452718189	58.958923374764	
0.057758620690	-0.401430593714	-0.553856378734	6.166124288160	-158.023550712859	-218.026111918211	2427.300931742484	329.504832035721	-1695.001017020115	45.807138462764	
0.058620689655	-0.400259184394	-0.577006786680	6.124818736262	-157.562424274315	-227.139292929967	2411.040960337284	328.468174082197	-1686.460147892482	33.642504790423	
0.059482758621	-0.407235486899	-0.611911729681	6.110628705448	-160.308652663255	-240.879658305241	2405.455040656402	330.893179991116	-1698.556633714317	11.167272299582	
0.060344827586	-0.408180371496	-0.641242761968	6.128809119795	-160.680607420351	-252.425848208551	2412.611778766207	331.172823571131	-1730.060791906480	-9.998885989265	
0.061206896552	-0.400007608363	-0.667354570102	6.149378014077	-157.463391120421	-262.704787336429	2420.708744367639	328.803559964093	-1752.075324546236	-29.094870055178	
0.062068965517	-0.384655362621	-0.688701639678	6.151445955089	-151.419964382197	-271.108082412918	2421.522791394627	326.617466838718	-1752.918647618351	-43.217902624075	
0.062931034483	-0.368153391862	-0.701019520468	6.115822977335	-144.923947252732	-275.957028383037	2407.499770927829	328.421055737901	-1727.980294686613	-49.278302513788	
0.063793103448	-0.358144489096	-0.699513870433	6.057902280935	-140.983932767895	-275.364327756051	2384.699231436904	329.668121697138	-1688.850620372587	-46.344843041889	
0.064655172414	-0.346696863542	-0.687476021443	6.011438463208	-136.477563633264	-270.625616581054	2366.408703580154	330.900083926004	-1652.271368322799	-40.218072731545	
0.065517241379	-0.332482317001	-0.669195956062	5.967098392920	-130.881993312111	-263.429650743007	2348.954191005446	333.837788256329	-1617.852073881062	-29.440496427592	
0.066379310345	-0.327349531825	-0.646043641091	5.917853810248	-128.861467344887	-254.315719029102	2329.569012274551	337.894899725708	-1583.985862518169	-17.777246431025	
0.067241379310	-0.328242040697	-0.632096403248	5.869284215567	-129.212804346267	-248.825375041818	2310.449543234884	340.017782401874	-1557.038508455482	-12.179540996591	
0.068103448276	-0.332401523871	-0.640922382771	5.854158219488	-130.850189016609	-252.299730620583	2304.495179900621	340.996906771991	-1551.345862670289	-20.801105738444	
0.068965517241	-0.337694108060	-0.662197562213	5.869894695659	-132.933620023074	-260.674726074447	2310.689859327601	343.935468365801	-1564.207784343126	-37.930637154849	
0.069827586207	-0.348525127775	-0.676317659150	5.910400765762	-137.197261658896	-266.233116215362	2326.635113932658	346.171861904109	-1594.865982064436	-51.256384341217	
0.070689655172	-0.356536518092	-0.687469238426	5.939535409837	-140.350953390004	-270.622946439874	2338.103995422173	341.782127698821	-1617.696833648482	-64.913764261566	
0.071551724138	-0.364072759576	-0.696539718765	5.946600817943	-143.317602312699	-274.193550006826	2340.885300319303	334.228009662033	-1635.280815464054	-76.655768850280	
0.072413793103	-0.364117827147	-0.705019669531	5.954736646727	-143.335343206769	-277.531691022754	2344.087977375956	328.596292241019	-1648.231820196573	-87.232224047335	
0.073275862069	-0.362092129477	-0.711812057057	5.957000746582	-142.537925312965	-280.205521098371	2344.979242525763	324.801825000643	-1654.536643184727	-95.716782830652	
0.074137931034	-0.351272244747	-0.711342632012	5.944258648162	-138.278666975178	-280.020731464350	2339.963302865624	319.920715565542	-1654.490582614931	-100.319324669894	
0.075000000000	-0.342965613262	-0.698744233511	5.915841163216	-135.008753265983	-275.061359419641	2328.776731777502	314.338069403610	-1643.894946300763	-96.471255212281	
0.075862068966	-0.340894529325	-0.683237939792	5.872664742031	-134.193469023284	-268.957291542569	2311.780290824578	310.758472639734	-1629.327436212864	-86.588555629467	
0.076724137931	-0.330702932265	-0.662651550427	5.829642741117	-130.181536748910	-260.853438984417	2294.844637564310	309.174706322509	-1615.474762131034	-73.790279362664	
0.077586206897	-0.319044099737	-0.638927826075	5.800476667701	-125.592025779708	-251.514571401947	2283.363383884012	306.790370592205	-1607.212057140202	-58.627014922252	
0.078448275862	-0.306983817628	-0.617683609070	5.771159032027	-120.844483785207	-243.151764341910	2271.822467570312	306.597249962921	-1595.528866745988	-43.714038923322	
0.079310344828	-0.302084912025	-0.602900448448	5.730101154218	-118.916024743733	-237.332358524632	2255.659993315262	306.638328663479	-1577.664328112739	-33.929802036303	
0.080172413793	-0.303947294142	-0.590265034365	5.704492889895	-119.649153308397	-232.358415259276	2245.579274707488	306.870194538896	-1568.230861683951	-26.355782748106	
0.081034482759	-0.307724887766	-0.586346739331	5.687633639602	-121.136206778914	-230.815974539518	2238.942614135449	308.170859927595	-1564.113131291549	-23.748659932246	
0.081896551724	-0.310289179495	-0.584675605227	5.692164082656	-122.145642756993	-230.158130944729	2240.726027529612	312.515196527741	-1570.985122998420	-23.362185285591	
0.082758620690	-0.316977605936	-0.585461138804	5.708048110763	-124.778548448423	-230.467357015080	2246.978790922252	313.941750030180	-1581.182558371010	-23.405976147678	
0.083620689655	-0.322914091040	-0.590560684506	5.733036493559	-127.115451688134	-232.474798230207	2256.815492553712	316.875355430238	-1593.053188672638	-25.688752987339	
0.084482758621	-0.333561650870	-0.596878154061	5.752497699930	-131.306874158378	-234.961676376104	2264.476415712201	316.431804249526	-1600.672155232839	-26.095193285292	
0.085344827586	-0.339862110004	-0.602569478015	5.748012968784	-133.787056135035	-237.202071686058	2262.710996855693	311.078490561044	-1601.338371257393	-25.865187389551	
0.086206896552	-0.336281635192	-0.606510731487	5.739970413051	-132.377598680061	-238.753550017981	2259.545036827393	302.330068600155	-1601.493133322425	-26.232921093329	
0.087068965517	-0.326126813476	-0.614209125370	5.729155094285	-128.380143056070	-241.784030393081	2255.287575886151	293.916570003854	-1599.531178913323	-30.650021186757	
0.087931034483	-0.319431948447	-0.615705336042	5.728330351997	-125.744702808126	-242.373015205560	2254.962915267630	291.369546889635	-1603.065840839427	-33.370568605891	
0.088793103448	-0.310217127811	-0.622040246530	5.723042418840	-122.117279540406	-244.866758992013	2252.881315144122	291.880897966856	-1601.886650338202	-38.509857078506	
0.089655172414	-0.296326665852	-0.632478911367	5.713852849129	-116.649285436022	-248.975949741633	2249.263831927882	293.362695493783	-1598.210132504373	-46.326763242296	
0.090517241379	-0.275431372574	-0.639694024393	5.696591353162	-108.423832546331	-251.816186128747	2242.468826948114	295.876569815655	-1585.954713358925	-54.705709313477	
0.091379310345	-0.266277828315	-0.646473202817	5.675202213867	-104.820530785071	-254.484816427965	2234.048971085109	297.539934473352	-1574.300845834554	-59.495161246267	
0.092241379310	-0.264457230656	-0.649767969879	5.642565441894	-104.103850713928	-255.781804744481	2221.201473481077	294.512099995287	-1558.704953726188	-61.580485467049	
0.093103448276	-0.262068483085	-0.653811390798	5.609986264846	-103.163517867227	-257.373501393030	2208.376648176194	289.076693141737	-1543.671885179917	-66.004453733769	
0.093965517241	-0.262550183745	-0.662224218919	5.574683930738	-103.353139808909	-260.685219513013	2194.479849398149	281.857703787015	-1529.833266144689	-72.698509009334	
0.094827586207	-0.260943705650	-0.668079069018	5.543019604409	-102.720748116178	-262.989987052024	2182.015155984414	273.703764795901	-1521.065199483035	-75.627422455512	
0.095689655172	-0.260724403343	-0.668635727123	5.533573380372	-102.634419545804	-263.209116066370	2178.296640538661	269.057962104496	-1522.027562173503	-77.531114721287	
0.096551724138	-0.260337666970	-0.668888842072	5.517877171300	-102.482180389661	-263.308755016624	2172.117812295277	265.103947597765	-1519.552734289614	-80.516372415961	
0.097413793103	-0.265700678215	-0.662254651729	5.498678388654	-104.593335076585	-260.697199419039	2164.560192496025	263.316446034336	-1515.933090453929	-80.504820807548	
0.098275862069	-0.273989265233	-0.651634115375	5.487440400045	-107.856145563620	-256.516414766639	2160.136347151889	262.454169089407	-1517.043908021658	-77.769914305166	
0.099137931034	-0.271747607770	-0.653486695837	5.470319323543	-106.973714883857	-257.245684900020	2153.396618433634	267.594106934893	-1510.068771295775	-78.582852482227	
0.100000000000	-0.261299943734	-0.658922514828	5.438558604318	-102.860981590744	-259.385500428392	2140.893979861174	268.331664431657	-1493.523852761543	-78.872373535780	
0.100862068966	-0.250082233925	-0.658926936492	5.407260140510	-98.445119016306	-259.387241020847	2128.573308591492	268.263688534556	-1475.057091235471	-76.430406065040	
0.101724137931	-0.245289703490	-0.647280173066	5.395463956501	-96.558534665270	-254.802481065343	2123.929729075732	270.270026515814	-1466.354258738716	-67.137870950739	
0.102586206897	-0.243123683626	-0.634333465709	5.379048328619	-95.705878800841	-249.705996894404	2117.467700905089	271.807899726354	-1458.862278335843	-57.692112132621	
0.103448275862	-0.245316129739	-0.626760079675	5.356378165905	-96.568937384410	-246.724725982993	2108.543568904629	271.964665543551	-1448.741211005804	-50.738857005799	
0.104310344828	-0.240559812644	-0.619178791454	5.362002277998	-94.696608449984	-243.740344367798	2110.757506199296	274.594437053413	-1451.629369398132	-44.365239966998	
0.105172413793	-0.240987889602	-0.618974549326	5.363181465994	-94.865121368566	-243.659944252151	2111.221694721603	277.760610478133	-1453.386699774293	-44.433702285527	
0.106034482759	-0.242279010554	-0.627148159744	5.359853516607	-95.373372409879	-246.877494086648	2109.911644149740	276.786464973212	-1456.712446385570	-49.688437496651	
0.106896551724	-0.246891446497	-0.636724354627	5.377294452904	-97.189062385807	-250.647172684583	2116.777285993091	276.811819342670	-1466.902552675024	-56.588386952517	
0.107758620690	-0.252924703483	-0.642947993044	5.397733373065	-99.564059972576	-253.097114110079	2124.823087153422	275.083707292786	-1480.210267087276	-62.922567057543	
0.108620689655	-0.259123824576	-0.647640482733	5.427681152210	-102.004350129195	-254.944317322615	2136.612060068169	273.865820633546	-1499.706469357260	-66.300987349864	
0.109482758621	-0.266142260924	-0.659748071486	5.453145886311	-104.767164547190	-259.710481624359	2146.636277862066	272.635303599925	-1518.341428620757	-72.662255555724	
0.110344827586	-0.264198271549	-0.672839919184	5.466933092224	-104.001911205025	-264.864100434064	2152.063625121751	271.048321377572	-1530.316046964023	-79.839743126436	
0.111206896552	-0.257522081354	-0.679412528282	5.478078249545	-101.373822323971	-267.451414513899	2156.450927337184	269.352670483222	-1539.887813735867	-84.518277351279	
0.112068965517	-0.250437553271	-0.678493563551	5.476598604342	-98.584990828971	-267.089663137695	2155.868463537913	267.753429711238	-1539.678510409348	-85.797983490143	
0.112931034483	-0.243324404473	-0.685216051683	5.462948156617	-95.784892761208	-269.735977247429	2150.494951274466	265.567668371559	-1532.933503320784	-90.131217809470	
0.113793103448	-0.243613139958	-0.693529691527	5.436339568193	-95.898553770801	-273.008649804258	2140.020454093464	263.994407472823	-1521.206160244822	-92.143883348549	
0.114655172414	-0.239298928629	-0.690565161643	5.414253945661	-94.200260209191	-271.841659679897	2131.326426914527	264.747496547748	-1510.993218535248	-87.488991522057	
0.115517241379	-0.232043340571	-0.688669744551	5.387876641997	-91.344090785490	-271.095526864526	2120.942975208137	265.590520353106	-1496.312984531042	-84.132323821149	
0.116379310345	-0.224045580840	-0.673749725488	5.357137351040	-88.195764748117	-265.222246586523	2108.842422884941	267.039078210133	-1477.330689878762	-75.008810462584	
0.117241379310	-0.215687678894	-0.663855691635	5.322349889681	-84.905668371166	-261.327450363323	2095.148304274372	266.767133438161	-1456.426483769651	-68.329855814658	
0.118103448276	-0.211191681577	-0.649752720568	5.283323659510	-83.135814575376	-255.775801838193	2079.785590123499	267.689178660927	-1432.178394181941	-59.823047116952	
0.118965517241	-0.208072966668	-0.637289018831	5.255240183756	-81.908129363038	-250.869453307805	2068.730502084577	264.628337707591	-1415.755737187887	-52.002245366911	
0.119827586207	-0.204714993789	-0.624274678261	5.229756101104	-80.586260014345	-245.746345255546	2058.698667714369	262.884608942955	-1401.506243812511	-44.712212056353	
0.120689655172	-0.203912320196	-0.628589189147	5.226238950421	-80.270286759403	-247.444756738158	2057.314137865440	259.953866470787	-1402.426330427941	-47.370160102361	
0.121551724138	-0.204103927285	-0.637199711130	5.231823487975	-80.345713079962	-250.834297242586	2059.512496603484	255.632205196027	-1410.354844089804	-53.374846161806	
0.122413793103	-0.201692295443	-0.646953952237	5.246637244459	-79.396371817231	-254.674063913087	2065.343946512026	251.902575888021	-1423.653007928059	-60.768085846504	
0.123275862069	-0.206444760505	-0.656215232684	5.258809569735	-81.267184394885	-258.319776131768	2070.135594409926	248.081260859235	-1438.205517417306	-69.017206670740	
0.124137931034	-0.209017081196	-0.666558849333	5.271971139172	-82.279780982127	-262.391551067923	2075.316659251390	246.505296694902	-1451.868651258445	-77.107179402999	
0.125000000000	-0.213569416590	-0.676762570090	5.292734886910	-84.071812317615	-266.408255847435	2083.490329108598	245.481029028048	-1466.653779787194	-84.135781311683	
0.125862068966	-0.222968260029	-0.691468077704	5.299457812303	-87.771676344218	-272.197093481286	2086.136815346578	244.647461906762	-1475.980620274395	-91.289147553368	
0.126724137931	-0.230885304440	-0.697397373668	5.308229470669	-90.888228715703	-274.531166708644	2089.589787348223	246.318932247703	-1483.989127403719	-94.612459984823	
0.127586206897	-0.234557964818	-0.691362547471	5.312695244737	-92.333975110335	-272.155551400365	2091.347743731980	246.434910942587	-1488.914414562122	-90.750494434024	
0.128448275862	-0.235317285979	-0.684140043572	5.318115451786	-92.632882637167	-269.312405588864	2093.481413603830	245.248346124015	-1492.277454258274	-88.006541692305	
0.129310344828	-0.229499920486	-0.674867320220	5.319476095558	-90.342870950737	-265.662188859466	2094.017032372299	246.877231444058	-1492.649573220424	-83.322214735681	
0.130172413793	-0.220420260050	-0.670151856401	5.306058403081	-86.768653629291	-263.805941858128	2088.735144442385	249.733401293873	-1484.316851989858	-79.525215112248	
0.131034482759	-0.209809222618	-0.657023366383	5.287658619291	-82.591608237059	-258.637898762571	2081.492051333841	249.650503255063	-1471.139824748873	-71.227761234346	
0.131896551724	-0.197761160862	-0.650015102916	5.274572287438	-77.848876796716	-255.879088909008	2076.340603841919	251.385130737226	-1460.618885133641	-66.117942608249	
0.132758620690	-0.192665175819	-0.650490790021	5.268018092594	-75.842837238415	-256.066343608901	2073.760538551690	252.252246823860	-1455.359602694244	-65.548319562688	
0.133620689655	-0.191399487581	-0.653168408190	5.258833345292	-75.344597810434	-257.120390652503	2070.144953681217	250.291734548417	-1454.006983324084	-67.889675001889	
0.134482758621	-0.191985210030	-0.664735355073	5.259795014488	-75.575168032594	-261.673730746642	2070.523515712473	247.483263044600	-1460.218725849505	-76.197169405865	
0.135344827586	-0.191907459121	-0.685426230126	5.264484975119	-75.544561310292	-269.818714199403	2072.369723359013	245.771188224981	-1467.342542338858	-88.347493779838	
0.136206896552	-0.195890235864	-0.694444693521	5.264619136783	-77.112385318655	-273.368841245041	2072.422536230948	244.158819214735	-1473.520193530293	-95.532625853685	
0.137068965517	-0.205857589020	-0.701558487281	5.253213113341	-81.036043758287	-276.169193202652	2067.932543808830	242.999985894091	-1474.285927350232	-102.162073518317	
0.137931034483	-0.209430305623	-0.710180872767	5.260273344612	-82.442447186885	-279.563403787132	2070.711810839533	240.159058814864	-1481.366451664751	-108.593728372653	
0.138793103448	-0.211016693059	-0.717200764442	5.262887633801	-83.066930171836	-282.326791096129	2071.740928367461	237.137145567995	-1482.728095046226	-114.446846134955	
0.139655172414	-0.213218082556	-0.724551817629	5.254115760557	-83.933509327262	-285.220540462301	2068.287871778963	236.593998069338	-1479.657123652852	-119.973626833645	
0.140517241379	-0.213491941258	-0.736493373154	5.246250976337	-84.041314076179	-289.921345619424	2065.191891683075	235.603172520282	-1477.760554839110	-126.626909336489	
0.141379310345	-0.213939919661	-0.746808117379	5.236105597764	-84.217661218213	-293.981754897123	2061.198153362061	235.697754498143	-1474.791127018853	-131.896062191902	
0.142241379310	-0.211686640868	-0.748185000291	5.228884236704	-83.330655790046	-294.523766218865	2058.355457430048	235.424129356229	-1471.561229100757	-132.959464899944	
0.143103448276	-0.210270933361	-0.745134774313	5.214944029222	-82.773361128371	-293.323041742254	2052.867880951134	234.558218502196	-1463.697531198029	-131.658738312227	
0.143965517241	-0.209231712325	-0.737828296733	5.197736114681	-82.364270738450	-290.446839608063	2046.093968352867	234.461808196743	-1452.978552585963	-128.108842696074	
0.144827586207	-0.209034603437	-0.732283219594	5.178516808562	-82.286678629498	-288.264014501354	2038.528269468182	234.298983335921	-1441.088403218627	-124.582020784559	
0.145689655172	-0.208791126373	-0.730440509445	5.173052683350	-82.190833642126	-287.538629826566	2036.377311167647	233.903567026088	-1438.670846064318	-122.896291770247	
0.146551724138	-0.210069642020	-0.724149750596	5.178811144978	-82.694122592490	-285.062266376780	2038.644135289498	232.444296442625	-1441.004164952348	-120.801022831477	
0.147413793103	-0.213951888145	-0.712050092508	5.196894528503	-84.222372623839	-280.299223989151	2045.762677120350	229.708210920513	-1448.063847139102	-117.424606495897	
0.148275862069	-0.216402846015	-0.702423934748	5.224936426588	-85.187194616281	-276.509877454938	2056.801398068614	227.776518020588	-1458.877789891930	-115.612333350728	
0.149137931034	-0.216683064278	-0.692338450993	5.250547798031	-85.297502812945	-272.539716788118	2066.883339797610	226.512852848999	-1466.050773396752	-113.085392223981	
0.150000000000	-0.215227191208	-0.693996504751	5.266722057212	-84.724396937609	-273.192411292024	2073.250352940102	223.826222358415	-1471.070678936445	-115.372762882860	
0.150862068966	-0.215790342377	-0.698555737755	5.272228755167	-84.946081952740	-274.987157878706	2075.418070042833	220.934348374818	-1474.235904912287	-118.691707652048	
0.151724137931	-0.212630551732	-0.706652368236	5.279234817481	-83.702227236651	-278.174404484765	2078.176013410133	219.970256732677	-1481.013939391150	-123.859556282346	
0.152586206897	-0.210035743030	-0.710258792268	5.286680509752	-82.680778221639	-279.594076876123	2081.107017545472	219.017277150283	-1488.389870284277	-126.659347331297	
0.153448275862	-0.210978601452	-0.715756676943	5.292481959365	-83.051935373129	-281.758324622463	2083.390763930239	217.857488082677	-1494.297311376625	-128.779789926982	
0.154310344828	-0.208347794355	-0.718425270530	5.295762773838	-82.016315554311	-282.808819130084	2084.682259795977	216.064866101320	-1500.495465479401	-129.848561318475	
0.155172413793	-0.203190977318	-0.720909211633	5.296379048343	-79.986329421529	-283.786625005196	2084.924856865210	214.036226196572	-1503.899395033695	-129.605290508981	
0.156034482759	-0.196315550051	-0.726293844771	5.288091060517	-77.279810669797	-285.906291171581	2081.662282250700	212.571524098402	-1502.037345767409	-129.912846689048	
0.156896551724	-0.190356893590	-0.731226692944	5.273827387012	-74.934179653605	-287.848111739559	2076.047373051568	211.695587124960	-1498.249207365052	-130.361794947607	
0.157758620690	-0.187767211437	-0.734056745287	5.270675521952	-73.914748709530	-288.962164646556	2074.806638249603	210.931567106013	-1499.437227067894	-128.641114403498	
0.158620689655	-0.190287331146	-0.737947261914	5.271567308425	-74.906796328593	-290.493670369101	2075.157690877743	210.348608561545	-1502.579061519134	-128.555161013101	
0.159482758621	-0.191126951319	-0.741516441358	5.271209987503	-75.237313641017	-291.898681391745	2075.017031143193	210.847186917460	-1506.701820320871	-129.307977390837	
0.160344827586	-0.195774609675	-0.752742774894	5.257819106871	-77.066868955128	-296.317938704264	2069.745697722533	211.170708119599	-1504.238384465864	-133.516357124282	
0.161206896552	-0.196329775593	-0.765578177624	5.243446897531	-77.285410568400	-301.370607698737	2064.088063284498	209.370737030061	-1498.398409294368	-138.508237244453	
0.162068965517	-0.198423943274	-0.772362374654	5.225024017642	-78.109781749700	-304.041213577408	2056.835878373853	207.155113312141	-1489.096061317887	-140.806849162673	
0.162931034483	-0.199632829911	-0.777522114757	5.217288374606	-78.585661171447	-306.072350378218	2053.790734832989	204.750254854928	-1481.999624418440	-142.559763990048	
0.163793103448	-0.202381997555	-0.777730982998	5.205134614827	-79.667873736410	-306.154571567824	2049.006395261332	204.039127616505	-1472.478288075800	-142.453148604928	
0.164655172414	-0.202739511545	-0.777120385835	5.194808941712	-79.808609472944	-305.914209389910	2044.941683815042	201.270895293999	-1462.142046053298	-140.989464474102	
0.165517241379	-0.200507606986	-0.774141641489	5.177091590083	-78.930018033146	-304.741623728896	2037.967230802358	199.200248602919	-1448.702029923951	-138.752062698487	
0.166379310345	-0.195918248435	-0.769478249866	5.158198108151	-77.123412495031	-302.905874998515	2030.529792931553	198.016389344239	-1435.414218906138	-133.879595708808	
0.167241379310	-0.194727998777	-0.762915490469	5.140755415472	-76.654869538631	-300.322438263668	2023.663459686837	196.281068761789	-1422.157401303328	-128.347047868004	
0.168103448276	-0.200609341930	-0.758858973599	5.125688505912	-78.970066094661	-298.725586380965	2017.732355819026	195.545959968955	-1413.428901520395	-125.623439054951	
0.168965517241	-0.210286146068	-0.749458304397	5.114631398825	-82.779349625530	-295.025003641089	2013.379714665417	196.997410463333	-1410.270018419396	-121.644204500843	
0.169827586207	-0.218385610929	-0.747900298346	5.117029803263	-85.967711988053	-294.411693016103	2014.323848947398	196.653885013002	-1413.152487475063	-122.732828072417	
0.170689655172	-0.221945919763	-0.754880845488	5.119797350647	-87.369231086175	-297.159592311045	2015.413296715582	198.881665390830	-1416.832164846270	-126.842657602102	
0.171551724138	-0.221788753666	-0.771067604929	5.115750252003	-87.307362496194	-303.531526193052	2013.820152326867	200.266768840976	-1418.258167546792	-133.129084844876	
0.172413793103	-0.216260974548	-0.784090265866	5.104255842811	-85.131346772775	-308.657909565710	2009.295366766793	200.942592094011	-1415.929957780189	-137.184573463613	
0.173275862069	-0.213835955422	-0.783976712830	5.085035065578	-84.176735592585	-308.613209300795	2001.729088776433	201.625230560291	-1410.997372916790	-135.420180973402	
0.174137931034	-0.212034938803	-0.782868708594	5.064559045228	-83.467763617040	-308.177042336018	1993.668683090255	202.609629809620	-1405.002588934011	-132.430930126365	
0.175000000000	-0.208770444536	-0.783909708867	5.044821896048	-82.182692216576	-308.586833124287	1985.899134771827	202.222692461809	-1397.703574576436	-130.145324109291	
0.175862068966	-0.203770168061	-0.785207260323	5.026330229180	-80.214328430711	-309.097615539741	1978.619871798734	203.966345278935	-1390.570208460101	-128.039165301084	
0.176724137931	-0.199247381179	-0.787135874295	5.017984417207	-78.433928896360	-309.856816339904	1975.334534651422	207.110326949727	-1388.556740521938	-127.757257151340	
0.177586206897	-0.195986012737	-0.785289885340	5.015681094136	-77.150087979489	-309.130140959499	1974.427829243956	209.541935849861	-1389.850605502220	-128.161696646905	
0.178448275862	-0.193581785277	-0.770276689093	5.021362424915	-76.203661459284	-303.220181390812	1976.664290730691	211.417098062833	-1392.479654963033	-123.522941501253	
0.179310344828	-0.187881152911	-0.749409837139	5.028355571528	-73.959601883840	-295.005924456745	1979.417149819775	212.193515965774	-1394.027960785757	-115.381484706859	
0.180172413793	-0.188433323010	-0.727375586135	5.032881437102	-74.176964189829	-286.332119730652	1981.198761284275	210.542068067787	-1394.169073277792	-105.877288638108	
0.181034482759	-0.190478737859	-0.718943227267	5.040121046569	-74.982143770760	-283.012713312536	1984.048640719583	208.950475005262	-1397.926229790547	-102.078657292933	
0.181896551724	-0.190081099394	-0.726050860226	5.052749016878	-74.825612995255	-285.810640064792	1989.019653735936	205.350475046831	-1404.490828731096	-105.767852772508	
0.182758620690	-0.197382907998	-0.731470665132	5.076107073577	-77.699977182322	-287.944151632801	1998.214575884668	200.109782186263	-1417.917041295814	-111.533023609996	
0.183620689655	-0.206427534417	-0.742079380387	5.098914543758	-81.260403328026	-292.120282897957	2007.192759105740	195.163381883725	-1430.732952487977	-118.791556317945	
0.184482758621	-0.207263039596	-0.740218474989	5.121946237600	-81.589300769279	-291.387735645187	2016.259208192567	191.977528698041	-1439.846178983270	-119.659978094505	
0.185344827586	-0.210849859731	-0.726386364319	5.130151835656	-83.001256067232	-285.942711583480	2019.489349992644	188.830324945412	-1439.784317948215	-114.863478344102	
0.186206896552	-0.207015167642	-0.713496455750	5.126231576933	-81.491725728932	-280.868586311528	2017.946136264390	187.110555614431	-1431.825588631550	-109.263001787024	
0.187068965517	-0.203463142467	-0.693371805608	5.120371121577	-80.093467501623	-272.946497855570	2015.639162210363	186.312780078288	-1422.412289014340	-100.064335652042	
0.187931034483	-0.204835956367	-0.676280171165	5.108978495779	-80.633877052865	-266.218359033203	2011.154443783999	185.733858583540	-1411.508265600656	-91.078657422014	
0.188793103448	-0.205785227196	-0.662264316024	5.106290190826	-81.007558454785	-260.701003778290	2010.096189877104	186.775453184815	-1405.694190195464	-83.659428547597	
0.189655172414	-0.207683052811	-0.645971205905	5.100622469821	-81.754639387041	-254.287204846360	2007.865085891404	189.027009975162	-1400.282342962632	-74.228672623750	
0.190517241379	-0.212394338347	-0.633514306314	5.098633665919	-83.609241603641	-249.383533987435	2007.082191266092	189.757940754753	-1397.609065632373	-66.493523083477	
0.191379310345	-0.216927216077	-0.628423148442	5.100867214906	-85.393613410361	-247.379394650039	2007.961430036632	188.524927921312	-1398.248380052788	-62.797068160397	
0.192241379310	-0.219904072666	-0.627468224014	5.100376147580	-86.565455954405	-247.003487703358	2007.768120897330	188.558463953347	-1399.530838026464	-60.887084462954	
0.193103448276	-0.218469002600	-0.627738639622	5.105142083649	-86.000539201829	-247.109937075062	2009.644236350169	188.719758048913	-1401.889071323083	-60.220575546585	
0.193965517241	-0.211708830777	-0.625178652222	5.119044398703	-83.339390869968	-246.102195500472	2015.116896437175	186.470391769708	-1406.480612252763	-59.246587086283	
0.194827586207	-0.205927172736	-0.622038649690	5.123078174776	-81.063435457201	-244.866130394292	2016.704796382823	184.261634491780	-1405.192302470060	-58.185591843986	
0.195689655172	-0.199770097431	-0.628979469863	5.121235181238	-78.639696666444	-247.598391128397	2015.979300151617	183.252040022653	-1401.015064116732	-61.580714503494	
0.196551724138	-0.193063901502	-0.639742672983	5.113130375007	-75.999795998450	-251.835336694191	2012.788835153119	183.988497140007	-1394.285353602464	-66.305670346319	
0.197413793103	-0.191073375781	-0.650629217502	5.098416673511	-75.216223577258	-256.120835724158	2006.996771989850	183.163908404628	-1385.166263790011	-71.907274275567	
0.198275862069	-0.193352548737	-0.659983910800	5.075909526560	-76.113422268427	-259.803320003933	1998.136811305966	183.355948870000	-1372.604763288733	-76.675038714284	
0.199137931034	-0.193204649569	-0.668035259642	5.063120584914	-76.055201614385	-262.972741447716	1993.102431763442	183.246901917643	-1364.163164322359	-80.604018720282	
0.200000000000	-0.194890332593	-0.672234374220	5.052102248344	-76.718772406193	-264.625727059398	1988.765052662236	183.130333678942	-1356.207687766369	-82.395487866188	
0.200862068966	-0.193949123016	-0.675795721732	5.055546242546	-76.348264324156	-266.027655033981	1990.120784390057	182.971432602209	-1354.593741144456	-83.131029739262	
0.201724137931	-0.191892792761	-0.682306889263	5.063287788177	-75.538787883107	-268.590782580048	1993.168251493637	183.282528600369	-1359.059220581674	-85.360307689994	
0.202586206897	-0.194478997144	-0.692049712383	5.071351950622	-76.556849799138	-272.426054548445	1996.342717025096	184.412465792571	-1366.227250101656	-90.381863712828	
0.203448275862	-0.195450559057	-0.698564419705	5.094037243111	-76.939306108475	-274.990575536576	2005.272804876432	183.710853719012	-1380.723472060793	-95.287778903520	
0.204310344828	-0.200546480187	-0.704620843522	5.123758806258	-78.945320507281	-277.374692769198	2016.972727639669	184.452731147019	-1400.771392559550	-101.033976555228	
0.205172413793	-0.209440650521	-0.709796681587	5.144161857974	-82.446519466266	-279.412166548845	2025.004409150869	186.020024798665	-1417.771686193533	-106.507153824955	
0.206034482759	-0.215844681163	-0.720777398749	5.172329734913	-84.967472469666	-283.734736732845	2036.092721799745	186.023117664742	-1437.209310113963	-114.368487164303	
0.206896551724	-0.221647410912	-0.734627358666	5.196134480633	-87.251722781252	-289.186787168230	2045.463483523924	187.417271982948	-1453.214601233207	-122.879934858908	
0.207758620690	-0.225791237394	-0.751689805289	5.203967395708	-88.882944179053	-295.903436176649	2048.546918299424	189.373700761639	-1460.385319128371	-132.203778801901	
0.208620689655	-0.227239012019	-0.760130578577	5.201347295063	-89.452862093649	-299.226154939739	2047.515513085827	193.847639145350	-1461.830682635424	-137.194710634024	
0.209482758621	-0.227248588650	-0.762867972255	5.195028135347	-89.456631944257	-300.303732671460	2045.027969606633	196.657741143533	-1460.271352657412	-138.938390866490	
0.210344827586	-0.228461591417	-0.760079049155	5.187595271089	-89.934131684261	-299.205870331518	2042.102015231159	199.814898221698	-1457.214114031586	-137.721968796452	
0.211206896552	-0.231930963620	-0.754528090611	5.185382230656	-91.299853487572	-297.020730004359	2041.230849673511	200.891272476366	-1455.892381430192	-134.749194000319	
0.212068965517	-0.232882839980	-0.752077766386	5.177718488438	-91.674560559318	-296.056157446808	2038.214009960586	202.489099355208	-1450.762605872942	-132.366205685012	
0.212931034483	-0.229028169571	-0.746954863240	5.169258027098	-90.157165735587	-294.039521550722	2034.883540976529	204.021301887026	-1445.310862833121	-127.783954750583	
0.213793103448	-0.227976379988	-0.735758088440	5.161652303916	-89.743127724797	-289.631900063454	2031.889540514798	203.180220526788	-1440.500946432609	-120.802177699385	
0.214655172414	-0.227527960093	-0.728799829125	5.153258194194	-89.566606789129	-286.892774394176	2028.585190910777	201.640966878481	-1434.939454284732	-114.262095091750	
0.215517241379	-0.222911892243	-0.722788547747	5.141765212074	-87.749487109301	-284.526427527180	2024.060967118810	200.606565545842	-1426.378779075544	-107.701545194924	
0.216379310345	-0.219315482279	-0.711969715491	5.128104081007	-86.333756765804	-280.267583496687	2018.683249347207	202.362325984914	-1417.984294714743	-99.287987617817	
0.217241379310	-0.214901758965	-0.714115815559	5.118004255899	-84.596290212880	-281.112397913876	2014.707443192734	204.649843262319	-1412.994515074057	-98.723257329629	
0.218103448276	-0.213706644665	-0.710079895765	5.093894276159	-84.125832285235	-279.523654090527	2005.216525794086	205.500187837418	-1403.466274793576	-96.256263910239	
0.218965517241	-0.213227019360	-0.702737340114	5.081931591249	-83.937027308788	-276.633249787777	2000.507403033867	206.488596195297	-1398.041980944708	-92.668379215981	
0.219827586207	-0.211643509315	-0.694806618054	5.085611686976	-83.313677011616	-273.511313195751	2001.956076360877	207.403882241525	-1397.190964121939	-90.179087963546	
0.220689655172	-0.212380978412	-0.690902747871	5.088577240520	-83.603982451943	-271.974550832864	2003.123469449780	207.287743997921	-1396.705350292468	-88.076774787757	
0.221551724138	-0.212267842150	-0.686563009445	5.090805984076	-83.559446250311	-270.266208504239	2004.000816557677	205.417650752711	-1397.424834091518	-85.080514936226	
0.222413793103	-0.210367518528	-0.685905794990	5.102278588259	-82.811381974875	-270.007495383257	2008.517018554576	204.644972227815	-1404.348596204908	-84.053119930698	
0.223275862069	-0.207799235319	-0.684773854721	5.123418619513	-81.800374746580	-269.561905975488	2016.838812790678	203.728646050057	-1415.487139267405	-83.869647056013	
0.224137931034	-0.210266300505	-0.675419462856	5.141997453572	-82.771537400079	-265.879540354834	2024.152389214781	204.420570187418	-1425.436311791397	-80.042293012973	
0.225000000000	-0.212997517919	-0.665569165168	5.160889465051	-83.846683839400	-262.001960916182	2031.589248240425	204.568500886209	-1435.495081886743	-76.562141629379	
0.225862068966	-0.216376847890	-0.651080129278	5.178866909269	-85.176960428596	-256.298337591173	2038.666086957903	206.273407195199	-1443.326584505355	-70.903886223016	
0.226724137931	-0.217086969250	-0.642687121019	5.184940105005	-85.456500405140	-252.994421579026	2041.056806473256	208.815326776808	-1445.882353003448	-67.120773413472	
0.227586206897	-0.214114768873	-0.634702822367	5.178649297752	-84.286490783834	-249.851394508591	2038.580423968880	210.775151907710	-1442.180049582501	-62.260984455343	
0.228448275862	-0.210300088493	-0.624007780038	5.165087840208	-82.784838074852	-245.641280505728	2033.241942778251	212.793395748643	-1435.914099231768	-55.548471297533	
0.229310344828	-0.204136559802	-0.609346854329	5.157410487506	-80.358558902617	-239.869992582897	2030.219745284825	216.011858442263	-1430.006497056700	-47.750273681627	
0.230172413793	-0.199588493674	-0.597953124572	5.151680455263	-78.568208167818	-235.384839582165	2027.964112418334	217.150805962370	-1425.234028563812	-42.132435707836	
0.231034482759	-0.198158554705	-0.586480369066	5.142259610390	-78.005311276660	-230.868578016784	2024.255587505819	216.961848806659	-1418.821941690904	-35.759460250672	
0.231896551724	-0.197139951990	-0.577605130281	5.135562385093	-77.604337309223	-227.374831480681	2021.619218136002	215.869434203928	-1415.660202041102	-31.430000675200	
0.232758620690	-0.197019031384	-0.574596855052	5.126378009292	-77.556736792914	-226.190620958204	2018.003779507384	217.194454227281	-1410.702833673262	-29.292780488200	
0.233620689655	-0.194314194777	-0.576966207208	5.116319976750	-76.491975184078	-227.123318780671	2014.044425037892	213.281861149543	-1407.777430396759	-29.037972691172	
0.234482758621	-0.188320095426	-0.580097248566	5.100019995007	-74.132392039490	-228.355856311408	2007.627921084391	211.714561875641	-1400.807655283312	-30.021748908051	
0.235344827586	-0.180211556599	-0.588376266947	5.082155776141	-70.940457701004	-231.614900095037	2000.595653638611	209.802998102362	-1393.037786783572	-34.255396699295	
0.236206896552	-0.173942596966	-0.603378872637	5.085022403268	-68.472675533984	-237.520690680348	2001.724104245842	210.226473824260	-1393.661751195404	-42.968549799147	
0.237068965517	-0.174405206301	-0.626800283180	5.095239419891	-68.654782156864	-246.740552132729	2005.746042956272	212.892656819281	-1403.832828192818	-57.361869944805	
0.237931034483	-0.173542265833	-0.652621098630	5.111086396954	-68.315084787243	-256.904941702428	2011.984221168901	216.243948320169	-1417.921216551790	-72.837042055076	
0.238793103448	-0.179127058620	-0.667281974628	5.110908628825	-70.513543997649	-262.676210056099	2011.914242568977	218.187138140178	-1422.658847149092	-82.093404336832	
0.239655172414	-0.187476058304	-0.668927889751	5.108165981847	-73.800135990619	-263.324126174387	2010.834596870181	217.476662083956	-1421.056823099500	-84.082423443499	
0.240517241379	-0.195520478493	-0.670406103120	5.113747106964	-76.966829963649	-263.906026330590	2013.031612298897	217.135107143025	-1420.469997472118	-84.993336547748	
0.241379310345	-0.204674496692	-0.678343070315	5.119300156886	-80.570318291821	-267.030421326101	2015.217575899278	217.266248724931	-1419.884536297137	-90.053287311892	
0.242241379310	-0.216408890608	-0.696522069119	5.129430094609	-85.189574076445	-274.186602206306	2019.205235914532	216.765036850776	-1424.419905721604	-101.534257517285	
0.243103448276	-0.234175432951	-0.719018238926	5.153860733941	-92.183391061951	-283.042241726639	2028.822381278800	217.271009529752	-1440.511819586688	-115.285320262896	
0.243965517241	-0.252962352494	-0.744307795242	5.192061558964	-99.578880543112	-292.997500611997	2043.860173875705	219.851688485257	-1466.863959016303	-131.343898058791	
0.244827586207	-0.265571844436	-0.762434885190	5.237619077961	-104.542619531827	-300.133247519464	2061.793936339916	223.929854737436	-1496.194437233789	-143.930169402568	
0.245689655172	-0.268049400702	-0.763937862395	5.258274716543	-105.517912009547	-300.724895984749	2069.925048921079	226.521093540410	-1507.528056105051	-145.150484795533	
0.246551724138	-0.272728426827	-0.751373189139	5.259248725779	-107.359815276630	-295.778799915597	2070.308468621243	228.599157855547	-1507.374654478282	-137.544517106945	
0.247413793103	-0.273637775772	-0.733311478653	5.245077106933	-107.717781389218	-288.668789698165	2064.729796829805	232.621002250142	-1496.902658485585	-124.794288717584	
0.248275862069	-0.269048050118	-0.712458169185	5.215402810312	-105.911031341032	-280.459863777024	2053.048480581575	235.175768773474	-1476.239033457952	-109.672277530670	
0.249137931034	-0.264052414474	-0.688272714707	5.191944080679	-103.944494423047	-270.939235673406	2043.813928432523	237.194729845985	-1459.293879756222	-93.918767486020	
0.250000000000	-0.260044667396	-0.673426085058	5.183893206012	-102.366840817158	-265.094845210921	2040.644693648041	237.149948321357	-1450.687608044224	-83.648166625060	
0.250862068966	-0.256572032855	-0.662210855047	5.196167177889	-100.999834791540	-260.679958811633	2045.476354831115	237.475554909514	-1453.532345621007	-78.000009280686	
0.251724137931	-0.255790993941	-0.662326836119	5.221925628097	-100.692378049659	-260.725614875534	2055.616194261404	235.323553088275	-1465.400568583308	-79.458457418537	
0.252586206897	-0.256999428624	-0.671115380685	5.251663290789	-101.168079559178	-264.185234146308	2067.322454626440	233.147985200841	-1484.185372788222	-86.294164156073	
0.253448275862	-0.260147145849	-0.682205320531	5.281809962090	-102.407181561483	-268.550799947897	2079.189721635523	230.575561623842	-1503.698820287728	-93.776970845212	
0.254310344828	-0.264327509005	-0.694999579315	5.315686690132	-104.052785657415	-273.587272587240	2092.525329173982	226.405646898796	-1525.064168087624	-102.475344627379	
0.255172413793	-0.269900408587	-0.705881643226	5.343212338567	-106.246563096105	-277.871007821277	2103.360827936135	222.985836811921	-1541.774590450449	-109.414196847094	
0.256034482759	-0.273667660476	-0.710898949755	5.359868319683	-107.729545532619	-279.846075504717	2109.917471395352	219.593044757015	-1551.169265950604	-112.092286263059	
0.256896551724	-0.272790617880	-0.712844736409	5.366791053536	-107.384296846187	-280.612036347488	2112.642612431702	217.665323085030	-1553.804401242183	-112.033461856929	
0.257758620690	-0.275082276557	-0.709767469912	5.362633524716	-108.286410553578	-279.400667343847	2111.005997094911	215.963893187330	-1551.261552601250	-108.839234903169	
0.258620689655	-0.275186488165	-0.703746067240	5.351001207226	-108.327433556349	-277.030336219942	2106.426923796410	216.611604350209	-1543.207172715315	-102.804351977154	
0.259482758621	-0.273225679729	-0.693239126206	5.335355574478	-107.555559373970	-272.894268477686	2100.268004972757	218.385398775476	-1531.624659054270	-92.216357398679	
0.260344827586	-0.271187142992	-0.677285034498	5.319861735319	-106.753087368661	-266.613924479285	2094.168839845772	219.810668532274	-1517.123275514941	-78.767585302972	
0.261206896552	-0.270291379833	-0.663505523712	5.311323653851	-106.400469314337	-261.189606413812	2090.807815621644	219.817054486805	-1507.246742390762	-68.046088783477	
0.262068965517	-0.265083837831	-0.658610829723	5.302369723734	-104.350515248715	-259.262805278307	2087.283092164941	220.604138118103	-1498.153675576291	-63.844683129932	
0.262931034483	-0.258762350336	-0.659901096878	5.289347007657	-101.862055436727	-259.770720221519	2082.156687086158	220.063563086949	-1487.455867716366	-64.019719513388	
0.263793103448	-0.255990294282	-0.668338216926	5.280826476451	-100.770832826366	-263.092000882735	2078.802571539608	218.167406145119	-1481.769701333724	-67.504968576187	
0.264655172414	-0.255381499701	-0.683768098794	5.280445604116	-100.531180236680	-269.165989158729	2078.652640768020	217.261796560273	-1484.348332642938	-77.071561147980	
0.265517241379	-0.255886499961	-0.696211615121	5.286493250754	-100.729974089101	-274.064391682563	2081.033302855268	215.812690920388	-1493.458096199512	-86.687282729704	
0.266379310345	-0.255069712968	-0.705568313774	5.304840947337	-100.408445080559	-277.747665372187	2088.255891782999	216.117869054999	-1507.661411444925	-93.615591110162	
0.267241379310	-0.253730285216	-0.717065489432	5.311393972083	-99.881178019696	-282.273539954696	2090.835496463358	220.050826809049	-1517.009862960586	-99.870530025583	
0.268103448276	-0.247409881507	-0.721706237320	5.313886048647	-97.393144840882	-284.100374956088	2091.816504870551	224.192765068239	-1522.825804319795	-101.654314675016	
0.268965517241	-0.237039474383	-0.718678463945	5.301520514917	-93.310823807762	-282.908488968667	2086.948800273028	226.297112903589	-1518.953627829724	-99.563025401407	
0.269827586207	-0.227937500564	-0.701629052493	5.276200997052	-89.727822801266	-276.196971268539	2076.981746994297	228.765148255065	-1507.243420631789	-90.287996977948	
0.270689655172	-0.220552450385	-0.679776572194	5.247231783810	-86.820690485574	-267.594720760251	2065.577987516257	230.227503501230	-1492.477746610101	-78.387292636661	
0.271551724138	-0.214290294794	-0.658842285080	5.219009165869	-84.355586736424	-259.353917908495	2054.468126017594	230.716393247411	-1474.868919142684	-65.992979574181	
0.272413793103	-0.214490134312	-0.641947734909	5.197458454966	-84.434253760385	-252.703361504741	2045.984667330824	230.531361914568	-1462.001455639656	-55.171653115875	
0.273275862069	-0.213589980352	-0.634062552702	5.185271134369	-84.079907262882	-249.599351721262	2041.187116510081	231.473411162989	-1455.693606152070	-48.059732181015	
0.274137931034	-0.212026616680	-0.633861868698	5.183332244352	-83.464487605441	-249.520352264439	2040.423870534833	231.170031151568	-1455.477967401504	-45.356632489481	
0.275000000000	-0.215227494653	-0.630777761722	5.196161977551	-84.724516389003	-248.306290499078	2045.474307712723	228.722266470172	-1464.042338321399	-44.409015411364	
0.275862068966	-0.219639041580	-0.646317639562	5.202216402544	-86.461126204788	-254.423578798621	2047.857638106432	227.746486771691	-1472.167426719703	-53.113147651326	
0.276724137931	-0.220347926823	-0.656207748952	5.202282397959	-86.740179582709	-258.316830153025	2047.883617266983	227.419780265419	-1476.530140011217	-60.756699362871	
0.277586206897	-0.214810011347	-0.663151635233	5.196331498545	-84.560173671852	-261.050297863636	2045.541039820049	226.779637067040	-1474.625560366023	-66.372104208107	
0.278448275862	-0.206225647646	-0.668502243151	5.177953406484	-81.180930401045	-263.156569968790	2038.306485681972	226.072447646677	-1463.922130445505	-70.048270597236	
0.279310344828	-0.199407790487	-0.665664982168	5.148914992690	-78.497074179114	-262.039679373362	2026.875485338179	224.630076247143	-1445.846299840797	-68.271737568571	
0.280172413793	-0.196806077390	-0.660230517704	5.125550218345	-77.472907242261	-259.900397055727	2017.677918781452	222.177295534852	-1429.147404999548	-64.419459477356	
0.281034482759	-0.194686588001	-0.644536468517	5.112714432873	-76.638568145467	-253.722419052993	2012.625099120440	219.132901635637	-1415.290168755567	-55.730112253123	
0.281896551724	-0.192744937549	-0.632471371013	5.109561659753	-75.874235522639	-248.972981473502	2011.384006860012	215.453710621921	-1406.626614670820	-49.875158368639	
0.282758620690	-0.195166185547	-0.621699101699	5.099217572716	-76.827362194570	-244.732466991365	2007.312046754983	213.151374016431	-1398.099923971687	-45.589835435700	
0.283620689655	-0.195828479064	-0.627729730810	5.104411744091	-77.088074693184	-247.106430112763	2009.356737459882	210.781595266858	-1402.247942518110	-50.985545923283	
0.284482758621	-0.195948577046	-0.636125428513	5.121386205347	-77.135351382640	-250.411404826818	2016.038750941533	208.775823779102	-1413.925021666920	-59.275024331543	
0.285344827586	-0.197606837033	-0.643110334335	5.149631087442	-77.788127068846	-253.161019920259	2027.157376746426	208.424721177386	-1432.947491177121	-68.225863155493	
0.286206896552	-0.203258686935	-0.647863575636	5.172312999331	-80.012983379068	-255.032138065084	2036.086133821304	208.772737373953	-1448.390646457194	-74.853808754097	
0.287068965517	-0.206943803885	-0.653184474983	5.181387580765	-81.463633315493	-257.126715361698	2039.658351788201	210.344013468481	-1455.261019565626	-80.191897455445	
0.287931034483	-0.202436067019	-0.658753394836	5.181847264009	-79.689158234743	-259.318926176069	2039.839306552422	212.611558226809	-1456.904868127585	-83.843701755031	
0.288793103448	-0.196053991944	-0.659051925059	5.164920367141	-77.176848061770	-259.436442893835	2033.176016839580	215.336308472367	-1449.082802667724	-82.953567714706	
0.289655172414	-0.184832348621	-0.665839438695	5.147221498806	-72.759437055933	-262.108354357629	2026.208839793980	218.871323562008	-1439.784281856306	-85.124923922044	
0.290517241379	-0.177218818001	-0.669243288483	5.123535398257	-69.762363188629	-263.448283197368	2016.884782858584	220.515468960600	-1427.318064602166	-85.621596516218	
0.291379310345	-0.174150120557	-0.675245271922	5.095481464920	-68.554367401191	-265.810969921283	2005.841324221664	222.952589606747	-1414.002527190742	-86.534879616055	
0.292241379310	-0.172635735569	-0.684347729281	5.077528672397	-67.958228250849	-269.394161273942	1998.774189668123	227.194798958739	-1407.990514678332	-89.878952798738	
0.293103448276	-0.172016120359	-0.688756762687	5.063116505906	-67.714316109828	-271.129781640144	1993.100826057793	227.866264048177	-1402.177100100691	-89.841043429898	
0.293965517241	-0.171950838119	-0.692410944837	5.061793777235	-67.688617691763	-272.568254061925	1992.580132606712	229.183734165715	-1404.567161277257	-90.505361239795	
0.294827586207	-0.171204278489	-0.690617705728	5.069225478859	-67.394733753953	-271.862343710938	1995.505629310024	229.726840690164	-1411.382395943015	-90.867126673732	
0.295689655172	-0.175562069302	-0.690490977919	5.074591817023	-69.110182422693	-271.812457183318	1997.618093641799	229.978201445968	-1417.289586692899	-91.895632222668	
0.296551724138	-0.178676685669	-0.696556936367	5.087666746414	-70.336254239665	-274.200327733102	2002.765052543583	230.383134588299	-1427.487192237519	-97.183682155721	
0.297413793103	-0.189178451815	-0.703709535059	5.088488684880	-74.470284881787	-277.015955290426	2003.088609434696	231.112384716324	-1433.414480188824	-103.732564084427	
0.298275862069	-0.194290994209	-0.718351112036	5.094672042917	-76.482842257740	-282.779626565745	2005.522694448511	230.292184021428	-1440.073875841372	-112.844331312604	
0.299137931034	-0.197820447931	-0.727612210433	5.096583061327	-77.872215210117	-286.425267120128	2006.274968737959	230.144599065943	-1444.300723091423	-119.315687406678	
0.300000000000	-0.201751281814	-0.738412371584	5.091395975861	-79.419591860531	-290.676761251556	2004.233067407885	229.514754936913	-1443.043903252404	-126.034939860663	
0.300862068966	-0.207975268238	-0.744077127446	5.086788849109	-81.869670279579	-292.906698005881	2002.419467400288	226.865284158727	-1440.191385688427	-131.192376422621	
0.301724137931	-0.216543463764	-0.751820206581	5.087798338640	-85.242548932304	-295.954768774268	2002.816853953756	224.239753061081	-1440.584752507144	-138.125197106648	
0.302586206897	-0.224385059218	-0.762540835416	5.097156765488	-88.329400747663	-300.174954930829	2006.500807949113	220.537103260392	-1443.628825445866	-146.017212900062	
0.303448275862	-0.226909326492	-0.775603672624	5.107008313643	-89.323081059580	-305.317153732730	2010.378879635262	217.872422653772	-1447.618335190042	-154.082603542834	
0.304310344828	-0.232963578690	-0.784766538102	5.110866789813	-91.706343432350	-308.924124801276	2011.897772600350	216.957414897257	-1449.650111333471	-159.763804010186	
0.305172413793	-0.240874599362	-0.784784550031	5.118117372467	-94.820524553346	-308.931215215034	2014.751971641714	217.066586479060	-1453.935229502918	-160.795802328392	
0.306034482759	-0.248606686446	-0.777343244713	5.127310091156	-97.864268290327	-306.001938007895	2018.370694456215	218.569825990335	-1458.713034083048	-157.771931913246	
0.306896551724	-0.252964167928	-0.767536995443	5.137304789722	-99.579595190520	-302.141698272900	2022.305117443314	219.567554426206	-1462.066147504761	-152.172425338761	
0.307758620690	-0.248764743804	-0.759875801703	5.132182909461	-97.926487725953	-299.125861770917	2020.288884206958	222.433295787045	-1457.833105400318	-146.509019003161	
0.308620689655	-0.236203829950	-0.752464815986	5.123644540471	-92.981871549449	-296.208519904922	2016.927746799519	225.393212342070	-1450.466217136930	-140.422842033466	
0.309482758621	-0.229365532249	-0.745797794090	5.106409889719	-90.289968888013	-293.584040133967	2010.143309465046	227.783652518306	-1438.563995790550	-133.201224257830	
0.310344827586	-0.225571964012	-0.733445408629	5.084556786304	-88.796626995028	-288.721511365972	2001.540813666712	229.926637747376	-1424.754509878162	-123.872152688517	
0.311206896552	-0.220478457527	-0.721171895714	5.077306332040	-86.791563123903	-283.890030853839	1998.686665166341	229.136279645065	-1415.160530624704	-114.798340284390	
0.312068965517	-0.215123120346	-0.709526035324	5.068915068030	-84.683429339500	-279.305626379384	1995.383435779546	227.060164294000	-1404.087415321150	-106.545979633249	
0.312931034483	-0.210495395616	-0.699159305704	5.054444696324	-82.861720917222	-275.224752999328	1989.687159628936	224.480637734551	-1393.194505451173	-98.318449154158	
0.313793103448	-0.207885746168	-0.693771997578	5.043201130703	-81.834429828091	-273.104033820931	1985.261118888932	219.860532413456	-1385.253102993712	-93.693494000039	
0.314655172414	-0.210114546284	-0.693851399656	5.046254561273	-82.711799200441	-273.135290527445	1986.463104856292	216.872105869746	-1385.570690690193	-92.990554780518	
0.315517241379	-0.218437066200	-0.703591655479	5.061653069326	-85.987967406278	-276.969551877040	1992.524742799226	214.114167438202	-1396.017664344892	-98.367741801447	
0.316379310345	-0.221852805115	-0.716734783216	5.077798414199	-87.332576412736	-282.143357125250	1998.880373795607	210.891113476891	-1408.161396784248	-106.150517645637	
0.317241379310	-0.230169847793	-0.725196223900	5.095738245392	-90.606588498547	-285.474211628973	2005.942406108820	208.317903289871	-1421.310584794275	-112.929779207682	
0.318103448276	-0.233968598166	-0.737069785136	5.113298569035	-92.101970344365	-290.148250766930	2012.855044899049	206.499777369535	-1431.951628194044	-120.336981211468	
0.318965517241	-0.233086760564	-0.749686509613	5.127811061459	-91.754834099175	-295.114836850094	2018.567901911920	205.439003867329	-1439.657416454779	-126.859801819523	
0.319827586207	-0.233093383203	-0.752248753898	5.129238486343	-91.757441107467	-296.123466850046	2019.129809131149	204.945999036522	-1440.777514461260	-128.581818291514	
0.320689655172	-0.231712273082	-0.748609134162	5.131501677454	-91.213765740860	-294.690726936984	2020.020716552845	204.482185814313	-1440.042156359767	-127.101647476150	
0.321551724138	-0.232424446507	-0.743335367204	5.140662876685	-91.494113514770	-292.614703352082	2023.627031701728	203.605370532070	-1441.197204041738	-125.540085025854	
0.322413793103	-0.235963163692	-0.739711341300	5.146587960812	-92.887133038604	-291.188101966489	2025.959446935258	201.544221037318	-1441.948392733772	-124.784081032587	
0.323275862069	-0.236397617927	-0.743196515120	5.159136390704	-93.058156378385	-292.560044091814	2030.899148787502	198.183018957987	-1445.200166102104	-126.921839779331	
0.324137931034	-0.240366588892	-0.747517985319	5.157652169809	-94.620545728745	-294.261195114760	2030.314883762806	196.844986886135	-1444.450793116591	-130.020652319173	
0.325000000000	-0.243236286134	-0.756132440695	5.162991437794	-95.750204889871	-297.652284003535	2032.416691891735	195.884167350942	-1447.699119317903	-134.132253483147	
0.325862068966	-0.243951754407	-0.765075878659	5.174906246052	-96.031849683696	-301.172877213732	2037.106967960834	196.855982228510	-1455.041199933910	-139.195612187683	
0.326724137931	-0.244738075726	-0.773423285395	5.178510033536	-96.341385849787	-304.458842140899	2038.525602472399	198.453112433084	-1459.303292193901	-143.035442248997	
0.327586206897	-0.245865873974	-0.774841717289	5.174011304342	-96.785344746682	-305.017209260443	2036.754673270561	200.940503657552	-1459.553700241948	-142.282061432600	
0.328448275862	-0.243821287560	-0.773235011113	5.161541809661	-95.980491280464	-304.384727783503	2031.846044341884	203.724134905250	-1456.805530815650	-138.290852481178	
0.329310344828	-0.240513185780	-0.768848609789	5.139803932031	-94.678253739053	-302.658016559013	2023.288907288167	206.567154988767	-1447.881850096752	-132.217241999672	
0.330172413793	-0.235045239198	-0.755951327904	5.124682558423	-92.525791152495	-297.580988774096	2017.336363594018	208.604577375971	-1440.833314574443	-121.424035939062	
0.331034482759	-0.228797881983	-0.737175099902	5.107554591979	-90.066512798847	-290.189708028509	2010.593922643070	210.082152891478	-1431.730487837308	-108.660228387809	
0.331896551724	-0.223191814644	-0.717948669953	5.095314051081	-87.859678839672	-282.621204841124	2005.775421598255	209.721728921879	-1424.824001041239	-97.878570800885	
0.332758620690	-0.217975884633	-0.705860566320	5.089826213202	-85.806422825820	-277.862710876326	2003.615128782884	208.832117757893	-1422.050398874275	-91.245521166324	
0.333620689655	-0.214008485787	-0.701573575421	5.087889940745	-84.244652341766	-276.175132664142	2002.852913212993	207.467582016255	-1421.961229907273	-89.165900587298	
0.334482758621	-0.211364126944	-0.705115078033	5.085056928415	-83.203697864758	-277.569248674224	2001.737695103814	208.320636492293	-1423.927511680977	-91.330128243338	
0.335344827586	-0.208898679317	-0.706735848160	5.088783370791	-82.233171964875	-278.207266439468	2003.204612835234	207.668767207954	-1429.773004201365	-93.126894425195	
0.336206896552	-0.204544653324	-0.698995661207	5.092294020635	-80.519205321325	-275.160334181163	2004.586583622544	206.964552761218	-1433.748907088784	-91.661401782859	
0.337068965517	-0.197662969412	-0.689755504131	5.096236704948	-77.810223635195	-271.522937198472	2006.138625206602	205.335973643985	-1437.419771732575	-89.756408314297	
0.337931034483	-0.195641587087	-0.678708598110	5.100412740663	-77.014504481670	-267.174311704701	2007.782525800843	205.229508761622	-1438.691820030360	-86.336244970212	
0.338793103448	-0.193486652909	-0.669926995051	5.097010886452	-76.166212508411	-263.717424964849	2006.443382521894	204.869038931334	-1435.432497276117	-82.327877820562	
0.339655172414	-0.191642216540	-0.658915729592	5.085731164302	-75.440148305533	-259.382829413372	2002.003108728416	204.789139596501	-1428.843445284928	-76.902353732275	
0.340517241379	-0.191186222024	-0.639659033473	5.072876902093	-75.260645612791	-251.802411918169	1996.943015681641	202.845160843919	-1421.158286638643	-66.547451469147	
0.341379310345	-0.191109660593	-0.618271301073	5.066332457895	-75.230507129588	-243.383109880713	1994.366788742743	202.302276824644	-1412.882768908349	-55.396677900026	
0.342241379310	-0.193428771205	-0.598342145370	5.057714876901	-76.143427318442	-235.537978004578	1990.974469451367	200.718142070092	-1402.423909210867	-44.277359999982	
0.343103448276	-0.196930199187	-0.583573118567	5.052758575251	-77.521767910680	-229.724135979315	1989.023416399117	199.394300921115	-1396.952447859396	-35.751611268226	
0.343965517241	-0.197532031266	-0.580554917214	5.046475159980	-77.758679704413	-228.536018027841	1986.549943755834	196.844704908806	-1391.952985877462	-33.292692957343	
0.344827586207	-0.197542062900	-0.583123908362	5.054915473335	-77.762628667303	-229.547303937249	1989.872481465525	197.347372013268	-1396.730711466875	-33.782631920089	
0.345689655172	-0.200620179324	-0.579367504779	5.064262070740	-78.974332245573	-228.068591947046	1993.551778789253	195.578090975537	-1405.181141962878	-32.911635969614	
0.346551724138	-0.202709219561	-0.578922127476	5.077297845878	-79.796685003309	-227.893268730847	1998.683324580112	193.044861089982	-1414.076737704862	-33.062124287580	
0.347413793103	-0.201669123805	-0.580041952628	5.077594522144	-79.387250278890	-228.334089010531	1998.800111486005	191.769170712100	-1418.223685815405	-34.296708267504	
0.348275862069	-0.195971304099	-0.590202222868	5.069952983850	-77.144297909682	-232.333689451570	1995.792012369875	192.970246081543	-1414.970803237407	-38.425051828055	
0.349137931034	-0.186639406803	-0.606081732025	5.051367972704	-73.470787298755	-238.584673955007	1988.476004329351	194.223951837485	-1403.174940414291	-44.820995964038	
0.350000000000	-0.181823485158	-0.618622315938	5.028518067877	-71.574994974610	-243.521287230142	1979.481116668138	196.148911497442	-1391.567808567790	-50.131021072847	
0.350862068966	-0.179135899375	-0.631748357481	5.023549006542	-70.517024169698	-248.688366480886	1977.525040753505	195.917413299045	-1391.762382534169	-58.097472302293	
0.351724137931	-0.179512473003	-0.650679605004	5.031810010875	-70.665262751132	-256.140670813889	1980.776993288966	195.524346413821	-1398.185073707366	-69.211428678810	
0.352586206897	-0.182206880195	-0.669913683714	5.043656151684	-71.725918810481	-263.712184943969	1985.440238348630	193.895714408842	-1408.055648224272	-80.096028835670	
0.353448275862	-0.187904257227	-0.692869983238	5.051060974545	-73.968696920516	-272.748954982977	1988.355154200381	194.077948379882	-1415.923866464179	-92.240471677582	
0.354310344828	-0.192649885934	-0.714062326855	5.057983196304	-75.836818360359	-281.091342032519	1991.080093649910	194.157722531770	-1424.423019724886	-102.180383516239	
0.355172413793	-0.198690648100	-0.728911517468	5.061350706734	-78.214770368322	-286.936740620986	1992.405717465437	196.835862446974	-1429.774416427351	-109.883947209046	
0.356034482759	-0.203297445043	-0.736661361531	5.068958836195	-80.028240546707	-289.987474410242	1995.400665161235	200.018964105363	-1435.044935421475	-114.195874791419	
0.356896551724	-0.205956828646	-0.743556083558	5.076599862534	-81.075109535466	-292.701588563317	1998.408562745807	201.509016312891	-1440.048477888108	-119.337834169086	
0.357758620690	-0.209149736591	-0.745266906631	5.083009917650	-82.332000909489	-293.375055760046	2000.931887289197	201.456290433288	-1444.049513888435	-122.669180693375	
0.358620689655	-0.211686647317	-0.748919840910	5.086987276435	-83.330658328967	-294.813036956198	2002.497578513637	201.903413549860	-1445.769434237749	-127.372535100340	
0.359482758621	-0.214370709223	-0.755650709582	5.091564371928	-84.387241955967	-297.462650073706	2004.299356686603	201.745532207778	-1447.234476786214	-133.052212438965	
0.360344827586	-0.218488371406	-0.761336057274	5.092185085140	-86.008163751508	-299.700692822253	2004.543701057193	201.253474593438	-1448.868954496673	-137.928641916514	
0.361206896552	-0.222884251110	-0.764707621315	5.099975662511	-87.738606149966	-301.027912345574	2007.610469553526	200.855289897572	-1451.590162569844	-142.043821747495	
0.362068965517	-0.224603882231	-0.763758488339	5.106447666631	-88.415540643608	-300.654285209981	2010.158180383711	200.861235213170	-1451.831107334343	-144.320080395450	
0.362931034483	-0.226741477147	-0.763423230079	5.114236925055	-89.257006998899	-300.522310463950	2013.224429675597	201.837485300055	-1453.163518499028	-146.614161854154	
0.363793103448	-0.224843507317	-0.769313113826	5.127198219761	-88.509869295926	-302.840869032810	2018.326656170563	201.650816197293	-1457.293260875748	-150.593860988237	
0.364655172414	-0.225753310180	-0.773271059360	5.135871911517	-88.868014093864	-304.398918211564	2021.741063519201	202.049480226487	-1459.838934594550	-152.479522188236	
0.365517241379	-0.228945954104	-0.770597685892	5.142854072150	-90.124801535947	-303.346542098632	2024.489597966025	202.965179385884	-1462.436107690271	-150.771268623618	
0.366379310345	-0.227807206836	-0.765732059244	5.154961988260	-89.676532546064	-301.431183350827	2029.255891132084	202.634437937517	-1467.006105800845	-147.930745560290	
0.367241379310	-0.231739220749	-0.756524542477	5.165080437562	-91.224373716618	-297.806635257998	2033.239028719208	202.371180197362	-1470.048203040648	-142.703913665271	
0.368103448276	-0.233793969508	-0.754210611915	5.171201325527	-92.033227600133	-296.895754201068	2035.648522327434	199.902590733601	-1473.929127466479	-140.326939187476	
0.368965517241	-0.230330304387	-0.750316519084	5.176370898880	-90.669752395268	-295.362840702124	2037.683529996972	198.885325604106	-1475.724510626129	-135.489395633811	
0.369827586207	-0.218503633401	-0.742965898047	5.176519946048	-86.014171651212	-292.469261452464	2037.742202561928	197.991381416173	-1472.978790558511	-127.855551356439	
0.370689655172	-0.203599809723	-0.735021038898	5.161480302408	-80.147266702387	-289.341759781572	2031.821831951087	196.566746879374	-1462.383036087920	-119.890993934980	
0.371551724138	-0.196046240153	-0.723204899945	5.140483312505	-77.173796561726	-284.690324982238	2023.556346084339	194.769634509383	-1450.362407114080	-110.622573340058	
0.372413793103	-0.192358920561	-0.710971137740	5.121902836333	-75.722279553036	-279.874492376181	2016.242123240711	192.565628997703	-1441.825521353849	-102.005278704301	
0.373275862069	-0.193315686022	-0.707767101149	5.120004677065	-76.098911224209	-278.613220199587	2015.494910965261	193.395875415236	-1441.470506693736	-98.589472636385	
0.374137931034	-0.193834458305	-0.712142763552	5.124287692392	-76.303126446888	-280.335704037522	2017.180924189834	194.055130244249	-1445.611471783523	-99.233725733843	
0.375000000000	-0.190646222502	-0.715925754726	5.125951220175	-75.048074266185	-281.824882259157	2017.835773549013	196.225448273598	-1447.791311337008	-100.276530420252	
0.375862068966	-0.186538455452	-0.716634173025	5.116744286699	-73.431047699354	-282.103751824005	2014.211455069520	196.779272526287	-1442.693532010943	-101.174447018475	
0.376724137931	-0.181052837865	-0.721073165713	5.113322287632	-71.271628904524	-283.851165691044	2012.864381748135	197.326915363296	-1437.516397923395	-103.953666546523	
0.377586206897	-0.182302825617	-0.718316266509	5.100373522835	-71.763687820912	-282.765909589435	2007.767087663967	196.751986348215	-1426.685756207961	-101.961155164793	
0.378448275862	-0.187670936611	-0.718572442139	5.092310743971	-73.876850029223	-282.866753380007	2004.593166780519	196.332538776986	-1422.652466769703	-101.132101837220	
0.379310344828	-0.191714954006	-0.718861142864	5.091767933820	-75.468781480937	-282.980400706314	2004.379489026718	194.602796022946	-1423.249647127737	-101.262689152891	
0.380172413793	-0.196462131361	-0.718116577456	5.095256600808	-77.337512547327	-282.687301795848	2005.752806241180	194.353758781251	-1425.871215053342	-101.657779653157	
0.381034482759	-0.201367422157	-0.717530034673	5.101514281733	-79.268485126643	-282.456408648702	2008.216148533673	194.426599765006	-1429.344578364693	-101.556510669682	
0.381896551724	-0.208640096637	-0.715461037836	5.106840185162	-82.131380637114	-281.641945994939	2010.312695692153	193.834780514169	-1432.188882455428	-101.263355606212	
0.382758620690	-0.217177131494	-0.712765075002	5.117208792833	-85.491992861828	-280.580677556030	2014.394308369105	193.150060529585	-1435.767522885684	-100.798169640918	
0.383620689655	-0.224057134376	-0.713767412375	5.123332511930	-88.200312808980	-280.975248655413	2016.804916455243	193.399773757518	-1437.185949097130	-100.960037943272	
0.384482758621	-0.231563579137	-0.718566261134	5.136425162338	-91.155232221931	-282.864320221320	2021.958851252574	193.900001270176	-1443.680199972392	-103.506078792167	
0.385344827586	-0.238883962798	-0.727307492424	5.140134195610	-94.036908498973	-286.305314574202	2023.418915872906	194.790467045798	-1448.367879908531	-107.899898069799	
0.386206896552	-0.242806774496	-0.733460058150	5.141712251295	-95.581127207936	-288.727278164283	2024.040119055910	196.598916009335	-1453.991994926442	-111.893327995773	
0.387068965517	-0.245824734689	-0.740195133843	5.148645410160	-96.769150226329	-291.378547379813	2026.769363908336	199.394811254204	-1462.220443388892	-116.027561886264	
0.387931034483	-0.246062326902	-0.745241702771	5.157035467534	-96.862678636371	-293.365134235732	2030.072118301294	201.121370716932	-1470.212539735752	-119.025153834717	
0.388793103448	-0.243946740898	-0.746938498627	5.165235393660	-96.029876111045	-294.033079604454	2033.300027340388	203.093705488754	-1476.798427789297	-120.640664029812	
0.389655172414	-0.241719067892	-0.741127896480	5.163950010707	-95.152950426268	-291.745730315468	2032.794035068451	203.691122685733	-1477.422965295983	-117.666137346196	
0.390517241379	-0.233948123018	-0.727626170156	5.147910653601	-92.093910281794	-286.430762378713	2026.480126261396	203.534820789756	-1467.122674288611	-109.643209582111	
0.391379310345	-0.223351148813	-0.706427572799	5.126275409302	-87.922400892998	-278.085913538439	2017.963390919811	202.584212435847	-1451.565435359214	-97.315601191960	
0.392241379310	-0.220226259693	-0.684077339776	5.098644505621	-86.692285196610	-269.287722177469	2007.086458325691	202.770599838621	-1433.390696927371	-84.693320439420	
0.393103448276	-0.216930621078	-0.667477578916	5.078719790523	-85.394953792636	-262.753209877845	1999.243074497599	202.107494031115	-1418.455368372639	-74.586333129746	
0.393965517241	-0.213752659976	-0.658072083234	5.069376378346	-84.143946257750	-259.050727189185	1995.565031042431	201.623137613789	-1411.278796970745	-68.126289517482	
0.394827586207	-0.215354894960	-0.654467498673	5.071016868852	-84.774667645678	-257.631778907485	1996.210811754615	202.336031864495	-1412.501669725933	-65.011658685651	
0.395689655172	-0.217111859796	-0.654999534453	5.094490429961	-85.466298593284	-257.841215319279	2005.451202328526	203.098893994019	-1425.341346868377	-65.416368043085	
0.396551724138	-0.220798972555	-0.655871624633	5.118700502150	-86.917734181938	-258.184514482307	2014.981521218759	204.554300041150	-1440.941663247952	-68.183057193756	
0.397413793103	-0.225519668336	-0.657101316078	5.149881985595	-88.776040750429	-258.668583736990	2027.256143052634	204.478641326391	-1459.548896873338	-71.269356796002	
0.398275862069	-0.229725633465	-0.662248644308	5.170537136746	-90.431723088434	-260.694834591836	2035.387063756026	203.957553872474	-1471.964496256511	-75.253893658687	
0.399137931034	-0.231423046603	-0.666264462223	5.189969137432	-91.099911450906	-262.275665290392	2043.036490067930	202.752556267491	-1482.418049396152	-78.025724955777	
0.400000000000	-0.233924933076	-0.665954769084	5.200208053106	-92.084781538459	-262.153754279527	2047.067049361626	201.621352571504	-1485.839456792375	-77.689887578297	
0.400862068966	-0.236115301046	-0.663684772445	5.213715196086	-92.947022058467	-261.260167854934	2052.384149570365	201.469243163376	-1490.505402351822	-76.763095394148	
0.401724137931	-0.238298530593	-0.652765728005	5.223398469125	-93.806452531749	-256.961875199157	2056.195979590373	201.570813561252	-1492.582006573947	-71.547483274477	
0.402586206897	-0.239684898696	-0.641862274736	5.224520150603	-94.352197708096	-252.669720022992	2056.637530615034	201.436915970264	-1489.015847051264	-66.370148682859	
0.403448275862	-0.238732225288	-0.636994715004	5.222308239281	-93.977176877701	-250.753600314576	2055.766809532981	201.318429758612	-1485.505536429091	-63.751419231225	
0.404310344828	-0.235561669123	-0.640446540291	5.215583788521	-92.729084303963	-252.112414756863	2053.119722832534	201.072132416981	-1479.452018502103	-64.341908625156	
0.405172413793	-0.231984518249	-0.650201612852	5.199158880981	-91.320935320307	-255.952508730036	2046.654041715730	200.017898390081	-1468.912922133949	-67.787728868258	
0.406034482759	-0.227863995198	-0.659288913972	5.187748581660	-89.698887341055	-259.529733814409	2042.162366089322	198.297677299117	-1461.280133522185	-70.457587990276	
0.406896551724	-0.223273613665	-0.666866261325	5.173701144650	-87.891879105053	-262.512564102886	2036.632578600477	197.620935103866	-1450.939100751875	-73.788540360778	
0.407758620690	-0.222819370584	-0.674867283592	5.157018491744	-87.713065866658	-265.662174440858	2030.065435765107	197.162133925547	-1440.838814380900	-78.048339063963	
0.408620689655	-0.221438901517	-0.684486355548	5.144426374502	-87.169642851400	-269.448731641294	2025.108536343993	196.932174557571	-1432.236045356698	-82.345755087118	
0.409482758621	-0.218158486446	-0.694202897944	5.131601902235	-85.878304210523	-273.273658176842	2020.060170137076	197.809874965271	-1423.033883798506	-86.221844535069	
0.410344827586	-0.219740437230	-0.704835600671	5.121150836661	-86.501040702953	-277.459232133682	2015.946097825198	198.348224880795	-1415.317473740689	-91.615362066428	
0.411206896552	-0.222750790257	-0.716623724789	5.126326424569	-87.686069152798	-282.099638865318	2017.983473130041	199.226363473100	-1417.453702070353	-98.463699485716	
0.412068965517	-0.227491774917	-0.727251243113	5.136422611582	-89.552362458693	-286.283171977013	2021.957847145199	200.017338535240	-1422.799595092426	-106.118495449843	
0.412931034483	-0.237325884829	-0.735982927632	5.141974202877	-93.423569563318	-289.720408234017	2024.143236555633	200.873275501512	-1427.399962832444	-112.628642638430	
0.413793103448	-0.248027825916	-0.749928602399	5.160394951468	-97.636399269447	-295.210136915147	2031.394582478817	201.741871126241	-1439.819844737633	-120.865418163772	
0.414655172414	-0.257602925783	-0.765555589444	5.170366463590	-101.405646813358	-301.361715839129	2035.319878099218	204.732936619567	-1449.232210610225	-129.148245344188	
0.415517241379	-0.261988487406	-0.779628232467	5.178642822355	-103.132027488729	-306.901425699939	2038.577874922270	207.875548868899	-1457.173934534340	-136.417335186351	
0.416379310345	-0.263972678625	-0.787866138524	5.194664688999	-103.913106326805	-310.144285576545	2044.884898591589	210.611143258779	-1467.818302796151	-141.755635233680	
0.417241379310	-0.262064813108	-0.784055087862	5.212855074254	-103.162073176895	-308.644061709591	2052.045561759386	213.387398416319	-1478.112542980394	-141.887217084487	
0.418103448276	-0.261330554212	-0.778193874469	5.219568954060	-102.873031435627	-306.336789253971	2054.688487193312	216.216944238342	-1481.111562296969	-141.190311671186	
0.418965517241	-0.257905805086	-0.776268181454	5.216940841244	-101.524875550998	-305.578738291769	2053.653927980676	217.134202059680	-1479.949154760185	-141.054107621024	
0.419827586207	-0.250736546363	-0.770688212485	5.203008571259	-98.702689755695	-303.382177981780	2048.169476105391	218.686798029984	-1472.466139625533	-137.737787411337	
0.420689655172	-0.242003318864	-0.758434781963	5.192713179895	-95.264846103115	-298.558602923238	2044.116685100696	218.322023984345	-1464.794161382891	-130.499424908562	
0.421551724138	-0.234606027270	-0.737744154593	5.182864120461	-92.352894942003	-290.413716971399	2040.239593101834	217.484251547159	-1455.256789519368	-118.813214248370	
0.422413793103	-0.232048658495	-0.713851705978	5.165159607893	-91.346184191790	-281.008430915688	2033.270194198332	215.269969345906	-1440.905997844637	-105.337283691078	
0.423275862069	-0.227535758561	-0.692119463189	5.155256417417	-89.569676663847	-272.453512022261	2029.371793461435	212.211324441868	-1430.412269365061	-92.948737501035	
0.424137931034	-0.220522487240	-0.673004290190	5.144247637889	-86.808895463798	-264.928805243648	2025.038176499267	209.645412907609	-1421.384479846601	-81.457611429071	
0.425000000000	-0.212030291646	-0.662990863311	5.131329599694	-83.465934259273	-260.987009837417	2019.952977972371	206.959086305844	-1413.612361611138	-74.128261348697	
0.425862068966	-0.205395374870	-0.651893069803	5.119232865768	-80.854092700367	-256.618352433806	2015.191086683974	204.624928801047	-1408.520967588283	-68.114822620765	
0.426724137931	-0.206111581031	-0.644543273850	5.111473234735	-81.136027964868	-253.725097978963	2012.136500244282	202.553031918883	-1407.097389770070	-66.520991280516	
0.427586206897	-0.209014629066	-0.645557942218	5.112349089511	-82.278815698346	-254.124523186718	2012.481281344254	199.158543661009	-1411.727595472557	-69.885067231696	
0.428448275862	-0.212079888038	-0.647079036635	5.121676537073	-83.485457927952	-254.723303510492	2016.153040313123	197.925703498744	-1420.256586430705	-74.050934911007	
0.429310344828	-0.213204288927	-0.652928346324	5.122591224683	-83.928079451530	-257.025890061230	2016.513107996488	196.545796181681	-1424.071725878923	-79.243990109263	
0.430172413793	-0.211177813266	-0.659947322073	5.109854220236	-83.130355300693	-259.788916815203	2011.499173583776	196.622683016078	-1419.809391616340	-83.421329572950	
0.431034482759	-0.207849489988	-0.661013177916	5.084857231604	-81.820157546555	-260.208492023343	2001.659084256743	194.059495892251	-1410.822410603103	-85.017605993887	
0.431896551724	-0.204347086937	-0.655738698266	5.070416933165	-80.441433117610	-258.132187886198	1995.974646477285	193.087883811144	-1400.836312087930	-82.361431917146	
0.432758620690	-0.200064360713	-0.651014113519	5.063979352358	-78.755533698746	-256.272350422066	1993.440486418194	192.816958042722	-1394.227477477819	-79.578266379708	
0.433620689655	-0.199098302533	-0.644705725638	5.055611493401	-78.375243939598	-253.789047286442	1990.146470453729	192.023096147348	-1386.533713339742	-74.817555316774	
0.434482758621	-0.197756865810	-0.645149581018	5.050651210426	-77.847186045181	-253.963771395964	1988.193850149172	190.740707233112	-1383.418584261090	-73.765043294368	
0.435344827586	-0.199574552257	-0.649835210116	5.055892398378	-78.562720114959	-255.808273930330	1990.257048976048	191.358838775308	-1387.679577179444	-75.184479791839	
0.436206896552	-0.200564195601	-0.658464734139	5.072333581236	-78.952294197232	-259.205294606763	1996.729136888175	193.844463526129	-1396.452479903151	-79.568514270405	
0.437068965517	-0.205810477623	-0.665771925527	5.086302642223	-81.017498310362	-262.081777732331	2002.228071578162	195.778512617238	-1406.603127737570	-85.084465006388	
0.437931034483	-0.211282749770	-0.672925714033	5.098818550514	-83.171663659569	-264.897873661383	2007.154971270064	197.483229493791	-1415.359815941974	-91.241148374139	
0.438793103448	-0.217917880566	-0.676595648606	5.102690077740	-85.783589467688	-266.342547039907	2008.679001795961	198.031931289392	-1420.034580638001	-95.242663490762	
0.439655172414	-0.222360203178	-0.685841488281	5.108136663946	-87.532314162391	-269.982180983268	2010.823055849360	200.870544154793	-1422.882174802761	-101.041559302906	
0.440517241379	-0.226397934500	-0.695556906019	5.113686788447	-89.121771095750	-273.806664796039	2013.007867855051	202.807001910022	-1428.509106081915	-107.109617571604	
0.441379310345	-0.228964889886	-0.707636018207	5.128486786349	-90.132255625274	-278.561619269693	2018.833901683949	204.356945086169	-1440.225738299987	-114.677684570934	
0.442241379310	-0.235266459999	-0.713704783848	5.140562309341	-92.612874940034	-280.950594873475	2023.587443267093	204.607320818196	-1449.941557995806	-120.848675048395	
0.443103448276	-0.242171029476	-0.719141214482	5.159055897838	-95.330865551499	-283.090651175928	2030.867462691393	207.469887985159	-1462.062746766336	-126.050527887099	
0.443965517241	-0.242328256439	-0.726309991831	5.176248626682	-95.392758100973	-285.912647477840	2037.635397425182	209.788024196276	-1473.609867040154	-131.651277061910	
0.444827586207	-0.237754403512	-0.735777079617	5.191432090205	-93.592256367502	-289.639375959074	2043.612382875464	210.240103588583	-1482.150718886461	-136.228318439312	
0.445689655172	-0.235571255942	-0.744871784185	5.191089854265	-92.732858164519	-293.219515417957	2043.477661358941	211.478085066469	-1486.122272143760	-140.434807923034	
0.446551724138	-0.236966505908	-0.749203189158	5.189421307953	-93.282099695520	-294.924577274424	2042.820836450806	214.967861503185	-1486.761405333402	-141.678203210243	
0.447413793103	-0.236207281130	-0.752290325495	5.187348915887	-92.983230109567	-296.139831550318	2042.005037262135	216.100946798549	-1486.926438227459	-143.230190176216	
0.448275862069	-0.232879989677	-0.755878578772	5.190407559994	-91.673438534636	-297.552351006106	2043.209075543299	217.210249823259	-1487.471393117757	-144.752640122078	
0.449137931034	-0.231438031721	-0.754739222128	5.175639172122	-91.105810357185	-297.103842135041	2037.395485033783	217.243829864790	-1479.405961445611	-144.563783196029	
0.450000000000	-0.228020716663	-0.756027438699	5.165687670115	-89.760580900837	-297.610949863625	2033.478066415009	217.210954978183	-1472.132434096161	-144.914237525117	
0.450862068966	-0.223622439867	-0.750303477531	5.150310439014	-88.029194885076	-295.357706882065	2027.424804165328	216.917428494959	-1460.799326975777	-141.712345131645	
0.451724137931	-0.221388763533	-0.743564784596	5.132172711535	-87.149905984460	-292.705013735448	2020.284869783292	216.568658763280	-1447.225412367990	-136.525283208886	
0.452586206897	-0.218942664663	-0.736515188843	5.119811106743	-86.186996741907	-289.929933386994	2015.418711816541	215.448716814650	-1436.073332288202	-130.298067669837	
0.453448275862	-0.220767772368	-0.727937579177	5.110319812012	-86.905452197340	-286.553348848289	2011.682454247327	214.347397162064	-1427.968683692030	-123.844500489148	
0.454310344828	-0.224699362768	-0.725586338756	5.108889358252	-88.453126651546	-285.627780728244	2011.119354708081	214.215743011161	-1424.608276068437	-120.501460129814	
0.455172413793	-0.226583879515	-0.728433255961	5.104904740569	-89.194968535043	-286.748472505154	2009.550806011930	214.923237985215	-1421.666327287211	-120.260570345967	
0.456034482759	-0.229430403210	-0.730104630488	5.098251453314	-90.315505406223	-287.406410742791	2006.931732895871	214.252407260728	-1419.787594115709	-120.221859882482	
0.456896551724	-0.230359461626	-0.725468866571	5.097563933401	-90.681230171471	-285.581537686455	2006.661090001169	213.126875375443	-1421.709967155347	-118.127678868902	
0.457758620690	-0.230414909039	-0.718562621678	5.102460046192	-90.703057100420	-282.862887545642	2008.588449649440	212.458501090795	-1425.182031050526	-115.319347919101	
0.458620689655	-0.231947465373	-0.714291458779	5.108784648874	-91.306349418726	-281.181540041348	2011.078135758085	211.919950810183	-1428.923726647991	-113.325584788497	
0.459482758621	-0.233097959285	-0.709201286372	5.115464227680	-91.759242486729	-279.177788632884	2013.707558569035	213.270633047725	-1431.672630621626	-110.394292625822	
0.460344827586	-0.231405235436	-0.709134007008	5.112600303733	-91.092900067169	-279.151304044584	2012.580172071466	214.676236854166	-1430.058106231983	-108.604499894184	
0.461206896552	-0.229574968851	-0.702460370882	5.102739992981	-90.372413813647	-276.524220575369	2008.698650980362	214.687905376162	-1426.112639196419	-104.686941696986	
0.462068965517	-0.226829525363	-0.692813203550	5.097865715841	-89.291667266143	-272.726603602647	2006.779886957642	213.927751218430	-1422.978116631927	-99.959961964912	
0.462931034483	-0.229573712455	-0.687866515683	5.089387544685	-90.371919232362	-270.779335025267	2003.442446486755	213.466012013813	-1420.207468738726	-97.606367286988	
0.463793103448	-0.231488337652	-0.689607096763	5.094176760796	-91.125613337057	-271.464516490902	2005.327726151087	214.092219266505	-1423.023006453722	-99.201713098942	
0.464655172414	-0.234321264089	-0.695806252864	5.095248868079	-92.240797633947	-273.904820428534	2005.749762244661	214.747305528020	-1429.102282172662	-103.240250229409	
0.465517241379	-0.232439355892	-0.705236077067	5.103581827738	-91.499982608667	-277.616880063488	2009.030040065971	214.588019257997	-1439.966540644974	-109.719695072735	
0.466379310345	-0.230307171862	-0.710557048640	5.110052444523	-90.660646253974	-279.711485792169	2011.577204770548	214.275881498269	-1449.245710145827	-114.385075088063	
0.467241379310	-0.229386234805	-0.707339782468	5.117698907691	-90.298118469774	-278.445005777713	2014.587242568253	214.334362342427	-1457.246118451409	-115.073273859329	
0.468103448276	-0.226074913762	-0.698054330970	5.123107268288	-88.994613662258	-274.789778600990	2016.716249072633	214.580663494194	-1459.697257653121	-111.733948955529	
0.468965517241	-0.219700357802	-0.689621581989	5.116074755101	-86.485263396404	-271.470218614711	2013.947893292800	214.878524702915	-1454.416100972839	-106.833093201484	
0.469827586207	-0.209682595534	-0.682931551448	5.097443175476	-82.541761360209	-268.836681467653	2006.613553524523	215.309344031344	-1440.434741370968	-100.251877852171	
0.470689655172	-0.194861296877	-0.670852755046	5.066143780943	-76.707342467752	-264.081851303735	1994.292515873749	215.655288995009	-1418.389705921499	-90.025052312549	
0.471551724138	-0.184692097790	-0.657086271858	5.032046808656	-72.704227177684	-258.662661565061	1980.870208970118	216.612905771163	-1395.083853275281	-79.838460211821	
0.472413793103	-0.176252876288	-0.643053022536	4.997414631006	-69.382119276861	-253.138459073506	1967.237217945434	217.054822449432	-1372.208100358557	-69.825062147439	
0.473275862069	-0.172041003471	-0.630383121500	4.970622964982	-67.724111371804	-248.150939985015	1956.690652085842	217.165552388061	-1354.228855226830	-61.960631648456	
0.474137931034	-0.172919568311	-0.625102132062	4.956968147588	-68.069959291081	-246.072073263659	1951.315419697746	215.266210928283	-1345.268951005430	-58.625187716700	
0.475000000000	-0.175874713692	-0.629930738871	4.953711779177	-69.233255196335	-247.972859115386	1950.033547048255	213.725767109071	-1345.128780013121	-60.443710146831	
0.475862068966	-0.177288584389	-0.637816970075	4.963792333865	-69.789826796312	-251.077281837765	1954.001767382851	211.808662843124	-1352.531575976983	-63.821303209688	
0.476724137931	-0.182838838232	-0.645229725674	4.978607304196	-71.974689717314	-253.995320419280	1959.833695123539	210.835262498887	-1363.051601120549	-68.547705004106	
0.477586206897	-0.187477321345	-0.652548299879	4.992201406246	-73.800633187760	-256.876284401850	1965.185026856459	208.945975663921	-1372.575975338669	-74.078405869748	
0.478448275862	-0.192940524918	-0.657884503857	5.008453936896	-75.951228684193	-258.976886381770	1971.582851640280	207.107990265384	-1382.901144030699	-78.989814876399	
0.479310344828	-0.194511672328	-0.668370086640	5.023624246013	-76.569712417640	-263.104546427368	1977.554658845806	204.695609918343	-1393.198316522724	-86.107071461431	
0.480172413793	-0.193500677105	-0.684808146568	5.044198817961	-76.171733147240	-269.575404994778	1985.653859466072	202.440993771822	-1406.205917395070	-95.801714300693	
0.481034482759	-0.196128385508	-0.697908696607	5.056994984093	-77.206133161897	-274.732449489721	1990.691082934696	200.849312143236	-1415.287849399246	-103.557307307307	
0.481896551724	-0.203288287744	-0.710716781945	5.063906046566	-80.024635766907	-279.774364965859	1993.411629520593	198.738020338237	-1423.114192462590	-111.877990837998	
0.482758620690	-0.211857175563	-0.715573092926	5.064029092147	-83.397786941692	-281.686056592380	1993.460066535401	198.026047318245	-1427.780263608479	-117.085605217516	
0.483620689655	-0.216647504826	-0.722280253512	5.075342003432	-85.283504799738	-284.326336998511	1997.913405264724	196.389926940588	-1437.838532165124	-123.798455167880	
0.484482758621	-0.222616797278	-0.730011886259	5.091038858182	-87.633322684065	-287.369901884960	2004.092487680113	197.370721135087	-1448.670769379210	-130.261793193911	
0.485344827586	-0.224139183140	-0.741989617484	5.102397536214	-88.232611386232	-292.084947642214	2008.563842534925	198.084794074395	-1458.363678686128	-137.826243549994	
0.486206896552	-0.220521647474	-0.754047596628	5.115709481286	-86.808564889062	-296.831583071928	2013.804102894017	199.871364812202	-1466.973521579703	-144.786138636492	
0.487068965517	-0.219019480687	-0.762720029201	5.115845251765	-86.217235445982	-300.245494741684	2013.857549077513	200.600691489428	-1470.846890125008	-150.285936359952	
0.487931034483	-0.221196612913	-0.766095290464	5.122600487001	-87.074265702579	-301.574169680054	2016.516754116999	202.638678898712	-1477.982302025573	-153.919799374592	
0.488793103448	-0.218148238148	-0.769544185887	5.135728760323	-85.874269957909	-302.931830778530	2021.684711910049	203.627464442640	-1487.579156307242	-157.523855963441	
0.489655172414	-0.212074539703	-0.772520835811	5.143220480177	-83.483352550704	-304.103591968498	2024.633834848808	204.900811074575	-1492.609186549392	-159.353976302470	
0.490517241379	-0.204559021569	-0.782482197972	5.138971968520	-80.524861395198	-308.024892047175	2022.961404028115	204.102350180603	-1494.469260505691	-164.744657009571	
0.491379310345	-0.196826448715	-0.786548987236	5.135210896875	-77.480926434516	-309.625787667812	2021.480854450919	204.203936057876	-1493.263938314638	-166.130052785203	
0.492241379310	-0.190215171963	-0.784260625675	5.124382208155	-74.878390794684	-308.724971873340	2017.218130413761	204.633494939446	-1487.309275039065	-164.091938192068	
0.493103448276	-0.182304375939	-0.775372696424	5.105809775911	-71.764298106619	-305.226229722709	2009.907074070275	204.700786362386	-1474.663605625940	-156.706003705265	
0.493965517241	-0.176938865336	-0.761941350714	5.077139421233	-69.652159544865	-299.938967184236	1998.620960561708	203.268978264221	-1456.449258104467	-147.199906872754	
0.494827586207	-0.171944878065	-0.750799908036	5.055860401198	-67.686271510605	-295.553127241866	1990.244453254390	203.664475149592	-1440.467419989200	-137.555118009965	
0.495689655172	-0.166288330289	-0.747700501436	5.036954833132	-65.459565877333	-294.333042764970	1982.802257665185	203.181892743062	-1425.733558105431	-131.762084867027	
0.496551724138	-0.164166414044	-0.741129274372	5.019820779733	-64.624271446442	-291.746272724133	1976.057420578476	202.276443641696	-1415.131252002238	-125.200811113290	
0.497413793103	-0.164059942624	-0.731621293111	5.006521651201	-64.582358866470	-288.003446485969	1970.822205462748	199.882030824326	-1407.293462542368	-119.082284320735	
0.498275862069	-0.167512728250	-0.718385367997	4.999298502956	-65.941551347101	-282.793111458744	1967.978806004067	197.486545870482	-1401.573660224750	-112.448426254520	
0.499137931034	-0.172783982949	-0.704971405430	4.985164275086	-68.016585979018	-277.512691811514	1962.414853207102	195.698047344368	-1393.674013913143	-105.467817230166	
0.500000000000	-0.171636229169	-0.695776922254	4.970387978633	-67.564771566866	-273.893274405097	1956.598149476968	193.615386933723	-1384.725805628751	-98.899288391531	
0.500862068966	-0.167527008143	-0.689395702476	4.948732659448	-65.947172641222	-271.381300920565	1948.073511636400	190.735466385947	-1372.290183342577	-93.415537476725	
