dbx_v3_0_0_0										
Time	Cx	Cy	Cz	Fx	Fy	Fz	Mx	My	Mz	
0.000000000000	0.000000000000	0.000000000000	0.000000000000	0.000000000000	0.000000000000	0.000000000000	0.000000000000	0.000000000000	0.000000000000	
0.000862068966	3.742376031801	-1.443611979415	40.953723483417	1473.185656184949	-568.277597734658	16121.425931134865	52.949134519863	-10996.031891723907	-422.631306617483	
0.001724137931	-1.141562860501	-0.281475175480	9.515985336137	-449.376016047638	-110.802652530086	3745.965927137658	62.785105790697	-2617.766952752083	-87.256400985002	
0.002586206897	-2.192399815763	-0.118025896434	7.767353423330	-863.037795710225	-46.460873040969	3057.617287128105	32.262966039680	-2120.915059982833	-53.067401877465	
0.003448275862	-2.302644495106	-0.152446556067	8.111160334105	-906.435594033905	-60.010559554750	3192.956816119147	32.320109289547	-2427.893105557076	-58.747270941944	
0.004310344828	-2.326349711681	-0.250764861353	8.861370274475	-915.767148302560	-98.713542861755	3488.276825089211	30.623140816665	-2637.414994277354	-84.947240237960	
0.005172413793	-2.409319671983	-0.256456208823	9.236784000873	-948.428258349282	-100.953940776263	3636.058371402099	46.212076390395	-2655.138773804375	-88.079474259551	
0.006034482759	-2.497518651886	-0.230836164935	9.759149919637	-983.147771027861	-90.868615078119	3841.687621981004	31.880263414331	-2785.345275230659	-81.197548583587	
0.006896551724	-2.531335156403	-0.219684135363	9.777818962897	-996.459631988090	-86.478620629616	3849.036687524086	30.796052459611	-2777.237993298767	-66.935642165430	
0.007758620690	-2.466730685687	-0.194560853121	9.863412677162	-971.028093634944	-76.588845064723	3882.730637849454	42.462233826840	-2729.313979671204	-66.752188097428	
0.008620689655	-2.424106028160	-0.164073154864	9.863407450548	-954.248904816138	-64.587368093798	3882.728580393811	39.343078009211	-2694.301821028366	-40.307548952742	
0.009482758621	-2.383942958165	-0.136872178989	10.007532219941	-938.438719489440	-53.879708801135	3939.463270111716	38.785415874590	-2698.580294054190	-23.767200155404	
0.010344827586	-2.302313652086	-0.119089860762	10.047359323135	-906.305357738078	-46.879702408640	3955.141202166994	42.554354567679	-2680.874430848252	-15.601911267945	
0.011206896552	-2.203143358161	-0.115717211433	9.891325318307	-867.266989255578	-45.552059603023	3893.718444048656	37.831221341634	-2620.058055022063	-16.920305291704	
0.012068965517	-2.070959541536	-0.120116711520	9.723761334578	-815.232853461335	-47.283922025959	3827.756911795968	31.387803853946	-2552.224479388352	-26.040077266996	
0.012931034483	-1.924627806234	-0.137718299053	9.580598845436	-757.629392007897	-54.212783813114	3771.401023527455	31.422406882459	-2492.049028492117	-36.723682007279	
0.013793103448	-1.773102517224	-0.150583721336	9.465443227707	-697.981489065669	-59.277254995642	3726.070035185767	35.638163001666	-2454.431538053582	-42.999351637533	
0.014655172414	-1.604602330897	-0.165074923784	9.319460137990	-631.651420827588	-64.981714249973	3668.603818004709	41.563281585161	-2424.418926585213	-49.992115110958	
0.015517241379	-1.419562932150	-0.182975517057	9.136539134483	-558.810694575804	-72.028279593264	3596.596997660681	43.271519663331	-2388.243808116202	-54.460445088161	
0.016379310345	-1.226532508425	-0.200074453057	8.949219559380	-482.824302769535	-78.759272694033	3522.858680394095	47.980131176536	-2353.510278476365	-51.421252704083	
0.017241379310	-1.009209868967	-0.205506765707	8.800119346605	-397.275284580955	-80.897701598048	3464.165408278119	50.929305676088	-2330.467832893899	-47.928570988878	
0.018103448276	-0.807874792054	-0.202681633355	8.649880153641	-318.019767530963	-79.785588752525	3405.023776814589	65.062291686901	-2301.848332462733	-39.286494777420	
0.018965517241	-0.638210566839	-0.197657104465	8.474361380022	-251.231475593011	-77.807683852909	3335.930842943115	65.627223188400	-2264.843961376191	-33.008114385704	
0.019827586207	-0.557807800828	-0.176029778734	8.334080617792	-219.580941119972	-69.294090943362	3280.709345958546	66.945410589014	-2231.410538280358	-16.982249650505	
0.020689655172	-0.479035406476	-0.171257718688	8.275775683983	-188.572202159274	-67.415570358947	3257.757619183235	76.843263153904	-2208.531704240367	-15.643867039568	
0.021551724138	-0.391790738421	-0.184159518704	8.149025988102	-154.228354169362	-72.494361629872	3207.862624048804	72.866987717613	-2167.877798097000	-10.159191936864	
0.022413793103	-0.326464372344	-0.160448437336	7.969561497065	-128.512641836715	-63.160498686318	3137.216459220869	73.803959878019	-2119.862156681016	3.804111724983	
0.023275862069	-0.282690520159	-0.160746506148	7.801258043010	-111.281072745953	-63.277833420835	3070.963834606603	77.582108622769	-2075.106123639624	5.480310606691	
0.024137931034	-0.243455776734	-0.176728824603	7.685549082210	-95.836323007661	-69.569270224880	3025.415022864142	78.523154668334	-2045.633167664164	3.893095169487	
0.025000000000	-0.229112807037	-0.192088319409	7.567656675739	-90.190215549427	-75.615532610568	2979.006698123339	84.408112365591	-2016.403239893253	0.285911268229	
0.025862068966	-0.223384400415	-0.196594761233	7.462968737464	-87.935229306383	-77.389492629329	2937.796309928090	88.268460954622	-1985.241981485407	-1.398300224410	
0.026724137931	-0.223521410341	-0.188189768790	7.339852007792	-87.989163239200	-74.080868855951	2889.331431292810	95.697952925683	-1944.385931812506	-2.866640903501	
0.027586206897	-0.223940252163	-0.179660544253	7.232807852080	-88.154040247397	-70.723341141408	2847.193518524599	94.110989347841	-1905.527384526714	-7.273197455718	
0.028448275862	-0.229358908929	-0.165034836997	7.143631217490	-90.287093515266	-64.965934093391	2812.089152253528	83.264165401650	-1868.229042048403	-8.908186287242	
0.029310344828	-0.238584813685	-0.145164556945	7.060820917181	-93.918869273747	-57.144001901804	2779.490892334350	76.088373467423	-1832.955386160187	-3.597853646262	
0.030172413793	-0.248025672188	-0.143653257382	7.010198382355	-97.635261536554	-56.549079098844	2759.563340545872	68.046425334222	-1809.799277503762	-2.008829979226	
0.031034482759	-0.243220449777	-0.133205568758	7.015107669170	-95.743686593014	-52.436348338724	2761.495880423370	56.487697211704	-1808.023879266669	1.273041973259	
0.031896551724	-0.253611028730	-0.109124960993	6.997169423085	-99.833936141123	-42.957021395136	2754.434493057538	52.436779744742	-1800.350849586004	9.602886227769	
0.032758620690	-0.280254718167	-0.085695931148	6.986036698244	-110.322219726920	-33.734187983132	2750.052097913177	53.176476306171	-1794.377325248567	21.634952635817	
0.033620689655	-0.298132615191	-0.067816495562	6.989704297248	-117.359850696110	-26.695951359714	2751.495847605750	56.658006764046	-1797.800473527527	34.166313040572	
0.034482758621	-0.304091022724	-0.059257262379	6.974840135656	-119.705376756630	-23.326610746633	2745.644573051222	60.731529510207	-1794.553049127240	41.231146743688	
0.035344827586	-0.309765890087	-0.070695295581	6.916437651662	-121.939287279942	-27.829190472804	2722.654445663110	64.141873417325	-1784.009999544680	40.167022358520	
0.036206896552	-0.297495454180	-0.090165800282	6.852012173037	-117.109032377643	-35.493751168974	2697.293367514857	65.636220104711	-1771.675262035601	37.400569197146	
0.037068965517	-0.281327202185	-0.111454829232	6.798622190638	-110.744402869041	-43.874173611134	2676.276410483556	75.756206533436	-1763.504352223429	33.565781969407	
0.037931034483	-0.273754035800	-0.107483510507	6.731652655912	-107.763227275055	-42.310864704514	2649.913865105765	86.753834335975	-1750.172718073976	40.184887662293	
0.038793103448	-0.267724332474	-0.100420907641	6.690829151682	-105.389635638051	-39.530672348425	2633.843699960474	95.473745632009	-1744.251027273988	48.572979559114	
0.039655172414	-0.272848410988	-0.102570908131	6.645892580857	-107.406728229558	-40.377019657081	2616.154426884853	112.926276933946	-1729.333768343825	51.885025642490	
0.040517241379	-0.281383615866	-0.098988069435	6.578687556129	-110.766610104730	-38.966635844804	2589.699180909892	134.442643218775	-1706.579847652147	56.211740528427	
0.041379310345	-0.287413295871	-0.098784679786	6.528010513272	-113.140192561187	-38.886571545570	2569.750172044827	152.200828350987	-1688.162874639501	62.136200083071	
0.042241379310	-0.291933588013	-0.099643278691	6.491862011991	-114.919604755200	-39.224558851100	2555.520320974973	164.321160939455	-1674.240907587143	66.808993542433	
0.043103448276	-0.291632288998	-0.107385291626	6.449304338430	-114.800998451682	-42.272200859756	2538.767500382206	166.404223119266	-1661.546822478013	66.047523203751	
0.043965517241	-0.274181171990	-0.112818309766	6.396118046371	-107.931369359794	-44.410907479713	2517.830726017317	159.888194007763	-1645.424703720509	63.664191069215	
0.044827586207	-0.247751334265	-0.121005446981	6.383248408512	-97.527268462324	-47.633772581276	2512.764595373871	155.503308914854	-1643.596101243080	66.376988158067	
0.045689655172	-0.235250422450	-0.121631838266	6.386451217905	-92.606286760128	-47.880351398818	2514.025380718924	160.037331493907	-1647.100551369070	66.530887180186	
0.046551724138	-0.232776549516	-0.123276613740	6.372567574141	-91.632447121561	-48.527816970358	2508.560086832363	159.799568998826	-1643.611596481029	64.544713261594	
0.047413793103	-0.224817393762	-0.115901837866	6.369735037151	-88.499326881473	-45.624737765300	2507.445059152175	154.324744666413	-1645.571851389358	66.952530796072	
0.048275862069	-0.215136939130	-0.108708626511	6.385143593265	-84.688617645418	-42.793131400500	2513.510634513270	149.181297357734	-1656.031823098144	67.135773633751	
0.049137931034	-0.203573187004	-0.111796644172	6.397831897481	-80.136548687315	-44.008729001269	2518.505383200402	142.528627463992	-1669.392628263525	62.551730151699	
0.050000000000	-0.194087953544	-0.111875240608	6.373089318103	-76.402688230444	-44.039668474083	2508.765471249818	130.108977172142	-1670.189334583274	59.371718621140	
0.050862068966	-0.186486481344	-0.125040813574	6.330451379631	-73.410370057322	-49.222293919642	2491.981054389168	124.960473849654	-1665.184386743526	51.277821618171	
0.051724137931	-0.170273000594	-0.140277149693	6.302061370929	-67.027936257269	-55.220074910111	2480.805332536968	128.754750256277	-1664.776209535904	44.841009811454	
0.052586206897	-0.163375430974	-0.137202885063	6.265863745930	-64.312709208847	-54.009891187994	2466.556143924217	136.475878069983	-1662.274657396228	44.553599265080	
0.053448275862	-0.152909483327	-0.125047305311	6.230970090444	-60.192790788058	-49.224849390779	2452.820262677455	142.253434856396	-1659.010234979739	45.470541906832	
0.054310344828	-0.148235496664	-0.112421075114	6.195696518245	-58.352876773331	-44.254536129676	2438.934827284497	147.165780248726	-1656.661556001070	45.354695699452	
0.055172413793	-0.143435506382	-0.096420148097	6.162714669181	-56.463361456346	-37.955774068862	2425.951528293712	152.859856979114	-1652.223816528112	49.475254258097	
0.056034482759	-0.131205171089	-0.080399182345	6.139353534306	-51.648892153690	-31.649123763546	2416.755421724735	163.411555425377	-1649.973337124646	53.839948065991	
0.056896551724	-0.117688640263	-0.071201491428	6.089596500051	-46.328112209397	-28.028454377636	2397.168574081444	174.410855208507	-1641.064413501993	50.291226683722	
0.057758620690	-0.112137406788	-0.056977931807	6.031663684495	-44.142870144166	-22.429352674393	2374.363331590107	174.757687171857	-1625.664272860202	47.884659555733	
0.058620689655	-0.108725891398	-0.051472605278	5.997506166828	-42.799927720233	-20.262181869946	2360.917230864211	173.466988368395	-1619.248156064792	44.023281857264	
0.059482758621	-0.112607185931	-0.048102094069	5.953630663940	-44.327798619720	-18.935380734651	2343.645646992256	168.484496982258	-1610.997205257355	43.084456151226	
0.060344827586	-0.110859219988	-0.045756196628	5.915814517008	-43.639712138643	-18.011918626150	2328.759327509960	162.076030011749	-1601.732390471644	42.438754532717	
0.061206896552	-0.097735751232	-0.046654572851	5.896718140999	-38.473661007819	-18.365564265960	2321.242042506507	153.768235648211	-1596.400912625627	41.134543752815	
0.062068965517	-0.091045117085	-0.062567056546	5.883390212657	-35.839894071322	-24.629510629072	2315.995505896226	147.354915932501	-1588.967499333503	34.291445095903	
0.062931034483	-0.091144594502	-0.074500223648	5.872034784194	-35.879053338801	-29.326999726521	2311.525443510827	140.557659770606	-1582.028710739010	31.779609854495	
0.063793103448	-0.090434911787	-0.080571355022	5.859708779530	-35.599686864876	-31.716899507119	2306.673313977658	136.844783709974	-1575.233289098351	30.924342487651	
0.064655172414	-0.094967026632	-0.092719874085	5.837789192250	-37.383753064008	-36.499161865097	2298.044672361663	136.093026500882	-1562.731961119860	26.127288276514	
0.065517241379	-0.104001636909	-0.106779037346	5.823883686904	-40.940225784829	-42.033548970783	2292.570772666915	136.546161992205	-1549.628519078382	18.557462531978	
0.066379310345	-0.110446862949	-0.123169316627	5.819750869238	-43.477387863868	-48.485579480918	2290.943889731472	135.434545749989	-1540.807812368267	10.132391821145	
0.067241379310	-0.107261490878	-0.130118548173	5.811363182716	-42.223466717427	-51.221143236949	2287.642078430896	128.642849402915	-1528.401576642854	8.088466781782	
0.068103448276	-0.105299310483	-0.128887954040	5.793584700230	-41.451054755631	-50.736720076722	2280.643581976812	118.378928455070	-1514.512451673055	10.035143317694	
0.068965517241	-0.101480442763	-0.121014075274	5.807138606187	-39.947758159892	-47.637169107499	2285.979074634934	117.770916628918	-1513.123997992128	13.678197367632	
0.069827586207	-0.103950625206	-0.126404853339	5.800681457917	-40.920145037268	-49.759247929421	2283.437219372178	117.894548098541	-1506.031099579286	12.081750999038	
0.070689655172	-0.100127747180	-0.134338620591	5.792967363870	-39.415269785221	-52.882373990396	2280.400567629165	120.082364032316	-1504.025067328401	8.466513831411	
0.071551724138	-0.086510959962	-0.135062779640	5.791740509469	-34.055023930277	-53.167439070719	2279.917616613358	123.324445420864	-1502.340442318723	4.540585395622	
0.072413793103	-0.073715586897	-0.137707386448	5.772027281964	-29.018127609506	-54.208488068115	2272.157508128516	121.347527837408	-1495.542813407337	0.955026886681	
0.073275862069	-0.082891809032	-0.142878799745	5.731626785067	-32.630345813288	-56.244213988477	2256.253859744425	116.807011569073	-1487.053368413574	-2.551803647566	
0.074137931034	-0.083377210233	-0.147482236658	5.738889427880	-32.821423909375	-58.056356106621	2259.112797789917	111.585494609946	-1497.139390761422	-7.658732957961	
0.075000000000	-0.075560617440	-0.149564007388	5.741755015898	-29.744423553353	-58.875844782190	2260.240836001350	107.786159383200	-1506.938966955349	-10.443220214525	
0.075862068966	-0.068891029459	-0.154342557338	5.727025707280	-27.118941436287	-60.756920116470	2254.442646295636	101.307653832684	-1509.948262034405	-13.646170559494	
0.076724137931	-0.060185621036	-0.155830180265	5.712954356429	-23.692058966183	-61.342522615515	2248.903461547580	97.623794521322	-1512.541322799296	-14.569453366165	
0.077586206897	-0.051661755073	-0.153735163466	5.709291533055	-20.336640653106	-60.517819627082	2247.461591781148	97.734236401237	-1519.240839055329	-14.984223495178	
0.078448275862	-0.044401981795	-0.156131723881	5.694570072522	-17.478832199398	-61.461225206161	2241.666491472822	95.509186683859	-1521.563689160573	-17.392284002777	
0.079310344828	-0.042674819669	-0.158322926322	5.658893549181	-16.798935136850	-62.323791655573	2227.622434434784	94.185327854110	-1514.884233483411	-18.656075647582	
0.080172413793	-0.042171004684	-0.155624756585	5.639830898857	-16.600608458366	-61.261657620645	2220.118425540993	95.609488244502	-1514.696869532683	-17.806068042555	
0.081034482759	-0.032459538573	-0.151206800818	5.626433266490	-12.777691559085	-59.522530122623	2214.844449953824	94.262961706020	-1516.730559765202	-16.451053899221	
0.081896551724	-0.020187131807	-0.138091173178	5.601365519329	-7.946660828539	-54.359565645577	2204.976535763348	91.165967787714	-1510.260802749536	-11.690280092115	
0.082758620690	-0.014459486939	-0.133385339928	5.565564716413	-5.691974449609	-52.507115227646	2190.883556092632	89.754394099192	-1498.724940836738	-8.542492054491	
0.083620689655	-0.004359988513	-0.120242528423	5.550044192302	-1.716308699211	-47.333449827167	2184.773904549847	91.906150002084	-1491.446903408977	-1.179773251391	
0.084482758621	0.004481209201	-0.103862165223	5.531150087297	1.764027201180	-40.885322780621	2177.336243491081	93.230195245184	-1481.607428118048	7.741991813286	
0.085344827586	0.009322673402	-0.095304625303	5.505998718823	3.669868718894	-37.516648720514	2167.435411785489	96.928574036672	-1469.598605839994	14.013393435741	
0.086206896552	0.016142247374	-0.093624861884	5.497292960308	6.354392794443	-36.855410150743	2164.008391501789	99.656341426454	-1462.098921456402	19.181535657874	
0.087068965517	0.017107370726	-0.089935782197	5.483524167188	6.734313429148	-35.403204591195	2158.588308550456	100.801570921496	-1452.928874681610	23.153107739759	
0.087931034483	0.016361564644	-0.091118699498	5.464240759173	6.440726998246	-35.868859775250	2150.997398431154	101.282314545746	-1444.727313096144	23.633808601710	
0.088793103448	0.013744757648	-0.088433768394	5.463243444800	5.410621391869	-34.811937125831	2150.604805806240	100.692836087158	-1446.122262862071	23.659717594798	
0.089655172414	0.002366024654	-0.083606655641	5.454424587090	0.931385182316	-32.911745053217	2147.133264044872	99.342717339850	-1444.516309042985	24.268698608767	
0.090517241379	-0.006509344322	-0.082171593112	5.457386756338	-2.562402229339	-32.346832944963	2148.299321439747	100.636025451617	-1447.046392765752	22.815427218803	
0.091379310345	-0.007885193444	-0.080731422878	5.467709848492	-3.104004990103	-31.779910189899	2152.363004821544	100.058158745138	-1452.141608398241	20.655720465513	
0.092241379310	-0.006853004273	-0.081423286741	5.469207858213	-2.697683907435	-32.052262275849	2152.952696080577	100.058449166615	-1451.478058519142	17.753425511216	
0.093103448276	-0.007040766955	-0.082388447167	5.475756605623	-2.771596653655	-32.432197504944	2155.530609328449	100.998039313699	-1454.927027370462	16.340096421745	
0.093965517241	-0.005929171859	-0.081107146830	5.475861528545	-2.334017442741	-31.927813856483	2155.571912217646	100.408845450892	-1454.475173755415	16.937749546393	
0.094827586207	-0.009442630001	-0.084414386710	5.459403086548	-3.717089612383	-33.229708244076	2149.093049466626	101.693363932717	-1449.028143780429	14.945086852970	
0.095689655172	-0.007230581669	-0.085630919192	5.446020033271	-2.846317181836	-33.708596038480	2143.824812935696	103.011455338064	-1443.763425791974	14.370266861014	
0.096551724138	-0.007385040240	-0.094486076457	5.434041975893	-2.907119770813	-37.194427113225	2139.109652789097	105.330556515217	-1436.033536942000	10.670960071418	
0.097413793103	-0.003434701248	-0.100669008343	5.410642487922	-1.352069532430	-39.628337145583	2129.898448530831	107.692719623894	-1423.000907653876	8.772648772249	
0.098275862069	0.003652071571	-0.102948367480	5.383849338512	1.437637321336	-40.525606462238	2119.351330053116	107.847206699617	-1405.966087959056	7.831131038678	
0.099137931034	0.009655955453	-0.095126265389	5.351878276760	3.801065138492	-37.446437372135	2106.765927307612	106.458317121720	-1386.952798028039	10.955691502239	
0.100000000000	0.009399975278	-0.092584106555	5.330229472659	3.700298588466	-36.445717001223	2098.243879441470	105.929592191030	-1374.929382068469	12.825007484760	
0.100862068966	0.011323755162	-0.092899673969	5.328517649381	4.457594196198	-36.569940057475	2097.570020514037	106.593482278824	-1375.409766180804	13.514431893899	
0.101724137931	0.011532148093	-0.094981373075	5.339986512742	4.539628035917	-37.389400538609	2102.084736526818	107.648124245289	-1385.001828290406	13.232011345005	
0.102586206897	0.010228925122	-0.098229922750	5.355334856095	4.026614546251	-38.668191537631	2108.126609144936	108.306091866587	-1397.279613898267	12.194595087278	
0.103448275862	0.003420035575	-0.105071460719	5.372803972906	1.346296393147	-41.361361736397	2115.003323856131	109.134561359761	-1414.918220778528	9.456195505789	
0.104310344828	-0.003755874317	-0.113734314594	5.389580904802	-1.478499253704	-44.771492616661	2121.607560099073	110.024582218426	-1433.475978631196	4.130390801127	
0.105172413793	-0.009141022051	-0.121190091439	5.407597793327	-3.598361696757	-47.706457839395	2128.699905047410	109.783488970306	-1451.492146779263	-1.059832651916	
0.106034482759	-0.012551649629	-0.131588980937	5.434421748967	-4.940954633543	-51.799978831826	2139.259150391885	107.795962253433	-1470.739948471392	-8.041439138995	
0.106896551724	-0.023015576462	-0.141230950508	5.455398384295	-9.060077561663	-55.595538430596	2147.516599140291	105.270713369117	-1487.377375975881	-13.288316691450	
0.107758620690	-0.031967523371	-0.146987888079	5.471013565243	-12.584009862704	-57.861755876623	2153.663512330454	103.100904315602	-1499.101751581902	-17.575253089618	
0.108620689655	-0.040315750607	-0.150075092441	5.488094391253	-15.870288022384	-59.077033322242	2160.387376437056	101.919568829164	-1509.630579673806	-21.252353933077	
0.109482758621	-0.050810715402	-0.156986743103	5.495568246471	-20.001629038389	-61.797803370088	2163.329458207928	99.349245065609	-1516.136419241244	-25.269986906887	
0.110344827586	-0.058626531489	-0.169417890644	5.499022538652	-23.078323644387	-66.691322378258	2164.689239707609	99.490167571554	-1519.478552740048	-29.898641487152	
0.111206896552	-0.059345511120	-0.177371890623	5.510934719379	-23.361349847809	-69.822413048837	2169.378467522211	101.103631826444	-1523.556823284373	-35.035125393404	
0.112068965517	-0.055124648525	-0.184855065105	5.510768260842	-21.699808041658	-72.768163346438	2169.312941149163	100.913161025479	-1518.841580539140	-40.716054579076	
0.112931034483	-0.053308647209	-0.196182402696	5.493585278346	-20.984939448123	-77.227167764950	2162.548863159709	99.429004044611	-1506.848586094747	-47.466548244835	
0.113793103448	-0.048228796013	-0.200075720125	5.477352157466	-18.985256932304	-78.759771475341	2156.158698026314	97.152252487606	-1492.994705072839	-48.955813866823	
0.114655172414	-0.045836966031	-0.198698467471	5.451842746710	-18.043713487533	-78.217616214202	2146.116923040300	93.105195689101	-1475.412537369127	-48.376093257146	
0.115517241379	-0.050659152362	-0.193895083213	5.416429628806	-19.941966274933	-76.326764859159	2132.176555505679	90.236381881959	-1458.205368111466	-46.049067846770	
0.116379310345	-0.059453852347	-0.189745179907	5.392480237499	-23.403998352520	-74.693156164392	2122.748881897268	85.657240481648	-1446.823936298694	-42.889876361733	
0.117241379310	-0.060354165162	-0.182496854620	5.396163904721	-23.758406331315	-71.839854210283	2124.198956840969	83.037464409507	-1444.851484103989	-38.634415273215	
0.118103448276	-0.053552591732	-0.174180542381	5.414723506357	-21.080968165916	-68.566139383551	2131.504940708480	79.770201513580	-1451.217063851860	-34.546390384650	
0.118965517241	-0.044698338319	-0.168892678824	5.422008312396	-17.595492892165	-66.484572839331	2134.372603303775	79.568236624719	-1452.590978234626	-31.858228235336	
0.119827586207	-0.042030758772	-0.162940077394	5.402891433814	-16.545400679876	-64.141332349936	2126.847247466246	79.277096604977	-1445.181766430261	-27.590670343633	
0.120689655172	-0.043248135948	-0.155741687040	5.377690829958	-17.024620987917	-61.307687273381	2116.927034261504	80.055066132767	-1437.066356684288	-22.749073955979	
0.121551724138	-0.037061405334	-0.145726394890	5.369184548908	-14.589215587206	-57.365169308399	2113.578538246135	79.870120897448	-1433.832181823617	-16.433734924109	
0.122413793103	-0.030115902749	-0.133403909061	5.363575264229	-11.855119735748	-52.514424963713	2111.370444334553	80.186792231188	-1431.379176804920	-8.046348852023	
0.123275862069	-0.026873596054	-0.126565811120	5.347377405775	-10.578786284651	-49.822608930970	2104.994160248717	79.504395781839	-1425.462995517183	-1.360170354507	
0.124137931034	-0.026167416936	-0.118975441353	5.336482290559	-10.300799000849	-46.834661228631	2100.705300090731	78.821699530997	-1424.226118066240	5.591011799582	
0.125000000000	-0.021686967926	-0.114900682598	5.335819157409	-8.537071048904	-45.230633173018	2100.444257844586	76.653324674245	-1426.827596101571	8.949221946323	
0.125862068966	-0.012595279342	-0.111349293393	5.345538490743	-4.958129462489	-43.832629447019	2104.270271674871	74.869699025155	-1433.243744764977	11.743706882445	
0.126724137931	-0.007970930388	-0.110105495424	5.356218229297	-3.137755322903	-43.343008598787	2108.474348848203	75.185705477902	-1440.580464848194	12.687586630582	
0.127586206897	-0.005133642296	-0.110105008057	5.365172348119	-2.020857372478	-43.342816746630	2111.999136122586	74.423466270093	-1446.765851390635	12.350192633537	
0.128448275862	-0.001838117439	-0.109813826454	5.371434488846	-0.723574601433	-43.228193160923	2114.464226700791	73.998242454231	-1447.598694729594	9.454885343699	
0.129310344828	0.000240198871	-0.107421419156	5.373046326841	0.094554242672	-42.286422455305	2115.098726439426	72.888456884002	-1444.906765239635	6.455827945545	
0.130172413793	-0.004662984874	-0.114077281675	5.363324205123	-1.835583162405	-44.906501546570	2111.271614962448	71.456000620193	-1437.069357984343	1.127953220523	
0.131034482759	-0.011598491252	-0.117742917982	5.361823639503	-4.565744008682	-46.349478623933	2110.680917574284	72.590307456829	-1432.036861828211	-1.589208713548	
0.131896551724	-0.015234787307	-0.123277900016	5.360890804623	-5.997171301074	-48.528323312613	2110.313707290424	72.318458780097	-1428.455177709796	-5.180523649787	
0.132758620690	-0.015522532470	-0.126215358476	5.355618427896	-6.110442133010	-49.684653310471	2108.238237134010	73.289025261763	-1423.120708597941	-8.127176587884	
0.133620689655	-0.017952127016	-0.123333088247	5.351444214217	-7.066851591946	-48.550048149811	2106.595058665133	72.246410558498	-1417.420239720761	-7.671305258775	
0.134482758621	-0.018899915018	-0.117717251387	5.347001932939	-7.439948169751	-46.339374973482	2104.846355433610	72.868056435644	-1411.373461623795	-6.067578616691	
0.135344827586	-0.020447058540	-0.115115716924	5.343194876329	-8.048980940690	-45.315281396764	2103.347708279445	70.884470861732	-1407.051856995687	-4.399561707976	
0.136206896552	-0.023833568134	-0.109775757117	5.324693143821	-9.382079836904	-43.213207172903	2096.064504583827	69.096938469585	-1398.323390881139	-0.974528941682	
0.137068965517	-0.027919879335	-0.110727753452	5.308546116467	-10.990655510998	-43.587960360271	2089.708230151236	68.586061599828	-1390.074680317974	0.167161010609	
0.137931034483	-0.027181634813	-0.104374565969	5.304645340530	-10.700045687106	-41.087029242834	2088.172690400734	68.477565178333	-1387.058594405439	4.491208121074	
0.138793103448	-0.022001323379	-0.099871542707	5.302203825628	-8.660817016778	-39.314414940188	2087.211588496029	70.258991778873	-1384.720722856744	7.800879748985	
0.139655172414	-0.017758911311	-0.097077670456	5.303524967467	-6.990792264049	-38.214607628007	2087.731655744785	69.086973628239	-1383.149201639852	10.441366204342	
0.140517241379	-0.017350254552	-0.097254134265	5.304541970470	-6.829924603885	-38.284072574665	2088.131998795246	69.787435662319	-1382.690332892387	12.290177817458	
0.141379310345	-0.014104254050	-0.094133008902	5.294499506494	-5.552137086580	-37.055442133326	2084.178784645609	70.908758439442	-1376.232935632927	14.812077348273	
0.142241379310	-0.011295790524	-0.089712584272	5.272772513265	-4.446585921124	-35.315342767659	2075.625957643138	72.654447515921	-1366.367348099095	16.618426310609	
0.143103448276	-0.008436093742	-0.089783211059	5.255101334742	-3.320866794175	-35.343144989897	2068.669701375377	74.198655312787	-1359.410994624031	17.469401160861	
0.143965517241	-0.004205971348	-0.091606098070	5.259815084293	-1.655679869758	-36.060724135812	2070.525268043731	75.820457750825	-1363.377709023843	18.186724446255	
0.144827586207	0.000027563073	-0.094747381041	5.277091627674	0.010850198706	-37.297289616274	2077.326176258498	77.931726611768	-1375.247921973464	18.143197392275	
0.145689655172	-0.001352184149	-0.097207052879	5.293205483760	-0.532287048522	-38.265538995485	2083.669392827598	78.925347143291	-1387.534761324782	17.010129262926	
0.146551724138	-0.002853716092	-0.101651316130	5.321126369663	-1.123364829592	-40.015022430399	2094.660444573790	77.817537902814	-1403.741356287547	14.299893713146	
0.147413793103	-0.007092811010	-0.108996115730	5.343263447936	-2.792083786830	-42.906301480448	2103.374701480474	75.800933888558	-1416.620919467342	11.392450324893	
0.148275862069	-0.008127330547	-0.114552626794	5.359709414258	-3.199322217665	-45.093621067770	2109.848653184307	74.792864341623	-1424.628131825329	8.225945643980	
0.149137931034	-0.008225063739	-0.117246825865	5.368727702362	-3.237794871114	-46.154192050652	2113.398700684807	72.723912641773	-1428.084701303784	5.594427493297	
0.150000000000	-0.012200793676	-0.118236803528	5.367055937356	-4.802840250388	-46.543896580967	2112.740610689066	69.356368265993	-1427.806612097568	4.468220195518	
0.150862068966	-0.019712637631	-0.116002854817	5.365208353855	-7.759876281015	-45.664503070084	2112.013309773955	66.669670881965	-1427.559422773930	6.240124331736	
0.151724137931	-0.026557002737	-0.113401569720	5.362557769627	-10.454159381877	-44.640507656160	2110.969907766088	64.966047584857	-1428.152037701062	7.744756237622	
0.152586206897	-0.035649014306	-0.112395094110	5.360906335632	-14.033228111298	-44.244308712387	2110.319821069311	63.713479222675	-1427.676821740792	8.423115768430	
0.153448275862	-0.044583428201	-0.113123231904	5.360159272301	-17.550258544477	-44.530940024655	2110.025739722534	61.878011729593	-1428.148964704127	7.604842722381	
0.154310344828	-0.047750139921	-0.118296274883	5.358637665797	-18.796834047176	-46.567307469089	2109.426759594231	60.445117720278	-1426.447833925124	4.728477005342	
0.155172413793	-0.050615955756	-0.126594939552	5.343291085071	-19.924961938865	-49.834075333174	2103.385580833663	60.676990101030	-1418.764658229059	-1.047353627387	
0.156034482759	-0.047877093187	-0.134973539168	5.326152941649	-18.846809177729	-53.132309574687	2096.639153738102	62.629346674672	-1411.007204353717	-7.070279963481	
0.156896551724	-0.044395362186	-0.141461349306	5.307058327710	-17.476226391511	-55.686234876119	2089.122562372820	64.041104118276	-1402.641451292266	-11.128384541784	
0.157758620690	-0.042172965208	-0.142751301545	5.292835949557	-16.601380218218	-56.194024344453	2083.523925754339	66.186068835738	-1396.852349144112	-11.832701886739	
0.158620689655	-0.040815032821	-0.142085202809	5.271375451718	-16.066830376792	-55.931814696214	2075.076004614950	69.825302815800	-1388.885773322495	-11.686622742292	
0.159482758621	-0.034712262343	-0.140732800389	5.262063438128	-13.664475868349	-55.399441725237	2071.410332129077	73.565984145362	-1387.026222130375	-11.017063330729	
0.160344827586	-0.023538082425	-0.141409915762	5.268979623955	-9.265761940546	-55.665988070906	2074.132887444136	76.072817030597	-1389.271831310422	-9.797924055643	
0.161206896552	-0.015216059123	-0.142020106914	5.279220817231	-5.989798954670	-55.906189708925	2078.164331347425	78.213946239371	-1392.573946379114	-9.548219375110	
0.162068965517	-0.015510621000	-0.140685404364	5.273255890225	-6.105753185098	-55.380784288582	2075.816238897283	80.718955650900	-1391.522059258629	-9.291701651712	
0.162931034483	-0.016232793993	-0.146557110775	5.275428646800	-6.390036454591	-57.692180468110	2076.671544134520	82.826382251848	-1395.850276287127	-13.559914146853	
0.163793103448	-0.019132975073	-0.152755434417	5.270323836280	-7.531692218577	-60.132149461884	2074.662036385817	85.456327644241	-1396.858542810167	-16.601261104639	
0.164655172414	-0.024667837606	-0.159502578732	5.279625200873	-9.710489865663	-62.788161615985	2078.323516895530	88.589670444159	-1404.397021538032	-19.580010650908	
0.165517241379	-0.019820776005	-0.167152071174	5.297803399016	-7.802444932471	-65.799382948785	2085.479361346497	91.688113597497	-1413.267182142448	-22.421220730176	
0.166379310345	-0.016401407188	-0.160998352396	5.308028518052	-6.456411008768	-63.376972651458	2089.504477627530	94.556597140440	-1418.269651141553	-18.143417729422	
0.167241379310	-0.018529204911	-0.153947596812	5.320102249145	-7.294018202310	-60.601443975717	2094.257299714879	94.820167384638	-1424.141955396674	-11.875476641565	
0.168103448276	-0.022402162934	-0.136131636049	5.335214112756	-8.818607435719	-53.588194205086	2100.206082125284	95.412704143149	-1431.673686397598	0.671255207445	
0.168965517241	-0.017804929793	-0.120275639360	5.360224699437	-7.008907431291	-47.346483941735	2110.051495102806	94.773831679411	-1441.828035911688	10.287700090432	
0.169827586207	-0.017383154332	-0.100013462120	5.365163571742	-6.842875596730	-39.370281491743	2111.995681303359	91.963483604574	-1444.930226425738	21.475712616859	
0.170689655172	-0.022852670570	-0.084669005324	5.366145146047	-8.995949686371	-33.329938816037	2112.382077852900	88.979894492204	-1447.606926607428	30.746315239633	
0.171551724138	-0.023802690936	-0.078365640671	5.369619840054	-9.369925033440	-30.848620446837	2113.749890527974	87.421690633292	-1449.471150376226	33.650629218072	
0.172413793103	-0.024135318924	-0.076438252901	5.371229112960	-9.500863981630	-30.089904595578	2114.383380519932	83.958218784457	-1448.322523786443	32.401505910609	
0.173275862069	-0.022228182545	-0.083030593548	5.366529543786	-8.750120086941	-32.684978313297	2112.533395954154	82.835945650406	-1442.682488957594	26.238764010158	
0.174137931034	-0.018717502965	-0.094578584021	5.355273804896	-7.368141697460	-37.230842699212	2108.102576351552	81.361728582393	-1433.142880350456	17.996726600404	
0.175000000000	-0.015577942540	-0.114368052492	5.335699488493	-6.132254297266	-45.020963426679	2100.397150197120	80.442264078291	-1420.028288369041	5.971307656207	
0.175862068966	-0.013257487884	-0.130137471994	5.311017133851	-5.218807736544	-51.228592595836	2090.680945702852	79.499773453333	-1409.103292557612	-3.731307792896	
0.176724137931	-0.008649322496	-0.136935284705	5.294301913235	-3.404804254948	-53.904550354753	2084.101002094262	78.942952248595	-1401.887323957859	-9.068119662457	
0.177586206897	-0.009437318265	-0.143255796736	5.276532290447	-3.714998648628	-56.392618786275	2077.105993259071	78.983589944269	-1395.407968834729	-12.819062138328	
0.178448275862	-0.008182618317	-0.144383583405	5.265845449288	-3.221086238180	-56.836571807350	2072.899120146435	78.976601562975	-1392.106976463818	-14.112861180678	
0.179310344828	0.007604839423	-0.145911260666	5.262689819213	2.993643679754	-57.437941687789	2071.656906931446	79.870753069705	-1388.775394350482	-16.354934971512	
0.180172413793	0.016501999402	-0.141306510673	5.242170200531	6.496009115985	-55.625282675930	2063.579362703963	79.732147353693	-1379.409429502210	-14.807226934294	
0.181034482759	0.011536077725	-0.138599501011	5.210376688965	4.541174935040	-54.559668806239	2051.063852557118	79.889784800558	-1367.999206240657	-12.872686705258	
0.181896551724	0.008103146386	-0.138118019321	5.193377898787	3.189802126942	-54.370133624953	2044.372281841102	81.501106177257	-1363.177091834728	-10.860209701518	
0.182758620690	0.013087794103	-0.134102343774	5.202243225921	5.152007809852	-52.789363663479	2047.862116283205	83.853486234736	-1368.887160744264	-7.666289426466	
0.183620689655	0.020988529980	-0.132980726230	5.207583078974	8.262131076140	-52.347839117986	2049.964148483295	86.434716768172	-1375.342410139531	-6.298243594774	
0.184482758621	0.016389634114	-0.132004609784	5.212015944661	6.451776540154	-51.963591053112	2051.709145268941	89.659154859736	-1382.668592505711	-3.710220580749	
0.185344827586	0.007614778153	-0.134514287001	5.241307526032	2.997556059095	-52.951525041202	2063.239771041443	92.629664547433	-1399.899943222102	-4.284499204342	
0.186206896552	0.003568610622	-0.133331863783	5.269460074093	1.404782933761	-52.486064352664	2074.322016555103	96.093990571415	-1416.157784261924	-3.643633967289	
0.187068965517	0.001580777719	-0.131172098789	5.286372893146	0.622272866479	-51.635873248962	2080.979744753331	96.673935722112	-1425.150874354381	-1.870161528802	
0.187931034483	0.000593959594	-0.128467729052	5.305544163729	0.233812087852	-50.571298585144	2088.526511992344	97.370343604361	-1434.057021887931	0.513380408125	
0.188793103448	-0.000973041053	-0.124916730318	5.312531741087	-0.383037436806	-49.173448567891	2091.277170570649	98.629166722561	-1437.822860686308	2.732972203061	
0.189655172414	0.003000249408	-0.123400236325	5.315771816611	1.181047643272	-48.576480978515	2092.552625721837	99.504692978437	-1437.083149265690	3.695564463382	
0.190517241379	0.005317659195	-0.116375733322	5.301798611471	2.093295592067	-45.811286626686	2087.052076015211	98.695221249819	-1428.272283581518	8.075751173918	
0.191379310345	0.003231313555	-0.109080133802	5.281010780764	1.272006003334	-42.939375179368	2078.868950172096	97.046219500339	-1415.448306238384	13.436676303393	
0.192241379310	-0.000665863836	-0.100898005611	5.261252976978	-0.262117180086	-39.718481878910	2071.091294242270	94.602723794448	-1404.508459180315	17.970486867513	
0.193103448276	-0.000619032780	-0.096763559856	5.256006950362	-0.243682143276	-38.090958046251	2069.026196802580	91.667461110208	-1400.592614409067	19.721227771318	
0.193965517241	-0.003365391146	-0.096474475626	5.254032739978	-1.324785623287	-37.977160090888	2068.249049237679	87.830815290831	-1400.067295137681	19.624379709110	
0.194827586207	-0.008125252712	-0.097698153309	5.258473667939	-3.198504278306	-38.458860592053	2069.997219735782	84.276934466991	-1402.606213160738	18.311739337073	
0.195689655172	-0.006161256082	-0.097553463192	5.277527029091	-2.425377355855	-38.401903353300	2077.497571948559	81.573212365445	-1411.814453392482	15.261760770543	
0.196551724138	-0.001711707483	-0.097030005679	5.293264425479	-0.673813344871	-38.195844396951	2083.692595224684	78.522272884946	-1418.994839762158	11.628690090752	
0.197413793103	0.001704534087	-0.101151732889	5.304369403512	0.670989538943	-39.818361576852	2088.064067842754	76.341475368425	-1426.127324423169	7.220053111896	
0.198275862069	0.001867960746	-0.103362618773	5.301716593528	0.735322413790	-40.688676409936	2087.019789666765	75.701994988906	-1426.003127259401	5.259667638746	
0.199137931034	0.006773257025	-0.108214388770	5.302179104594	2.666291417643	-42.598574802341	2087.201857065387	75.315874313133	-1426.390608820206	1.326529069614	
0.200000000000	0.011211979776	-0.110363792555	5.296717040545	4.413593835373	-43.444687218063	2085.051716528203	76.472467436727	-1422.296616123670	-1.041127308904	
0.200862068966	0.016330073460	-0.114657292369	5.289524550216	6.428330499281	-45.134822652767	2082.220393995574	78.932062091220	-1417.430480007590	-3.593179688696	
0.201724137931	0.015423484086	-0.110962989201	5.280560586042	6.071451754378	-43.680560870908	2078.691731100382	81.400818522627	-1412.495114238385	-1.838878810363	
0.202586206897	0.012156962728	-0.109047147795	5.276459307688	4.785586205631	-42.926390243534	2077.077263609169	83.864731675381	-1407.930640732882	-0.823927531386	
0.203448275862	0.012523740616	-0.110653975950	5.278666508866	4.929968255685	-43.558917859640	2077.946127958539	84.464356784528	-1406.711415338529	-0.548859895230	
0.204310344828	0.010634283385	-0.110718480318	5.272053592708	4.186183754235	-43.584309992832	2075.342954694475	86.203689006810	-1401.634453346880	2.188343834233	
0.205172413793	0.012762256287	-0.111455384312	5.276422930235	5.023859906810	-43.874392118037	2077.062943631420	88.850633266956	-1402.265994497306	3.930377750193	
0.206034482759	0.018008088061	-0.111938380067	5.289349422379	7.088880647489	-44.064523310685	2082.151454953832	91.968625482941	-1407.519685461721	5.528180739084	
0.206896551724	0.019224584653	-0.114404297582	5.293683820010	7.567754313251	-45.035231300073	2083.857689806817	94.544594301155	-1410.029958411528	4.635228202147	
0.207758620690	0.013764331827	-0.114980580799	5.290258266293	5.418326764270	-45.262085085483	2082.509221198109	95.680767415251	-1411.906763229816	6.113365521447	
0.208620689655	0.015448033371	-0.116583694613	5.303935035767	6.081115576173	-45.893150551923	2087.893079057777	96.137034714046	-1418.896681422569	7.103693356783	
0.209482758621	0.018517362169	-0.119979816414	5.313299254594	7.289356308774	-47.230033291758	2091.579302125778	95.701379243032	-1422.891603724209	6.364963127447	
0.210344827586	0.017737603014	-0.120523134486	5.309913264175	6.982404256995	-47.443910353960	2090.246407602267	93.683761940576	-1422.520899993984	5.427325570604	
0.211206896552	0.016306308253	-0.121556807276	5.306774667911	6.418975329995	-47.850815463007	2089.010899743905	90.109610480407	-1421.481592969315	4.558419605206	
0.212068965517	0.018148592173	-0.120311933176	5.309602985357	7.144190065865	-47.360770995885	2090.124266401174	87.240372347908	-1422.628885947681	4.077055474516	
0.212931034483	0.021452784437	-0.119718116868	5.307588306185	8.444884760146	-47.127015312409	2089.331188304920	84.631676355684	-1419.565041849604	2.679942528596	
0.213793103448	0.020193551906	-0.118588735980	5.307737621914	7.949188099429	-46.682434727706	2089.389966414839	81.890252871989	-1416.991512186561	0.741004160737	
0.214655172414	0.013171198284	-0.121691358831	5.303769685331	5.184839851024	-47.903781658448	2087.827988887995	79.193961923717	-1414.335965717728	-2.507690908583	
0.215517241379	0.008884345546	-0.125878721455	5.301435756602	3.497321036814	-49.552136207224	2086.909238261017	77.757099904363	-1412.396457155685	-6.308504970982	
0.216379310345	0.009818218785	-0.132363190528	5.305720399294	3.864940070174	-52.104746299219	2088.595887091097	75.695340194506	-1412.307182987999	-11.453910219001	
0.217241379310	0.010042476493	-0.141724295527	5.299490185543	3.953219077066	-55.789743609103	2086.143364561158	73.822544494612	-1410.189036881477	-17.804273990235	
0.218103448276	0.000735455138	-0.144469375798	5.268995496278	0.289511783787	-56.870343967474	2074.139135581214	73.083119571274	-1400.857370831789	-19.699497243302	
0.218965517241	-0.005776915301	-0.143626251874	5.265445831772	-2.274081675939	-56.538448385153	2072.741810782974	72.451175781686	-1401.395372464338	-20.384273261146	
0.219827586207	-0.006919321784	-0.141417279119	5.264491693879	-2.723789783796	-55.668886654907	2072.366214571811	71.783167096086	-1402.237771036460	-19.973841210156	
0.220689655172	-0.004639130776	-0.139356605738	5.264106072844	-1.826193001004	-54.857702946767	2072.214414920247	71.694041742949	-1402.684567857338	-18.285178880573	
0.221551724138	-0.003230848135	-0.131944239849	5.258048344315	-1.271822791187	-51.939826439251	2069.829791167045	71.209507035534	-1401.955114882107	-12.446328282904	
0.222413793103	-0.002435285838	-0.125773692811	5.250879372775	-0.958649835028	-49.510791700308	2067.007726801610	72.640917899638	-1399.525093519381	-8.129089420416	
0.223275862069	0.000521859940	-0.117278738141	5.250125642692	0.205430072307	-46.166754312436	2066.711021088966	74.281766818044	-1399.747718711898	-3.499575409619	
0.224137931034	0.001954466764	-0.107556877792	5.244988474428	0.769375492301	-42.339745723430	2064.688775720048	73.915972698748	-1398.611605796066	2.323940583520	
0.225000000000	0.005004748335	-0.103492791756	5.241525100412	1.970118287754	-40.739918981321	2063.325419157474	74.565509663355	-1397.636624469799	5.490095012704	
0.225862068966	0.014886902040	-0.101545602139	5.243642053038	5.860226327949	-39.973408136698	2064.158757180295	75.032423894988	-1399.729491318330	6.996000248128	
0.226724137931	0.024220477013	-0.101744414777	5.244682046137	9.534386448119	-40.051670695993	2064.568150277731	75.623930230966	-1400.966128913347	6.379971515895	
0.227586206897	0.026999821245	-0.103890817772	5.239466483223	10.628474808349	-40.896601851520	2062.515044868762	74.626138116770	-1400.504089411980	5.134846468826	
0.228448275862	0.032361519395	-0.108257864574	5.241402997075	12.739106327282	-42.615689044832	2063.277353200774	73.355066407287	-1400.529424758777	2.969951225164	
0.229310344828	0.041459506025	-0.111030584680	5.250925549062	16.320527138055	-43.707169819093	2067.025904088808	72.815641857917	-1402.622429061718	0.798674426330	
0.230172413793	0.047450559219	-0.116197426138	5.249572110286	18.678904157394	-45.741096035615	2066.493123156527	71.152047385582	-1398.881833128424	-2.653954186744	
0.231034482759	0.045809190812	-0.123854184067	5.242560456268	18.032779777311	-48.755177426145	2063.732986804926	68.574625053087	-1396.273419661150	-6.634051969431	
0.231896551724	0.041396178733	-0.133005324661	5.241444147731	16.295598361209	-52.357522285732	2063.293552148859	67.390048851034	-1398.047142654124	-12.775984133689	
0.232758620690	0.038027406764	-0.141737955804	5.250744897103	14.969481877582	-55.795120974934	2066.954790477356	65.394779526999	-1404.148767449208	-19.752440389324	
0.233620689655	0.036920911649	-0.150135137739	5.259866472429	14.533910273049	-59.100670142894	2070.545496974540	62.464980672411	-1409.846326499800	-25.880327502674	
0.234482758621	0.034757530543	-0.153676474316	5.272722319272	13.682295687356	-60.494716653765	2075.606198786952	57.939490103955	-1416.643017822066	-27.906394591311	
0.235344827586	0.030018342897	-0.148104319287	5.271982278139	11.816715317168	-58.301238822381	2075.314881727191	55.160436426049	-1416.326211145693	-26.443312852544	
0.236206896552	0.021292186220	-0.142499163589	5.264773336160	8.381665300754	-56.094770283229	2072.477083005333	54.444318900096	-1413.962570669524	-25.794870939672	
0.237068965517	0.014517409991	-0.138301944299	5.259507039595	5.714775848664	-54.442535659699	2070.404006303585	53.664152910067	-1411.909358250054	-25.174357816757	
0.237931034483	0.006048942771	-0.139010069165	5.247388155485	2.381165240977	-54.721288886598	2065.633409739149	52.383323171055	-1407.522772994781	-24.262362751795	
0.238793103448	0.009580624885	-0.140221615052	5.255108360343	3.771411274002	-55.198213708817	2068.672467001969	53.194881943445	-1408.881564079768	-23.709586251266	
0.239655172414	0.017530628252	-0.133048985592	5.261613004162	6.900928678692	-52.374709403382	2071.233018879193	54.727092380282	-1407.902815058730	-19.439562979765	
0.240517241379	0.010890014688	-0.125486064973	5.238878385273	4.286852335954	-49.397567053429	2062.283540215748	55.669629725693	-1395.982387167847	-15.728823897666	
0.241379310345	0.002115707017	-0.127589179971	5.224520901936	0.832847689160	-50.225457896537	2056.631719465662	57.338959851352	-1389.977265509926	-14.612297160653	
0.242241379310	-0.002194485352	-0.128782473446	5.225542866415	-0.863858766774	-50.695197659592	2057.034015600387	60.123443426612	-1391.876381534750	-13.438840522946	
0.243103448276	0.003794658635	-0.130899662351	5.242602627732	1.493766693506	-51.528628693904	2063.749587594369	62.827393147514	-1397.477388166194	-13.946400481102	
0.243965517241	0.008385802697	-0.128705975355	5.251037245852	3.301069733299	-50.665084199859	2067.069873510167	65.618132279703	-1399.594288143431	-12.840337483234	
0.244827586207	0.009487829423	-0.123626992249	5.244197500723	3.734882357027	-48.665743407617	2064.377409062082	68.987089337003	-1396.782524255011	-9.257873585682	
0.245689655172	0.009086040388	-0.118813046848	5.241127219623	3.576718175132	-46.770734660940	2063.168793455971	71.774788483963	-1395.795658852655	-7.075069782551	
0.246551724138	0.013467826812	-0.111643098884	5.251834296108	5.301607617974	-43.948285925760	2067.383632200863	73.445986792156	-1400.867821648277	-5.050715325641	
0.247413793103	0.023376753183	-0.109135353669	5.264816126229	9.202254713073	-42.961112470247	2072.493927308371	73.824051053743	-1407.062492802935	-5.447309633821	
0.248275862069	0.020584562537	-0.113435021293	5.270795477874	8.103109364471	-44.653675862129	2074.847698014783	73.899818746490	-1412.060216223387	-7.790444959290	
0.249137931034	0.018233692342	-0.115915500511	5.286779193315	7.177689732359	-45.630116062947	2081.139684742041	73.772053103206	-1422.785855558100	-10.343083039836	
0.250000000000	0.017387798062	-0.119915898873	5.296127121389	6.844703600116	-47.204872163448	2084.819494958111	72.530754137547	-1427.953624042132	-14.003225730508	
0.250862068966	0.009578089671	-0.122764507881	5.294738789659	3.770413287515	-48.326226590468	2084.272978420527	70.487799475384	-1428.772430345940	-15.491649176031	
0.251724137931	0.000197072380	-0.124635120634	5.291004130142	0.077577507275	-49.062592966326	2082.802830369239	67.637915540144	-1426.841431520633	-15.264766283985	
0.252586206897	0.000146444883	-0.127467978548	5.306457420139	0.057648002019	-50.177746977772	2088.886015214828	65.154869426644	-1431.918405012140	-16.366928599861	
0.253448275862	-0.002896955651	-0.128068871792	5.311670382068	-1.140386074512	-50.414288495832	2090.938096746801	62.972977450391	-1431.930353348210	-17.741166795773	
0.254310344828	-0.018814046831	-0.125055879128	5.300404561104	-7.406146173028	-49.228224472252	2086.503308337508	59.535118123167	-1428.112352107716	-16.712116716805	
0.255172413793	-0.028059665707	-0.131129217554	5.305543389681	-11.045682391526	-51.618993058261	2088.526207288584	58.295201467107	-1434.063857108121	-19.753588513365	
0.256034482759	-0.030783508825	-0.134779164526	5.313980421722	-12.117922748380	-53.055794031785	2091.847443444018	57.275034302833	-1439.116004581435	-22.126522785291	
0.256896551724	-0.034557967571	-0.140199256760	5.303558229992	-13.603737758999	-55.189412370885	2087.744749531640	56.239871503995	-1434.502656342580	-26.618743024583	
0.257758620690	-0.037509712431	-0.147266993296	5.298621378406	-14.765691595858	-57.971625595417	2085.801358786975	55.915936029807	-1431.517148409650	-30.704697488105	
0.258620689655	-0.033629526526	-0.157154043116	5.302113376551	-13.238257107447	-61.863660990535	2087.175983232803	56.985217124854	-1431.870690784029	-33.465119710959	
0.259482758621	-0.023214018437	-0.165413692742	5.305565021335	-9.138194209530	-65.115070589941	2088.534722585339	58.148353275788	-1430.675780245242	-37.009637715244	
0.260344827586	-0.017807863493	-0.171790114501	5.306090681455	-7.010062282007	-67.625147875855	2088.741648597528	61.797428565035	-1427.732709376804	-39.194485359133	
0.261206896552	-0.017755466534	-0.178797631669	5.299057300105	-6.989436228532	-70.383655756935	2085.972959286112	63.198197219065	-1421.691435170420	-39.897274525243	
0.262068965517	-0.017372840929	-0.190153872331	5.296273816389	-6.838815727136	-74.854037863956	2084.877241418414	65.786385625678	-1417.357683306428	-41.728024118894	
0.262931034483	-0.021848812373	-0.196183576238	5.280040347694	-8.600781086352	-77.227629729803	2078.486939367444	69.605944974916	-1408.865049601084	-41.220431065081	
0.263793103448	-0.025937829580	-0.196964798587	5.275913040715	-10.210421979449	-77.535157767560	2076.862225712744	71.255520042079	-1405.977215991171	-37.825202167521	
0.264655172414	-0.025534660983	-0.197716087442	5.271747114722	-10.051714733017	-77.830902491356	2075.222309690173	71.781347676782	-1403.628193380582	-33.198594044820	
0.265517241379	-0.016911168039	-0.199015315625	5.272444349943	-6.657078276516	-78.342343433222	2075.496776210102	73.374549036583	-1400.990126711551	-28.970573958810	
0.266379310345	-0.011055628037	-0.197784050708	5.252186630443	-4.352046001028	-77.857656218862	2067.522328548887	75.838900858897	-1390.018532627064	-25.555427172584	
0.267241379310	-0.007575722076	-0.195082407505	5.227282269478	-2.982181641545	-76.794154854636	2057.718731305220	77.601005163260	-1380.452551485789	-23.422663021558	
0.268103448276	0.004873117526	-0.194226074109	5.218396954375	1.918301843516	-76.457059366360	2054.221028602663	77.599800003799	-1376.379612416761	-21.943954283280	
0.268965517241	0.010780480200	-0.189361835354	5.212730879281	4.243734104260	-74.542252649617	2051.990579154415	77.882118390586	-1372.288402614967	-18.768184658154	
0.269827586207	0.013899767345	-0.183320061629	5.209506676590	5.471640931683	-72.163909502283	2050.721372341462	77.679778897005	-1368.147724632688	-16.354520537533	
0.270689655172	0.015266378124	-0.179051860305	5.205159000939	6.009607020633	-70.483732814019	2049.009910598291	77.063952138125	-1366.601378680052	-14.836655005200	
0.271551724138	0.016918702571	-0.170351018424	5.205363162908	6.660044243638	-67.058647962331	2049.090278920834	75.261199974548	-1364.746891365607	-9.827369415776	
0.272413793103	0.018965929277	-0.161142148511	5.212084909676	7.465934670809	-63.433577966678	2051.736293335034	75.039791144676	-1366.982799517804	-5.394425036091	
0.273275862069	0.017245445976	-0.155200217673	5.211388007361	6.788666726954	-61.094537953787	2051.461957863204	75.869514016432	-1366.741316699079	-3.064397655123	
0.274137931034	0.014389975824	-0.145985316268	5.228646143459	5.664611411832	-57.467093662325	2058.255620054051	75.594067342222	-1375.408489240050	-0.252352602208	
0.275000000000	0.011044073187	-0.135645633443	5.250220503040	4.347497436395	-53.396879366178	2066.748362847960	75.101027873416	-1386.706077929035	3.261491107685	
0.275862068966	0.009195246385	-0.124710140517	5.275941130050	3.619707096479	-49.092124529648	2076.873283074420	73.020871142379	-1399.604434548485	6.865899618548	
0.276724137931	0.009489028324	-0.116335997959	5.300062581500	3.735354304194	-45.795644808393	2086.368688127326	70.693498708641	-1409.438976804556	8.972071669615	
0.277586206897	0.006880431127	-0.108178702496	5.319971700717	2.708480483474	-42.584526906769	2094.205909349495	67.389567114414	-1418.541590183771	9.996714136811	
0.278448275862	0.005956626183	-0.102699574480	5.333676729297	2.344824832346	-40.427669142369	2099.600891401185	64.733011371827	-1422.848550340837	10.932892125838	
0.279310344828	0.005638235950	-0.098218253811	5.334681624187	2.219490574342	-38.663598061825	2099.996468095153	64.725570146590	-1419.577623867364	10.212330321503	
0.280172413793	0.004610811525	-0.100155963727	5.335466792191	1.815045132858	-39.426377223876	2100.305549339459	65.091423645778	-1414.366730404039	5.294816789325	
0.281034482759	0.001556280350	-0.106716254646	5.336745225473	0.612629481876	-42.008834571860	2100.808804372573	66.997171795468	-1412.102005741019	-1.208900347190	
0.281896551724	-0.005431378647	-0.113923861735	5.347270780974	-2.138061233674	-44.846107814768	2104.952187414544	69.022273457672	-1415.873475785967	-5.652240734853	
0.282758620690	-0.012749995058	-0.120203221632	5.366667217009	-5.019033276341	-47.317976716144	2112.587590993911	73.013725507596	-1425.550638085039	-9.354488956370	
0.283620689655	-0.017589862557	-0.127462699107	5.380956625283	-6.924246252264	-50.175668726758	2118.212614007696	75.648590024920	-1436.041565605768	-11.327069103789	
0.284482758621	-0.021321420880	-0.133231939236	5.379482040160	-8.393173519322	-52.446729072595	2117.632143837501	76.741243942082	-1437.758826352509	-11.903777415487	
0.285344827586	-0.019338833337	-0.139262507387	5.384335773428	-7.612728287472	-54.820661147587	2119.542815070957	77.933392774466	-1440.817800164078	-10.183268931031	
0.286206896552	-0.016757006924	-0.135899411066	5.372461165467	-6.596392781301	-53.496778881975	2114.868377769186	80.098302170731	-1438.099629015717	-5.127818067718	
0.287068965517	-0.013929108888	-0.127618746054	5.359583727163	-5.483191224760	-50.237096579694	2109.799176481889	81.643693516816	-1434.479869799115	-0.738684723701	
0.287931034483	-0.007139861817	-0.120075504301	5.352188165061	-2.810605328444	-47.267700811333	2106.887914781732	82.286704282656	-1433.590858812939	2.024053422506	
0.288793103448	-0.000385644088	-0.120766298789	5.347733909039	-0.151808726510	-47.539631938217	2105.134497694745	82.716909585197	-1432.765906778723	1.418624960228	
0.289655172414	0.005747908624	-0.123924427390	5.327234481860	2.262663202560	-48.782828697692	2097.064901848675	83.742936094269	-1423.321339813553	-1.887404416050	
0.290517241379	0.010020859019	-0.118906975302	5.299305727604	3.944709362146	-46.807709579964	2086.070752726434	83.595704708300	-1410.549852842301	-1.980266804892	
0.291379310345	0.014927811087	-0.118599436331	5.275814440897	5.876330166793	-46.686646919081	2076.823411912090	81.320861020278	-1398.278140559294	-4.351594166761	
0.292241379310	0.021224467671	-0.114749860841	5.265934095302	8.355007906116	-45.171262215092	2072.934015634183	79.203278373257	-1390.550055368869	-4.289266019983	
0.293103448276	0.027602738688	-0.107115650479	5.263570999898	10.865813152236	-42.166056670249	2072.003783550445	77.702331482364	-1387.360802809616	-2.613247639613	
0.293965517241	0.033231563824	-0.100880778311	5.265585257374	13.081599161112	-39.711700355385	2072.796695645909	75.406049280609	-1387.437443915899	-1.248523540830	
0.294827586207	0.033197939430	-0.097917860048	5.261373625704	13.068362924312	-38.545348110852	2071.138787591901	73.615901574966	-1387.996944959298	-0.222627184449	
0.295689655172	0.028886426672	-0.100736548119	5.261581981824	11.371136697459	-39.654924166269	2071.220806941371	72.129959894882	-1389.109175543686	-1.168056655811	
0.296551724138	0.024302338578	-0.097893913439	5.278527284522	9.566611238601	-38.535921532535	2077.891322320308	70.700361660278	-1395.617104378179	0.429114298346	
0.297413793103	0.018601300545	-0.099497647550	5.299989914021	7.322398635438	-39.167231178671	2086.340082587269	70.696020472706	-1403.726923171827	-1.077416487719	
0.298275862069	0.014225965500	-0.103012492940	5.319618627453	5.600048776842	-40.550849438201	2094.066922122286	70.619321218258	-1410.180946185748	-2.168174496725	
0.299137931034	0.008506174763	-0.107938155402	5.328522102601	3.348454175590	-42.489835586348	2097.571773523376	70.353390266790	-1411.907945698714	-2.912520107877	
0.300000000000	0.003118184419	-0.114469097715	5.337363031466	1.227472739171	-45.060739860937	2101.052003591336	72.931529399834	-1413.019921455752	-5.846190867679	
0.300862068966	0.000786982771	-0.114881693108	5.348489317051	0.309795627120	-45.223157963460	2105.431863923590	73.659604233305	-1415.303308016634	-5.851899348416	
0.301724137931	-0.008707978815	-0.109622756537	5.337060797229	-3.427894304371	-43.152978522213	2100.933029137897	73.433912543120	-1411.209412292169	-2.603987744265	
0.302586206897	-0.011211887855	-0.102536558736	5.349674785835	-4.413557650601	-40.363498024121	2105.898523498478	72.684332241962	-1416.872194669036	3.559102851990	
0.303448275862	-0.012031373273	-0.103805649580	5.350124848129	-4.736147939130	-40.863075407777	2106.075690440150	72.554689821057	-1417.448072969859	6.885161407141	
0.304310344828	-0.015237251058	-0.102260031867	5.347128704850	-5.998141156091	-40.254643271515	2104.896259173766	73.095325501491	-1418.503671272404	9.527295229845	
0.305172413793	-0.014647581291	-0.104042606354	5.355834690057	-5.766017757805	-40.956353399768	2108.323368695083	72.781469592159	-1424.220347148560	10.602033701830	
0.306034482759	-0.010890810301	-0.108770408953	5.363477896369	-4.287165528792	-42.817452047838	2111.332115493720	74.393246954365	-1429.812002969380	10.969201386370	
0.306896551724	-0.003950128572	-0.118258835263	5.371699433291	-1.554967406434	-46.552569369474	2114.568522034039	76.300984640656	-1434.941891467315	8.172136441665	
0.307758620690	-0.001349041958	-0.126317943776	5.368784695680	-0.531050125646	-49.725035995345	2113.421136094407	77.041440417921	-1436.053868436869	5.572630280788	
0.308620689655	-0.000980158012	-0.138208285143	5.354080142276	-0.385839026308	-54.405666749765	2107.632691274601	78.007371748412	-1432.901864785650	1.745063434080	
0.309482758621	0.005008773831	-0.147704645415	5.343693182803	1.971702923673	-58.143907273968	2103.543866533873	80.083333857773	-1429.912455382172	-1.050737694989	
0.310344827586	0.011537228340	-0.153615993819	5.324173103698	4.541627874277	-60.470908516773	2095.859790882467	81.649420091405	-1420.000416234659	-4.002796645330	
0.311206896552	0.016578738351	-0.156889518798	5.315485739170	6.526217389512	-61.759531039935	2092.440011388435	80.526918655879	-1414.618189781060	-7.453828425267	
0.312068965517	0.018205960106	-0.154858933372	5.311131995671	7.166772942624	-60.960191449737	2090.726161037677	78.294349088789	-1411.819331744363	-8.382269338282	
0.312931034483	0.026996699512	-0.155824922768	5.317509095132	10.627245938940	-61.340453002859	2093.236505101183	75.648305146576	-1411.339183317018	-10.195377747527	
0.313793103448	0.027515777773	-0.150433404634	5.320436187959	10.831581003407	-59.218082852994	2094.388754669525	72.208770925113	-1412.773351945801	-8.794874633469	
0.314655172414	0.024907364535	-0.144481628287	5.318916019379	9.804779598301	-56.875167157411	2093.790340579484	70.796419505667	-1414.283114711928	-7.851437137662	
0.315517241379	0.021699840920	-0.143091397629	5.327130731161	8.542138500424	-56.327903107260	2097.024060404627	68.114816777864	-1419.114286170752	-7.427755338348	
0.316379310345	0.016329036790	-0.136734271502	5.329530686366	6.427922414571	-53.825421543421	2097.968802342160	66.246972767479	-1420.517037062785	-4.916976317290	
0.317241379310	0.010751306676	-0.128241845007	5.330980578750	4.232249951645	-50.482379371219	2098.539552220038	63.550883381685	-1422.977632666845	-3.231704346474	
0.318103448276	0.005628693044	-0.122006577449	5.330096381596	2.215734010874	-48.027867411144	2098.191488168474	59.551590379741	-1422.809309647934	-2.968455918377	
0.318965517241	-0.001643545319	-0.121105694109	5.334334342865	-0.646981321042	-47.673234845504	2099.859760864894	57.006252594261	-1425.852512850227	-3.489541967102	
0.319827586207	-0.008142997001	-0.120444584757	5.333848568732	-3.205489314492	-47.412989267102	2099.668535963907	55.836405459391	-1426.847597434919	-3.603867424263	
0.320689655172	-0.009207779344	-0.112141726750	5.331391511894	-3.624640693224	-44.144570696333	2098.701315978937	54.619812937017	-1425.576720120774	-0.026956654565	
0.321551724138	-0.010533910256	-0.100300127651	5.323094643526	-4.146671889924	-39.483127326981	2095.435255228350	53.690260948619	-1420.514534345298	4.490951366760	
0.322413793103	-0.009979118882	-0.090269069332	5.314186416345	-3.928278364595	-35.534403012179	2091.928533190557	52.151586039312	-1415.994647542778	10.699294793362	
0.323275862069	-0.011526989219	-0.081077570323	5.293577345176	-4.537597246211	-31.916171069591	2083.815776007557	51.784463348608	-1407.965027302064	16.333726247449	
0.324137931034	-0.010516238076	-0.074856673065	5.279587369864	-4.139715239269	-29.467315975900	2078.308624725639	52.226054549428	-1404.127557627386	19.671002599707	
0.325000000000	0.000391517817	-0.064907905029	5.283264729485	0.154120918574	-25.550985216089	2079.756216683523	51.639405260401	-1406.532330310452	25.108698521811	
0.325862068966	0.003558525872	-0.060020884132	5.289403038873	1.400813073750	-23.627210313185	2082.172561077183	51.317554082627	-1409.398100385116	28.988345035303	
0.326724137931	0.005941852839	-0.056410971740	5.299642790517	2.339009308357	-22.206168945331	2086.203437482212	52.988978328842	-1413.730752216714	31.106357784470	
0.327586206897	0.014264788869	-0.062739942181	5.310767969809	5.615331589392	-24.697567028481	2090.582862322223	54.465282351043	-1419.402165630973	28.318456614916	
0.328448275862	0.021007421213	-0.071979186314	5.308033116547	8.269567606821	-28.334593830451	2089.506287824603	55.713705665464	-1419.428273795238	24.166429848758	
0.329310344828	0.026182152743	-0.080009605475	5.304452212393	10.306599748761	-31.495766898217	2088.096665544288	56.038877946248	-1417.430235429493	21.437373390191	
0.330172413793	0.027880906485	-0.092761257805	5.300641373324	10.975313855600	-36.515452559152	2086.596529425453	57.639155505115	-1415.290182092321	14.897922457729	
0.331034482759	0.026675886551	-0.103929550664	5.292327201623	10.500957973996	-40.911849047552	2083.323657221328	58.342535968199	-1412.128231167206	9.529550923211	
0.331896551724	0.027752051977	-0.113745322238	5.291959558945	10.924590301592	-44.775825773565	2083.178934746722	55.105899237702	-1411.808927896000	5.522386537181	
0.332758620690	0.028915290290	-0.121350073992	5.300802235026	11.382498855553	-47.769434942591	2086.659852605787	53.021036528058	-1413.317272408668	3.961751188061	
0.333620689655	0.029667767676	-0.126336119635	5.305104591295	11.678711444383	-49.732190919095	2088.353474382403	51.075170369504	-1413.490431098234	2.295005130313	
0.334482758621	0.026046893509	-0.125608063527	5.314262341996	10.253354975287	-49.445591762059	2091.958421309320	48.429131722271	-1416.471853916707	0.774018416504	
0.335344827586	0.013549862868	-0.126472542951	5.312296482945	5.333901096819	-49.785893932878	2091.184561245190	46.166860955736	-1413.458941621459	-2.158901145978	
0.336206896552	0.002684277912	-0.128899541406	5.323565473398	1.056665520317	-50.741281441191	2095.620597323522	44.734269143001	-1417.552828626539	-4.552608656532	
0.337068965517	-0.005215574219	-0.132472224897	5.331491335469	-2.053109859392	-52.147667658947	2098.740611511137	42.944486499484	-1420.591251480913	-9.415259343746	
0.337931034483	-0.015931701284	-0.134561185332	5.335546812272	-6.271511363402	-52.969986560970	2100.337049230146	40.168633027625	-1421.784889575618	-14.215375831814	
0.338793103448	-0.025853343310	-0.144788422906	5.340474650335	-10.177163974008	-56.995936804247	2102.276891803131	36.918861817817	-1423.852431434915	-21.869316601291	
0.339655172414	-0.036616157204	-0.158147773350	5.350006502271	-14.413943740246	-62.254842719474	2106.029103614359	35.247769470936	-1430.821762617147	-29.262398156269	
0.340517241379	-0.050964568952	-0.166156320174	5.346459544670	-20.062193460897	-65.407405745690	2104.632844388581	36.003810369782	-1434.802122408574	-34.549573796736	
0.341379310345	-0.056943837839	-0.168220264694	5.355278676262	-22.415931590051	-66.219877137125	2108.104493963917	36.318070697488	-1443.325069833982	-37.561206973517	
0.342241379310	-0.058189473528	-0.165779793744	5.361389161616	-22.906275856414	-65.259186183832	2110.509885431418	36.362498320947	-1449.244787950950	-36.830013072950	
0.343103448276	-0.051800027351	-0.161945724561	5.369329983699	-20.391071510556	-63.749905534913	2113.635788625590	39.031671041663	-1454.467649508981	-33.870845700083	
0.343965517241	-0.043507786631	-0.158270844215	5.361989679820	-17.126832432953	-62.303289543491	2110.746279315444	40.451100551308	-1452.281164579652	-30.383275784571	
0.344827586207	-0.037003511701	-0.151030746032	5.339633594879	-14.566425768874	-59.453226187409	2101.945810473177	42.452830786789	-1444.217070166975	-25.523168753426	
0.345689655172	-0.032481376251	-0.142296398039	5.328850512614	-12.786287957047	-56.014951660799	2097.701052066281	43.046108788681	-1442.658085092001	-18.304496878888	
0.346551724138	-0.025409222198	-0.136564532204	5.319205234284	-10.002335777719	-53.758603699144	2093.904189975336	44.663815252127	-1438.781328436464	-12.897133998499	
0.347413793103	-0.019014602116	-0.127791176631	5.319364038962	-7.485094725363	-50.304973845590	2093.966703408464	46.625529862735	-1441.126888823018	-6.838728186220	
0.348275862069	-0.012054479524	-0.120927003636	5.323406772339	-4.745243710635	-47.602893372548	2095.558124680014	47.334476712875	-1444.576259241921	-2.764162070919	
0.349137931034	-0.005482794474	-0.120491618118	5.330833517644	-2.158301065135	-47.431503941174	2098.481661642091	47.428974467353	-1451.208114567137	-1.534069394108	
0.350000000000	-0.000149597677	-0.124972166374	5.334184657083	-0.058889098825	-49.195270961670	2099.800837083495	50.517695138799	-1456.085946694782	-3.218716455665	
0.350862068966	0.005406776515	-0.130134911652	5.325486418460	2.128376608905	-51.227584717909	2096.376777003664	52.906568797190	-1454.808957479129	-6.270964024711	
0.351724137931	0.011288801110	-0.134579183480	5.318902355116	4.443834539617	-52.977071528722	2093.784961645054	52.608055613875	-1454.814037795614	-9.531286447156	
0.352586206897	0.021634555893	-0.142060544469	5.317668232674	8.516439061283	-55.922107945219	2093.299149566274	50.680865830090	-1453.889561545509	-12.112618903467	
0.353448275862	0.029140347713	-0.145038127924	5.317590070214	11.471092670023	-57.094233140286	2093.268380927631	48.944816408683	-1453.295121379932	-12.462619634745	
0.354310344828	0.035511759720	-0.143037379352	5.306908940662	13.979197868284	-56.306638822170	2089.063756188239	46.605570960824	-1446.348922131462	-10.976694581467	
0.355172413793	0.041412883809	-0.143979052917	5.305248847263	16.302174311237	-56.677328452767	2088.410260718349	43.119685760536	-1442.075382253125	-10.956038078605	
0.356034482759	0.038401371415	-0.143335971070	5.294701076037	15.116692995512	-56.424179398801	2084.258132459889	41.869439530902	-1433.417916801192	-9.660574822280	
0.356896551724	0.031640338245	-0.141459147071	5.285765137889	12.455213496237	-55.685367966960	2080.740502004782	40.507283343440	-1425.643357188917	-9.569874523613	
0.357758620690	0.025757108475	-0.140268252101	5.284954616860	10.139281148651	-55.216572374857	2080.421440546462	39.363339481520	-1421.636540862358	-10.887995130568	
0.358620689655	0.020835554538	-0.142854888166	5.283969946125	8.201912320928	-56.234801199637	2080.033825087541	36.870132473976	-1417.532862784490	-13.554622822666	
0.359482758621	0.014756891490	-0.147079774641	5.278996271711	5.809047698237	-57.897927005567	2078.075939043568	33.004044019944	-1413.317156452189	-15.459466266323	
0.360344827586	0.009424045508	-0.152893045780	5.279561617790	3.709773830050	-60.186320150500	2078.298487426574	31.500063150199	-1413.489055044907	-19.901409025264	
0.361206896552	0.007222061769	-0.157963056329	5.283148470942	2.842963325015	-62.182128897049	2079.710451528867	29.136058664726	-1415.984620656611	-24.187494827531	
0.362068965517	0.004861558748	-0.162532001754	5.272157948989	1.913751732485	-63.980693447337	2075.384034525961	28.256547477465	-1412.650572525150	-27.608240477895	
0.362931034483	0.004205694365	-0.165157360332	5.264128065879	1.655570835082	-65.014165382473	2072.223072474305	28.281451501635	-1409.207436353958	-27.923032504974	
0.363793103448	0.003161899433	-0.158296222547	5.251558734977	1.244681146802	-62.313279719330	2067.275157610953	27.721820230817	-1402.402842566544	-23.909797157602	
0.364655172414	0.003751347144	-0.148389895857	5.231023250067	1.476717132806	-58.413655987858	2059.191367645568	30.463608743014	-1393.391157336375	-18.487511143198	
0.365517241379	0.005509970248	-0.140033206216	5.211727381020	2.168998803696	-55.124046603908	2051.595552243427	31.491342302207	-1384.023527438086	-12.055529771664	
0.366379310345	0.009096205501	-0.134355657961	5.194315374388	3.580719670130	-52.889080748219	2044.741318944105	32.812167706536	-1376.271266450529	-6.541189969310	
0.367241379310	0.013246809101	-0.136209592225	5.180125592034	5.214604035328	-53.618881639628	2039.155513655901	34.378914565945	-1371.346362731433	-5.774279849049	
0.368103448276	0.020097629952	-0.143930803962	5.182778000211	7.911428439270	-56.658335260444	2040.199633660775	34.713470884225	-1373.712974913475	-7.503843636722	
0.368965517241	0.023469519742	-0.148106873654	5.185425728500	9.238772252562	-58.302244348413	2041.241911428566	34.925139454953	-1376.902589352632	-8.515957399486	
0.369827586207	0.022486498566	-0.154168162213	5.188576778074	8.851806142354	-60.688269506579	2042.482321530473	35.549194032663	-1381.272847730388	-10.968393390819	
0.370689655172	0.019614385902	-0.157769658077	5.189917437993	7.721199505410	-62.105997709820	2043.010072068180	36.874523609129	-1382.956439679059	-12.286844144105	
0.371551724138	0.019867174170	-0.151834133119	5.195071952374	7.820709561853	-59.769479370652	2045.039145733138	39.655982562702	-1384.134824077289	-8.741612521227	
0.372413793103	0.016919134195	-0.144696459756	5.204627028190	6.660214152671	-56.959735526691	2048.800499620455	39.765167257214	-1385.769436597575	-4.370374396471	
0.373275862069	0.008836936510	-0.138317388413	5.215788398889	3.478658478169	-54.448615232680	2053.194171201652	39.324437958550	-1387.568317090179	-0.206094165672	
0.374137931034	-0.000286821813	-0.130182855087	5.237421053929	-0.112907355420	-51.246457642381	2061.709861992784	39.320760591974	-1395.575771009789	3.830105138353	
0.375000000000	-0.007511262289	-0.123396311828	5.257440701517	-2.956807057973	-48.574936101185	2069.590592688467	37.883221275291	-1404.281628431842	6.664604687696	
0.375862068966	-0.015492742514	-0.119938842971	5.275214135196	-6.098715322046	-47.213904103567	2076.587101680202	35.039745803722	-1413.618149805058	7.870657966320	
0.376724137931	-0.019346383283	-0.115256553420	5.306343838045	-7.615700322315	-45.370721658207	2088.841303643864	32.746829235548	-1428.254458812542	10.025976100145	
0.377586206897	-0.018480976433	-0.110086120568	5.339680162197	-7.275033070538	-43.335381690067	2101.964141689431	30.232436398518	-1442.222435495336	9.871670569681	
0.378448275862	-0.021577302443	-0.102590991217	5.354395155442	-8.493901251053	-40.384925360163	2107.756696150917	28.463862043562	-1448.233212406526	9.052909855864	
0.379310344828	-0.023956168966	-0.103693191476	5.355676924633	-9.430341632743	-40.818806295498	2108.261264364008	25.902809167180	-1446.673045743071	5.507253627713	
0.380172413793	-0.024077062667	-0.105957829553	5.360652831841	-9.477931416490	-41.710280669730	2110.220029347375	26.407086729740	-1447.594758986400	1.853177704987	
0.381034482759	-0.020249780200	-0.113424562885	5.352685839930	-7.971322357443	-44.649558911445	2107.083824405162	27.104130204829	-1443.312973218707	-4.651153195744	
0.381896551724	-0.012425888373	-0.120031113372	5.349264538823	-4.891448737753	-47.250226330366	2105.737029835709	26.683387277185	-1442.397379393412	-9.688037633631	
0.382758620690	-0.008755058892	-0.125715498013	5.340212088489	-3.446427368521	-49.487883328533	2102.173534379160	28.412242117110	-1439.548317904343	-13.195950603416	
0.383620689655	-0.006288045314	-0.132137953840	5.340517460287	-2.475287914266	-52.016081916980	2102.293743933031	27.904297705617	-1441.455651348736	-15.867999616804	
0.384482758621	-0.002004885903	-0.139856712774	5.341609682671	-0.789222977545	-55.054569992171	2102.723697079473	29.665198204780	-1444.831107278091	-19.532246852734	
0.385344827586	0.005909770766	-0.148656380390	5.344962537353	2.326380206145	-58.518557576740	2104.043547725801	31.644030324817	-1448.874281444732	-22.863153043322	
0.386206896552	0.009712358378	-0.157854507947	5.330875878253	3.823268140063	-62.139398845766	2098.498336888129	32.274013359081	-1444.584480567321	-25.381730662140	
0.387068965517	0.014856714969	-0.162987477749	5.319998658872	5.848343192808	-64.159991491384	2094.216521422498	35.374739857856	-1441.478362022905	-25.864031165821	
0.387931034483	0.019671517271	-0.160579336992	5.299632878154	7.743689258393	-63.212027312498	2086.199535482037	37.773410455615	-1431.799116338072	-22.937481286144	
0.388793103448	0.022006188612	-0.157842942712	5.270887463532	8.662732214913	-62.134846193222	2074.883908152598	40.456001415552	-1419.542987794963	-20.039101862463	
0.389655172414	0.028155308742	-0.154031188233	5.239677050187	11.083332255330	-60.634349723846	2062.597934516479	43.822718245847	-1405.285734555564	-14.274278389075	
0.390517241379	0.026111710876	-0.143061778271	5.208093199579	10.278870320567	-56.316243452234	2050.164957368468	46.610795114911	-1390.839559640160	-6.438928934688	
0.391379310345	0.015442601389	-0.125734311884	5.185131277793	6.078977277451	-49.495289405255	2041.126000960435	48.902543665650	-1382.191830948116	2.656061924494	
0.392241379310	0.019062165839	-0.118216109258	5.206081160906	7.503818176376	-46.535750285127	2049.372918704397	46.850269071128	-1391.623013768265	8.522208356433	
0.393103448276	0.022157363634	-0.111494441310	5.212888213977	8.722242235119	-43.889766898369	2052.052513929600	45.741116918284	-1394.507901223741	14.790769803538	
0.393965517241	0.015368707780	-0.111391274132	5.198845887158	6.049889071254	-43.849155157428	2046.524754486465	45.773361522181	-1390.743473605187	16.220528398518	
0.394827586207	0.015679551287	-0.116389772564	5.221565460017	6.172252562468	-45.816813171999	2055.468310282667	46.137384912009	-1402.456772026683	13.311602458556	
0.395689655172	0.012070078402	-0.114938062584	5.234599120738	4.751384205948	-45.245347797519	2060.599008496275	45.602900946845	-1408.649334597274	11.461543791658	
0.396551724138	0.002287857827	-0.122439776305	5.243599771942	0.900614824946	-48.198396063325	2064.142113234367	43.418079561240	-1413.394221988684	6.191514182063	
0.397413793103	-0.004236877027	-0.135110278908	5.256864525887	-1.667845884519	-53.186137148909	2069.363781254496	42.553691736535	-1419.965257208723	-2.632892885021	
0.398275862069	-0.008451869347	-0.138900980713	5.267190619910	-3.327076857981	-54.678346236982	2073.428646321427	39.721323263288	-1423.781269995476	-7.716040946782	
0.399137931034	-0.007105239713	-0.145116337911	5.270813984315	-2.796976343543	-57.125020487618	2074.854983072206	36.116705354954	-1423.360610823955	-12.852482637345	
0.400000000000	-0.001790665580	-0.153486795621	5.273067832815	-0.704895185631	-60.420049669137	2075.742210131248	33.252526241833	-1421.828774604835	-16.829161154224	
0.400862068966	-0.001446113717	-0.158281347269	5.260811013404	-0.569262406149	-62.307424068690	2070.917315360478	33.970861769504	-1414.770260178572	-19.815824614589	
0.401724137931	-0.003124764538	-0.158447261454	5.256584118622	-1.230063001940	-62.372736157957	2069.253398984641	33.884961850145	-1414.951851083830	-21.621864247569	
0.402586206897	-0.005491730764	-0.154274432198	5.251740586025	-2.161818833982	-60.730102666966	2067.346743243599	34.567477167664	-1415.325438236398	-19.917662948264	
0.403448275862	-0.007714860855	-0.152242372259	5.238033640552	-3.036953596896	-59.930182635133	2061.951006607456	34.902901012350	-1411.119018565853	-17.040128316285	
0.404310344828	-0.003586116291	-0.148512320279	5.224224533439	-1.411674037003	-58.461848339980	2056.515054060056	35.838009707165	-1407.209979469066	-13.542555912523	
0.405172413793	0.000413481369	-0.142431215976	5.204999043517	0.162766867140	-56.068022717607	2048.946943387453	37.075028527563	-1398.751808577251	-9.091592651863	
0.406034482759	0.003286117716	-0.136854963911	5.179888132075	1.293579651530	-53.872932088663	2039.062037585386	37.024976845614	-1389.563510434871	-4.773580095063	
0.406896551724	0.011026876969	-0.130530613457	5.175590033178	4.340728148286	-51.383352662697	2037.370091722925	36.738895686460	-1389.559680621980	1.454470081627	
0.407758620690	0.017244996550	-0.125676463467	5.170379440160	6.788489810532	-49.472517386268	2035.318942712515	37.032447566935	-1388.484388117197	4.990559698280	
0.408620689655	0.021651796116	-0.122840186754	5.170219602894	8.523225671966	-48.356017565134	2035.256022800995	37.022451203233	-1391.278316067598	5.532072702331	
0.409482758621	0.024020299532	-0.122418506636	5.178110653961	9.455586618570	-48.190023262088	2038.362333643724	38.515822016876	-1398.866467627483	4.419744788017	
0.410344827586	0.019857253893	-0.127761361479	5.183365811269	7.816804446741	-50.293237116265	2040.431025378929	39.240482407166	-1405.272783597555	1.198993827845	
0.411206896552	0.018096856276	-0.133220509578	5.193996423774	7.123824239218	-52.442229789902	2044.615764091683	40.835945044969	-1412.335263176234	-3.181649960221	
0.412068965517	0.018869923993	-0.138366784660	5.197024875518	7.428142208031	-54.468060056330	2045.807913579592	39.867329108160	-1413.779997050079	-8.054740460920	
0.412931034483	0.017507076999	-0.142200965759	5.203241703446	6.891657732159	-55.977384760810	2048.255166782511	35.344746014889	-1415.013119263115	-10.918708160681	
0.413793103448	0.017550614944	-0.142532838173	5.211027499281	6.908796436677	-56.108026277468	2051.320043921675	32.913571492435	-1414.824478696295	-10.535602745094	
0.414655172414	0.014847183311	-0.143382849169	5.220475138033	5.844591057215	-56.442632953866	2055.039105228237	29.025708304343	-1414.513194042917	-11.278446579437	
0.415517241379	0.009165664968	-0.137799989789	5.217289014335	3.608062376638	-54.244941356574	2053.784888203850	24.842482786554	-1408.810038977615	-9.363956772640	
0.416379310345	0.002732746252	-0.132276733993	5.214588756066	1.075745073619	-52.070712699367	2052.721932018976	21.552053921640	-1404.648922177785	-6.816879140776	
0.417241379310	-0.002304700226	-0.128644787315	5.220880297320	-0.907244832289	-50.640997538727	2055.198596109389	17.912211201799	-1403.465784430114	-4.403132041083	
0.418103448276	-0.009266393188	-0.121080026135	5.224546393075	-3.647714022637	-47.663130651950	2056.641754048000	15.910047958745	-1402.658678138897	-1.916686810069	
0.418965517241	-0.012658569772	-0.117396267546	5.234031598452	-4.983043728593	-46.213019741828	2060.375603449905	12.844997230507	-1405.942440102601	-2.467737457814	
0.419827586207	-0.014952205707	-0.118749707121	5.241334266332	-5.885933104656	-46.745800988351	2063.250297356049	11.838746761639	-1409.598733138045	-5.133805172895	
0.420689655172	-0.015844148198	-0.124320849818	5.247380638659	-6.237046107085	-48.938880315573	2065.630450742158	10.058479842527	-1411.333304528460	-9.310810253163	
0.421551724138	-0.016281877161	-0.130249762202	5.238834430928	-6.409358034956	-51.272795616196	2062.266237595927	9.780907535837	-1405.027832562474	-14.290515592504	
0.422413793103	-0.016187019969	-0.134352199145	5.220758241602	-6.372017518204	-52.887719185878	2055.150548897548	10.628681266965	-1395.904234679710	-18.858554714194	
0.423275862069	-0.012118932174	-0.139436908229	5.206762170402	-4.770615484600	-54.889314007864	2049.640997970609	11.044653837170	-1388.871273791986	-22.124464459537	
0.424137931034	-0.006699589721	-0.143082997984	5.202158492822	-2.637292296402	-56.324596588674	2047.828761113939	12.175754531515	-1387.194793057337	-22.699615162810	
0.425000000000	-0.002278623148	-0.143109822921	5.201514335935	-0.896979595194	-56.335156220202	2047.575188870581	13.665252454147	-1387.534321307728	-21.496766988076	
0.425862068966	-0.001287369025	-0.139163402400	5.194273140360	-0.506772586504	-54.781648487153	2044.724693526488	15.160408618240	-1385.944930297507	-19.599386345838	
0.426724137931	0.002432268138	-0.138687430992	5.190809755976	0.957461917844	-54.594282427628	2043.361332882711	16.439436794424	-1385.648818060294	-17.825417821076	
0.427586206897	0.009122545778	-0.136287223349	5.185891116693	3.591088515536	-53.649441118037	2041.425111407622	17.698191072648	-1381.967989403911	-13.806908403599	
0.428448275862	0.013771183331	-0.127761684269	5.188207101107	5.421023857592	-50.293364182567	2042.336798258647	18.842151658309	-1380.540343795213	-8.352201220361	
0.429310344828	0.017133690002	-0.123687503948	5.181592294460	6.744674007699	-48.689563827325	2039.732880803726	20.154572326514	-1376.160602450924	-5.569169505271	
0.430172413793	0.016566921576	-0.123152109452	5.173029781647	6.521565717986	-48.478805879543	2036.362249164920	20.333630106683	-1374.129335999161	-3.220738715975	
0.431034482759	0.014217935746	-0.122674148833	5.177562807097	5.596887865759	-48.290656767167	2038.146673823331	22.260475590936	-1379.098531121806	-2.294483086916	
0.431896551724	0.014542006257	-0.123183707243	5.184570761492	5.724458164433	-48.491244344193	2040.905353818809	22.903452243186	-1385.670720389323	-2.503269459711	
0.432758620690	0.015768604988	-0.122780897858	5.197663299747	6.207308535639	-48.332678501733	2046.059229163321	21.380057049514	-1394.307454991701	-2.264077036567	
0.433620689655	0.012940847248	-0.120557891782	5.214249278227	5.094162206872	-47.457592557279	2052.588296628255	20.625563571126	-1405.474972035777	-0.138613764935	
0.434482758621	0.011785157235	-0.122011775677	5.226679874316	4.639225039532	-48.029913692526	2057.481598557225	20.250205757724	-1412.653453698693	0.362243413591	
0.435344827586	0.010153164522	-0.118294037319	5.243377442740	3.996791399632	-46.566426652308	2064.054593383676	19.598587934479	-1421.975488525114	1.889172975380	
0.436206896552	0.009429157482	-0.118451058449	5.259312855349	3.711786157977	-46.628237992103	2070.327565709824	16.903849108396	-1430.688772966113	0.066180290136	
0.437068965517	0.007858078873	-0.120016912151	5.275354765163	3.093331344083	-47.244636022343	2076.642460641500	14.836348357309	-1437.693240958021	-2.160511004280	
0.437931034483	0.006431063554	-0.124984993743	5.288995423341	2.531587018922	-49.200320453109	2082.012103295646	13.607687866920	-1442.897480746167	-6.011730992948	
0.438793103448	0.005497161491	-0.131674529405	5.290897434164	2.163956638582	-51.833654971072	2082.760829516296	13.629051041538	-1442.896408659015	-12.207056336678	
0.439655172414	0.006939780495	-0.140026509160	5.289502522945	2.731843351803	-55.121410309350	2082.211722964187	12.406523440663	-1440.210137724999	-17.508395464856	
0.440517241379	0.009458570906	-0.149041822996	5.279736963789	3.723364747083	-58.670286989925	2078.367512347524	13.803271223406	-1433.059024379814	-21.440302037214	
0.441379310345	0.010972801760	-0.154788139804	5.266842200784	4.319441452245	-60.932323574268	2073.291491194762	16.003097269620	-1423.985814191259	-22.430170954298	
0.442241379310	0.010904104984	-0.160294518419	5.244081806879	4.292398978391	-63.099908532204	2064.331866201336	17.828153540377	-1412.340275822127	-23.771233933583	
0.443103448276	0.013489533088	-0.162413699726	5.220650263208	5.310152289617	-63.934123875184	2055.108043222350	19.930137789000	-1401.594426876667	-22.531677991717	
0.443965517241	0.016478114398	-0.159343746626	5.200441975312	6.486606788131	-62.725637385916	2047.153054303046	20.975450010863	-1391.297863402273	-18.055530522394	
0.444827586207	0.020234209958	-0.158261212380	5.186655133665	7.965193134261	-62.299497973301	2041.725866552340	22.970288649884	-1383.282178206654	-15.180599222306	
0.445689655172	0.027836346966	-0.161996937663	5.185510939023	10.957773009099	-63.770065563606	2041.275454535883	25.544944040464	-1380.320335102476	-16.027599091184	
0.446551724138	0.032508338549	-0.165578742069	5.186748973546	12.796901660681	-65.180042228013	2041.762806604552	27.414788244717	-1380.604244172707	-17.253554642866	
0.447413793103	0.031397716900	-0.168635155483	5.187024638217	12.359705647341	-66.383198822218	2041.871321953118	29.594453501957	-1382.161963671440	-17.327469200060	
0.448275862069	0.029042554288	-0.173519802455	5.199033500181	11.432596305680	-68.306039229846	2046.598608319257	31.628342310092	-1389.760691661555	-18.217595117619	
0.449137931034	0.023571344911	-0.178565639861	5.213776054814	9.278855712367	-70.292332222815	2052.402012316235	34.190937509820	-1400.698389755772	-19.853750733803	
0.450000000000	0.015703413329	-0.180453748393	5.227149256727	6.181645850923	-71.035585809314	2057.666370859502	35.002436833018	-1411.010523390482	-19.577495875213	
0.450862068966	0.008612553577	-0.180289958790	5.240715185014	3.390330176430	-70.971110061380	2063.006596105850	36.914923071079	-1419.923267555155	-16.986718235060	
0.451724137931	0.006276593886	-0.180717611466	5.261156124213	2.470780061516	-71.139455460950	2071.053168168789	38.462335505894	-1427.971569620291	-14.576033332378	
0.452586206897	0.008801692605	-0.179458693250	5.281761674774	3.464784721344	-70.643882529952	2079.164539464973	38.816895176029	-1434.706218148050	-12.955634065511	
0.453448275862	0.008288981729	-0.173391450497	5.292047706182	3.262956176563	-68.255513504511	2083.213633890719	38.660838114565	-1436.592075240532	-9.323809447443	
0.454310344828	0.000572185738	-0.164351734887	5.285843033547	0.225240813414	-64.697031069887	2080.771165616603	38.654127692638	-1431.759603762577	-3.587414745828	
0.455172413793	-0.006536717081	-0.151148401526	5.284799373933	-2.573177510947	-59.499541251697	2080.360329195976	38.155695097665	-1427.400069813265	2.479163527857	
0.456034482759	-0.005115185657	-0.137702434717	5.288874852420	-2.013591920001	-54.206538819949	2081.964640574163	36.938649147787	-1424.536514170753	6.574514208926	
0.456896551724	-0.004099951358	-0.126243674900	5.288090050835	-1.613945119420	-49.695800065471	2081.655703570516	34.574177192778	-1419.397255888778	9.241846335758	
0.457758620690	-0.012642819470	-0.118689453844	5.288140259353	-4.976843625175	-46.722082296895	2081.675468144773	33.699582827005	-1416.092304977518	9.624229014745	
0.458620689655	-0.020789308850	-0.108618830531	5.294301524171	-8.183707714074	-42.757783229153	2084.100848939172	32.167332043329	-1417.734310333522	10.835533902624	
0.459482758621	-0.016037582187	-0.104957789073	5.319734101514	-6.313191362306	-41.316614913439	2094.112378465864	31.319171704916	-1428.015397520050	8.781780391315	
0.460344827586	-0.010757010589	-0.105632355769	5.339142611241	-4.234495296317	-41.582157972926	2101.752534851736	29.656070867605	-1436.561913214363	6.552779056984	
0.461206896552	-0.015986221229	-0.104032609035	5.341358152724	-6.292973130098	-40.952417956685	2102.624682360784	30.515545416285	-1439.396797799795	5.792665395742	
0.462068965517	-0.022369289659	-0.102761226417	5.331905957572	-8.805666877130	-40.451938416430	2098.903827428193	33.124682142910	-1438.622648856960	3.755148799331	
0.462931034483	-0.019115728308	-0.103787071308	5.322385370450	-7.524903032713	-40.855762074258	2095.156050008889	34.092303932111	-1436.706083372340	-0.145359437734	
0.463793103448	-0.006815136710	-0.108647165050	5.316217758672	-2.682777348005	-42.768937107534	2092.728170734324	35.529709160018	-1433.400435568652	-4.630966217616	
0.464655172414	0.003466298557	-0.115064530371	5.297960802514	1.364507807408	-45.295131819531	2085.541323205063	37.633657267405	-1422.845811998958	-7.589447876460	
0.465517241379	0.011970617264	-0.119069004215	5.273034291903	4.712231346724	-46.871492232446	2075.729006757492	38.742296844549	-1408.597715105159	-9.643040579082	
0.466379310345	0.019005623856	-0.121701688804	5.243530519425	7.481560434810	-47.907848050531	2064.114851993449	39.837481924467	-1392.764978098053	-11.229970090560	
0.467241379310	0.023523714566	-0.121850301395	5.219444196946	9.260106035291	-47.966349370314	2054.633275453650	40.301417958525	-1380.946007470255	-9.636439698713	
0.468103448276	0.030976066511	-0.118497130165	5.209095253650	12.193723046962	-46.646374115122	2050.559415774322	42.164943951878	-1376.329296945173	-5.044339544935	
0.468965517241	0.032704178010	-0.116006738344	5.206594165248	12.873993829794	-45.666031819544	2049.574862772055	44.261575069700	-1378.337851898735	-1.980651178857	
0.469827586207	0.029579597677	-0.110952773433	5.206321331782	11.644003339789	-43.676539435546	2049.467461926830	45.555056084627	-1381.119426698058	1.710389147154	
0.470689655172	0.023284241710	-0.111212910191	5.218920217688	9.165837588525	-43.778942223757	2054.427011112365	46.620394689512	-1392.747018975503	3.657634504058	
0.471551724138	0.014738531015	-0.112021444539	5.240409437579	5.801820100348	-44.097221625576	2062.886238682579	45.927646627207	-1406.596802518208	5.385633637594	
0.472413793103	0.009788830807	-0.114348834094	5.260511686708	3.853371497964	-45.013398107674	2070.799485459869	45.937513496155	-1417.672691212066	4.590952344076	
0.473275862069	0.007920756149	-0.112128058074	5.263685197174	3.118004242842	-44.139190024283	2072.048737287794	44.492093844892	-1418.488826957258	5.340557977605	
0.474137931034	0.004447511501	-0.110129349861	5.259659109010	1.750762107783	-43.352398893343	2070.463868401529	42.466159743205	-1415.827493220432	6.535507230284	
0.475000000000	0.002446052875	-0.106128869244	5.258188108619	0.962888277256	-41.777610413351	2069.884809360600	42.015746285778	-1412.156884671864	8.224662190234	
0.475862068966	-0.000773314789	-0.101904020091	5.241777057257	-0.304415228639	-40.114499299280	2063.424601924236	41.090758627080	-1402.009101632350	8.883984945112	
0.476724137931	-0.003794319268	-0.099744090292	5.222306106567	-1.493633101729	-39.264243319892	2055.759865664514	40.697240193750	-1392.350841419250	7.611452899784	
0.477586206897	-0.005270674607	-0.099262826426	5.220345660156	-2.074800117379	-39.074793885101	2054.988136285178	38.837001895746	-1389.489624669877	6.719486817034	
0.478448275862	-0.008349317615	-0.096575970081	5.222911426324	-3.286707387131	-38.017113364959	2055.998149678598	38.021262195577	-1388.723981193041	6.907255114443	
0.479310344828	-0.003787636900	-0.095342488236	5.231192785005	-1.491002588996	-37.531553457261	2059.258105043566	37.533983018329	-1391.550290552086	6.917977863122	
0.480172413793	-0.005204254211	-0.092216584727	5.217300428507	-2.048653740092	-36.301042099438	2053.789381390922	36.374209145548	-1386.703956493211	7.917067013962	
0.481034482759	-0.012088116170	-0.090903325908	5.208047219586	-4.758484770272	-35.784078000009	2050.146857352586	36.429084754800	-1386.849730880894	8.957741531972	
0.481896551724	-0.008051285445	-0.089736181384	5.213908899794	-3.169387076749	-35.324631766762	2052.454306718856	37.306376123513	-1390.782116342904	11.326776426186	
0.482758620690	-0.003626658829	-0.086128239632	5.205912374604	-1.427633600076	-33.904366140644	2049.306476006908	39.578583173670	-1388.400119447515	14.463658616361	
0.483620689655	-0.001625927220	-0.082853816721	5.193970029676	-0.640045959483	-32.615390146732	2044.605374059855	41.209858940025	-1384.040756550949	16.495788650336	
0.484482758621	-0.000309694384	-0.080074859701	5.187768613174	-0.121911138938	-31.521454212374	2042.164187561898	42.012269525943	-1380.527777388767	19.249311741448	
0.485344827586	0.003852935828	-0.080409739895	5.190155547654	1.516707500199	-31.653279741082	2043.103803893486	42.467524279804	-1382.235687862198	20.720245763476	
0.486206896552	0.010046218650	-0.084231881203	5.191140536801	3.954692176448	-33.157864983979	2043.491544695273	44.378921133824	-1382.969433178956	19.022605566766	
0.487068965517	0.014449894360	-0.089926950294	5.198647465146	5.688198332545	-35.399727913948	2046.446645696845	44.753894004455	-1388.249494275804	16.685970285855	
0.487931034483	0.016577410849	-0.098842537800	5.203185295721	6.525694818484	-38.909347342544	2048.232961891687	43.737919682067	-1394.981214120354	13.112879959045	
0.488793103448	0.021840864722	-0.111470421936	5.215562311051	8.597652495208	-43.880311676120	2053.105171764834	45.756892139917	-1404.377466333079	7.095872770302	
0.489655172414	0.025639699237	-0.117922001465	5.234397312063	10.093063023218	-46.419974805001	2060.519566547328	47.575855643562	-1416.340838776075	3.188037178609	
0.490517241379	0.027376673890	-0.122756419053	5.242895225767	10.776822784618	-48.323042424692	2063.864768758590	47.392932320111	-1420.838102858576	-1.300313385538	
0.491379310345	0.029409266325	-0.128797787190	5.249299675529	11.576952433775	-50.701225912303	2066.385879262913	47.779133936447	-1422.972143106333	-5.561239885978	
0.492241379310	0.027991068327	-0.136671224877	5.253702344787	11.018679045180	-53.800603250855	2068.118989229560	48.330769253106	-1424.054181895048	-10.843590565803	
0.493103448276	0.026772824796	-0.140939172321	5.256851176627	10.539117697041	-55.480679999573	2069.358526320897	49.296047166435	-1420.840284341149	-15.077142035641	
0.493965517241	0.023542403038	-0.147299186306	5.248285305458	9.267462748977	-57.984298368198	2065.986572665599	47.647537771744	-1413.240401000674	-20.462558550855	
0.494827586207	0.015436804859	-0.151488549635	5.245735317307	6.076695474341	-59.633440493986	2064.982770285618	46.229883077616	-1409.891435093330	-23.057498620470	
0.495689655172	0.005686554320	-0.152768037958	5.245807913545	2.238511091739	-60.137110843806	2065.011347782059	44.400132310889	-1408.771775674378	-25.398184346359	
0.496551724138	0.001479440316	-0.155615889521	5.253668911166	0.582381415969	-61.258167102507	2068.105828090565	42.297835931280	-1411.965835454350	-28.923951222553	
0.497413793103	0.005724261341	-0.158803841141	5.266925023480	2.253354453993	-62.513103688099	2073.324094334399	38.513156062918	-1415.290817946142	-32.253924684702	
0.498275862069	0.000697273976	-0.158491642855	5.259521319697	0.274481775987	-62.390206888498	2070.409627663136	37.686537091398	-1413.342141400505	-33.771068061253	
0.499137931034	-0.009233322241	-0.152284298307	5.242095487826	-3.634695650205	-59.946686816528	2063.549952060839	36.956767136270	-1407.082425803185	-31.632737226973	
0.500000000000	-0.011655502355	-0.146647676208	5.236120826917	-4.588186419371	-57.727831534423	2061.198027861672	37.585395276763	-1403.000792219782	-29.479385020120	
0.500862068966	-0.003279863775	-0.138052957042	5.233426928137	-1.291117789089	-54.344521870680	2060.137575088220	37.966390007775	-1399.781679202502	-24.131300689581	
