dbx_v3_0_m10_0										
Time	Cx	Cy	Cz	Fx	Fy	Fz	Mx	My	Mz	
0.000000000000	0.000000000000	0.000000000000	0.000000000000	0.000000000000	0.000000000000	0.000000000000	0.000000000000	0.000000000000	0.000000000000	
0.000862068966	1.882280534341	-0.015409252432	13.434450644378	740.960117416251	-6.065855372065	5288.474244551390	2519.308123831607	-3533.866776888210	225.629143311679	
0.001724137931	-0.116998144244	0.221481835973	3.105832829100	-46.056343417041	87.186370040947	1222.611728560160	440.558010391003	-749.070978725442	307.725017024576	
0.002586206897	-0.469190089010	0.612780397988	2.493834626230	-184.696774524893	241.221129029406	981.698510798869	713.985976461574	-550.032504297035	317.249646781368	
0.003448275862	-0.528567335318	0.457703280612	2.711914558793	-208.070639681097	180.174990048914	1067.545720866555	765.470811972104	-706.057054993126	318.666320703441	
0.004310344828	-0.497633642927	0.446628318005	2.977180345675	-195.893585343130	175.815328753125	1171.967652140173	761.504683080523	-776.782680808842	339.917695923594	
0.005172413793	-0.543793235050	0.384099838089	3.075973079024	-214.064318225452	151.200979842195	1210.857431833807	768.379853651070	-782.432490273317	337.025636958072	
0.006034482759	-0.578526702134	0.409736632810	3.329844166474	-227.737154648883	161.292909328667	1310.793837345243	799.214680158612	-851.429976072381	351.690817985755	
0.006896551724	-0.617823506633	0.364351861720	3.382348741042	-243.206349778930	143.427184904336	1331.462273864857	817.654721533889	-870.114783293670	354.462534083375	
0.007758620690	-0.645301295078	0.346331302336	3.369139825785	-254.022986821765	136.333388016412	1326.262581671831	842.465276068173	-861.962091698480	360.150420462394	
0.008620689655	-0.685679942012	0.368592346374	3.403573215426	-269.918049447940	145.096452556038	1339.817292548232	840.486330491449	-875.225236311895	374.738478720339	
0.009482758621	-0.726689426512	0.349158915574	3.548378996969	-286.061441410903	137.446478545942	1396.820118076884	864.512776572906	-913.345005893616	376.085248812183	
0.010344827586	-0.757818228886	0.327416606994	3.623247476359	-298.315300833846	128.887614325543	1426.292110305203	886.485720300273	-932.390739125746	380.026275664355	
0.011206896552	-0.783736158883	0.346967808783	3.640751736068	-308.517899279244	136.583948909560	1433.182665720551	893.549538205748	-939.111876822989	393.857815223431	
0.012068965517	-0.806347969459	0.361407091669	3.669030643384	-317.419043138715	142.267975571574	1444.314663370850	902.117387219387	-945.867877473020	403.018952969813	
0.012931034483	-0.825472015128	0.354918283028	3.715617529556	-324.947227628513	139.713654722414	1462.653600643108	913.271642960353	-957.170419093193	405.909289680559	
0.013793103448	-0.849050509852	0.347916504971	3.764498075454	-334.228906900150	136.957403357980	1481.895437535591	924.482245870461	-969.496207269051	408.363143070336	
0.014655172414	-0.875157739316	0.336308832999	3.808432841393	-344.506023119692	132.388040911544	1499.190367135569	933.907985880985	-980.631037877049	410.840073993044	
0.015517241379	-0.896802136412	0.329747886751	3.852623082274	-353.026344464354	129.805323078700	1516.585864498842	944.461735645797	-992.559218067941	414.700682283879	
0.016379310345	-0.914888849629	0.335997344627	3.893114797427	-360.146182822661	132.265423449955	1532.525436452387	953.922786700632	-1004.348813127388	421.788584481207	
0.017241379310	-0.931151777998	0.345726009149	3.927439848949	-366.548087902005	136.095114229272	1546.037500006202	961.094193488226	-1014.839175137411	429.857698353389	
0.018103448276	-0.947941447058	0.351500170692	3.957659793867	-373.157344562180	138.368114102250	1557.933587505479	968.424859182530	-1023.839337642845	436.969650763713	
0.018965517241	-0.961052886032	0.355673633401	3.991096619696	-378.318665196878	140.010998551288	1571.096000833375	976.459839070821	-1033.603091081853	442.714647379251	
0.019827586207	-0.974243739413	0.355920693361	4.020534968380	-383.511247328540	140.108253755205	1582.684412815517	982.766039001266	-1041.627444689000	446.868602482133	
0.020689655172	-0.986692758370	0.352401206068	4.045001734264	-388.411806187891	138.722806862050	1592.315760210842	988.894085814970	-1046.746115623336	448.944106989918	
0.021551724138	-0.996444852979	0.346306004267	4.061154226986	-392.250720225930	136.323429426092	1598.674192275629	994.746097026990	-1046.576843048289	447.894874802758	
0.022413793103	-1.000941237050	0.336804670167	4.066249621098	-394.020722735081	132.583227313971	1600.679995210112	999.526221713162	-1039.160377753646	442.890034411693	
0.023275862069	-1.004025330558	0.321999403084	4.061054302354	-395.234776775549	126.755130898140	1598.634856923546	1003.021311745795	-1025.949630423305	434.907962367054	
0.024137931034	-1.006277311748	0.303733403907	4.052001423541	-396.121269631690	119.564716585012	1595.071189326975	1007.420187490598	-1008.984649630659	424.516221035525	
0.025000000000	-1.006508666635	0.290235790581	4.045171059878	-396.212342530293	114.251378338182	1592.382415273651	1011.013795757318	-993.855884085501	415.883453198644	
0.025862068966	-1.007084059346	0.279770943473	4.040437802772	-396.438845988546	110.131889133019	1590.519167645703	1013.027144198339	-981.997718452119	409.742293306080	
0.026724137931	-1.012237821161	0.271363343273	4.041238751275	-398.467625381713	106.822235594513	1590.834461187568	1016.559480019774	-974.641970200505	405.936189717526	
0.027586206897	-1.017284906818	0.263726252358	4.040422859203	-400.454411682950	103.815893193143	1590.513285106354	1020.533003897673	-966.733020853872	402.038560821030	
0.028448275862	-1.020478873321	0.253874733284	4.035019013972	-401.711717250181	99.937840694393	1588.386060325940	1022.687705033987	-957.230533752943	396.582201911713	
0.029310344828	-1.023509748986	0.241834989572	4.028285419457	-402.904822075893	95.198393119126	1585.735379467339	1025.506438395061	-946.070785489526	389.882456305551	
0.030172413793	-1.026012616595	0.231931778997	4.027224251717	-403.890076422251	91.299992250209	1585.317650569640	1029.134386383886	-937.830697021234	384.766742924631	
0.031034482759	-1.024353394917	0.217895385775	4.027470249048	-403.236923469343	85.774563186991	1585.414487469196	1032.369421955000	-930.354290438135	378.605304839423	
0.031896551724	-1.028002542606	0.216016416899	4.025679772520	-404.673411203500	85.034906704359	1584.709666017719	1033.655741377547	-924.642879448961	375.953515762767	
0.032758620690	-1.032597842573	0.213068142831	4.027179382012	-406.482351975407	83.874318014389	1585.299987600817	1035.796942156017	-921.243413818876	374.307482589376	
0.033620689655	-1.036576952192	0.211741752580	4.033190974294	-408.048729291161	83.352184220930	1587.666452132634	1038.259416570111	-921.242903968316	374.054696559909	
0.034482758621	-1.038645445784	0.212218810578	4.037316988878	-408.862992216746	83.539978199213	1589.290658617790	1038.994179844089	-921.081476511917	374.149495031196	
0.035344827586	-1.041600264105	0.212725640717	4.041218823024	-410.026157053310	83.739491987165	1590.826616427514	1040.191877314509	-921.313936515008	374.667385088245	
0.036206896552	-1.045308340559	0.213446027923	4.044085783273	-411.485842108089	84.023072558345	1591.955195916165	1041.779637522331	-921.253885532174	375.392267062419	
0.037068965517	-1.048024802422	0.215461224354	4.046008453835	-412.555177876215	84.816355045556	1592.712055575977	1042.802305043219	-921.342635888690	376.148066758095	
0.037931034483	-1.050205110653	0.216187510899	4.046209454617	-413.413456657337	85.102257892772	1592.791179575086	1043.233170702444	-920.867766328162	376.666093077102	
0.038793103448	-1.051865687204	0.216330773042	4.047845789882	-414.067142956326	85.158653064317	1593.435323286715	1044.492673637891	-920.570297716078	377.205911051073	
0.039655172414	-1.053122253385	0.217966114477	4.050744408282	-414.561790490408	85.802405554852	1594.576365013082	1045.911707512499	-920.875539964961	378.077418587035	
0.040517241379	-1.053718229767	0.219446579928	4.051397852503	-414.796396715333	86.385191082579	1594.833593464149	1046.271501107299	-920.385045962436	378.288966911342	
0.041379310345	-1.054499482778	0.219916081719	4.053087279455	-415.103937122726	86.570010558795	1595.498636729688	1046.929499592564	-920.647975250737	378.857135822967	
0.042241379310	-1.055845528693	0.219946317189	4.055597177777	-415.633808372556	86.581912757730	1596.486658717500	1048.341782709478	-920.975971624831	379.377574555471	
0.043103448276	-1.056159141716	0.220760053607	4.057626810730	-415.757262203254	86.902240264971	1597.285624144668	1049.316599097191	-921.155294114827	379.696598549018	
0.043965517241	-1.055794815083	0.221210643703	4.059200265427	-415.613844949918	87.079615148415	1597.905014907919	1049.572313476629	-921.426560357632	380.004160237613	
0.044827586207	-1.056449251157	0.221024062947	4.061606461350	-415.871463844099	87.006167595722	1598.852214425411	1050.698055761968	-921.815869675037	380.431131737610	
0.045689655172	-1.057485476204	0.220650703265	4.064301332824	-416.279374045896	86.859194480706	1599.913051132591	1052.168796556339	-922.260128569897	380.608432813546	
0.046551724138	-1.058007539915	0.220685155652	4.065524425744	-416.484884532470	86.872756669573	1600.394521910605	1052.575637382622	-922.658270836561	380.789182660627	
0.047413793103	-1.058826173933	0.219895164135	4.066144224462	-416.807139981281	86.561776347282	1600.638505802634	1052.992179018679	-922.856627655557	381.061240095387	
0.048275862069	-1.059854955168	0.219005363186	4.066358955716	-417.212119924930	86.211506021757	1600.723034804887	1054.063546904383	-922.646338034913	381.269071890435	
0.049137931034	-1.060060962493	0.220312110334	4.067177874458	-417.293214750317	86.725907303979	1601.045402335190	1054.773289361211	-922.968818620606	382.004607516265	
0.050000000000	-1.059665639778	0.221504311715	4.066209966424	-417.137595882974	87.195217621638	1600.664385139617	1054.811139422375	-922.633780044456	382.419932846597	
0.050862068966	-1.059835239301	0.222793899203	4.066744187852	-417.204358769675	87.702863999942	1600.874681514146	1055.468905622802	-922.952164244703	383.333095602696	
0.051724137931	-1.059766551174	0.224753172867	4.066932402343	-417.177319674579	88.474132478503	1600.948772187047	1056.277451376616	-922.814899429349	384.088765035663	
0.052586206897	-1.058656543424	0.227922634409	4.066664538871	-416.740364896529	89.721791662991	1600.843327676239	1056.425011420968	-922.767456863108	384.969473588317	
0.053448275862	-1.058559599150	0.230054888959	4.064851735924	-416.702202763475	90.561154102879	1600.129717425321	1056.379250362893	-922.480701448235	385.774583114869	
0.054310344828	-1.057889726535	0.231964475602	4.063604253372	-416.438507271231	91.312863275599	1599.638645663490	1057.004256196419	-922.040942377998	386.502875277613	
0.055172413793	-1.057486001957	0.233852252230	4.061323570547	-416.279581008513	92.055986931386	1598.740854402782	1057.311073117651	-921.539390795777	387.083679772900	
0.056034482759	-1.056366938435	0.235232325730	4.058608195213	-415.839061424472	92.599253147009	1597.671946347368	1057.029351311675	-921.211899034510	387.428596430266	
0.056896551724	-1.054632934617	0.236170955864	4.056572766702	-415.156470466708	92.968745091316	1596.870699497527	1057.066436524698	-920.964855598821	387.825710699453	
0.057758620690	-1.052809444031	0.237773417223	4.055363553122	-414.438653024166	93.599554333030	1596.394692324333	1057.421836983349	-920.902419624266	388.462866440529	
0.058620689655	-1.050838817927	0.239687992032	4.052318119700	-413.662915655469	94.353227098414	1595.195856834788	1057.232744611952	-920.438782565808	388.952341043024	
0.059482758621	-1.048498157153	0.240727059227	4.049146420771	-412.741514063020	94.762256111963	1593.947316902562	1056.945566992476	-919.950941729430	389.111555065916	
0.060344827586	-1.046980247205	0.241565042261	4.045637112015	-412.143988501189	95.092128305060	1592.565876792694	1057.044706607873	-919.268595223118	389.408225089463	
0.061206896552	-1.044557793841	0.242912185238	4.042462638406	-411.190389238787	95.622431413350	1591.316244607111	1057.025299492305	-918.718768553328	389.684488647357	
0.062068965517	-1.041799057205	0.244209725771	4.037975784438	-410.104411997880	96.133208509857	1589.549993624645	1056.572969454395	-917.810762036826	389.840160177648	
0.062931034483	-1.039062028122	0.245052465646	4.032962980646	-409.026979939313	96.464953233741	1587.576702386367	1056.252606074403	-916.781157010131	390.008645675980	
0.063793103448	-1.035977870213	0.246223253131	4.028910295055	-407.812900547441	96.925833966836	1585.981361874313	1056.169537488191	-916.229135364696	390.344211879635	
0.064655172414	-1.032225474190	0.248532705321	4.026646190945	-406.335769085316	97.834950294005	1585.090096828312	1055.830825969098	-916.615507422609	391.035087102059	
0.065517241379	-1.028653225661	0.250963759130	4.023983973821	-404.929552721243	98.791935123125	1584.042114512919	1055.365722455539	-916.837279313365	391.776095523169	
0.066379310345	-1.025485427477	0.252661555794	4.020562405006	-403.682548317948	99.460273127130	1582.695213248722	1055.075863844094	-916.786911569568	392.363450388270	
0.067241379310	-1.022291929714	0.254563473621	4.016856323809	-402.425427270209	100.208963468798	1581.236313627660	1054.782585732811	-916.710342877069	392.899315291767	
0.068103448276	-1.018441273616	0.256368937915	4.012677258618	-400.909615709402	100.919684857715	1579.591223760049	1054.259579855251	-916.447000336296	393.296581285703	
0.068965517241	-1.015299100064	0.257545069331	4.008700407206	-399.672698448012	101.382669229991	1578.025735388007	1053.812726347739	-916.112361635046	393.540740748129	
0.069827586207	-1.012072047568	0.258817892685	4.004888095793	-398.402368572790	101.883716403703	1576.525018220530	1053.492134066362	-915.851427763278	393.805700704445	
0.070689655172	-1.008658612986	0.259917674422	4.000037921669	-397.058669351273	102.316645709745	1574.615746184337	1053.034191197088	-915.076287072293	393.849436920821	
0.071551724138	-1.005537936813	0.260540108771	3.994691795098	-395.830214537102	102.561667118476	1572.511242366162	1052.420264320502	-914.110416662148	393.738204762804	
0.072413793103	-1.003063921170	0.261383262193	3.990703037858	-394.856317773101	102.893574635405	1570.941067262548	1051.915565205990	-913.852667910028	394.012984325620	
0.073275862069	-1.001829185917	0.261998519604	3.988145095490	-394.370263988478	103.135770841386	1569.934132726012	1051.533984838981	-914.228850078426	394.440713200035	
0.074137931034	-1.000038382483	0.262977159595	3.987639453803	-393.665313850243	103.521012673967	1569.735086772659	1051.077458499090	-915.264040594253	395.023348675981	
0.075000000000	-0.998729339810	0.264184714752	3.987191867621	-393.150008934140	103.996367008574	1569.558894380313	1050.629437490698	-916.039094024644	395.610983870583	
0.075862068966	-0.997720075789	0.265926897264	3.987571994509	-392.752711945939	104.682177510908	1569.708531407684	1050.327527491423	-916.619402181330	396.300657165083	
0.076724137931	-0.998514031252	0.267319110039	3.984906705581	-393.065252676125	105.230222354357	1568.659339875796	1049.925747454571	-916.404138843404	396.928878838436	
0.077586206897	-0.998344195606	0.268197943731	3.981117791563	-392.998396839363	105.576175417275	1567.167833097445	1049.287892621048	-915.832737522188	397.170538214864	
0.078448275862	-0.998420048533	0.269810413217	3.978516249255	-393.028256359768	106.210924359950	1566.143735435730	1048.813466426700	-915.685076633477	397.662436226136	
0.079310344828	-0.998382224119	0.270243093135	3.974321723512	-393.013366771465	106.381248898479	1564.492559519061	1048.504753494769	-914.982131118266	397.804560806378	
0.080172413793	-0.996313010671	0.270683628577	3.972386656793	-392.198820474451	106.554665765200	1563.730820109205	1048.222694738178	-914.883525003577	397.780205490047	
0.081034482759	-0.992574727967	0.270892608508	3.968826599637	-390.727244722879	106.636930757634	1562.329402881233	1048.038447410797	-913.745103862266	397.614796948973	
0.081896551724	-0.991244273396	0.269724759711	3.960444415128	-390.203511009092	106.177206840027	1559.029754234627	1047.943522761618	-910.666420228799	396.926560784755	
0.082758620690	-0.990327742886	0.271145802434	3.957262961103	-389.842718586253	106.736600598523	1557.777374206768	1047.966958810791	-909.657489750994	397.162413510527	
0.083620689655	-0.987802608971	0.271986256128	3.954182247847	-388.848699104032	107.067445367067	1556.564650803425	1047.808078275731	-908.931727749934	397.093769008489	
0.084482758621	-0.986198725366	0.271718517145	3.945422830988	-388.217329994868	106.962049861879	1553.116504564896	1047.398220546107	-906.191379296779	396.695386747550	
0.085344827586	-0.985352471520	0.270108967291	3.941138490940	-387.884201995153	106.328450232552	1551.429973228597	1047.241391952387	-904.883860564483	396.008974836073	
0.086206896552	-0.985604243541	0.268324857531	3.943261362956	-387.983312102582	105.626135060305	1552.265642231755	1047.353449892353	-905.394057497890	395.325510845005	
0.087068965517	-0.988007528349	0.268820780941	3.946044989281	-388.929365659168	105.821355412329	1553.361417303988	1047.396095262319	-906.129204657226	395.641539061639	
0.087931034483	-0.990610746094	0.268850121646	3.947688572808	-389.954122856998	105.832905386743	1554.008414295947	1047.256914086820	-906.364440453554	395.858459472785	
0.088793103448	-0.992103075658	0.269197790265	3.954210853039	-390.541578695179	105.969765209655	1556.575911243016	1047.412360423423	-908.258700385234	396.308491162421	
0.089655172414	-0.993488862192	0.272147177638	3.961156591509	-391.087093847784	107.130792152331	1559.310102612761	1047.527596163959	-909.748050147382	397.611150405512	
0.090517241379	-0.995653124841	0.272226698230	3.965235877307	-391.939056282138	107.162095449897	1560.915914301763	1047.684836761199	-909.807273646794	397.703272689719	
0.091379310345	-0.996986375190	0.270935543918	3.965589225181	-392.463890554854	106.653832290704	1561.055009764533	1047.859609126645	-909.311646977233	397.353126632161	
0.092241379310	-0.998987961742	0.271224788233	3.958034247273	-393.251815510606	106.767693374711	1558.080991165410	1047.814021154150	-907.176298820469	397.679644220838	
0.093103448276	-1.000667182221	0.272404428430	3.944634952201	-393.912840995629	107.232058979452	1552.806355918913	1047.184162423499	-903.661964973387	398.386536176367	
0.093965517241	-0.997660102549	0.274693933731	3.940784027278	-392.729103467543	108.133323209410	1551.290438535541	1046.734179936110	-903.352473127513	399.394356507420	
0.094827586207	-0.992894243493	0.277985838686	3.941900136524	-390.853022075076	109.429182268421	1551.729795168551	1046.566034090296	-904.370398276412	400.527195824906	
0.095689655172	-0.989475911701	0.282127341432	3.941168424862	-389.507395065967	111.059485671695	1551.441756723104	1046.351540267247	-905.093269952925	402.109787833680	
0.096551724138	-0.988113278485	0.284090798431	3.938511034397	-388.970994221615	111.832400921244	1550.395674422811	1046.295525802128	-904.952764548433	403.050273740868	
0.097413793103	-0.990287739475	0.282391676588	3.933764773771	-389.826971235413	111.163541260042	1548.527307956191	1046.254242050785	-904.835023249966	403.117786053504	
0.098275862069	-0.990682457013	0.280864359584	3.944592023588	-389.982351874759	110.562312608724	1552.789457061944	1046.543520531955	-910.116413628450	403.538562866294	
0.099137931034	-0.991554978098	0.283402578690	3.960021202326	-390.325819978459	111.561483079343	1558.863156428687	1046.739708553809	-917.076591903443	405.476631827224	
0.100000000000	-0.994447608509	0.286548042539	3.970260122801	-391.464504531670	112.799695566996	1562.893709568060	1046.714302647955	-922.104928292033	407.594061279919	
0.100862068966	-0.998820956386	0.286806727845	3.974939241815	-393.186073818140	112.901527090660	1564.735645725301	1046.555641030175	-924.699458972108	408.334683922190	
0.101724137931	-1.003260548591	0.286487662581	3.981813598583	-394.933720197837	112.775926983862	1567.441737673125	1046.456055425964	-927.756260386105	408.562691951041	
0.102586206897	-1.003413251497	0.285678033040	3.991615020986	-394.993831728090	112.457216149771	1571.300069607456	1046.514577850267	-931.595649277784	408.248640493172	
0.103448275862	-1.001942086138	0.282510388348	3.990223124626	-394.414707183384	111.210272168452	1570.752149320575	1046.736517443211	-930.192572896085	406.185279925373	
0.104310344828	-1.003686188186	0.275548137340	3.974077113305	-395.101273311481	108.469580634810	1564.396268660993	1046.914505013210	-922.223142088154	401.888216921449	
0.105172413793	-1.001100044629	0.269940378582	3.960649408440	-394.083237370990	106.262085252605	1559.110449893724	1046.914169453275	-914.663706620223	397.586362720746	
0.106034482759	-0.996460308407	0.266326315974	3.946582148661	-392.256804258227	104.839408767472	1553.572870203939	1046.834316240751	-906.697393717649	394.290625545878	
0.106896551724	-0.993383297281	0.264813203444	3.932850439115	-391.045538199128	104.243771710475	1548.167379931851	1046.665970689462	-899.065057472804	392.128445378370	
0.107758620690	-0.990335548385	0.267036147527	3.920522090760	-389.845791222364	105.118834103570	1543.314323079937	1046.256153813634	-893.397487500993	392.251540009394	
0.108620689655	-0.987491524201	0.271078968431	3.913098900891	-388.726240520806	106.710291379733	1540.392182869357	1045.877140961525	-890.672187481012	393.802096899688	
0.109482758621	-0.985538743150	0.276614675808	3.915975597924	-387.957527860466	108.889423720935	1541.524595244871	1045.509612103886	-893.285286079410	396.938806896783	
0.110344827586	-0.986462652632	0.279364145900	3.922415988024	-388.321225017070	109.971753185435	1544.059856125515	1045.128010004274	-898.217357512807	399.452450483331	
0.111206896552	-0.991616344408	0.278391546329	3.934729218187	-390.349976839032	109.588889165298	1548.906961698047	1044.958480075256	-905.819057517266	400.896028109452	
0.112068965517	-0.996849121872	0.278400293371	3.951365189139	-392.409860758152	109.592332440176	1555.455715066565	1044.887784010641	-915.471241247043	403.050934039980	
0.112931034483	-1.001765481185	0.278358094140	3.967042452798	-394.345186607415	109.575720704127	1561.627073113346	1044.625061416595	-924.146249766868	404.920134574941	
0.113793103448	-1.008253897650	0.278495126889	3.977821701982	-396.899353076441	109.629663673675	1565.870326759669	1044.710892746647	-928.758205505173	405.717170842647	
0.114655172414	-1.010312247046	0.272756609176	3.981551177945	-397.709622737243	107.370695002059	1567.338435735434	1045.446868985073	-926.568013746297	401.984448502698	
0.115517241379	-1.001875817093	0.265602741606	3.978404254973	-394.388620360371	104.554573569519	1566.099648863881	1046.149323016782	-919.978493967464	396.382204692634	
0.116379310345	-1.003199069806	0.262076230097	3.958453039608	-394.909519061331	103.166361592563	1558.245848853630	1046.039041165862	-909.624427759112	393.185212768250	
0.117241379310	-1.000714417136	0.263100449823	3.955910248087	-393.931435029763	103.569545897320	1557.244878451326	1045.858272354441	-908.579931686312	393.090383071908	
0.118103448276	-0.998535007673	0.267496767495	3.950384158922	-393.073510048794	105.300157248412	1555.069532320955	1045.612403877591	-907.004359800608	395.004158652805	
0.118965517241	-0.997195353417	0.269434143476	3.943383756126	-392.546154876566	106.062805699657	1552.313822328194	1045.585650711391	-903.942222537687	395.237102032062	
0.119827586207	-0.993562488373	0.273681733376	3.936869399685	-391.116076808803	107.734870332685	1549.749444582346	1045.473420198480	-901.406728573381	396.543855693115	
0.120689655172	-0.990743708800	0.273305808441	3.928642327898	-390.006463653408	107.586887405186	1546.510856090343	1045.642084716582	-898.387776013095	396.273220549762	
0.121551724138	-0.986173943213	0.270050012829	3.926886799048	-388.207574495289	106.305242796581	1545.819791799398	1045.919473503003	-897.549804739288	395.207324396879	
0.122413793103	-0.985786225201	0.268575849100	3.929924472748	-388.054949220499	105.724937942991	1547.015572672959	1046.408785109972	-899.190580654172	395.441411344686	
0.123275862069	-0.986671649324	0.268608156830	3.943036960949	-388.403496607759	105.737655887371	1552.177306335792	1046.714899068724	-906.101604032850	396.593132954913	
0.124137931034	-0.988610344624	0.271940912665	3.957323823924	-389.166664409065	107.049595903696	1557.801332868645	1046.606851759265	-914.826762462336	399.487984124829	
0.125000000000	-0.992484961177	0.277584302623	3.969343275345	-390.691908007925	109.271117515201	1562.532792379532	1046.178415867672	-922.495074183801	403.247618881098	
0.125862068966	-0.997550487177	0.281130758119	3.980705952245	-392.685953353883	110.667180446797	1567.005712465621	1045.991074191212	-928.494190052920	405.884847065701	
0.126724137931	-1.002202170440	0.282340321395	3.987544374958	-394.517089421967	111.143325277758	1569.697658965665	1045.869788879120	-931.337166907838	406.712308285073	
0.127586206897	-1.000931962219	0.280939750674	3.990340782228	-394.017071696134	110.591990327040	1570.798465259800	1045.979864050409	-931.208805138679	405.359978988909	
0.128448275862	-0.996900511191	0.278771209508	3.978438275135	-392.430090174242	109.738343653073	1566.113040907442	1046.035082131116	-924.781318737669	402.973595938119	
0.129310344828	-0.997631530512	0.277108728047	3.952451864189	-392.717856079303	109.083907486208	1555.883484922264	1045.464065374271	-912.719411420820	400.501697107240	
0.130172413793	-0.995632854885	0.274207848357	3.931851698367	-391.931077010166	107.941975602545	1547.774225432037	1044.851944650163	-903.215953099126	398.078609212360	
0.131034482759	-0.989130031273	0.269702248867	3.917160762125	-389.371239164613	106.168345441802	1541.991135374898	1044.492937752211	-895.366435668043	395.160355484877	
0.131896551724	-0.982522309056	0.268355431206	3.915966340062	-386.770107962237	105.638170393782	1541.520950885717	1044.665558271457	-892.605260838021	393.909674842161	
0.132758620690	-0.978321588698	0.271560538870	3.923961174668	-385.116493533828	106.899861681453	1544.668119163803	1044.766772107550	-895.536657666894	395.552438919424	
0.133620689655	-0.978190059387	0.270216369886	3.926488424093	-385.064716993736	106.370729286111	1545.662971417176	1044.834389742661	-898.152996770701	395.728349364109	
0.134482758621	-0.981399430291	0.270416898891	3.930555161883	-386.328086506861	106.449667569950	1547.263843579827	1044.846733559980	-903.331429472960	397.428967680192	
0.135344827586	-0.984647240331	0.272827772700	3.938752373091	-387.606587593536	107.398708538049	1550.490677448993	1044.602480186470	-911.194231713867	400.373892614521	
0.136206896552	-0.986027906465	0.277564240255	3.956945684856	-388.150087099435	109.263219959799	1557.652478347231	1044.448273993303	-922.610847967781	404.187016143200	
0.137068965517	-0.988342394943	0.282011836400	3.970865201769	-389.061185962376	111.014017092397	1563.131899027792	1044.413293446139	-930.555367217670	407.146298381989	
0.137931034483	-0.992414065445	0.285067427933	3.978890626361	-390.663999888564	112.216851324446	1566.291109060293	1044.294603788648	-934.805647097121	408.974734656807	
0.138793103448	-0.995020356539	0.287239117747	3.984337958370	-391.689966910663	113.071737463943	1568.435452420016	1044.371120583895	-936.677517161532	409.821656461139	
0.139655172414	-0.995413993504	0.287214945938	3.986838957196	-391.844922182386	113.062222226193	1569.419971119453	1044.762968706568	-936.283737602718	409.238819020796	
0.140517241379	-0.995411893384	0.281951052951	3.981768084007	-391.844095469757	110.990089675238	1567.423820851066	1045.087294561211	-932.268942627317	405.771668348191	
0.141379310345	-0.991976432871	0.274467980354	3.972178146411	-390.491725736138	108.044376616454	1563.648739954508	1045.351818754526	-925.707600109495	400.735296953988	
0.142241379310	-0.989460197471	0.268067478977	3.957278258681	-389.501209156055	105.524817939966	1557.783396101398	1045.371141492209	-916.475219473824	396.078481884504	
0.143103448276	-0.987084271189	0.262028582080	3.938758139466	-388.565925289287	103.147604941138	1550.492947383530	1045.261164784050	-905.600885849662	391.459673651163	
0.143965517241	-0.982944048228	0.255954007519	3.920244085146	-386.936125673675	100.756347422580	1543.204886113140	1045.037244164168	-895.126256574036	387.023534472935	
0.144827586207	-0.978936846982	0.253606075828	3.903249028834	-385.358690083449	99.832083631868	1536.514778719115	1044.625265077704	-886.490201069114	384.932574124437	
0.145689655172	-0.976698535381	0.257193878691	3.894642220275	-384.477578263529	101.244422962786	1533.126706769030	1044.154912837056	-883.615869333999	386.508299664203	
0.146551724138	-0.975519385159	0.266564641604	3.901212671616	-384.013405537521	104.933225700831	1535.713166283503	1043.746077231557	-889.247748905312	391.958460233411	
0.147413793103	-0.976624781097	0.278612499337	3.915688530560	-384.448544874841	109.675867361946	1541.411591118442	1043.294284281208	-899.318464628529	399.281945353925	
0.148275862069	-0.981077034881	0.286825054003	3.931138032269	-386.201175487485	112.908741186544	1547.493290626541	1043.026044336794	-909.635841760969	404.864289558274	
0.149137931034	-0.985120233765	0.290362910514	3.945687365105	-387.792781555609	114.301419125734	1553.220638474171	1042.965833005609	-918.390720504254	407.955741323429	
0.150000000000	-0.988786982296	0.289575853296	3.957351655595	-389.236197864609	113.991593890854	1557.812288811762	1043.196202735166	-924.300961930767	408.717928797808	
0.150862068966	-0.992106600922	0.289216313448	3.966408862262	-390.542966416179	113.850060955889	1561.377660068988	1043.491347412090	-927.843460638061	409.073193807798	
0.151724137931	-0.994997535208	0.287319301206	3.968269960740	-391.680983289058	113.103301698906	1562.110281865763	1043.843685694640	-927.672349583374	407.882948030483	
0.152586206897	-0.989224798745	0.282274543795	3.965358551719	-389.408544399639	111.117431912151	1560.964205108792	1044.391900217500	-923.959488387628	404.285159248921	
0.153448275862	-0.988193457519	0.277837433577	3.942003799303	-389.002556714898	109.370762567052	1551.770602042617	1044.432389582867	-912.849872845756	400.891989021403	
0.154310344828	-0.991148266435	0.272898588435	3.931179929748	-390.165717849207	107.426585166454	1547.509783577995	1044.365850171184	-907.155475537705	397.834456661413	
0.155172413793	-0.983357256449	0.272474668881	3.930955200679	-387.098785174515	107.259709147385	1547.421318934085	1044.404248074567	-905.941919892708	396.923280747497	
0.156034482759	-0.981425418336	0.271515330878	3.911927928590	-386.338316705815	106.882065546228	1539.931229383618	1044.115029305992	-896.345042773781	395.393276655022	
0.156896551724	-0.976996541934	0.270029335131	3.911638736815	-384.594888604169	106.297103016529	1539.817388981948	1044.283804743595	-894.832087288795	394.022252046940	
0.157758620690	-0.971058597996	0.270922498886	3.902987654930	-382.257415758110	106.648697111098	1536.411888828367	1044.068239558311	-890.516557784223	393.984209671404	
0.158620689655	-0.970979968864	0.270880314493	3.898229647384	-382.226463384526	106.632091216311	1534.538898184200	1043.891160179993	-889.366861133339	394.423812044250	
0.159482758621	-0.969691926568	0.271061057766	3.907835643874	-381.719425270896	106.703240842631	1538.320300667912	1044.377433741225	-894.197571808445	395.292748498735	
0.160344827586	-0.972100258014	0.272092186492	3.918035328344	-382.667465437419	107.109144876783	1542.335408546069	1044.465280136599	-899.820358895122	396.986570706647	
0.161206896552	-0.976657950465	0.275063615494	3.932650470375	-384.461602003152	108.278848511122	1548.088662196373	1044.396497606986	-908.594135689896	400.100750587799	
0.162068965517	-0.982199591411	0.280506794864	3.951018665976	-386.643070095100	110.421557183798	1555.319306152593	1044.203490466248	-918.602363556696	403.787701250201	
0.162931034483	-0.990667462720	0.284584411763	3.962324257971	-389.976449368387	112.026711910344	1559.769754754177	1044.076260100574	-925.201370640877	406.362034195609	
0.163793103448	-0.996469555359	0.285034529401	3.965354643077	-392.260444322878	112.203900810416	1560.962666471314	1043.791460190953	-927.761845161477	407.169370764010	
0.164655172414	-0.995152640855	0.282647836538	3.970075954524	-391.742040658815	111.264378676823	1562.821211688338	1043.813386124272	-930.368584783200	407.121130014967	
0.165517241379	-0.993403533263	0.280013240284	3.962609787719	-391.053504097359	110.227269322201	1559.882153598186	1043.913164692336	-926.164345399123	405.741046606673	
0.166379310345	-0.991064361845	0.277639353434	3.955143191748	-390.132688790256	109.292788278047	1556.942926566387	1044.480884261236	-920.605360137147	403.505338178416	
0.167241379310	-0.986284357217	0.275249230414	3.940746335099	-388.251038990516	108.351915862513	1551.275601001506	1045.060194599790	-911.927629353131	400.801288162663	
0.168103448276	-0.985098728282	0.273342478619	3.923816625525	-387.784315917533	107.601322628081	1544.611217364309	1045.104129690147	-902.551113630573	398.393921531896	
0.168965517241	-0.982389783259	0.274771395302	3.915841724684	-386.717939155210	108.163815972979	1541.471896016778	1045.026103196994	-898.076868987450	398.090238622392	
0.169827586207	-0.980200247839	0.274672639944	3.911818586921	-385.856028089262	108.124940906078	1539.888187013099	1045.075857604870	-895.726149770345	397.977610313937	
0.170689655172	-0.978595554747	0.274785665218	3.915751961574	-385.224340325341	108.169433328267	1541.436560749862	1045.344373612677	-897.560719780618	398.479389848641	
0.171551724138	-0.979030666009	0.277615587125	3.927916569055	-385.395621962576	109.283432665681	1546.225160973504	1045.699967273366	-904.125037400337	400.843178616032	
0.172413793103	-0.980476008822	0.279514485237	3.945806963404	-385.964581456417	110.030934295850	1553.267718368924	1045.997983370424	-912.993435758512	403.428305973473	
0.173275862069	-0.982206974371	0.281643510705	3.966191267657	-386.645976398801	110.869025606900	1561.292003908330	1045.835866550921	-923.476900926250	406.345668969250	
0.174137931034	-0.984139726074	0.283913369258	3.981971644132	-387.406804502418	111.762555890817	1567.503952335837	1045.589444536123	-931.837952140393	408.741948085500	
0.175000000000	-0.987858931393	0.285216392158	3.990998021137	-388.870870437022	112.275491122083	1571.057187490786	1045.366485604108	-935.801759919850	409.450142083352	
0.175862068966	-0.993065931762	0.285706148112	3.999580267872	-390.920607197335	112.468283653379	1574.435590673418	1045.209748725130	-939.378943788841	409.868977347123	
0.176724137931	-0.997095583618	0.284592144488	3.995753536781	-392.506880475024	112.029755899048	1572.929197196697	1044.947335044620	-937.679445168302	409.165340356126	
0.177586206897	-0.998851779757	0.279309803648	3.981045805323	-393.198207444297	109.950361346626	1567.139495699500	1044.707469362786	-931.059774349139	405.908370261153	
0.178448275862	-0.998552798913	0.274734080331	3.962796198346	-393.080513574082	108.149126926929	1559.955534179422	1044.597732897975	-922.257477312503	402.235373791400	
0.179310344828	-0.995673915978	0.270645583996	3.944254773429	-391.947240717580	106.539689508062	1552.656698467550	1044.746440732872	-912.065638336584	398.056047992735	
0.180172413793	-0.988336181296	0.268104585736	3.932380215640	-389.058739958964	105.539425023214	1547.982276364639	1045.215733017023	-903.573512898134	394.486201044117	
0.181034482759	-0.983542204461	0.266820539768	3.920507974991	-387.171589997174	105.033960065166	1543.308766404634	1045.569511578291	-896.046419623422	392.395557930985	
0.181896551724	-0.983457404226	0.266912003916	3.914370651177	-387.138208367392	105.069964945646	1540.892807629751	1045.682735399659	-892.690629519358	392.273840766216	
0.182758620690	-0.983155184026	0.270290349572	3.922397845293	-387.019239323801	106.399851404336	1544.052714235715	1046.146391511188	-896.051078387849	394.506935139320	
0.183620689655	-0.983234269275	0.274766289777	3.931730539249	-387.050371247922	108.161806181891	1547.726531120445	1046.299374930541	-901.388471856867	397.716472531508	
0.184482758621	-0.985196340041	0.277964837372	3.942252937929	-387.822740806733	109.420915097126	1551.868675513654	1045.945692774137	-909.037868318535	401.018032094222	
0.185344827586	-0.988571608673	0.280548903878	3.951843483705	-389.151415994098	110.438133405713	1555.643995820312	1045.419523501094	-916.330145376748	403.661475880622	
0.186206896552	-0.992141079199	0.283508283355	3.957587611625	-390.556538796888	111.603093742138	1557.905172951154	1044.538754581538	-922.027883185995	406.178364956521	
0.187068965517	-0.994633052916	0.284551027061	3.963466459124	-391.537504760274	112.013570015321	1560.219382471898	1044.068343217572	-926.105068612808	407.192981417270	
0.187931034483	-0.991954436337	0.285816680872	3.973396949781	-390.483066795843	112.511794897049	1564.128522150443	1044.032734865269	-929.768387008918	407.379620658721	
0.188793103448	-0.990561680701	0.282253347172	3.966141160681	-389.934808254825	111.109087856931	1561.272279286844	1044.121341830542	-925.093321200373	404.969749106125	
0.189655172414	-0.995653095889	0.272565937625	3.950891709763	-391.939044885526	107.295637106884	1555.269329813225	1044.379285064732	-916.576746148889	399.634356915283	
0.190517241379	-0.987144284581	0.265536566311	3.955015634846	-388.589549573329	104.528523651427	1556.892713765986	1045.010275324986	-914.214904012973	394.595453427644	
0.191379310345	-0.977702989203	0.264664879401	3.937526542527	-384.872981716098	104.185383920929	1550.008128996890	1045.241555778157	-902.896600405696	391.473787221309	
0.192241379310	-0.977292294819	0.264185433641	3.916915869970	-384.711311788107	103.996649999094	1541.894733528289	1044.873621232724	-892.023645046103	388.893814594344	
0.193103448276	-0.974630620922	0.264983356200	3.905684089688	-383.663543313932	104.310752378057	1537.473340922318	1044.788322916269	-887.018704713941	388.438359314636	
0.193965517241	-0.971184110527	0.267871398727	3.893521828835	-382.306823791901	105.447630909406	1532.685664449502	1044.521428199919	-881.872716958918	388.848979996377	
0.194827586207	-0.971740627445	0.271713301067	3.889179943353	-382.525896790221	106.959996551630	1530.976480341124	1044.088611909860	-882.540755871852	391.370390159835	
0.195689655172	-0.972829006302	0.274042468218	3.892051314342	-382.954337350281	107.876873677028	1532.106796118598	1043.914370679162	-886.234717819291	394.037126768430	
0.196551724138	-0.976095176153	0.273839935271	3.901813203561	-384.240065780145	107.797146541058	1535.949565806745	1044.007993174306	-892.597810515255	396.044446558744	
0.197413793103	-0.979536457943	0.276030157470	3.919184109247	-385.594727060677	108.659327957800	1542.787626383659	1044.005179212615	-902.091130195105	398.857258797088	
0.198275862069	-0.983138947730	0.280142518904	3.936654112887	-387.012847902232	110.278159877709	1549.664696890501	1043.655231087433	-911.863987540354	402.258565765930	
0.199137931034	-0.987508495163	0.285391631451	3.949454998372	-388.732921143495	112.344474105448	1554.703768080312	1043.130855059711	-918.447600323768	405.619980088641	
0.200000000000	-0.990364283052	0.286161490145	3.957902949753	-389.857102630266	112.647529137878	1558.029305869760	1042.958636850046	-922.144665468042	406.487938844066	
0.200862068966	-0.989990171239	0.281829758595	3.958115983075	-389.709833438463	110.942342127234	1558.113166480554	1042.955649269941	-921.748488672703	404.148781490733	
0.201724137931	-0.988578234436	0.276929176688	3.950152575309	-389.154024226965	109.013227056918	1554.978369384417	1042.967568686502	-917.642724083570	401.080597699807	
0.202586206897	-0.988024071848	0.275628742111	3.942722533887	-388.935878010781	108.501310719404	1552.053532058646	1042.838882553145	-914.290280814333	399.546473120770	
0.203448275862	-0.983158738260	0.275813237000	3.933633396118	-387.020638448807	108.573937170394	1548.475591116419	1042.973852017670	-909.559874391972	397.947470688416	
0.204310344828	-0.976948020330	0.272549983535	3.918109986665	-384.575788064851	107.289356776267	1542.364797809615	1043.189445055961	-900.226891616040	394.504590726556	
0.205172413793	-0.972683650219	0.270224113456	3.908312898244	-382.897117898246	106.373777543845	1538.508171948314	1043.572737916403	-894.087559175806	392.283303414490	
0.206034482759	-0.968322424466	0.271735778975	3.906318863509	-381.180320488355	106.968844984652	1537.723219766853	1043.720949856317	-893.356648761371	393.010407709501	
0.206896551724	-0.965074501592	0.274389603928	3.910685975590	-379.901774984745	108.013523720366	1539.442334330805	1044.186190205864	-895.992775962084	394.953836039849	
0.207758620690	-0.963910242236	0.276868627503	3.924024665232	-379.443464050997	108.989391857655	1544.693112237357	1044.584513141810	-903.658049528359	397.219743822270	
0.208620689655	-0.964236349990	0.284932836351	3.939865264716	-379.571836434983	112.163869320723	1550.928767464867	1044.279981688668	-914.056671382003	402.492404714095	
0.209482758621	-0.966232188313	0.292762395257	3.952399535105	-380.357498599161	115.245976785624	1555.862885567712	1043.577735981090	-923.050257297945	407.633277644944	
0.210344827586	-0.968661851239	0.296097228716	3.959347761569	-381.313935906886	116.558734658844	1558.598056336696	1042.594090346344	-928.667333784234	410.128143440399	
0.211206896552	-0.972351764766	0.297699166889	3.963492996734	-382.766471121934	117.189337948476	1560.229829007549	1041.836645519092	-932.265470260323	411.327269862179	
0.212068965517	-0.974670025352	0.296123402741	3.965205321615	-383.679054875838	116.569038069330	1560.903886047024	1041.426584200307	-932.858372441425	410.586308648433	
0.212931034483	-0.974053701640	0.295217635945	3.967758814571	-383.436438920452	116.212482784783	1561.909069071702	1041.338104533549	-932.554385711416	409.690592864203	
0.213793103448	-0.971001495454	0.292759983301	3.966489790694	-382.234937330900	115.245027318519	1561.409517563071	1041.529502910014	-930.431259337069	407.948351243884	
0.214655172414	-0.971876405699	0.288755677676	3.952659434118	-382.579345927946	113.668731590345	1555.965194867333	1041.639079644671	-924.279339874253	405.462778217486	
0.215517241379	-0.972396764014	0.284981013679	3.939677122126	-382.784185085156	112.182834335484	1550.854705095666	1041.800496197834	-918.327265068820	402.999996245651	
0.216379310345	-0.968987807518	0.284565512641	3.932387392813	-381.442248663146	112.019272267014	1547.985101660347	1041.916554994375	-913.797775549892	401.854494711520	
0.217241379310	-0.965190319838	0.284655907640	3.918451001082	-379.947366860911	112.054856276661	1542.499038204390	1042.038704644705	-905.390354759022	400.302231834468	
0.218103448276	-0.962509665337	0.284737527666	3.903386613330	-378.892126668096	112.086986016833	1536.568938884175	1041.916814550469	-897.242611112088	399.053906025507	
0.218965517241	-0.960451484404	0.282153534289	3.890818779331	-378.081923322768	111.069796495132	1531.621608459406	1041.883524342227	-890.717995672926	397.157925122633	
0.219827586207	-0.958436721200	0.279878195109	3.890585303527	-377.288811375436	110.174108761716	1531.529700661064	1041.730780284996	-890.926079883046	396.310920601782	
0.220689655172	-0.959944808352	0.279386738007	3.897829273560	-377.882470191082	109.980646572996	1534.381290946693	1041.471232352266	-896.246535043163	397.326688911953	
0.221551724138	-0.962875117167	0.281071974684	3.909281275988	-379.035986855580	110.644040335355	1538.889374045316	1040.998439412259	-904.359383148755	399.868490982014	
0.222413793103	-0.965648195580	0.286284588095	3.925408192542	-380.127609740536	112.695986671160	1545.237738045910	1040.579443986496	-914.535218230432	404.011791233278	
0.223275862069	-0.970085472840	0.290874350443	3.934955293027	-381.874344841624	114.502747558477	1548.995956105055	1040.249451316439	-920.984161178730	407.329955172963	
0.224137931034	-0.975383696407	0.289941750613	3.941627746661	-383.959991632521	114.135629444672	1551.622568843142	1040.557001109605	-924.150725153847	407.327489191657	
0.225000000000	-0.975657792286	0.284517172335	3.949145359931	-384.067889531602	112.000243095539	1554.581878844721	1041.408354856404	-924.163672339897	403.701369485275	
0.225862068966	-0.970536542243	0.278059639780	3.946134243224	-382.051908404123	109.458234084265	1553.396552137115	1042.123119643979	-918.069154930317	398.613910792589	
0.226724137931	-0.971256883566	0.273878740181	3.931435352739	-382.335470913523	107.812422101870	1547.610330890673	1042.011124961279	-908.770687381640	395.099902241645	
0.227586206897	-0.975503285331	0.270709350035	3.913813882226	-384.007067836859	106.564791022303	1540.673635418177	1041.463031962576	-900.270946787514	392.806491512376	
0.228448275862	-0.976080198570	0.271106753484	3.904409819947	-384.234169851637	106.721228971237	1536.971724378165	1040.784645953170	-896.766161090610	392.823901037489	
0.229310344828	-0.975715043918	0.272204859888	3.901039640772	-384.090426648205	107.153498781944	1535.645052656321	1040.580221494295	-895.279177535713	393.154911639314	
0.230172413793	-0.976799585443	0.272112031101	3.897185168645	-384.517356641266	107.116956710846	1534.127738914925	1040.606613136610	-894.009364199430	393.492804072136	
0.231034482759	-0.976407088100	0.272163720819	3.899941750663	-384.362849981964	107.137304379140	1535.212867990245	1040.937362982804	-895.540518571092	394.433675355979	
0.231896551724	-0.973699829086	0.274343258895	3.907310233657	-383.297136917230	107.995279988531	1538.113472828401	1041.456947859056	-898.647370406160	396.423398805340	
0.232758620690	-0.970960220963	0.279824352947	3.916306746636	-382.218689618961	110.152913783438	1541.654952003031	1042.034247445890	-902.392509200884	399.703396070461	
0.233620689655	-0.971224367847	0.286582703035	3.917952772664	-382.322671094042	112.813339678346	1542.302910485690	1041.994749243415	-904.633504945566	403.583805302971	
0.234482758621	-0.973708339611	0.292426654838	3.916949438497	-383.300487087110	115.113812501161	1541.907947785677	1041.530295771159	-907.372384506107	407.179849421774	
0.235344827586	-0.974473065097	0.296716952414	3.916512263194	-383.601521431210	116.802689019352	1541.735853638365	1040.914735095507	-910.389992492072	409.998940754694	
0.236206896552	-0.975203613299	0.299664043403	3.918901223439	-383.889101880096	117.962811990057	1542.676268327358	1040.400754781389	-913.296055493839	411.818659493121	
0.237068965517	-0.976522118046	0.299421842524	3.925261371507	-384.408131543852	117.867469564839	1545.179941915638	1040.340672528840	-915.970635269616	411.752450651276	
0.237931034483	-0.978558949451	0.296780106969	3.933725139421	-385.209930642923	116.827549823192	1548.511705886541	1040.639924043985	-918.904658969534	410.703162772089	
0.238793103448	-0.979766090469	0.289537286854	3.937103573303	-385.685121951723	113.976412203175	1549.841627075164	1041.172777820079	-918.556722579438	407.226479222988	
0.239655172414	-0.979223222176	0.282098706569	3.938987320650	-385.471421736870	111.048213552061	1550.583164603529	1041.727806632661	-916.864580660120	403.102221493887	
0.240517241379	-0.975155206497	0.273757022467	3.944072510188	-383.870046532819	107.764507898889	1552.584950505589	1042.730541712517	-915.056732451188	397.992783814979	
0.241379310345	-0.973435952314	0.267170607859	3.943617855453	-383.193261772042	105.171764440823	1552.405975576242	1043.542920118616	-910.972349910507	393.454113265702	
0.242241379310	-0.974025859559	0.263082518947	3.939675185487	-383.425478879434	103.562487404346	1550.853942737671	1043.837316907933	-906.766857714746	390.719828867888	
0.243103448276	-0.975384989999	0.265378112754	3.936023371839	-383.960500855327	104.466148376278	1549.416405547858	1043.651481195543	-905.262541000348	391.732129490670	
0.243965517241	-0.973519378272	0.270206833574	3.927773242248	-383.226102417255	106.366975314567	1546.168740346772	1043.202294798619	-902.996145158695	393.994001249818	
0.244827586207	-0.970452313374	0.274303330308	3.917050460314	-382.018751692679	107.979562092019	1541.947715044592	1042.714251689818	-900.190619424665	396.269375653377	
0.245689655172	-0.967565218805	0.281374197993	3.914059432426	-380.882246325033	110.763010602780	1540.770296304502	1042.292547328852	-901.188287043486	400.098574872302	
0.246551724138	-0.968146572633	0.289801603357	3.920226043605	-381.111096378198	114.080460448658	1543.197784056675	1041.995358645416	-907.587353633158	405.475255992131	
0.247413793103	-0.969823314029	0.294010936513	3.931688879557	-381.771145971800	115.737465306519	1547.710131774183	1041.728320281776	-915.261215243410	408.893108602563	
0.248275862069	-0.972503196678	0.294084376925	3.944919651699	-382.826082324928	115.766375139775	1552.918427934849	1042.004396352950	-922.097618710880	409.880265386297	
0.249137931034	-0.974662904177	0.293099376062	3.954565382118	-383.676251623880	115.378629348571	1556.715471687342	1042.131319890450	-927.034111198496	410.081903742922	
0.250000000000	-0.975947892901	0.291596204001	3.960202393057	-384.182087697685	114.786905359036	1558.934482196802	1042.153281580244	-929.709883152561	410.039632629456	
0.250862068966	-0.977339624197	0.289312186740	3.966240214659	-384.729943007123	113.887801496914	1561.311271905601	1042.256956057614	-931.694958054668	409.257884002381	
0.251724137931	-0.977086450123	0.286154971666	3.972520268571	-384.630280981054	112.644963137162	1563.783416413040	1042.576586742114	-932.442166904047	407.432673399802	
0.252586206897	-0.979077354435	0.281394831675	3.974436496959	-385.414000870826	110.771133056077	1564.537740109839	1042.950258960403	-930.990618807110	404.657320783474	
0.253448275862	-0.981408161677	0.278373029365	3.970312153753	-386.331523618522	109.581599958551	1562.914191563104	1043.184335721838	-927.302899300975	402.563823459790	
0.254310344828	-0.985057256492	0.274987994801	3.958477684568	-387.767990538994	108.249080410028	1558.255550347157	1043.139320194885	-921.283047020904	400.352932137144	
0.255172413793	-0.987374195412	0.272900224377	3.944502725767	-388.680054018999	107.427229155229	1552.754304956156	1042.990302586497	-914.974404102690	398.620225833157	
0.256034482759	-0.988755803902	0.270845476206	3.929903720185	-389.223924483523	106.618377117434	1547.007403422329	1042.872669157383	-908.482480703893	396.859300961911	
0.256896551724	-0.987001144231	0.267635967612	3.921620640373	-388.533202345130	105.354953403058	1543.746767359819	1043.230978842748	-903.390116091135	394.801288732698	
0.257758620690	-0.984820300463	0.264377355496	3.924053171597	-387.674712749596	104.072200076916	1544.704333773799	1044.243609861829	-901.292957219062	392.899222587804	
0.258620689655	-0.981945318949	0.266216044037	3.932696328136	-386.542975688533	104.796000197284	1548.106714113455	1045.323492092852	-902.495014943541	393.261800270691	
0.259482758621	-0.980812720183	0.271921484353	3.934087023894	-386.097127952743	107.041947944562	1548.654161783060	1045.720547883221	-902.887613671741	395.428432562773	
0.260344827586	-0.980259374920	0.279243537045	3.931793480274	-385.879303476862	109.924275484689	1547.751307867847	1045.409999483653	-903.994774897255	398.535761937113	
0.261206896552	-0.980516334241	0.283727793270	3.925576358814	-385.980455565848	111.689503865303	1545.303936733504	1044.566150189530	-905.382212020770	401.607899538908	
0.262068965517	-0.980449064888	0.287768576158	3.928681615377	-385.953974971580	113.280158875825	1546.526321614628	1044.038464154879	-909.763645598482	404.730366291433	
0.262931034483	-0.982107402997	0.292689394798	3.933076381832	-386.606780107281	115.217240140096	1548.256322328689	1043.470352317799	-913.076071120042	407.418721872853	
0.263793103448	-0.983950322045	0.293511729046	3.944768851498	-387.332245567672	115.540952185008	1552.859065404697	1043.548930491170	-917.575343316471	408.430762510623	
0.264655172414	-0.986325990724	0.293021410801	3.956862782656	-388.267428028933	115.347938307517	1557.619843879452	1043.965289326456	-921.964036417040	408.871577013171	
0.265517241379	-0.987950781569	0.290332781228	3.963481637449	-388.907027277432	114.289558725968	1560.225357422465	1044.188401318363	-923.633773453974	407.954728964929	
0.266379310345	-0.990410897831	0.285752455814	3.962446244543	-389.875452547282	112.486512689626	1559.817774793443	1044.483677495258	-921.225249116248	405.378644385065	
0.267241379310	-0.989067678965	0.278517560695	3.957295374789	-389.346694165830	109.638494746062	1557.790133860958	1044.895748399165	-915.156524412111	400.659605873481	
0.268103448276	-0.988027067949	0.272324761690	3.952639795176	-388.937057426459	107.200698150721	1555.957463993967	1045.276932813442	-909.838174821225	396.477838012119	
0.268965517241	-0.989405927306	0.268934642518	3.944623912699	-389.479845694659	105.866177045373	1552.802010216822	1045.452388168483	-904.725744687794	393.823511087441	
0.269827586207	-0.989208116842	0.270877640610	3.934361948158	-389.401977564972	106.631038641685	1548.762385776105	1045.216013039937	-900.613360495293	394.071188782556	
0.270689655172	-0.987143220095	0.275150835048	3.922644032672	-388.589130538190	108.313182506526	1544.149625947739	1044.796507031584	-896.738940721047	395.857259190050	
0.271551724138	-0.985111949053	0.278772978469	3.911745446008	-387.789520276904	109.739040005043	1539.859395077659	1044.489807766801	-892.858091103477	397.571598843037	
0.272413793103	-0.983600679298	0.280827164626	3.909029055034	-387.194608628764	110.547670806026	1538.790087215075	1044.448450913134	-892.681771468089	399.076412255520	
0.273275862069	-0.981443255946	0.282456401466	3.917281050023	-386.345338484653	111.189020221402	1542.038486730574	1044.572758589126	-897.324836304489	401.003322201205	
0.274137931034	-0.978959995363	0.285284203560	3.933579544329	-385.367802448392	112.302185094390	1548.454392348552	1044.556230807878	-905.631305539014	403.534871746860	
0.275000000000	-0.979668909766	0.288852041455	3.949345725121	-385.646866748000	113.706665211617	1554.660752642614	1044.197565565640	-915.111987897464	406.716272560739	
0.275862068966	-0.983295286433	0.292532537548	3.965736524867	-387.074390664832	115.155493251575	1561.112994315816	1043.846197280976	-924.905438923725	410.130957495006	
0.276724137931	-0.989035583541	0.293086124131	3.975485379302	-389.334059795842	115.373412723092	1564.950632858636	1043.677582690083	-930.817322020424	411.609593698099	
0.277586206897	-0.992585760598	0.293040987221	3.980373957772	-390.731587720604	115.355644569073	1566.875022773704	1043.700588610337	-932.799375899494	411.724395883142	
0.278448275862	-0.994770286488	0.291218089423	3.988102304126	-391.591526784005	114.638060477967	1569.917287896757	1043.843582217234	-935.503717035531	410.768079854879	
0.279310344828	-0.996098538188	0.288306219576	3.985331604570	-392.114393337583	113.491802317347	1568.826601449955	1044.048449977403	-933.537336348973	408.588471966785	
0.280172413793	-0.996171477270	0.283554784877	3.975214382426	-392.143105821981	111.621399075813	1564.843954883013	1044.233329821182	-928.663555921769	405.470758511142	
0.281034482759	-0.993832866186	0.281816240107	3.961509512759	-391.222511090305	110.937020571619	1559.449030134990	1044.263144716683	-922.604410349890	403.514740918114	
0.281896551724	-0.993619236968	0.279815757714	3.943466512765	-391.138415905109	110.149530268088	1552.346399496283	1043.980340113292	-914.425587434214	401.320428150763	
0.282758620690	-0.987419723315	0.279649439654	3.935449159013	-388.697976087097	110.084059129943	1549.190366551580	1044.027593709621	-909.927315274819	400.114783996950	
0.283620689655	-0.979760550503	0.278030274579	3.927297561186	-385.682941142930	109.446674466761	1545.981488399336	1044.189257296142	-904.928924620224	398.283542964871	
0.284482758621	-0.974916596626	0.277933017074	3.922842884680	-383.776117708063	109.408389030003	1544.227904081475	1044.657615510706	-901.410347000349	397.273782585196	
0.285344827586	-0.974347920660	0.278153692855	3.923300760904	-383.552258297918	109.495258096389	1544.408147150471	1044.898172494166	-901.135613055752	397.202290198848	
0.286206896552	-0.971041634917	0.278601145779	3.923267854957	-382.250738238851	109.671398031368	1544.395193717948	1044.746813248191	-901.397799248632	397.279306581487	
0.287068965517	-0.970200667253	0.278973635014	3.914954595642	-381.919691145851	109.818028495169	1541.122677487759	1043.897160961568	-898.653253079310	397.281831431607	
0.287931034483	-0.974145408538	0.277799367155	3.916342388566	-383.472539359523	109.355777712219	1541.668982456193	1043.249632329779	-901.293238193878	397.754686087162	
0.288793103448	-0.977123028682	0.279398966702	3.929783900480	-384.644680138264	109.985460401219	1546.960236371110	1042.891970364724	-909.059188237246	399.630741615405	
0.289655172414	-0.980625716781	0.283771669704	3.942357244970	-386.023514025128	111.706775832222	1551.909736001577	1042.698673044737	-915.810811196965	402.574539981221	
0.290517241379	-0.988783845302	0.284429047709	3.944118898343	-389.234962986552	111.965552818628	1552.603211212366	1042.549306967246	-917.559607891060	403.799428713041	
0.291379310345	-0.990705606457	0.281135803207	3.948314644713	-389.991464658476	110.669166446513	1554.254867629417	1043.090686577060	-917.971132717275	402.457392727269	
0.292241379310	-0.986427638047	0.271573411270	3.942062951866	-388.307441518484	106.904928904208	1551.793887461041	1044.072750162635	-910.994107117883	397.269531070947	
0.293103448276	-0.985414368523	0.264059757402	3.938700400225	-387.908567763197	103.947177522029	1550.470218319832	1044.828692377502	-905.400043075775	392.919801009466	
0.293965517241	-0.981429600598	0.266027335626	3.944779619379	-386.339963054208	104.721715092688	1552.863304183288	1045.426445962013	-906.052847384382	393.036212404360	
0.294827586207	-0.981314488529	0.270418422097	3.940574116081	-386.294649164895	106.450267180004	1551.207806949557	1045.399540845185	-904.608063412018	394.894995048146	
0.295689655172	-0.981187547944	0.274806368774	3.933110355918	-386.244678977563	108.177583287088	1548.269696234717	1045.140694105075	-902.573513337391	397.150832855998	
0.296551724138	-0.979844685831	0.277355171516	3.920772637354	-385.716061031895	109.180920008129	1543.412950797776	1044.709054490813	-898.852285641833	398.458001338267	
0.297413793103	-0.980555375997	0.278513998232	3.909732632810	-385.995824361026	109.637092381702	1539.067050750615	1044.411346142476	-895.161409178531	398.991707884911	
0.298275862069	-0.981526961128	0.278701328405	3.909088358608	-386.378289046754	109.710834942580	1538.813432079286	1044.619167286655	-895.298606809329	399.254578578868	
0.299137931034	-0.982740359524	0.281855546644	3.919923757846	-386.855943573471	110.952493597916	1543.078789205966	1044.705266507714	-902.011330725185	401.881718256100	
0.300000000000	-0.986015626027	0.286894183230	3.936483616061	-388.145252902438	112.935953920583	1549.597580779926	1044.493804427270	-912.190009905561	405.982886486781	
0.300862068966	-0.991351934765	0.291380925257	3.950058641065	-390.245891929071	114.702160837663	1554.941392149800	1044.018166373176	-921.583477964198	409.958488566762	
0.301724137931	-0.998242277195	0.291251382865	3.957820284591	-392.958276636035	114.651166448249	1557.996764711990	1043.723849126924	-927.206606172806	411.390839249733	
0.302586206897	-1.002750673387	0.288292048863	3.964162793328	-394.733007719289	113.486224013142	1560.493494573813	1044.098056699323	-928.856224259211	410.588818465929	
0.303448275862	-0.998419920572	0.282541685102	3.981175574998	-393.028205987840	111.222592142085	1567.190579558544	1045.298039288002	-932.042438980034	407.748252118526	
0.304310344828	-0.994806099626	0.281041781578	3.985737659143	-391.605624633152	110.632154813239	1568.986444915683	1046.135350457866	-930.499985610001	406.056050776437	
0.305172413793	-0.996751301694	0.282466658349	3.970890310795	-392.371353825136	111.193057845591	1563.141783201043	1046.065958935446	-922.733955172949	404.892922241526	
0.306034482759	-0.996389535765	0.282550244338	3.949709316179	-392.228944593127	111.225961487146	1554.803880337225	1045.405975961540	-913.999375648254	403.354618505727	
0.306896551724	-0.991383649948	0.281758985105	3.933170259087	-390.258376617113	110.914482128104	1548.293277129229	1044.941264414148	-906.654259353874	401.609307049723	
0.307758620690	-0.986802048306	0.281987712473	3.919389621960	-388.454828193449	111.004520703487	1542.868526505126	1044.586910180172	-899.198177255549	400.084011821590	
0.308620689655	-0.985386909419	0.283625724169	3.915567038789	-387.897758481346	111.649324342873	1541.363765857755	1044.532712416029	-897.110946279771	400.292196260317	
0.309482758621	-0.985121855798	0.282512341628	3.924807408924	-387.793420069249	111.211041077780	1545.001239451826	1044.911627270618	-901.182581276245	400.794703945000	
0.310344827586	-0.987036987659	0.281229283249	3.939433197594	-388.547312118112	110.705964884460	1550.758684153910	1045.505144443777	-907.752584338213	401.863489149894	
0.311206896552	-0.990952375369	0.280857161859	3.949594535709	-390.088605290836	110.559479223027	1554.758696981484	1045.851572930955	-913.444888815058	403.340859897448	
0.312068965517	-0.992245231794	0.281264854097	3.968369732317	-390.597538487076	110.719967355944	1562.149556967287	1046.221942186942	-922.312111298954	405.235206772626	
0.312931034483	-0.996637592114	0.280987443284	3.988099125041	-392.326592025751	110.610764532428	1569.916036449385	1046.803694052178	-931.628995468809	406.922285792680	
0.313793103448	-1.003026744544	0.280903301377	4.002129207229	-394.841683187041	110.577642053713	1575.438981172963	1047.113978995705	-938.162106225825	407.871180625982	
0.314655172414	-1.009950600634	0.284949783907	4.003117371777	-397.567260553060	112.170540729376	1575.827972349558	1046.641454796720	-939.885242482263	409.676767299342	
0.315517241379	-1.009636000821	0.288902517600	3.996588557098	-397.443418272408	113.726535156338	1573.257903115258	1045.725780730798	-938.852219149608	410.918623376615	
0.316379310345	-1.008799487777	0.294554395384	3.975216239171	-397.114124741595	115.951398002349	1564.844685791104	1044.811125032503	-932.211340021010	412.844037743145	
0.317241379310	-1.013524667378	0.294308480850	3.948304539538	-398.974192658254	115.854593695669	1554.250889724860	1044.112798607186	-921.941065115485	412.179922196643	
0.318103448276	-1.006314273814	0.291620152365	3.950652045651	-396.135819756389	114.796332637454	1555.174985986538	1044.602442181767	-921.490135737484	410.614855393268	
0.318965517241	-1.000625955800	0.288522661265	3.948142670721	-393.896612206647	113.577004632138	1554.187170032215	1045.565870228580	-915.882383689492	408.174779089386	
0.319827586207	-0.997269559138	0.280407166759	3.949552172907	-392.575365973906	110.382338559721	1554.742020855793	1046.700932276999	-911.083436447452	403.104665953395	
0.320689655172	-0.993552552014	0.274256950339	3.949835245042	-391.112165359078	107.961304607875	1554.853452259662	1047.923942408597	-906.345360877579	398.750296544529	
0.321551724138	-0.992117308931	0.269301100888	3.947119150670	-390.547181626104	106.010433457678	1553.784261154578	1048.284967906724	-902.998683323730	395.244660280862	
0.322413793103	-0.990406958923	0.267486056463	3.944608702499	-389.873901995529	105.295940848432	1552.796022718657	1048.046000209681	-902.271901830846	394.637985638902	
0.323275862069	-0.990829605950	0.270609006710	3.950063357952	-390.040277084111	106.525290851899	1554.943248953406	1047.379524181165	-906.927367241422	397.156178044237	
0.324137931034	-0.994002820385	0.276444909608	3.958387910578	-391.289413595479	108.822595221743	1558.220210797595	1046.469589358489	-914.283806513004	401.062410914874	
0.325000000000	-0.998664231826	0.281325638705	3.968406798207	-393.124379162770	110.743895229389	1562.164147962643	1045.982971506302	-922.420018697700	405.016459510072	
0.325862068966	-1.003114806768	0.285005649029	3.979241202271	-394.876348899259	112.192532046175	1566.429113338995	1045.778493774948	-929.046779098212	408.155198346940	
0.326724137931	-1.006162369257	0.286665459421	3.982184777641	-396.076022496437	112.845916746361	1567.587852385302	1045.819795978810	-930.883003383873	409.393036355858	
0.327586206897	-1.003150039788	0.285191537480	3.983053925496	-394.890218385058	112.265707073029	1567.929992616376	1046.432098054290	-928.856727566478	407.687827944385	
0.328448275862	-1.002305397788	0.283724880957	3.968829110114	-394.557724888897	111.688357432602	1562.330391131147	1046.725402913703	-920.511645435518	405.357323777678	
0.329310344828	-1.003294399323	0.281010982981	3.958682185312	-394.947045545224	110.620030939181	1558.336052106961	1046.952880070326	-914.633047200984	403.007601972130	
0.330172413793	-0.999405157408	0.279857075897	3.952925938565	-393.416044669944	110.165795179543	1556.070104397612	1047.010907372334	-911.431862747980	402.060493181921	
0.331034482759	-0.997007902479	0.277119401558	3.943484341257	-392.472364776484	109.088109115755	1552.353417685620	1046.929944133334	-906.827533061369	400.503032142036	
0.331896551724	-0.995390415407	0.276484187102	3.933888655245	-391.835640659987	108.838056815358	1548.576073924098	1046.766154048112	-902.075748116904	399.586453140884	
0.332758620690	-0.989254635461	0.279429873422	3.934086043846	-389.420289629042	109.997626837810	1548.653775986899	1046.845428970738	-901.346224161096	400.001637861792	
0.333620689655	-0.988413184994	0.282230863524	3.929471559300	-389.089052480404	111.100237164523	1546.837283201593	1046.861162596542	-899.377024838947	401.010864977107	
0.334482758621	-0.990746856537	0.279946887643	3.931506759076	-390.007702760640	110.201149591729	1547.638440009532	1047.193300953316	-900.718605897391	400.528415216263	
0.335344827586	-0.993820529450	0.280806266571	3.941328935286	-391.217654731743	110.539444282509	1551.504941684148	1047.429829392473	-907.131320125447	402.393409258111	
0.336206896552	-0.998002426518	0.283345622444	3.952849372581	-392.863859368180	111.539062241162	1556.039964182323	1047.139341116388	-915.413634869627	405.575111847688	
0.337068965517	-1.000972114645	0.286762963630	3.965923091868	-394.032877706715	112.884299298238	1561.186436453934	1046.719556145550	-923.756686878630	408.857566259315	
0.337931034483	-1.001626754873	0.286714160621	3.974466468912	-394.290576966382	112.865087983903	1564.549538575406	1046.612711554510	-927.498968985490	409.532826526083	
0.338793103448	-0.999671443915	0.282580827115	3.983601701886	-393.520868407932	111.238000403619	1568.145624904273	1047.258472802354	-929.423198659518	407.230306428761	
0.339655172414	-0.999669941791	0.278807923562	3.979269008800	-393.520277096250	109.752796147976	1566.440059384829	1047.680207281203	-925.257605760645	404.347254388051	
0.340517241379	-1.001390188138	0.277214034186	3.971855469933	-394.197452422958	109.125361269215	1563.521718293151	1047.592770605219	-921.155960328544	402.728420064768	
0.341379310345	-0.999211851241	0.279406998009	3.963725797939	-393.339949657787	109.988621926678	1560.321471249319	1047.195545042364	-917.985472686254	402.972029807853	
0.342241379310	-0.996591391960	0.284042943716	3.946678450365	-392.308405325536	111.813562902689	1553.610779389230	1046.281556995735	-911.763312352077	403.904322478669	
0.343103448276	-0.995231744940	0.288478129869	3.935758626137	-391.773179998112	113.559474839256	1549.312188348074	1045.490684801664	-908.271581828489	405.187011127336	
0.343965517241	-0.993967929353	0.290946069593	3.933667675173	-391.275678733658	114.530979816366	1548.489085073461	1045.194159852390	-908.133076968649	406.188722227342	
0.344827586207	-0.993379508484	0.289827707580	3.937763250766	-391.044046738376	114.090736381291	1550.101309243431	1045.103595088246	-910.710767589191	406.435552600962	
0.345689655172	-0.994239474469	0.284107521300	3.944890846516	-391.382572524140	111.838983881769	1552.907088768658	1045.434367420874	-913.275193530445	404.894269211347	
0.346551724138	-0.996223073162	0.281995875131	3.957464776890	-392.163416555595	111.007733935519	1557.856819032755	1045.888702634551	-918.142326668274	404.745998809218	
0.347413793103	-1.000470794989	0.279888040598	3.966569762394	-393.835533121562	110.177984440446	1561.440998438775	1046.107842297878	-922.392849151479	404.979368177224	
0.348275862069	-1.004613865317	0.278017786748	3.983915598395	-395.466453603843	109.441758629511	1568.269190329303	1046.545725683119	-929.394966702616	405.366689966369	
0.349137931034	-1.008156189265	0.278238765734	3.999261582328	-396.860890150839	109.528747052877	1574.310140043830	1046.966950027723	-935.607623609830	406.284670154730	
0.350000000000	-1.009206958763	0.280784107348	4.006853140112	-397.274525778414	110.530721299620	1577.298558318684	1046.949768775091	-937.970083762904	407.363963012994	
0.350862068966	-1.009242466749	0.282283173398	3.998838049776	-397.288503504264	111.120828957058	1574.143416368210	1046.670324384733	-935.196579639024	407.944886076062	
0.351724137931	-1.012649874000	0.282340477360	3.985523612130	-398.629830065921	111.143386673429	1568.902185264947	1046.346736640239	-930.867610345137	407.806846459013	
0.352586206897	-1.008480262358	0.283030904410	3.978688831695	-396.988461590012	111.415173422881	1566.211672548645	1046.423482836686	-928.327039850527	407.641904442365	
0.353448275862	-1.006616706815	0.281771664235	3.968199125424	-396.254872569321	110.919473270210	1562.082397529023	1046.474438787853	-923.554025335151	406.645005526820	
0.354310344828	-1.001735963450	0.276471314251	3.966152883740	-394.333566945261	108.832989414884	1561.276894071520	1047.271773957972	-919.390518782919	402.936578553617	
0.355172413793	-0.997860970241	0.274664049877	3.959632384442	-392.808175075636	108.121559424348	1558.710098188993	1047.749799613349	-914.240646646749	400.676835042553	
0.356034482759	-0.992999146514	0.272024467938	3.950050874004	-390.894317171083	107.082487454167	1554.938334644883	1048.154549757696	-907.607705334126	397.545042521177	
0.356896551724	-0.989103537054	0.269612761101	3.944377021253	-389.360809709933	106.133118564278	1552.704821348700	1048.538158365756	-903.300172744951	395.403812918904	
0.357758620690	-0.986992402211	0.268111531962	3.940163006874	-388.529761047253	105.542159406612	1551.045973726373	1048.346532711495	-901.041219089299	394.474465189945	
0.358620689655	-0.987004594457	0.270653787401	3.947305171005	-388.534560527203	106.542918780342	1553.857488097495	1048.068308642419	-905.497761447161	396.369876109758	
0.359482758621	-0.990275736522	0.278231225490	3.961606023742	-389.822246270582	109.525778834266	1559.487021703204	1047.518106333272	-914.716808639824	401.357089702529	
0.360344827586	-0.996426997552	0.284881629435	3.970960597154	-392.243691433450	112.143711707738	1563.169451440364	1046.755126585732	-922.262703903530	406.035513357476	
0.361206896552	-1.003754529466	0.289193658438	3.980471971180	-395.128175870128	113.841142806658	1566.913605771685	1046.395224225325	-929.157285600074	409.555871727658	
0.362068965517	-1.008715104548	0.290493567693	3.991224518808	-397.080907266107	114.352852351051	1571.146348345343	1046.413309154915	-934.615934220018	411.172759560609	
0.362931034483	-1.006963862101	0.286188377681	3.996201726036	-396.391530318805	112.658113421792	1573.105626988643	1046.951474766878	-934.322999074278	408.732646567395	
0.363793103448	-1.002201921191	0.277098260311	3.980691412861	-394.516991305199	109.079786859610	1566.999989034434	1047.423514517562	-922.813184730025	402.398637352784	
0.364655172414	-1.001362812739	0.269681926295	3.959812239590	-394.186676091471	106.160345456875	1558.780898204807	1047.403254805801	-910.717043672138	397.349943784140	
0.365517241379	-0.998603163283	0.266677241126	3.945823616332	-393.100339518422	104.977550525403	1553.274273797585	1047.083022869537	-903.564844890699	394.805000469975	
0.366379310345	-0.995353385844	0.267192093640	3.934970890760	-391.821063964930	105.180222323179	1549.002096155672	1046.631441150681	-899.262799056368	394.510597642781	
0.367241379310	-0.991201599939	0.271082590497	3.930109438036	-390.186712593830	106.711717206494	1547.088384296609	1046.175323685626	-897.959792404502	395.723410662684	
0.368103448276	-0.987473061222	0.276136937956	3.928089643508	-388.718972565251	108.701362117712	1546.293291767297	1045.970672209267	-898.220961418269	397.689637606858	
0.368965517241	-0.985567092037	0.277953425826	3.927679802465	-387.968687405463	109.416422939514	1546.131957757046	1046.223801845579	-898.761818806643	398.384094453493	
0.369827586207	-0.985885991836	0.277939426391	3.928774781708	-388.094222376569	109.410912059152	1546.562996559944	1046.291684641526	-901.135476218351	399.216243255080	
0.370689655172	-0.986040487716	0.279147361163	3.935124975649	-388.155039711411	109.886415829175	1549.062751703988	1046.285641972394	-906.008614117486	400.932483425940	
0.371551724138	-0.988145171829	0.282496104233	3.944437880051	-388.983549043256	111.204649223654	1552.728778427082	1046.288068665186	-911.888769544681	403.670256629648	
0.372413793103	-0.992063813507	0.285531143608	3.955696781505	-390.526123141378	112.399393094844	1557.160847287699	1046.266428101110	-918.372600949311	406.254190463177	
0.373275862069	-0.994501500385	0.288108130224	3.969475588661	-391.485719079520	113.413824403179	1562.584877543236	1046.314886506466	-924.769875233383	407.970490274276	
0.374137931034	-0.997260052035	0.287599663806	3.978987747628	-392.571623500928	113.213666493794	1566.329340866757	1046.380014455524	-928.059656663177	407.638356456895	
0.375000000000	-1.000928221131	0.283427647652	3.982739778244	-394.015599015830	111.571351481402	1567.806328486312	1046.574307325676	-928.051354650486	405.454965997809	
0.375862068966	-1.004877808440	0.277168737788	3.977943852686	-395.570354868266	109.107530332705	1565.918411409193	1046.632974363843	-924.775836826449	402.352434631915	
0.376724137931	-1.000948776979	0.272802550112	3.974864428172	-394.023690829980	107.388779660800	1564.706195319287	1046.915132490645	-921.568713930274	399.809350787277	
0.377586206897	-0.997121370375	0.271224825538	3.955015530353	-392.517031437199	106.767708059826	1556.892672632473	1046.623990251160	-912.123116523220	398.188772500241	
0.378448275862	-0.997685411828	0.267024000200	3.928974684123	-392.739066470380	105.114052305998	1546.641688186578	1046.015840878823	-900.298962760401	395.269335588203	
0.379310344828	-0.988755321626	0.266959188131	3.929396365225	-389.223734635606	105.088539021593	1546.807683038469	1046.260550538462	-899.280985222119	394.640283030372	
0.380172413793	-0.983032896476	0.272617127719	3.920048820339	-386.971100804619	107.315788098082	1543.128020081960	1046.074833026798	-894.259875257860	396.492168113644	
0.381034482759	-0.981405241698	0.274958373957	3.923581372671	-386.330374168329	108.237420158467	1544.518610030028	1046.132529762644	-895.656683425050	397.370661050212	
0.381896551724	-0.982134933210	0.277496842267	3.932091004040	-386.617617381205	109.236688728278	1547.868428159346	1046.526844773989	-899.784524774941	399.217286965303	
0.382758620690	-0.987647624651	0.275649310028	3.941732498423	-388.787689494763	108.509407284470	1551.663804395658	1046.541772720103	-906.110599275009	399.836801454946	
0.383620689655	-0.993354441270	0.275634661994	3.966037085019	-391.034179024129	108.503641082746	1561.231309881222	1047.191784867619	-919.093449149026	402.114434279952	
0.384482758621	-0.996895690925	0.276482152639	3.985906194572	-392.428192675283	108.837255948315	1569.052788921442	1047.282824429617	-929.063009086558	403.706496636672	
0.385344827586	-1.000208407928	0.276736125468	3.995449601651	-393.732244401334	108.937232404705	1572.809553070794	1047.213824959819	-934.202817219707	404.589464589245	
0.386206896552	-1.004416490848	0.278359702940	3.998482661386	-395.388757103712	109.576354008491	1574.003517655645	1047.062333755528	-935.920735500370	405.337008771052	
0.387068965517	-1.005789100943	0.280136985143	3.995169523916	-395.929085348536	110.275981511401	1572.699300413137	1046.913197190183	-933.888067164226	405.613392543248	
0.387931034483	-1.007501669493	0.280524752674	3.985244808738	-396.603238308612	110.428626279402	1568.792434252931	1046.942679216091	-928.681238568113	405.134647960782	
0.388793103448	-1.005604351800	0.277833831607	3.975536216884	-395.856358810670	109.369344650723	1564.970645083404	1047.142288223814	-922.160560229979	402.708548621429	
0.389655172414	-1.004550007742	0.274615819909	3.964732851882	-395.441316056206	108.102573687521	1560.717898239996	1047.457593926617	-915.539924542363	400.135750768760	
0.390517241379	-1.003681560489	0.272249780277	3.956044221329	-395.099451617657	107.171181702374	1557.297617045352	1047.710943562570	-910.074279678482	398.302052500099	
0.391379310345	-0.999097065010	0.271855302471	3.950182156465	-393.294764034454	107.015895433207	1554.990014012370	1047.997090874640	-905.587257702863	397.321459727978	
0.392241379310	-0.993876378733	0.273821204230	3.944706712285	-391.239639813250	107.789773062725	1552.834604291023	1048.062110675404	-902.309954232287	397.713842599202	
0.393103448276	-0.991475699447	0.277293448693	3.937113017269	-390.294611921442	109.156622806102	1549.845344694467	1047.708866997817	-899.725433978089	399.160458054400	
0.393965517241	-0.991175097309	0.282768280184	3.931100031380	-390.176279828160	111.311791342754	1547.478331568927	1047.242426946103	-899.656305501126	402.166360294621	
0.394827586207	-0.992067990593	0.287915416369	3.931239646918	-390.527767452098	113.337962554647	1547.533291254174	1046.721290104032	-902.979217111965	405.523305408412	
0.395689655172	-0.991458467395	0.293633331594	3.937679831325	-390.287828520426	115.588821052738	1550.068471163374	1046.266983760024	-909.014319528054	409.075816725556	
0.396551724138	-0.992734921468	0.296271566702	3.948234428226	-390.790304927430	116.627362842923	1554.223290392743	1045.956207208707	-916.293338354523	411.549615449225	
0.397413793103	-0.995327577202	0.296019784192	3.962171265497	-391.810904387794	116.528248606287	1559.709529235763	1045.865943319736	-924.410935219692	412.841142262124	
0.398275862069	-0.999239585220	0.295213487512	3.974806276115	-393.350867144371	116.210849753140	1564.683303750129	1045.923075734768	-931.082447004157	413.406905933633	
0.399137931034	-1.002755398507	0.291733082695	3.983758414131	-394.734867763710	114.840787685223	1568.207314711470	1046.244095179183	-934.973951598971	412.037114749402	
0.400000000000	-1.002766236175	0.284531353263	3.989828668551	-394.739134014211	112.005825420664	1570.596871606096	1046.774950958835	-935.224551304379	407.992359451508	
0.400862068966	-1.002335791154	0.277408787241	3.993839450772	-394.569689243375	109.202025849260	1572.175716847707	1047.135629637149	-933.407664956266	403.692082483381	
0.401724137931	-1.002041024196	0.272132050541	3.995160209881	-394.453654170042	107.124837367476	1572.695633941296	1047.424515900811	-930.443072179423	400.063680953890	
0.402586206897	-1.001971810998	0.268069450239	3.989256809261	-394.426408380484	105.525593927668	1570.371759079595	1047.597252218042	-925.800211028636	397.344705056257	
0.403448275862	-1.001787544675	0.264477955418	3.972555574965	-394.353871904722	104.111801256475	1563.797314782199	1047.468903681862	-917.434226563014	394.853556781408	
0.404310344828	-0.998685439651	0.264596270048	3.953157720472	-393.132727627758	104.158375834928	1556.161345392459	1047.227658874661	-908.523755466206	394.184662791466	
0.405172413793	-0.993097003085	0.267911994275	3.939662012496	-390.932838430088	105.463611355081	1550.848757187049	1047.029673911942	-902.520376546895	395.326992034788	
0.406034482759	-0.989588505397	0.270892214687	3.934657963290	-389.551717597582	106.636775730043	1548.878912193156	1047.388806113655	-899.785919781160	396.774799493423	
0.406896551724	-0.987386450473	0.275461745395	3.938216076083	-388.684878226307	108.435572428240	1550.279564021998	1048.009571773254	-900.850152850215	399.005273397192	
0.407758620690	-0.985590237633	0.279462351124	3.946033466619	-387.977798674114	110.010411691939	1553.356881405683	1048.176523717619	-905.686864784680	401.649455533570	
0.408620689655	-0.986444494039	0.283777671589	3.963574458228	-388.314076883288	111.709138475764	1560.261896341306	1048.223160504028	-916.349072293225	405.225487447293	
0.409482758621	-0.989782856309	0.286668911532	3.975822128756	-389.628223873807	112.847275670529	1565.083194350055	1047.587632643026	-925.594551955390	408.404412255118	
0.410344827586	-0.992923366447	0.288502154962	3.980526827825	-390.864486331908	113.568932322028	1566.935200101009	1046.635253125892	-931.058872108787	410.339832085869	
0.411206896552	-0.993167181557	0.289405883943	3.987094624865	-390.960464200075	113.924685420097	1569.520614749558	1046.357759487730	-934.972339338735	410.846320600625	
0.412068965517	-0.995054755465	0.288741087900	3.985524345423	-391.703508055148	113.662988321695	1568.902473925934	1046.263754313597	-934.113415400101	409.828036837317	
0.412931034483	-0.995240393652	0.286957297860	3.992167889288	-391.776584565216	112.960799007837	1571.517706327508	1046.716045480452	-935.164262896181	408.018797768042	
0.413793103448	-0.996270466017	0.286932403378	3.990138178414	-392.182072762429	112.950999289844	1570.718710226884	1046.964355694952	-932.568214830674	406.788907597640	
0.414655172414	-0.996945609888	0.282780899936	3.987064945986	-392.447843285321	111.316759110514	1569.508931652969	1047.463884363295	-928.445827295223	403.920908657927	
0.415517241379	-0.995365169090	0.278164000445	3.982456467251	-391.825702442017	109.499315681279	1567.694803055828	1047.873786746741	-923.071421300461	400.840974681676	
0.416379310345	-0.994089012730	0.273827413611	3.970832186340	-391.323343230002	107.792217387122	1563.118902497485	1048.059147661566	-914.935001414619	398.043535471000	
0.417241379310	-0.993316808042	0.269216018712	3.953576676202	-391.019364696395	105.976940841562	1556.326267401209	1048.009770122311	-904.748105405422	395.027062454334	
0.418103448276	-0.990580969513	0.265956628172	3.942808636121	-389.942401299687	104.693881088605	1552.087426220587	1047.836134010134	-898.971252881829	393.056661323287	
0.418965517241	-0.988854969794	0.265368391505	3.934657963738	-389.262961157184	104.462321604579	1548.878912369515	1047.593991425482	-896.132031516227	392.782905666511	
0.419827586207	-0.989821939560	0.267130389792	3.932279425380	-389.643609003617	105.155932590754	1547.942600258285	1047.247068340641	-897.018337169724	393.792941380278	
0.420689655172	-0.989967338036	0.273577964616	3.937179833630	-389.700845143160	107.694021739144	1549.871646968651	1046.801519977348	-902.887706276614	397.572669694538	
0.421551724138	-0.990953787154	0.279434360056	3.943577863994	-390.089161040574	109.999393001977	1552.390232930131	1046.776565081384	-909.121065329772	401.214782072725	
0.422413793103	-0.991795882793	0.285887697965	3.958176643610	-390.420652161169	112.539750790061	1558.137045512752	1046.997905035084	-918.484345914704	405.585904133470	
0.423275862069	-0.995181714383	0.289475284931	3.969646282053	-391.753485458914	113.952005133390	1562.652071031968	1047.223001153580	-926.074671888133	408.673924299691	
0.424137931034	-0.999462983121	0.291922315335	3.980747442900	-393.438807773461	114.915279152543	1567.022045270565	1047.309602907726	-932.123115996411	410.763917023585	
0.425000000000	-1.002900398655	0.293006704686	3.988775215355	-394.791947101719	115.342149242462	1570.182179539880	1047.584648346928	-935.751455571178	411.732865573437	
0.425862068966	-1.004896468825	0.290238614927	3.989260274587	-395.577700532537	114.252490142259	1570.373123205588	1047.532237782722	-934.735582718371	410.344577862654	
0.426724137931	-1.005566336655	0.285278898539	3.981664466863	-395.841394140942	112.300096771596	1567.383031941295	1047.262452482363	-929.334561073464	407.194704784036	
0.427586206897	-1.004677446118	0.280520785451	3.969775761303	-395.491482199211	110.427064581277	1562.703040565345	1046.766018580444	-922.239353540805	403.851991775003	
0.428448275862	-0.999196711414	0.280636794311	3.963665626967	-393.333989861565	110.472731492748	1560.297784933845	1046.350678645608	-917.773781698972	402.312945306512	
0.429310344828	-0.994082397546	0.281449113002	3.947963456262	-391.320739161429	110.792500911701	1554.116622223782	1045.709709928148	-910.297694617807	401.117930470318	
0.430172413793	-0.992107855766	0.280195320675	3.932170401209	-390.543460385695	110.298945305478	1547.899682871270	1045.514250999833	-902.606816890551	399.430516859899	
0.431034482759	-0.989561455485	0.276956777308	3.932065469143	-389.541069393922	109.024092046683	1547.858376341914	1046.074935728035	-900.034018444246	397.493736195618	
0.431896551724	-0.984705842328	0.274358324049	3.941184662092	-387.629656281634	108.001210389351	1551.448148511800	1046.992205094910	-901.571568321610	396.453545998702	
0.432758620690	-0.983051660927	0.273354055712	3.939080312022	-386.978487434662	107.605879953065	1550.619770676268	1047.477404798319	-900.192345510739	396.447314433897	
0.433620689655	-0.983030805167	0.272926410545	3.945517895735	-386.970277560243	107.437537345641	1553.153926821761	1048.031635616608	-902.644968277204	396.806081046294	
0.434482758621	-0.985094083317	0.275595051598	3.952859990934	-387.782487426097	108.488048442150	1556.044144098930	1048.315042623733	-907.337400771235	398.741251224119	
0.435344827586	-0.988900660444	0.280465439234	3.958251041440	-389.280947291150	110.405277531577	1558.166332233586	1047.741052198458	-913.309139691846	402.252563909911	
0.436206896552	-0.990990776840	0.288019207625	3.966650816695	-390.103722037765	113.378820003834	1561.472905481100	1046.912333694072	-921.143766177871	407.120963467799	
0.437068965517	-0.995696613439	0.291880644146	3.971344771053	-391.956175577970	114.898875280310	1563.320681574616	1046.201829891528	-926.767784232452	410.130546623089	
0.437931034483	-1.000139200572	0.291501236754	3.981537954299	-393.705000911628	114.749521482755	1567.333230244593	1046.212282413808	-932.894664411570	410.864534505538	
0.438793103448	-1.003225856826	0.291315149685	3.985695021062	-394.920063777325	114.676268270290	1568.969660426327	1046.193975624144	-935.173694279146	411.190271980470	
0.439655172414	-1.007093102781	0.288188939520	3.984026016459	-396.442405938667	113.445634999056	1568.312656422695	1046.271456827237	-933.831572187889	410.032790945639	
0.440517241379	-1.006887133541	0.286040859474	3.988140945278	-396.361326105151	112.600042849453	1569.932498994196	1046.681749248131	-933.982715728805	409.017965696282	
0.441379310345	-1.003464546443	0.282268633818	3.989468076126	-395.014023993808	111.115105448199	1570.454924323996	1047.497069920832	-931.367169823317	406.597006561230	
0.442241379310	-1.004245448004	0.278607904277	3.984455894819	-395.321426053340	109.674058515521	1568.481878127049	1048.084781634230	-926.471032756269	404.190041634132	
0.443103448276	-1.001488307079	0.275194146436	3.978066493033	-394.236076964016	108.330232043074	1565.966688806794	1048.501901655484	-920.861865951908	401.587072013679	
0.443965517241	-0.997959819290	0.273441181963	3.962661408143	-392.847087024159	107.640177219943	1559.902473988535	1048.670482131553	-912.173166704624	399.774840946002	
0.444827586207	-0.994724204562	0.272499677069	3.950307276978	-391.573386624523	107.269553625745	1555.039267728149	1048.672033992482	-905.845933457089	398.712600194076	
0.445689655172	-0.990988133236	0.276953999561	3.947973134984	-390.102681382799	109.022998586029	1554.120432254368	1048.399751848184	-905.655523804412	400.637868823898	
0.446551724138	-0.989787375729	0.284984775515	3.950036857925	-389.630002944521	112.184315182891	1554.932817212389	1047.791302864102	-909.148905139914	404.541529533628	
0.447413793103	-0.993847400474	0.290548349432	3.955832361664	-391.228232515712	114.374417193675	1557.214218445137	1047.375541805448	-915.564037078650	408.176484580333	
0.448275862069	-0.997810030033	0.292102624270	3.967779755539	-392.788122452214	114.986257801499	1561.917312488191	1047.118608024135	-924.344197560016	410.575644033327	
0.449137931034	-1.000557375304	0.291994411090	3.983289677523	-393.869615480535	114.943659661029	1568.022796449873	1047.139451862324	-933.064838956072	412.032888738586	
0.450000000000	-1.004592083789	0.288738096818	3.990227955707	-395.457879300839	113.661810881815	1570.754051076540	1047.381253764568	-936.299990079774	411.271636063841	
0.450862068966	-1.008441518955	0.285125757338	3.993590818912	-396.973210241534	112.239812706558	1572.077842865040	1047.821618222414	-935.904988018915	409.459134340921	
0.451724137931	-1.009842702268	0.284537930344	4.005073893718	-397.524786339401	112.008414490225	1576.598157611674	1048.570235826532	-938.006645298788	408.854531207670	
0.452586206897	-1.011899135298	0.284438554810	4.015962917326	-398.334301622163	111.969295290961	1580.884623982803	1049.028989598131	-940.365733391717	408.998719446846	
0.453448275862	-1.014114962097	0.285173675937	4.016984680912	-399.206562294859	112.258675872695	1581.286841427319	1048.911065350471	-940.555250796623	409.858198095723	
0.454310344828	-1.017860834513	0.288170749233	4.002235248326	-400.681125737945	113.438474388826	1575.480724272635	1048.373562570745	-935.387526142923	411.214070908682	
0.455172413793	-1.018631553090	0.289720794005	3.983305930667	-400.984519263524	114.048649830525	1568.029194503438	1048.107373688341	-927.265948030990	410.747076344653	
0.456034482759	-1.015131455545	0.288327817523	3.961900887622	-399.606705148803	113.500304353555	1559.603094929761	1048.042199033667	-916.907182956488	408.238444519968	
0.456896551724	-1.010879713541	0.285739852248	3.949908998579	-397.933006039152	112.481551293425	1554.882485354746	1048.057554321267	-910.846672619175	406.051152457712	
0.457758620690	-1.006237597115	0.287345677807	3.955515213501	-396.105635958167	113.113684853492	1557.089373005667	1048.452958872219	-912.750327696603	406.872526642813	
0.458620689655	-1.005040377764	0.287347284899	3.964366183887	-395.634350315771	113.114317485250	1560.573559308903	1048.809941681478	-916.604722865673	407.624163362167	
0.459482758621	-1.006700419477	0.286676890892	3.974873045592	-396.287826075625	112.850416747340	1564.709587568658	1049.204056531453	-921.831935030086	408.365692138738	
0.460344827586	-1.008449799006	0.286890415396	3.990310172300	-396.976469685119	112.934470712185	1570.786415655168	1049.713488184099	-928.611523192819	409.467066909818	
0.461206896552	-1.012038053658	0.289352665520	4.001482725335	-398.388986863001	113.903735977135	1575.184493443279	1049.878076153334	-934.275812312248	411.191069035681	
0.462068965517	-1.014144014419	0.289684112597	4.012671442843	-399.217998747513	114.034210186947	1579.588934379039	1049.646594608983	-940.122380378993	411.797980760995	
0.462931034483	-1.016209185264	0.291782927375	4.018751781248	-400.030953673271	114.860409053581	1581.982460836136	1049.444022970064	-943.924369363698	413.050490830785	
0.463793103448	-1.020346779023	0.291218091469	4.012362292186	-401.659718302650	114.638061283436	1579.467237159593	1049.352867866125	-941.525208909813	413.013242129100	
0.464655172414	-1.024926022814	0.289797462570	4.008212974408	-403.462338558104	114.078830426679	1577.833857367494	1049.138033400052	-940.355698016791	412.780533003694	
0.465517241379	-1.027053668239	0.288376361267	4.012377318343	-404.299886614641	113.519413608263	1579.473152209378	1049.667623390022	-941.543968687894	412.503694813064	
0.466379310345	-1.020436707244	0.286145901526	4.017240365034	-401.695118565354	112.641392674796	1581.387491534450	1050.348140603926	-941.593752522225	411.381316684994	
0.467241379310	-1.017283532721	0.284328971623	4.006652493078	-400.453870769345	111.926157846906	1577.219573572705	1050.846180746379	-934.888783295681	409.786172711405	
0.468103448276	-1.019029517075	0.280431895794	3.993318650943	-401.141177867701	110.392073149634	1571.970703888683	1051.315311584871	-926.153785872828	406.469537232182	
0.468965517241	-1.012464609664	0.277504493531	3.991300131023	-398.556900722120	109.239700649748	1571.176113109109	1052.006265635935	-921.497291824378	403.247053471906	
0.469827586207	-1.009383667702	0.274734518310	3.968221212092	-397.344087288490	108.149299337245	1562.091091950384	1051.762418990027	-908.216019073303	399.906916069561	
0.470689655172	-1.006086710761	0.270785484530	3.956994714599	-396.046239514187	106.594761381799	1557.671778915577	1051.356880473437	-902.204344802517	397.236390676954	
0.471551724138	-1.003656238393	0.273148410825	3.951245705356	-395.089483569210	107.524927801396	1555.408680251169	1050.528306794611	-901.707509932502	398.621222887638	
0.472413793103	-1.003397215636	0.277951564711	3.963069020524	-394.987519208174	109.415690311234	1560.062930685711	1049.848489506733	-911.065201481441	402.532088380729	
0.473275862069	-1.006887661895	0.282453364440	3.979836588630	-396.361534091900	111.187824695635	1566.663487300782	1049.701472340625	-922.276454551587	406.608552778723	
0.474137931034	-1.009819935126	0.285760246981	3.996497735626	-397.515824049136	112.489579684202	1573.222151224376	1049.409292012048	-932.541557870000	409.644953311720	
0.475000000000	-1.013658810566	0.288779754640	4.006254489733	-399.026998151414	113.678209492088	1577.062899474566	1049.555040484160	-938.888970828895	412.147420121735	
0.475862068966	-1.016897945271	0.290280290013	4.006459592687	-400.302084190735	114.268895548702	1577.143638294440	1049.656935195004	-940.195430217584	413.142692365230	
0.476724137931	-1.018618892928	0.287449084695	3.998166963404	-400.979535587854	113.154390995731	1573.879243080806	1049.706318938553	-935.542105868171	410.830449177273	
0.477586206897	-1.017884996881	0.282762361504	3.992214895608	-400.690637258973	111.309461452889	1571.536210375022	1049.587541114431	-930.599462746181	407.519874602112	
0.478448275862	-1.013193711230	0.278804013034	3.991778827511	-398.843911702636	109.751256768000	1571.364552079680	1049.505843043032	-928.034064253038	404.778883363022	
0.479310344828	-1.009743122500	0.277999944100	3.984502237400	-397.485586743089	109.434734867571	1568.500120893681	1049.143170913842	-924.626311513254	403.967935177960	
0.480172413793	-1.005807612313	0.279769127171	3.972013790641	-395.936372353108	110.131174145423	1563.584041271990	1048.736736543497	-918.723806338267	403.918028738884	
0.481034482759	-1.001852677262	0.281728140142	3.960345815059	-394.379511361166	110.902340002349	1558.990940297435	1048.543417225700	-913.671402899389	404.065838508808	
0.481896551724	-0.999293005915	0.284259574535	3.953643077094	-393.371896211544	111.898839668815	1556.352406126146	1048.231553390057	-912.176864288076	405.343413763324	
0.482758620690	-0.996032658037	0.289007723445	3.955657502756	-392.088459602437	113.767949458595	1557.145385199868	1047.795864879242	-914.672679793183	407.839610343255	
0.483620689655	-0.993531873800	0.298432096908	3.969617715072	-391.104025376140	117.477856000275	1562.640825634288	1047.505428596120	-923.608647729663	413.002233759410	
0.484482758621	-0.995684109551	0.302976503987	3.976966830559	-391.951253419688	119.266762776760	1565.533806449131	1046.964346879661	-930.328877792554	415.988384256668	
0.485344827586	-0.997851976612	0.300421277238	3.980536331572	-392.804634731768	118.260897244424	1566.938941253274	1046.796102614587	-933.549927536911	415.137719182539	
0.486206896552	-0.997442649333	0.297425850887	3.983018475462	-392.643502964690	117.081747048470	1567.916037703373	1046.512659141001	-935.096391382504	413.532995926561	
0.487068965517	-0.996698868052	0.293270100502	3.980465446341	-392.350713311395	115.445835059168	1566.911037267635	1046.150378962943	-933.516112238646	411.393280995957	
0.487931034483	-0.997147577623	0.288067760057	3.978410481244	-392.527347925580	113.397932678893	1566.102099836631	1045.888113920035	-931.655374659494	409.098264186518	
0.488793103448	-0.998580317468	0.282898224223	3.978953991453	-393.091346258673	111.362943840264	1566.316052741621	1046.036305458816	-929.813616081830	406.400057617782	
0.489655172414	-0.998939483217	0.279385356243	3.982794045165	-393.232731929307	109.980102641014	1567.827690670814	1046.463300777573	-929.221533332012	404.505234827550	
0.490517241379	-0.999363968490	0.278814075441	3.987499331758	-393.399830643801	109.755217836419	1569.679927700785	1046.811938701266	-928.860669451733	403.659775503202	
0.491379310345	-0.996918539439	0.278573982423	3.990046139300	-392.437186997616	109.660705170728	1570.682479010570	1047.177064557664	-928.683016585155	403.190874891600	
0.492241379310	-1.000665801553	0.277371241719	3.974866569520	-393.912297495644	109.187246046540	1564.707038261584	1047.079675964499	-922.876943738134	402.631621722390	
0.493103448276	-0.999963955774	0.277278432283	3.967331152999	-393.636015761139	109.150711593160	1561.740720006437	1046.944985424363	-919.749097497220	402.324043865884	
0.493965517241	-0.995659152423	0.276305929896	3.954486165149	-391.941429041098	108.767885829710	1556.684287911581	1047.005322792117	-913.235525889236	401.177046245574	
0.494827586207	-0.991327703354	0.276537478059	3.949255786474	-390.236353229070	108.859034811232	1554.625348276031	1047.343604667680	-909.890510207572	400.590216251002	
0.495689655172	-0.986858649742	0.279070792157	3.942703948286	-388.477109360451	109.856274424313	1552.046215832990	1047.705166722227	-906.497079427930	400.749018099974	
0.496551724138	-0.985801696917	0.280541201278	3.936736615736	-388.061039664682	110.435101275509	1549.697174153913	1047.769913519956	-905.076142941885	401.003288160728	
0.497413793103	-0.987684827900	0.279713623243	3.936462456220	-388.802334561406	110.109325012816	1549.589251204460	1047.605822078421	-907.535952749682	401.617116507855	
0.498275862069	-0.989040184279	0.279167010753	3.950449409575	-389.335870877107	109.894150894403	1555.095218253860	1047.722789187079	-915.243817153294	402.807172792837	
0.499137931034	-0.991269099541	0.280896361989	3.969573093151	-390.213283826021	110.574910362206	1562.623260205805	1047.838710821100	-924.585327543153	404.948264354340	
0.500000000000	-0.996519043174	0.283331534008	3.978693944670	-392.279925211269	111.533516325525	1566.213685272089	1047.558963091906	-930.184250298783	407.078068171666	
0.500862068966	-1.002674150607	0.283029764919	3.984772979207	-394.702884511393	111.414724861907	1568.606698461358	1047.726643326058	-932.377496911882	407.604233797357	
