dbx_v3_0_0_0										
Time	Cx	Cy	Cz	Fx	Fy	Fz	Mx	My	Mz	
0.000000000000	0.000000000000	0.000000000000	0.000000000000	0.000000000000	0.000000000000	0.000000000000	0.000000000000	0.000000000000	0.000000000000	
0.000862068966	3.939443075561	-1.465449185472	19.261947553227	1550.762367967970	-576.874295531112	7582.468594260698	37.062779411230	-5169.618282505543	-434.573499775464	
0.001724137931	0.103356404989	-0.223405903460	4.458620891180	40.686264599160	-87.943767995330	1755.136794328222	41.681923577938	-1124.314113685725	-66.336301229336	
0.002586206897	-0.498407807640	-0.064632985220	3.606045113327	-196.198309548909	-25.442784496876	1419.520209248545	15.447872316935	-828.387817694035	-37.891553505514	
0.003448275862	-0.531833182869	-0.124320988378	4.083636991961	-209.356213609643	-48.938976049905	1607.524325167222	18.771298960661	-1133.015478626463	-55.170172478761	
0.004310344828	-0.444624671959	-0.186349847700	4.549452492409	-175.026569979288	-73.356645989548	1790.892668015668	13.578544725674	-1253.359624770095	-72.607152863603	
0.005172413793	-0.473988743919	-0.181474935720	4.755044222841	-186.585741388317	-71.437636144524	1871.823884079217	22.950146483766	-1271.612894053466	-71.935244556388	
0.006034482759	-0.515956101830	-0.171464055012	5.077794054099	-203.106198235317	-67.496851425933	1998.874404415212	17.524324134714	-1364.215993365644	-69.488037992605	
0.006896551724	-0.545898128096	-0.183945341931	5.103456599093	-214.892881444868	-72.410111926413	2008.976469168928	17.840768768627	-1382.459086256849	-73.489966559991	
0.007758620690	-0.568159012855	-0.181822774166	5.153126693605	-223.655882128054	-71.574562801759	2028.529109454433	19.174644655475	-1389.789814934170	-73.333612865713	
0.008620689655	-0.621245005875	-0.183552308492	5.219754999796	-244.553191382917	-72.255394253354	2054.757352356111	16.652570298898	-1415.534420312879	-74.002773408790	
0.009482758621	-0.667561230252	-0.184480422373	5.408139307414	-262.785580178085	-72.620746424076	2128.914863802675	16.277442393576	-1467.184739986625	-74.307194117882	
0.010344827586	-0.697361214093	-0.184563441706	5.517168806592	-274.516348365372	-72.653426997508	2171.834342795337	17.958100765722	-1498.000083666549	-74.253183304529	
0.011206896552	-0.724029431316	-0.180616587695	5.566542555617	-285.014296145472	-71.099747313315	2191.270326634645	17.095141286561	-1514.862488146149	-72.845639352787	
0.012068965517	-0.748478961008	-0.178340107838	5.631299442253	-294.638857240569	-70.203610670441	2216.761884942704	16.827969203758	-1533.759933443830	-71.750930873975	
0.012931034483	-0.770673674439	-0.180145124543	5.715260637191	-303.375809570076	-70.914155771845	2249.813222145220	17.475079745558	-1556.176993872141	-70.892375329390	
0.013793103448	-0.802872272789	-0.175250199744	5.796373920004	-316.050792725125	-68.987267877394	2281.743478304869	17.857195219893	-1581.182308638812	-69.093201173540	
0.014655172414	-0.831085500923	-0.167465816414	5.873516960207	-327.156934286227	-65.922944191442	2312.110847854776	17.484872287055	-1604.931392971884	-66.063605672782	
0.015517241379	-0.856355465929	-0.167041305361	5.941272428547	-337.104459867847	-65.755835350711	2338.782798308310	17.449424930552	-1626.069664172871	-65.082565817461	
0.016379310345	-0.878134056264	-0.168402527991	6.005504650690	-345.677605277105	-66.291680846840	2364.067822358709	17.289235865772	-1646.438305632797	-64.957490074336	
0.017241379310	-0.898147250618	-0.165776039192	6.057314098518	-353.555802289015	-65.257763130296	2384.462619403684	17.082883776979	-1664.203787253385	-63.618391262966	
0.018103448276	-0.915414176283	-0.161548340921	6.110223881721	-360.352930212528	-63.593529060406	2405.290563637197	16.571843612743	-1682.450216913317	-61.815949503469	
0.018965517241	-0.933774802799	-0.157526282938	6.169444577302	-367.580593642868	-62.010245321517	2428.602799491554	16.088934477452	-1703.115383142929	-59.854731024198	
0.019827586207	-0.954172581361	-0.154314287732	6.228350330853	-375.610182287148	-60.745842918659	2451.791058367529	15.849269225815	-1724.578250083911	-57.664521156863	
0.020689655172	-0.971263014635	-0.150610065348	6.277679098288	-382.337833953930	-59.287675211636	2471.209335197357	15.783972197410	-1741.990503135467	-55.049416114421	
0.021551724138	-0.982758361865	-0.148412842159	6.309248958717	-386.862979145768	-58.422737968059	2483.636815573645	15.748666630092	-1748.735010216172	-53.231243868098	
0.022413793103	-0.984152714939	-0.147637304693	6.319948576959	-387.411866445870	-58.117447526105	2487.848721927736	15.713894742515	-1740.101083146252	-52.658255198577	
0.023275862069	-0.974238479310	-0.150738365015	6.310050025917	-383.509126077580	-59.338180395140	2483.952155799166	15.681035783854	-1716.388103838419	-55.351107407521	
0.024137931034	-0.960728503385	-0.155548478808	6.283135355241	-378.190921992416	-61.231682424000	2473.357191579572	15.423048519180	-1680.701198934824	-59.192315566068	
0.025000000000	-0.950574148390	-0.158545683007	6.253192845850	-374.193658598820	-62.411532314367	2461.570318187711	14.983840111646	-1645.094961257888	-61.623354927466	
0.025862068966	-0.944737180691	-0.161550590216	6.225431993919	-371.895935373388	-63.594414495935	2450.642254587995	14.461961467736	-1613.282231833287	-63.522678318032	
0.026724137931	-0.940904912888	-0.162259599754	6.205831564781	-370.387362567635	-63.873516208863	2442.926542666344	13.941218392597	-1588.192838568934	-63.894043657781	
0.027586206897	-0.937667124814	-0.162579511074	6.194105794249	-369.112806798300	-63.999449348692	2438.310691306722	13.459383683575	-1568.968090503142	-64.170658681146	
0.028448275862	-0.935253302820	-0.163261841256	6.188059807693	-368.162605401850	-64.268048729117	2435.930687776131	12.959630248225	-1553.925976637541	-64.710004115510	
0.029310344828	-0.933991218683	-0.163143283163	6.185856974315	-367.665785788647	-64.221378317530	2435.063542080565	12.687529777991	-1541.896253644990	-64.657627547573	
0.030172413793	-0.933867627442	-0.163250301216	6.184859138424	-367.617134077893	-64.263505990250	2434.670743830041	12.342043470105	-1531.701793161409	-64.718016387900	
0.031034482759	-0.934486864686	-0.163683168502	6.184075537023	-367.860896913446	-64.433904263712	2434.362279018796	12.002001880102	-1522.086272196279	-64.976331434013	
0.031896551724	-0.935449199535	-0.163186066093	6.186140736577	-368.239720173779	-64.238219824251	2435.175245138317	11.743488922950	-1514.807932654966	-64.707654451940	
0.032758620690	-0.936674593054	-0.163450858901	6.188600822936	-368.722096519550	-64.342455553705	2436.143658509106	11.395445892915	-1508.229289778122	-64.964125428516	
0.033620689655	-0.938683882516	-0.163584445791	6.191712645909	-369.513053622781	-64.395042053380	2437.368628097467	11.142686661614	-1502.700313437258	-65.134155217309	
0.034482758621	-0.940963821879	-0.163852958122	6.195797805407	-370.410552101241	-64.500741973378	2438.976751757306	10.887676988550	-1498.478537535730	-65.427378551613	
0.035344827586	-0.943072351542	-0.164336074593	6.199540519627	-371.240575124691	-64.690920845920	2440.450071781334	10.599028082625	-1494.487827897134	-65.832313907713	
0.036206896552	-0.945164876462	-0.164463829723	6.204629246686	-372.064297878749	-64.741211672434	2442.453249964776	10.366896471372	-1491.847594276448	-65.981819616704	
0.037068965517	-0.947493340222	-0.165049853530	6.208816222810	-372.980897993359	-64.971900033550	2444.101453754929	10.043906230511	-1488.994497482804	-66.384045717969	
0.037931034483	-0.950162236030	-0.164872554822	6.213774562889	-374.031509235470	-64.902106370047	2446.053305083902	9.950840821297	-1487.167616603053	-66.347894260102	
0.038793103448	-0.952552398887	-0.165376100079	6.218098539900	-374.972397209012	-65.100327037124	2447.755439294153	9.612605411021	-1485.462415426697	-66.858105365565	
0.039655172414	-0.954907442800	-0.165812340985	6.222525940309	-375.899460604784	-65.272053336604	2449.498286140955	9.404486832802	-1483.879610685608	-66.959828688069	
0.040517241379	-0.957126094694	-0.165811436342	6.229562899425	-376.772833261639	-65.271697223631	2452.268386170920	9.357888784715	-1483.991360757297	-67.109035915846	
0.041379310345	-0.958956348861	-0.165814015304	6.234802947003	-377.493313093551	-65.272712432475	2454.331131699972	8.893558245221	-1483.170685298534	-67.359461942427	
0.042241379310	-0.961655805535	-0.165984031549	6.242538135160	-378.555954625469	-65.339639353433	2457.376089698601	8.764370772808	-1483.786806419691	-67.293944763995	
0.043103448276	-0.963838472623	-0.165794385541	6.250749555592	-379.415161857728	-65.264985173452	2460.608516604758	8.827847151734	-1484.279915474544	-67.489300368506	
0.043965517241	-0.966450871820	-0.165926062201	6.258305748416	-380.443533200588	-65.316819710605	2463.583013063248	8.215908869947	-1485.113529817909	-67.732912187942	
0.044827586207	-0.969482990052	-0.166338839046	6.267133519484	-381.637127005066	-65.479309378770	2467.058066491412	8.263608352115	-1486.411617373426	-67.643805023156	
0.045689655172	-0.971848885541	-0.166081318344	6.275485619805	-382.568462125771	-65.377936315051	2470.345872057834	8.312841249742	-1487.637590881799	-67.884322940941	
0.046551724138	-0.974450933065	-0.166082199342	6.282338477688	-383.592758530730	-65.378283119988	2473.043500609241	7.679263949934	-1488.700836703883	-67.924909442908	
0.047413793103	-0.977550058527	-0.166505197909	6.289923251259	-384.812729741684	-65.544796570302	2476.029247883349	7.880912132572	-1489.927440861251	-67.917054036054	
0.048275862069	-0.980018604268	-0.165953306202	6.296216001856	-385.784473149292	-65.327544315585	2478.506390116001	7.803918259751	-1490.870815892838	-68.055734631094	
0.049137931034	-0.982584349046	-0.166198943404	6.301099228943	-386.794478973041	-65.424239437911	2480.428673204226	7.223606294501	-1491.724568501647	-68.203540124189	
0.050000000000	-0.985423941307	-0.166251372236	6.306957786004	-387.912284900031	-65.444878055584	2482.734895085417	7.569342406318	-1492.667627148742	-68.003110053326	
0.050862068966	-0.987237083763	-0.166003294182	6.312383313822	-388.626028704361	-65.347222091522	2484.870654939077	7.386988779153	-1493.748552152725	-68.320031454263	
0.051724137931	-0.989404851840	-0.166367880502	6.316426860993	-389.479370938559	-65.490741552093	2486.462397900142	6.827787803994	-1494.433153245644	-68.387649441621	
0.052586206897	-0.992012470633	-0.166380604831	6.322634070155	-390.505860474583	-65.495750486230	2488.905866734215	7.243026955979	-1495.798375305751	-68.221970296950	
0.053448275862	-0.993810598533	-0.166113696502	6.327878636992	-391.213693797014	-65.390681981788	2490.970391269955	6.942152320229	-1497.029141322415	-68.566183577745	
0.054310344828	-0.995936405491	-0.166280277990	6.332192637961	-392.050518030456	-65.456256810006	2492.668598410140	6.476631536280	-1497.956096539869	-68.501767426802	
0.055172413793	-0.998107334971	-0.166344764392	6.338304682914	-392.905104751445	-65.481641891803	2495.074605838707	6.927455907692	-1499.304605915723	-68.380480869044	
0.056034482759	-0.999484776759	-0.166125885857	6.343178531254	-393.447334921599	-65.395480323325	2496.993196981448	6.540440797495	-1500.496773331464	-68.715318223306	
0.056896551724	-1.001218869914	-0.166309216390	6.347514006613	-394.129960956799	-65.467648415453	2498.699857518232	6.152331215123	-1501.448936723314	-68.613484240366	
0.057758620690	-1.003243025158	-0.166361066082	6.353209306535	-394.926769977462	-65.488059054623	2500.941813201875	6.656583056314	-1502.727087056017	-68.553418772605	
0.058620689655	-1.004733612764	-0.166103982544	6.357034878570	-395.513540016179	-65.386858080857	2502.447750217383	6.222265191461	-1503.664111815111	-68.848923075941	
0.059482758621	-1.006743044861	-0.166550852765	6.360972965982	-396.304553267682	-65.562768611380	2503.997978928126	5.904710410322	-1504.744468695966	-68.815960290599	
0.060344827586	-1.008413035004	-0.166491130275	6.366245080346	-396.961945142384	-65.539258844220	2506.073347552177	6.404245144916	-1506.021277986616	-68.720033809652	
0.061206896552	-1.008982088019	-0.166186568902	6.369523539503	-397.185952948691	-65.419368213364	2507.363913499685	5.927688205343	-1506.746878611773	-68.971204194961	
0.062068965517	-1.010874893698	-0.166676941978	6.373587027672	-397.931056192979	-65.612403649328	2508.963506237514	5.681451493892	-1507.964393353369	-68.938108340347	
0.062931034483	-1.012588645026	-0.166513447650	6.378630523969	-398.605674664837	-65.548044082292	2510.948879324762	6.164954251356	-1509.189695986398	-68.844218897284	
0.063793103448	-1.013517197977	-0.166095057678	6.381441732910	-398.971199675874	-65.383344805856	2512.055512153497	5.663444163795	-1509.910378999033	-69.052088836490	
0.064655172414	-1.015221901677	-0.166387956671	6.384590481193	-399.642256547495	-65.498644539236	2513.295017395768	5.518015895667	-1510.772504175306	-68.935653023847	
0.065517241379	-1.016788270135	-0.166241270958	6.389090678223	-400.258857729956	-65.440901685973	2515.066520643342	5.980213487506	-1511.923471895387	-68.875955228909	
0.066379310345	-1.018133418112	-0.165945947056	6.391648943621	-400.788375436573	-65.324647386783	2516.073582207912	5.412129675289	-1512.702427356059	-69.072180608836	
0.067241379310	-1.020103312521	-0.166301417302	6.394338697611	-401.563824671115	-65.464578303279	2517.132404276603	5.326861424681	-1513.535884213817	-68.937661881028	
0.068103448276	-1.021302669510	-0.166048471847	6.398103259120	-402.035951733133	-65.365006286539	2518.614324488953	5.830139691262	-1514.519721192416	-68.875743456251	
0.068965517241	-1.021824227869	-0.165787761275	6.400307938142	-402.241263260808	-65.262377530042	2519.482196722731	5.256203141010	-1515.186950878031	-69.097508836785	
0.069827586207	-1.023226492343	-0.166303746513	6.403402344734	-402.793264884982	-65.465495197508	2520.700310349820	5.209980081734	-1516.168178931016	-69.026727560273	
0.070689655172	-1.024310453081	-0.166145108488	6.407022350898	-403.219966195027	-65.403047314808	2522.125326328926	5.712918932028	-1517.099596969278	-69.009348812242	
0.071551724138	-1.024758655914	-0.165903147360	6.408415771940	-403.396401308631	-65.307799279846	2522.673846734620	5.127934866336	-1517.393764813603	-69.209912831564	
0.072413793103	-1.025995708104	-0.166324109121	6.411142229968	-403.883367091998	-65.473510941213	2523.747117353604	5.067405063838	-1518.223751398705	-69.019537056254	
0.073275862069	-1.026690188349	-0.166226053749	6.415007295294	-404.156749346390	-65.434911429228	2525.268600909081	5.503410302073	-1519.197036636015	-69.046707505743	
0.074137931034	-1.027195738752	-0.165968324661	6.416856679211	-404.355759339778	-65.333456334315	2525.996611170241	4.894861102180	-1519.720374748467	-69.240128847963	
0.075000000000	-1.028757044727	-0.166312301838	6.419394406194	-404.970367675116	-65.468863002648	2526.995587784560	4.892965628821	-1520.506525759490	-69.045823251749	
0.075862068966	-1.029832395927	-0.166103339010	6.422543816212	-405.393679838964	-65.386604753466	2528.235353518640	5.345515351086	-1521.373515190491	-69.097333124671	
0.076724137931	-1.030270300928	-0.165890319611	6.423673309232	-405.566061209372	-65.302749634647	2528.679978618281	4.758726718806	-1521.756721687571	-69.328969496075	
0.077586206897	-1.031343100058	-0.166310430477	6.425780232327	-405.988368750856	-65.468126341140	2529.509369216198	4.784159156800	-1522.389171291961	-69.155730018985	
0.078448275862	-1.031883899476	-0.166091812606	6.428669720046	-406.201254524300	-65.382067382737	2530.646816498118	5.218030885619	-1523.091752381818	-69.178907706161	
0.079310344828	-1.032204551676	-0.165882007176	6.429541045503	-406.327479311493	-65.299477443407	2530.989813897270	4.612518579093	-1523.333846444371	-69.350560508055	
0.080172413793	-1.033642499545	-0.166337780223	6.431318399330	-406.893527709630	-65.478892572900	2531.689469502514	4.634107132210	-1523.873528256219	-69.157857947487	
0.081034482759	-1.034436367209	-0.166030278853	6.433827289863	-407.206033836925	-65.357844611460	2532.677094643581	5.087476351479	-1524.533982144545	-69.149719090497	
0.081896551724	-1.034696171284	-0.165743667145	6.434635970635	-407.308305750706	-65.245019868876	2532.995431953075	4.486908030074	-1524.881404421294	-69.327809093506	
0.082758620690	-1.035627807288	-0.166136907979	6.436681171288	-407.675044405657	-65.399819183214	2533.800525502137	4.574798371351	-1525.541187955204	-69.143681950710	
0.083620689655	-1.036092889626	-0.165949184576	6.439321457628	-407.858124139306	-65.325921836922	2534.839874622693	5.005007430579	-1526.191154571767	-69.219373436486	
0.084482758621	-1.036383887671	-0.165725344508	6.440081125378	-407.972675564053	-65.237807159888	2535.138917948677	4.402108692327	-1526.436042097877	-69.401627565519	
0.085344827586	-1.037494668172	-0.166171324208	6.442000274908	-408.409934477826	-65.413367136973	2535.894391453916	4.511185581968	-1526.990797101136	-69.228084511479	
0.086206896552	-1.037909799000	-0.166013322007	6.444633216811	-408.573350791604	-65.351169546534	2536.930849436150	4.910885593448	-1527.614257311087	-69.264319231681	
0.087068965517	-1.038027628828	-0.165818138543	6.445275198414	-408.619734521180	-65.274335546086	2537.183565591935	4.276391168456	-1527.822170434927	-69.419035011223	
0.087931034483	-1.039236766910	-0.166189871332	6.447040759412	-409.095711911829	-65.420668215369	2537.878578948420	4.373620575809	-1528.354608950657	-69.198299213085	
0.088793103448	-1.040001285586	-0.165879004566	6.449450846934	-409.396664805346	-65.298295465242	2538.827310269282	4.783535468063	-1529.010766093099	-69.224846295916	
0.089655172414	-1.040376254564	-0.165604306643	6.449985846235	-409.544271400661	-65.190160585862	2539.037912825624	4.190319103043	-1529.309288871961	-69.400895528197	
0.090517241379	-1.041454643206	-0.166030355369	6.451690099071	-409.968779254312	-65.357874732147	2539.708792214812	4.311238393045	-1529.890173231848	-69.230305138405	
0.091379310345	-1.041787259064	-0.165836253626	6.453954625304	-410.099713537478	-65.281466551260	2540.600223312070	4.733816167044	-1530.480448822293	-69.286519220321	
0.092241379310	-1.041818771425	-0.165673076298	6.454300929114	-410.112118383249	-65.217231771347	2540.736545859473	4.123447170912	-1530.666429024447	-69.483923345683	
0.093103448276	-1.042763407178	-0.166179138701	6.455726057637	-410.483974391611	-65.416443313528	2541.297547920400	4.246013272066	-1531.104661280260	-69.317142407287	
0.093965517241	-1.043032448503	-0.165983209856	6.457648422694	-410.589882550358	-65.339315893819	2542.054287218386	4.645594396226	-1531.536382615506	-69.343140798239	
0.094827586207	-1.042974440737	-0.165754658535	6.457743533079	-410.567047784269	-65.249346631117	2542.091727435756	4.030053310017	-1531.630866683131	-69.509010392585	
0.095689655172	-1.043841959693	-0.166178623830	6.459047252426	-410.908546753858	-65.416240634247	2542.604936755883	4.161599913489	-1532.043150657471	-69.316195204152	
0.096551724138	-1.044365420935	-0.165934487784	6.460950643548	-411.114607351412	-65.320136442750	2543.354206961593	4.583773261774	-1532.543732236302	-69.346804288507	
0.097413793103	-1.044686783244	-0.165737473732	6.460849476566	-411.241111673674	-65.242581831075	2543.314382563478	3.986647794034	-1532.649948291758	-69.536346168741	
0.098275862069	-1.045616818841	-0.166220893737	6.461834781205	-411.607220328454	-65.432880189684	2543.702247885332	4.112483988941	-1533.013404410693	-69.372955927537	
0.099137931034	-1.045688112381	-0.166018328661	6.463494543830	-411.635285041354	-65.353140416734	2544.355613695982	4.528068618551	-1533.405769532976	-69.415080443884	
0.100000000000	-1.045383198815	-0.165813438295	6.463315991659	-411.515255769368	-65.272485292939	2544.285326606325	3.941716531608	-1533.378630289774	-69.596232991755	
0.100862068966	-1.046049718695	-0.166260487976	6.464274414879	-411.777631421986	-65.448466467902	2544.662610053143	4.072588895737	-1533.624185597580	-69.402652917606	
0.101724137931	-1.046315758158	-0.165991641767	6.465879971386	-411.882357897145	-65.342635116662	2545.294637617197	4.487145632714	-1533.958168000209	-69.394658309265	
0.102586206897	-1.046356349301	-0.165718977229	6.465684407538	-411.898336606832	-65.235300679720	2545.217653878850	3.896774866672	-1533.959958283167	-69.554901058404	
0.103448275862	-1.047314800277	-0.166103584472	6.466697331900	-412.275630979885	-65.386701379619	2545.616391708335	4.026449823127	-1534.310341161490	-69.354667119832	
0.104310344828	-1.047728882463	-0.165843428350	6.468377337666	-412.438634495325	-65.284290882333	2546.277726234755	4.453633336747	-1534.760410335049	-69.364095882886	
0.105172413793	-1.047684093633	-0.165646237330	6.468301503597	-412.421003365659	-65.206666607373	2546.247874141820	3.864714546057	-1534.861590805484	-69.563530188606	
0.106034482759	-1.048322476138	-0.166172000979	6.469453569712	-412.672302736050	-65.413633547943	2546.701385143794	3.969023104480	-1535.263261667364	-69.409217909643	
0.106896551724	-1.048337677060	-0.166035136670	6.471220307715	-412.678286581531	-65.359756891917	2547.396861828157	4.391124619592	-1535.667507645852	-69.452649121408	
0.107758620690	-1.048103535987	-0.165807761801	6.471098619201	-412.586116912276	-65.270250740107	2547.348959126111	3.811785257551	-1535.672036555437	-69.639696915522	
0.108620689655	-1.048786958438	-0.166219315572	6.472029756923	-412.855146264664	-65.432258944646	2547.715501632438	3.916830122632	-1535.932302159185	-69.450658155009	
0.109482758621	-1.049090171618	-0.165956448469	6.473672613889	-412.974506179016	-65.328781269454	2548.362212527850	4.342743566183	-1536.314354539224	-69.440854407055	
0.110344827586	-1.048995783733	-0.165662767937	6.473460828545	-412.937350373623	-65.213173883295	2548.278843194858	3.759828965890	-1536.313896129690	-69.605256033617	
0.111206896552	-1.049742953880	-0.166068281643	6.474491289313	-413.231474016036	-65.372804415554	2548.684484233634	3.851140384383	-1536.698721337045	-69.416859528527	
0.112068965517	-1.049966384512	-0.165886269699	6.476220833938	-413.319427518643	-65.301155386072	2549.365319739394	4.287609429830	-1537.135555969855	-69.436103150957	
0.112931034483	-1.049878348294	-0.165668967058	6.476128053172	-413.284772047965	-65.215614168220	2549.328796576568	3.715890266303	-1537.217086949764	-69.639394738347	
0.113793103448	-1.050616003234	-0.166175779986	6.476989377961	-413.575150027563	-65.415121154905	2549.667857211240	3.800744874097	-1537.498983001579	-69.497368443056	
0.114655172414	-1.050819754886	-0.166023085495	6.478657986393	-413.655356896593	-65.355012944934	2550.324705175223	4.247554672239	-1537.897312057816	-69.512487376903	
0.115517241379	-1.050571735681	-0.165775806205	6.478314434527	-413.557724098415	-65.257671414704	2550.189465930489	3.683493056952	-1537.791751887630	-69.710657104329	
0.116379310345	-1.051255400908	-0.166185861247	6.479031360191	-413.826849019461	-65.419089644701	2550.471683827773	3.756896773503	-1538.017981739423	-69.523929506620	
0.117241379310	-1.051531732721	-0.165969993853	6.480403176811	-413.935627079797	-65.334113412066	2551.011699649496	4.214343370438	-1538.280010747192	-69.499071318488	
0.118103448276	-1.051446013221	-0.165653248496	6.480047373151	-413.901883585620	-65.209426553886	2550.871637484332	3.654968633895	-1538.263623027301	-69.662965132493	
0.118965517241	-1.052163820219	-0.166094259494	6.480619083088	-414.184448420171	-65.383030600719	2551.096691188366	3.709590476219	-1538.477915833369	-69.486690172171	
0.119827586207	-1.052461825188	-0.165984426562	6.482145304287	-414.301758121356	-65.339794850004	2551.697488396201	4.179673252612	-1538.897987886501	-69.502338861075	
0.120689655172	-1.052278828238	-0.165718508728	6.481708331563	-414.229721344213	-65.235116254070	2551.525474016726	3.647314681317	-1538.846073910013	-69.699631432254	
0.121551724138	-1.052904557459	-0.166211918695	6.482133918371	-414.476039747632	-65.429347163103	2551.693006328739	3.696960389479	-1539.031806117938	-69.566286548500	
0.122413793103	-1.053049158584	-0.166106207386	6.483394560997	-414.532962002637	-65.387733890060	2552.189258490998	4.173226083918	-1539.301471821680	-69.564702137563	
0.123275862069	-1.052619426653	-0.165837393630	6.482770582120	-414.363797962391	-65.281915314091	2551.943629110639	3.643523226381	-1539.114864198633	-69.763944685497	
0.124137931034	-1.053160729060	-0.166260384345	6.483137187165	-414.576881737538	-65.448425673427	2552.087943242817	3.667362756402	-1539.261694926669	-69.595425214449	
0.125000000000	-1.053366197411	-0.166106269892	6.484320096251	-414.657764385092	-65.387758495617	2552.553595585093	4.145731663223	-1539.485534067661	-69.543601815528	
0.125862068966	-1.053127619081	-0.165823630770	6.483797926976	-414.563847989229	-65.276497562145	2552.348043570185	3.611806932238	-1539.393211927290	-69.749739179366	
0.126724137931	-1.053725806351	-0.166257904293	6.484248483120	-414.799324499344	-65.447449400745	2552.525405064960	3.614295447760	-1539.619947761512	-69.579351377198	
0.127586206897	-1.053976893900	-0.166119005093	6.485693789963	-414.898165151216	-65.392771709570	2553.094350324141	4.099530700738	-1539.995352718233	-69.549560531184	
0.128448275862	-1.053690120022	-0.165794643184	6.485345697651	-414.785276570528	-65.265086594524	2552.957323732727	3.589779158515	-1539.964798381011	-69.757945700805	
0.129310344828	-1.054139505388	-0.166266515203	6.485702418333	-414.962177188300	-65.450839086917	2553.097746883345	3.579287442134	-1540.113219036852	-69.631805446102	
0.130172413793	-1.054228477588	-0.166208520466	6.487086209009	-414.997201108309	-65.428009449706	2553.642476294479	4.078519616042	-1540.395997327160	-69.616156094649	
0.131034482759	-1.053830271142	-0.165836084002	6.486667663110	-414.840447080213	-65.281399778786	2553.477715637203	3.581822288246	-1540.268079063801	-69.795342907575	
0.131896551724	-1.054352196994	-0.166194667503	6.486936930512	-415.045903271572	-65.422556228886	2553.583712791173	3.552395723892	-1540.361304020147	-69.624544332819	
0.132758620690	-1.054636682072	-0.166056476701	6.488238156101	-415.157890865983	-65.368157398221	2554.095940443021	4.042362239570	-1540.641405820610	-69.560381822629	
0.133620689655	-1.054408737162	-0.165688521837	6.487823607409	-415.068160317368	-65.223311910089	2553.932753287021	3.544225250096	-1540.580315648487	-69.739812378770	
0.134482758621	-1.055033601228	-0.166114091471	6.488130082149	-415.314138152356	-65.390837461463	2554.053397115130	3.499652894235	-1540.770262064233	-69.600836622816	
0.135344827586	-1.055331599060	-0.166054961720	6.489490196284	-415.431445044414	-65.367561025824	2554.588806251838	4.008457677672	-1541.123797768333	-69.565393563969	
0.136206896552	-1.054998725265	-0.165716649684	6.489056059339	-415.300409223955	-65.234384441147	2554.417908177196	3.536881737899	-1541.052617060042	-69.782281111893	
0.137068965517	-1.055430611869	-0.166195988467	6.489179666599	-415.470421451482	-65.423076226531	2554.466566194149	3.483509427205	-1541.140242977451	-69.677169475572	
0.137931034483	-1.055557021120	-0.166145401834	6.490366150709	-415.520182472544	-65.403162790627	2554.933625845127	4.002913894959	-1541.372680845464	-69.625255026471	
0.138793103448	-1.055109768081	-0.165755542568	6.489763991076	-415.344121245554	-65.249694630937	2554.696585613834	3.548787199056	-1541.182091503237	-69.810721385007	
0.139655172414	-1.055594702445	-0.166182117315	6.489685693793	-415.535015731859	-65.417615845284	2554.665763876302	3.467492871303	-1541.194485278075	-69.671721121969	
0.140517241379	-1.055848754002	-0.166120894585	6.490807272947	-415.635023166100	-65.393515508154	2555.107273681280	3.980994737086	-1541.437317404941	-69.588878854910	
0.141379310345	-1.055520239136	-0.165733760876	6.490325562763	-415.505703239063	-65.241120264802	2554.917648393834	3.535840954779	-1541.355697556825	-69.777058231382	
0.142241379310	-1.056024771635	-0.166166898834	6.490355311557	-415.704312534379	-65.411625087832	2554.929359011080	3.439299838501	-1541.470184493825	-69.659044783496	
0.143103448276	-1.056294910222	-0.166186051068	6.491605723287	-415.810652630253	-65.419164367765	2555.421583779505	3.974078853315	-1541.789310575317	-69.612298958764	
0.143965517241	-1.055896927694	-0.165830461606	6.491184955300	-415.653986747298	-65.279186521586	2555.255948397410	3.557712062553	-1541.704120595539	-69.826029137537	
0.144827586207	-1.056230162161	-0.166292561305	6.491090611043	-415.785164546252	-65.461092138849	2555.218809766028	3.434322427600	-1541.723124489163	-69.738320450009	
0.145689655172	-1.056405128405	-0.166304241221	6.492246540924	-415.854040034604	-65.465689939701	2555.673841740384	3.970426563667	-1541.946266736767	-69.664499756097	
0.146551724138	-1.055917095621	-0.165864101882	6.491734104374	-415.661925854703	-65.292429021546	2555.472121014299	3.571079315377	-1541.767969106847	-69.836259498948	
0.147413793103	-1.056315552336	-0.166276018959	6.491516911614	-415.818778401400	-65.454580241888	2555.386623050812	3.406296361829	-1541.749721346686	-69.726337450209	
0.148275862069	-1.056632863076	-0.166271415214	6.492704574075	-415.943687822695	-65.452767976829	2555.854146559978	3.934905560576	-1542.025731753398	-69.622245500121	
0.149137931034	-1.056282885006	-0.165798314355	6.492378537280	-415.805918902071	-65.266531751542	2555.725802125955	3.554225646419	-1541.972390705326	-69.797958494852	
0.150000000000	-1.056731276846	-0.166204002238	6.492342593198	-415.982428418381	-65.426230848600	2555.711652732464	3.373280875918	-1542.079774578909	-69.714376784074	
0.150862068966	-1.057025533704	-0.166277890298	6.493679432681	-416.098262675264	-65.455316894606	2556.237899799111	3.911308453439	-1542.429563913314	-69.633959734036	
0.151724137931	-1.056558007868	-0.165850353847	6.493449419589	-415.914221058728	-65.287017105330	2556.147355110175	3.560181008605	-1542.377861542628	-69.841121558904	
0.152586206897	-1.056855541601	-0.166269422356	6.493292429475	-416.031345257942	-65.451983487880	2556.085555928044	3.352928175626	-1542.389694097978	-69.777094231559	
0.153448275862	-1.057118363443	-0.166339394416	6.494480687972	-416.134805116470	-65.479528000131	2556.553314066544	3.893093946670	-1542.628378075511	-69.676916872431	
0.154310344828	-1.056689026462	-0.165839133368	6.494125853468	-415.965796548415	-65.282600162356	2556.413633409862	3.564129431372	-1542.485918292442	-69.850437536598	
0.155172413793	-1.057092962406	-0.166197247557	6.493805957086	-416.124805994370	-65.423571867394	2556.287706150480	3.327831655617	-1542.456702035106	-69.760719810323	
0.156034482759	-1.057473244447	-0.166270884289	6.494985042604	-416.274504077909	-65.452558978110	2556.751853344747	3.858487742333	-1542.742913110783	-69.632659906187	
0.156896551724	-1.057089879875	-0.165778500501	6.494789157339	-416.123592555371	-65.258732024660	2556.674743079975	3.559883778199	-1542.713810204160	-69.812448583562	
0.157758620690	-1.057429308650	-0.166168769539	6.494536665592	-416.257208744686	-65.412361491144	2556.575349665517	3.299695916253	-1542.762014396410	-69.759613774456	
0.158620689655	-1.057763507279	-0.166336597155	6.495782916278	-416.388766085937	-65.478426858057	2557.065936438068	3.838520158157	-1543.087500303473	-69.663046712622	
0.159482758621	-1.057282545777	-0.165860321390	6.495625683695	-416.199435516984	-65.290940830297	2557.004041807802	3.581893898702	-1543.033079904813	-69.865985629093	
0.160344827586	-1.057525343919	-0.166249439567	6.495181169439	-416.295013042802	-65.444117259964	2556.829058702972	3.299291115210	-1542.959426279661	-69.826789081168	
0.161206896552	-1.057847186484	-0.166410708661	6.496210027065	-416.421706417660	-65.507600863579	2557.234068664394	3.833396138266	-1543.154183950913	-69.699045011722	
0.162068965517	-1.057350093796	-0.165858092366	6.495924498662	-416.226025805009	-65.290063374775	2557.121670365195	3.595721190812	-1543.014834753934	-69.857793529273	
0.162931034483	-1.057603142730	-0.166169700295	6.495379158697	-416.325638556793	-65.412727883467	2556.906997204772	3.279263393240	-1542.917826262947	-69.792479422215	
0.163793103448	-1.058017644443	-0.166317035566	6.496468888240	-416.488807219114	-65.470726435470	2557.335969405569	3.805946259577	-1543.175480594373	-69.637819054378	
0.164655172414	-1.057663268920	-0.165755923344	6.496395258121	-416.349307240547	-65.249844523631	2557.306984898070	3.600488262251	-1543.163401361725	-69.800407533019	
0.165517241379	-1.057998841658	-0.166092861440	6.495958725209	-416.481405499933	-65.382480256524	2557.135143650541	3.258559204409	-1543.163315404643	-69.773647828370	
0.166379310345	-1.058436704905	-0.166343536823	6.497132654265	-416.653770434055	-65.481158659395	2557.597261002717	3.788885817029	-1543.473901838825	-69.657504436534	
0.167241379310	-1.057952650262	-0.165813910600	6.497123853659	-416.463222249936	-65.272671215549	2557.593796642817	3.623056897368	-1543.446573721898	-69.842403490414	
0.168103448276	-1.058085892995	-0.166145309019	6.496556489589	-416.515673272210	-65.403126254045	2557.370453690078	3.257723173775	-1543.342954580217	-69.829478052757	
0.168965517241	-1.058427793712	-0.166399026216	6.497584413586	-416.650262541543	-65.503002067398	2557.775096128513	3.775898870309	-1543.545725661453	-69.686953383661	
0.169827586207	-1.057938272168	-0.165812083053	6.497525709500	-416.457562311079	-65.271951801401	2557.751987255996	3.632440507969	-1543.460092427960	-69.830954215714	
0.170689655172	-1.058131738491	-0.166070043017	6.496895661217	-416.533720358665	-65.373497780811	2557.503968653244	3.234003828923	-1543.349646524805	-69.795974900978	
0.171551724138	-1.058621845875	-0.166325189024	6.497985829582	-416.726651205177	-65.473936045184	2557.933113596585	3.738252829639	-1543.626790642414	-69.634694839758	
0.172413793103	-1.058280322198	-0.165751274051	6.498126319393	-416.592210357618	-65.248014328506	2557.988417432086	3.630000146465	-1543.669889068173	-69.788174903549	
0.173275862069	-1.058521635534	-0.166049805267	6.497560881060	-416.687203389189	-65.365531187296	2557.765832545743	3.215058575541	-1543.638895648499	-69.800347109845	
0.174137931034	-1.059002166912	-0.166396583337	6.498642449068	-416.876364639240	-65.502040427443	2558.191591957227	3.718093573235	-1543.936613909971	-69.674396758755	
0.175000000000	-1.058534074789	-0.165860177223	6.498754104071	-416.692100103900	-65.290884078842	2558.235544966155	3.652961109704	-1543.932511539825	-69.847072767165	
0.175862068966	-1.058586707522	-0.166140284833	6.497996414637	-416.712818987173	-65.401148482157	2557.937280405117	3.220108659987	-1543.780140469261	-69.869230191670	
0.176724137931	-1.058970007646	-0.166470961486	6.498881206236	-416.863705139596	-65.531319397412	2558.285578752772	3.705786564814	-1543.955657120114	-69.709951081020	
0.177586206897	-1.058505648986	-0.165872848353	6.498926795430	-416.680910281932	-65.295872071016	2558.303524946081	3.662969224625	-1543.890666073901	-69.835800046289	
0.178448275862	-1.058614636072	-0.166083730199	6.498098231524	-416.723813065125	-65.378885741938	2557.977360638033	3.197694521517	-1543.729378699021	-69.838363329372	
0.179310344828	-1.059156497503	-0.166410642507	6.499018900408	-416.937116900096	-65.507574822094	2558.339782084878	3.671077255299	-1543.972922741233	-69.663796256871	
0.180172413793	-1.058841828210	-0.165823672305	6.499223039591	-416.813247284858	-65.276513912198	2558.420141505362	3.664560150096	-1544.024179187594	-69.797352021382	
0.181034482759	-1.058970621127	-0.166059518613	6.498436228737	-416.863946636424	-65.369354847585	2558.110413292449	3.186761208070	-1543.930470176219	-69.844416862877	
0.181896551724	-1.059448313275	-0.166463218903	6.499329735938	-417.051990223144	-65.528271528412	2558.462142538672	3.656034439693	-1544.181402210833	-69.702557521479	
0.182758620690	-1.058974557082	-0.165918623092	6.499505369800	-416.865496025531	-65.313891304156	2558.531280835318	3.686561153970	-1544.178103322231	-69.848989296127	
0.183620689655	-1.058892446811	-0.166123283428	6.498551543543	-416.833173305016	-65.394455876665	2558.155806983341	3.191810532365	-1543.965060786199	-69.901659263097	
0.184482758621	-1.059255689043	-0.166502594448	6.499265627234	-416.976163664943	-65.543771717638	2558.436906137346	3.638329744355	-1544.094388942896	-69.724192084181	
0.185344827586	-1.058809785637	-0.165904394147	6.499427804953	-416.800633720964	-65.308290077985	2558.500747421294	3.696075861786	-1544.050084915556	-69.824384113288	
0.186206896552	-1.058809612466	-0.166042017928	6.498450218070	-416.800565552504	-65.362465700068	2558.115920195466	3.174141550691	-1543.846757160379	-69.861776329789	
0.187068965517	-1.059335247063	-0.166419141105	6.499242448668	-417.007481691774	-65.510920296381	2558.427781891498	3.605589834590	-1544.068981431690	-69.675390125692	
0.187931034483	-1.058979835648	-0.165828718515	6.499612825553	-416.867573933779	-65.278500353659	2558.573580808768	3.699063479190	-1544.159549140502	-69.778809524048	
0.188793103448	-1.058931331970	-0.166000220875	6.498733732167	-416.848480453784	-65.346012283878	2558.227525563254	3.173070679698	-1544.026898771867	-69.865436553493	
0.189655172414	-1.059408690211	-0.166481028763	6.499547919659	-417.036392598080	-65.535282382365	2558.548030593507	3.592190171291	-1544.259770666631	-69.715494603852	
0.190517241379	-1.058951632360	-0.165940851765	6.499937670918	-416.856471705460	-65.322641624884	2558.701456236252	3.723258521169	-1544.297067254448	-69.829312989982	
0.191379310345	-1.058735717759	-0.166054777717	6.498960528390	-416.771476889648	-65.367488592922	2558.316803931035	3.184470173137	-1544.060141490985	-69.912881944242	
0.192241379310	-1.059118629812	-0.166478463497	6.499661248900	-416.922210277683	-65.534272565240	2558.592642666672	3.582526909762	-1544.192105358216	-69.722552387870	
0.193103448276	-1.058748644750	-0.165906218577	6.500041880373	-416.776565601580	-65.309008264888	2558.742478303986	3.734209977105	-1544.197046194307	-69.796420690732	
0.193965517241	-1.058691954512	-0.165970158592	6.499057855458	-416.754249480663	-65.334178261557	2558.355116746039	3.172408966295	-1543.985373008581	-69.864826751148	
0.194827586207	-1.059293388303	-0.166383160203	6.499812730178	-416.991003984542	-65.496756408745	2558.652273295083	3.551414290913	-1544.208361015580	-69.669419409479	
0.195689655172	-1.059051408718	-0.165846823180	6.500392758181	-416.895748683951	-65.285627257698	2558.880601406745	3.738356535494	-1544.342531098293	-69.755427975108	
0.196551724138	-1.058950557343	-0.165953393356	6.499525433903	-416.856048524550	-65.327578623834	2558.539179072392	3.173413504931	-1544.209095358524	-69.876628416784	
0.197413793103	-1.059449596042	-0.166458270266	6.500286175458	-417.052495184680	-65.526323496733	2558.838645101823	3.539211531402	-1544.429886051657	-69.717412346233	
0.198275862069	-1.059083659061	-0.165976886778	6.500862364882	-416.908444036151	-65.336826813101	2559.065462156525	3.756510141747	-1544.503301978278	-69.810259396550	
0.199137931034	-1.058856403701	-0.166041891536	6.499873234936	-416.818984929136	-65.362415946158	2558.676091002289	3.180538722387	-1544.261968336849	-69.931601331748	
0.200000000000	-1.059317890047	-0.166499570637	6.500496019712	-417.000649099555	-65.542581393992	2558.921250324318	3.522530959936	-1544.387776046141	-69.737453082667	
0.200862068966	-1.059052652756	-0.165974098643	6.501078493103	-416.896238399473	-65.335729263341	2559.150541063341	3.760143771065	-1544.446179366484	-69.785577024375	
0.201724137931	-1.058930954321	-0.165973850047	6.500122905142	-416.848331792170	-65.335631403260	2558.774373716687	3.167883241644	-1544.247337883619	-69.894164856073	
0.202586206897	-1.059574729326	-0.166437838268	6.500826761438	-417.101753921191	-65.518280437536	2559.051446855168	3.491638263419	-1544.474332104478	-69.700517203846	
0.203448275862	-1.059433312821	-0.165964046996	6.501587869057	-417.046085292194	-65.331772431061	2559.351056985382	3.759616186314	-1544.657174751930	-69.763459287400	
0.204310344828	-1.059278375711	-0.166011104201	6.500718198592	-416.985094275178	-65.350296506900	2559.008711074467	3.169589523175	-1544.521639065169	-69.923982673437	
0.205172413793	-1.059799345756	-0.166523064750	6.501391417757	-417.190174212841	-65.551829855130	2559.273723901203	3.479126746705	-1544.731717826255	-69.758868518072	
0.206034482759	-1.059521775075	-0.166103845543	6.502112543595	-417.080908471970	-65.386804150292	2559.557595197555	3.778425195968	-1544.840604551194	-69.826889830379	
0.206896551724	-1.059240996983	-0.166090965678	6.501095161799	-416.970380133468	-65.381733989317	2559.157102698429	3.183899040501	-1544.586362325978	-69.977549637228	
0.207758620690	-1.059740498412	-0.166550954711	6.501571632496	-417.167008947063	-65.562808742559	2559.344665460808	3.464513665400	-1544.686944741359	-69.776340020752	
0.208620689655	-1.059593730053	-0.166088102887	6.502242907091	-417.109233560233	-65.380607051425	2559.608912807592	3.779268964413	-1544.774515066225	-69.795479411044	
0.209482758621	-1.059431352814	-0.166004716099	6.501233368837	-417.045313735276	-65.347781829462	2559.211507919955	3.179249297143	-1544.566232058346	-69.934155224775	
0.210344827586	-1.060099443890	-0.166460139007	6.501724219902	-417.308307889287	-65.527059126839	2559.404731516332	3.437823780922	-1544.755719230044	-69.733024289162	
0.211206896552	-1.060043983609	-0.166050435360	6.502522746918	-417.286475941243	-65.365779223566	2559.719071798311	3.781164641962	-1544.953829900297	-69.767168458802	
0.212068965517	-1.059791643158	-0.165995216714	6.501580336853	-417.187142084071	-65.344042395201	2559.348091932177	3.190781200417	-1544.793626261919	-69.951529226820	
0.212931034483	-1.060277022006	-0.166524919442	6.502028782100	-417.378211541851	-65.552559954837	2559.524622472064	3.428872659094	-1544.954902356880	-69.788625373710	
0.213793103448	-1.060027186197	-0.166161486377	6.502775432781	-417.279863637574	-65.409494473549	2559.818541626834	3.796833619428	-1545.070737378348	-69.819353487376	
0.214655172414	-1.059619186240	-0.166048747664	6.501716392468	-417.119254391945	-65.365114861744	2559.401650246078	3.209947699990	-1544.795645478232	-69.990687842253	
0.215517241379	-1.060080977698	-0.166521614183	6.501979371946	-417.301038670172	-65.551258839072	2559.505172157377	3.411857108009	-1544.854922635777	-69.791703015314	
0.216379310345	-1.059968479410	-0.166124207062	6.502699710929	-417.256753701784	-65.394819465480	2559.788733708242	3.793381453415	-1544.960968380326	-69.778213351335	
0.217241379310	-1.059679419913	-0.165948997422	6.501680323666	-417.142965386594	-65.325848163931	2559.387451756454	3.206158129327	-1544.737611815081	-69.935561952381	
0.218103448276	-1.060264224372	-0.166417124992	6.501998808644	-417.373173751024	-65.510126653299	2559.512823416505	3.378677778144	-1544.892423911799	-69.743487992978	
0.218965517241	-1.060221152146	-0.166097789767	6.502889475721	-417.356218363011	-65.384420293252	2559.863434647351	3.787140787766	-1545.109179796355	-69.752967655365	
0.219827586207	-1.059867790216	-0.165950130626	6.501974181859	-417.217117385196	-65.326294249553	2559.503129078923	3.217582400938	-1544.936178357581	-69.952901242869	
0.220689655172	-1.060314732024	-0.166468486807	6.502219311794	-417.393056096007	-65.530345239580	2559.599624515467	3.368690631360	-1545.044717376012	-69.793943483591	
0.221551724138	-1.060142242582	-0.166190039876	6.503032770329	-417.325155600807	-65.420734562735	2559.919842591651	3.799655290795	-1545.170634890287	-69.797994487209	
0.222413793103	-1.059668071156	-0.165990649020	6.501995335665	-417.138497946541	-65.342244321914	2559.511456278086	3.237300838230	-1544.885494706261	-69.982924747825	
0.223275862069	-1.060090321865	-0.166451109008	6.502067693224	-417.304717002931	-65.523504466333	2559.539939842254	3.352213599727	-1544.899954838949	-69.793346040601	
0.224137931034	-1.060048935636	-0.166136000157	6.502866533166	-417.288425307571	-65.399461818916	2559.854403307316	3.794227763366	-1545.023301383337	-69.752686312299	
0.225000000000	-1.059709865290	-0.165878151446	6.501905294076	-417.154950213776	-65.297959634714	2559.476011392664	3.238466016388	-1544.802779222392	-69.923115066195	
0.225862068966	-1.060264831330	-0.166354600502	6.502041971808	-417.373412680379	-65.485513878262	2559.529814602819	3.320630271244	-1544.915797308036	-69.748872283549	
0.226724137931	-1.060287977881	-0.166125878772	6.502996355010	-417.382524323714	-65.395477534054	2559.905507695914	3.783894967268	-1545.145113215354	-69.733232208319	
0.227586206897	-1.059870598329	-0.165913720169	6.502137438348	-417.218222799386	-65.311961267603	2559.567395020841	3.252273443022	-1544.968676493684	-69.947611831081	
0.228448275862	-1.060270249037	-0.166425717318	6.502187319486	-417.375545361601	-65.513509023804	2559.587030738413	3.312878374307	-1545.026835256344	-69.805199412521	
0.229310344828	-1.060181090413	-0.166219028146	6.503057481015	-417.340448055480	-65.432145799633	2559.929569957181	3.799930373273	-1545.161924706968	-69.781856432790	
0.230172413793	-1.059684873841	-0.165952116509	6.502074211947	-417.145112326321	-65.327075992919	2559.542505938257	3.275364080840	-1544.878280395800	-69.973312231730	
0.231034482759	-1.060063047436	-0.166382525146	6.501977980372	-417.293980419558	-65.496506418643	2559.504624364149	3.298489917244	-1544.859715226962	-69.796760813625	
0.231896551724	-1.060070858679	-0.166168837992	6.502870282346	-417.297055316532	-65.412388437668	2559.855879172599	3.786434631079	-1545.010944213583	-69.737253094970	
0.232758620690	-1.059669330269	-0.165860036008	6.502040484523	-417.138993596537	-65.290828489420	2559.529229132806	3.278309631685	-1544.815843555117	-69.916797464568	
0.233620689655	-1.060139663888	-0.166310079303	6.502053896273	-417.324140497548	-65.467988101275	2559.534508670169	3.268292561148	-1544.904788366737	-69.760827153735	
0.234482758621	-1.060221847827	-0.166178056557	6.503124054532	-417.356492217736	-65.416017327192	2559.955776632228	3.771354764924	-1545.164017995045	-69.723855077454	
0.235344827586	-1.059774435639	-0.165901619857	6.502438982002	-417.180368341574	-65.307197977995	2559.686097726313	3.298500435961	-1545.017760084563	-69.945295205827	
0.236206896552	-1.060138106201	-0.166380127632	6.502371756802	-417.323527313826	-65.495562636799	2559.659634515853	3.263217148942	-1545.050172798646	-69.820636761624	
0.237068965517	-1.060149001033	-0.166263688720	6.503353069941	-417.327816066044	-65.449726441451	2560.045928583092	3.785183631833	-1545.215900136741	-69.771638481820	
0.237931034483	-1.059636598564	-0.165920175281	6.502565026994	-417.126108755994	-65.314502323733	2559.735715356717	3.321640880799	-1544.970163979577	-69.964374818210	
0.238793103448	-1.059994721132	-0.166341313907	6.502361373659	-417.267083759707	-65.480283607948	2559.655547190272	3.250468501244	-1544.930559173759	-69.812015968733	
0.239655172414	-1.060112795331	-0.166217580237	6.503339569450	-417.313563685942	-65.431575830041	2560.040614112537	3.765793340382	-1545.110653571630	-69.725138958845	
0.240517241379	-1.059727637213	-0.165855155756	6.502675548258	-417.161946134201	-65.288907377673	2559.779222069113	3.323714967902	-1544.952541689355	-69.912793054072	
0.241379310345	-1.060191123054	-0.166280704813	6.502538173869	-417.344397406122	-65.456424828898	2559.725144619997	3.221540881801	-1545.015052761984	-69.783265076130	
0.242241379310	-1.060386339863	-0.166244834091	6.503635986610	-417.421244532979	-65.442304313835	2560.157298772988	3.753838110241	-1545.290430585855	-69.725489122659	
0.243103448276	-1.059933103858	-0.165901390246	6.503079641225	-417.242828110400	-65.307107591827	2559.938293327110	3.346770811618	-1545.167174673530	-69.945613684092	
0.243965517241	-1.060235785400	-0.166351947259	6.502848463154	-417.361978745641	-65.484469428595	2559.847290044183	3.219246155495	-1545.161672329664	-69.847514853112	
0.244827586207	-1.060325738224	-0.166349230207	6.503850515306	-417.397388688415	-65.483399860887	2560.241748026801	3.755448316716	-1545.339758262794	-69.776282378621	
0.245689655172	-1.059800005408	-0.165946741848	6.503218923254	-417.190433885092	-65.324960256638	2559.993121719106	3.370215279746	-1545.121912575210	-69.967852296516	
0.246551724138	-1.060134573418	-0.166326653155	6.502845638380	-417.322136633265	-65.474512400769	2559.846178071619	3.204203696858	-1545.051412565946	-69.841568063654	
0.247413793103	-1.060379843979	-0.166305057519	6.503832832684	-417.418687427297	-65.466011275505	2560.234787259911	3.735827702797	-1545.250341362668	-69.730665471740	
0.248275862069	-1.060015184863	-0.165867725167	6.503318411058	-417.275139310436	-65.293855328184	2560.032285108397	3.375338567152	-1545.127385042957	-69.912631029289	
0.249137931034	-1.060437453064	-0.166259037745	6.502998684297	-417.441365252260	-65.447895584388	2559.906424620084	3.182726318979	-1545.152395914014	-69.815241061992	
0.250000000000	-1.060720585022	-0.166319691062	6.504070860314	-417.552820190637	-65.471771771789	2560.328486872681	3.725026529010	-1545.430752444063	-69.730784358021	
0.250862068966	-1.060258625820	-0.165917342648	6.503625983025	-417.370969880309	-65.313387257305	2560.153360859977	3.404161256344	-1545.325494108738	-69.945659101488	
0.251724137931	-1.060492380776	-0.166326066092	6.503171106227	-417.462987554401	-65.474281303469	2559.974298539096	3.187000423215	-1545.266776573306	-69.877197632353	
0.252586206897	-1.060661871874	-0.166409526738	6.504091842638	-417.529707751140	-65.507135599503	2560.336746567863	3.729864865042	-1545.433270445771	-69.776028217726	
0.253448275862	-1.060122636471	-0.165959370434	6.503546520742	-417.317437652177	-65.329931501743	2560.122080520333	3.433729611965	-1545.228774815750	-69.960904201373	
0.254310344828	-1.060363229443	-0.166286016049	6.502944538723	-417.412147112361	-65.458515597670	2559.885110206629	3.177307851705	-1545.108458698734	-69.862627458775	
0.255172413793	-1.060652286956	-0.166366140901	6.503859631246	-417.525934646721	-65.490056757935	2560.245336517855	3.706975462275	-1545.301838000712	-69.727387256856	
0.256034482759	-1.060253490448	-0.165889176971	6.503485847382	-417.368948340522	-65.302299834046	2560.098196442690	3.444464519766	-1545.206408921550	-69.904805757621	
0.256896551724	-1.060565868284	-0.166226826920	6.502966234942	-417.491915923364	-65.435215788227	2559.893650926679	3.159333527585	-1545.186774895812	-69.839104786824	
0.257758620690	-1.060893810535	-0.166402253105	6.503983148077	-417.621010440336	-65.504272332544	2560.293958937368	3.694560708242	-1545.460359819362	-69.735301351924	
0.258620689655	-1.060386087501	-0.165948689691	6.503720657546	-417.421145190530	-65.325727025370	2560.190629499773	3.475629239851	-1545.386501543791	-69.940503890162	
0.259482758621	-1.060499004618	-0.166308344309	6.503104253300	-417.465595030876	-65.467305120536	2559.947981874186	3.166902195661	-1545.283014649988	-69.905572993965	
0.260344827586	-1.060717423569	-0.166502027682	6.503999129913	-417.551575684397	-65.543548610017	2560.300250189396	3.694010118909	-1545.448441487844	-69.781562583776	
0.261206896552	-1.060160814039	-0.165990125949	6.503679213702	-417.332466257624	-65.342038414930	2560.174315124084	3.503158580751	-1545.287057951838	-69.949930911303	
0.262068965517	-1.060328571635	-0.166275282072	6.502936993039	-417.398504061201	-65.454290165909	2559.882139847004	3.151884012932	-1545.133761506560	-69.889519429404	
0.262931034483	-1.060693351206	-0.166448302199	6.503838475368	-417.542099595030	-65.522399565618	2560.237008503328	3.668724360434	-1545.334287484191	-69.733393347998	
0.263793103448	-1.060307532130	-0.165934132479	6.503673785191	-417.390221856608	-65.319996576635	2560.172178190184	3.509214453359	-1545.282887020279	-69.898234260479	
0.264655172414	-1.060519162571	-0.166212250260	6.503026271558	-417.473530212103	-65.429477683796	2559.917284349684	3.137428300367	-1545.229188362208	-69.869457426430	
0.265517241379	-1.060890414706	-0.166472633905	6.504001894690	-417.619673671887	-65.531977745173	2560.301338544302	3.649773210612	-1545.494769169027	-69.744409115001	
0.266379310345	-1.060392134819	-0.165991358535	6.503936795405	-417.423525718354	-65.342523622544	2560.275712200920	3.539563427190	-1545.451200159261	-69.934512830309	
0.267241379310	-1.060424368477	-0.166274955575	6.503147281148	-417.436214502512	-65.454161640469	2559.964919793189	3.141565936591	-1545.297470832616	-69.929965993975	
0.268103448276	-1.060714275168	-0.166548619918	6.503954746853	-417.550336315796	-65.561889650772	2560.282778791127	3.642185779773	-1545.445170228898	-69.785566814179	
0.268965517241	-1.060187038405	-0.165999504214	6.503812626684	-417.342789483590	-65.345730170018	2560.226833164935	3.561702002768	-1545.315289873472	-69.932783515568	
0.269827586207	-1.060267519585	-0.166202229348	6.502905930195	-417.374470912314	-65.425532950233	2559.869911953760	3.129935892141	-1545.118118041882	-69.904728909185	
0.270689655172	-1.060695456556	-0.166458738116	6.503705755542	-417.542928366348	-65.526507665747	2560.184763323519	3.611482705835	-1545.303057057547	-69.729562411174	
0.271551724138	-1.060324919886	-0.165903736992	6.503734117092	-417.397066549653	-65.308031388639	2560.195927851981	3.565376239266	-1545.290487352195	-69.870695519978	
0.272413793103	-1.060440218917	-0.166127195972	6.502930744871	-417.442454030782	-65.395996050179	2559.879680254726	3.113828175061	-1545.193349454033	-69.882552157056	
0.273275862069	-1.060860298072	-0.166472224227	6.503812347108	-417.607818254066	-65.531816475519	2560.226723109909	3.590947534249	-1545.441806337441	-69.742179132881	
0.274137931034	-1.060390980887	-0.165969941501	6.503928040481	-417.423071472559	-65.334092803593	2560.272265823724	3.590456155145	-1545.431974900645	-69.908652989181	
0.275000000000	-1.060330776410	-0.166192172589	6.503009636643	-417.399371971038	-65.421574105230	2559.910736012675	3.119165052016	-1545.240351654402	-69.943968131967	
0.275862068966	-1.060670339262	-0.166532287764	6.503739996359	-417.533040939726	-65.555460496068	2560.198242226506	3.582552716005	-1545.376356298041	-69.780694089208	
0.276724137931	-1.060190293391	-0.165987807419	6.503796454171	-417.344070809049	-65.341125724999	2560.220466852663	3.608940839725	-1545.289812805235	-69.905470387781	
0.277586206897	-1.060183914576	-0.166127432703	6.502795897749	-417.341559787613	-65.396089239225	2559.826597664463	3.109010789884	-1545.070759090566	-69.915995144113	
0.278448275862	-1.060656517611	-0.166450055806	6.503535614265	-417.527600044432	-65.523089873167	2560.117787184053	3.549719767798	-1545.255357030426	-69.726727557503	
0.279310344828	-1.060338797671	-0.165915932736	6.503780366433	-417.402529541586	-65.312832245194	2560.214133912098	3.612683385303	-1545.293763453055	-69.847978369331	
0.280172413793	-1.060367797751	-0.166071125102	6.502890383062	-417.413945427726	-65.373923743604	2559.863791822264	3.101312801130	-1545.174638524978	-69.900034214884	
0.281034482759	-1.060833058295	-0.166468926775	6.503688274099	-417.597095311806	-65.530518432899	2560.177881751118	3.535467180740	-1545.411430811138	-69.745765653063	
0.281896551724	-1.060423759968	-0.165985024580	6.503994987165	-417.435974962710	-65.340030260172	2560.298619396150	3.642605687347	-1545.441634175862	-69.886716851225	
0.282758620690	-1.060274084099	-0.166133179206	6.502994655349	-417.377055034355	-65.398351351057	2559.904838624124	3.117695349606	-1545.226908006216	-69.958915379771	
0.283620689655	-1.060648282266	-0.166526797840	6.503635471643	-417.524358199887	-65.553299386427	2560.157096056223	3.529854176472	-1545.351718875566	-69.782154065076	
0.284482758621	-1.060232416118	-0.166004892620	6.503897423533	-417.360652427009	-65.347851317208	2560.260213457346	3.662320179177	-1545.314388356556	-69.878903149997	
0.285344827586	-1.060139081040	-0.166079455283	6.502840791426	-417.323911059359	-65.377202920549	2559.844270067354	3.110921343628	-1545.082225559843	-69.930347499586	
0.286206896552	-1.060651660219	-0.166452222396	6.503511837354	-417.525687931364	-65.523942751547	2560.108427399228	3.502511655701	-1545.262985205969	-69.731304907509	
0.287068965517	-1.060408479969	-0.165953114378	6.503955833995	-417.429959988982	-65.327468804176	2560.283206744746	3.666943256101	-1545.349646743845	-69.827261307682	
0.287931034483	-1.060357230227	-0.166042329444	6.503013230336	-417.409785520122	-65.362588328459	2559.912150670571	3.109624942702	-1545.214059191974	-69.920359504115	
0.288793103448	-1.060852813173	-0.166475880654	6.503712896839	-417.604871822349	-65.533255828684	2560.187574496336	3.488274155466	-1545.434850652851	-69.754972940506	
0.289655172414	-1.060510297513	-0.166043748705	6.504194374658	-417.470040480534	-65.363147020651	2560.377108313226	3.694843935540	-1545.501006411059	-69.871701227988	
0.290517241379	-1.060270129330	-0.166112621730	6.503126603015	-417.375498238724	-65.390258897652	2559.956779843046	3.126907251130	-1545.260378927451	-69.979283682124	
0.291379310345	-1.060668438892	-0.166542777828	6.503646363941	-417.532292858777	-65.559589911114	2560.161383810852	3.480156686079	-1545.362182341562	-69.792672860556	
0.292241379310	-1.060324529982	-0.166051167080	6.504077745266	-417.396913063601	-65.366067265191	2560.331197135192	3.708557263493	-1545.364196763120	-69.856170012033	
0.293103448276	-1.060151192833	-0.166049233582	6.502963715473	-417.328678868707	-65.365306143595	2559.892659137068	3.122493278299	-1545.112356444556	-69.945342007872	
0.293965517241	-1.060698442442	-0.166454727007	6.503506134858	-417.544103760876	-65.524928692201	2560.106182610781	3.449567661063	-1545.275826534581	-69.738733436791	
0.294827586207	-1.060521445705	-0.165983775185	6.504113580193	-417.474428968134	-65.339538435450	2560.345303559715	3.709435005645	-1545.404180190034	-69.801701302070	
0.295689655172	-1.060370016412	-0.165998240279	6.503129080168	-417.414818803955	-65.345232622026	2559.957754974748	3.123128552645	-1545.249243684317	-69.934631050042	
0.296551724138	-1.060864570873	-0.166464620626	6.503704351091	-417.609500242947	-65.528823316900	2560.184210461368	3.437524586676	-1545.444363877647	-69.763499372424	
0.297413793103	-1.060570790466	-0.166066797992	6.504344153047	-417.493853540927	-65.372220376067	2560.436068599095	3.732998575999	-1545.543192511939	-69.844000800097	
0.298275862069	-1.060243556516	-0.166063097694	6.503255619247	-417.365037846617	-65.370763753298	2560.007567102266	3.138623557641	-1545.285840307361	-69.987927272756	
0.299137931034	-1.060658957687	-0.166502014788	6.503657154562	-417.528560581013	-65.543543534518	2560.165631540328	3.428652291277	-1545.364969221995	-69.792112486185	
0.300000000000	-1.060407645058	-0.166072638249	6.504238093933	-417.429631326300	-65.374519394175	2560.394318412483	3.740358976873	-1545.406524301362	-69.826751067942	
0.300862068966	-1.060155087083	-0.165998308760	6.503126521636	-417.330211840637	-65.345259579424	2559.956747808124	3.137633323050	-1545.151431184821	-69.950722398617	
0.301724137931	-1.060703697705	-0.166410700406	6.503554464294	-417.546172495634	-65.507597613818	2560.125207500668	3.398468882681	-1545.296983929581	-69.739707731787	
0.302586206897	-1.060601347582	-0.166027547872	6.504316109194	-417.505882354059	-65.356769560399	2560.425029131739	3.735489343554	-1545.464866319887	-69.779216903249	
0.303448275862	-1.060365144836	-0.165961137541	6.503337130278	-417.412901107230	-65.330627123609	2560.039653932086	3.140476088566	-1545.303444773922	-69.942237252599	
0.304310344828	-1.060848956231	-0.166436725537	6.503785120423	-417.603353536533	-65.517842410830	2560.216005321214	3.383670137672	-1545.473587803228	-69.772221889918	
0.305172413793	-1.060627635561	-0.166128976223	6.504552865158	-417.516230621239	-65.396696846100	2560.518228153087	3.753715738819	-1545.600753773274	-69.828148286463	
0.306034482759	-1.060226975165	-0.166043226146	6.503471663796	-417.358510594998	-65.362941315580	2560.092613072121	3.162750771651	-1545.334097138452	-69.998555954821	
0.306896551724	-1.060634598720	-0.166494756578	6.503734467345	-417.518971669603	-65.540686338887	2560.196065729181	3.372722796572	-1545.385802786242	-69.804251865259	
0.307758620690	-1.060466656554	-0.166130599418	6.504438192436	-417.452861210599	-65.397335817233	2560.473087218867	3.757326227113	-1545.458953498084	-69.806516872522	
0.308620689655	-1.060163513114	-0.165962548553	6.503349544646	-417.333528749194	-65.331182568545	2560.044540849920	3.161457235996	-1545.202323020284	-69.952101140700	
0.309482758621	-1.060715338370	-0.166405850824	6.503633027486	-417.550754845234	-65.505688575169	2560.156133913199	3.342629673188	-1545.326094760780	-69.754866029152	
0.310344827586	-1.060689974777	-0.166090103615	6.504498952676	-417.540770463009	-65.381394638272	2560.497005496521	3.752395207427	-1545.523781431962	-69.764266992838	
0.311206896552	-1.060394841247	-0.165953011694	6.503543574853	-417.424591103798	-65.327428382765	2560.120920870731	3.173308384488	-1545.354280166109	-69.953019972286	
0.312068965517	-1.060860894069	-0.166448120270	6.503819491235	-417.608052868542	-65.522327948950	2560.229535396449	3.331266808062	-1545.486619749377	-69.793075404540	
0.312931034483	-1.060710703287	-0.166191894113	6.504663783196	-417.548930244072	-65.421464483421	2560.561891055695	3.768474696351	-1545.630594664815	-69.812294259719	
0.313793103448	-1.060267064646	-0.166025242091	6.503612958643	-417.374291825592	-65.355861889542	2560.148233810280	3.201163636414	-1545.356858936527	-70.001939986551	
0.314655172414	-1.060655039328	-0.166491452847	6.503678086278	-417.527018118429	-65.539385824669	2560.173871313547	3.322982589840	-1545.367684749630	-69.822297447251	
0.315517241379	-1.060573213084	-0.166198634391	6.504451496434	-417.494807204769	-65.424117794629	2560.478324339769	3.771044750064	-1545.464581659940	-69.791335950785	
0.316379310345	-1.060216946586	-0.165962386917	6.503423998043	-417.354562843373	-65.331118940499	2560.073849441246	3.206416730573	-1545.213647960448	-69.957341537472	
0.317241379310	-1.060737530034	-0.166409279273	6.503518480031	-417.559490597072	-65.507038184761	2560.111042290089	3.293561981836	-1545.300472883560	-69.774294034843	
0.318103448276	-1.060784017312	-0.166163267547	6.504462803058	-417.577790321300	-65.410195631320	2560.482775193660	3.762772536729	-1545.522902812953	-69.752751805469	
0.318965517241	-1.060432530178	-0.165955997092	6.503578578792	-417.439427357480	-65.328603585099	2560.134700176625	3.221041224558	-1545.360532739797	-69.959881981315	
0.319827586207	-1.060859547069	-0.166459356975	6.503663827666	-417.607522621562	-65.526751279634	2560.168258408725	3.288762647840	-1545.451195979058	-69.819396427682	
0.320689655172	-1.060773644358	-0.166274510603	6.504576591153	-417.573707006539	-65.453986477237	2560.527567894802	3.774711265231	-1545.614386280640	-69.807444309569	
0.321551724138	-1.060272870921	-0.166046482573	6.503626780087	-417.376577466518	-65.364223208409	2560.153674623905	3.250670517603	-1545.351817345810	-70.011458984100	
0.322413793103	-1.060614982654	-0.166488490518	6.503523641510	-417.511249802298	-65.538219703568	2560.113074107239	3.276882937347	-1545.326472936938	-69.842127448595	
0.323275862069	-1.060607829333	-0.166284598659	6.504386591114	-417.508433896399	-65.457957641968	2560.452774350423	3.769484541664	-1545.453171297115	-69.787763763620	
0.324137931034	-1.060221971779	-0.165979848675	6.503475987639	-417.356541011313	-65.337992764224	2560.094315153460	3.259402023876	-1545.222832930182	-69.964762103030	
0.325000000000	-1.060716148577	-0.166400027949	6.503392747918	-417.551073783563	-65.503396399749	2560.061547824752	3.250370578927	-1545.276416610985	-69.798232803325	
0.325862068966	-1.060838253478	-0.166251644968	6.504401935666	-417.599140396208	-65.444985416517	2560.458814735716	3.757332178439	-1545.521732214876	-69.754689881763	
0.326724137931	-1.060442011075	-0.165976602302	6.503638131117	-417.443159513899	-65.336714829003	2560.158142958560	3.275793561813	-1545.375837253765	-69.968477504614	
0.327586206897	-1.060804149291	-0.166446656818	6.503540457561	-417.585715277935	-65.521751861139	2560.119693748058	3.242381173765	-1545.425024745612	-69.846289495627	
0.328448275862	-1.060779483420	-0.166358446015	6.504504616809	-417.576005554076	-65.487027665051	2560.499235183292	3.767963888071	-1545.601661969564	-69.810735025564	
0.329310344828	-1.060251260112	-0.166044517645	6.503663085771	-417.368070368289	-65.363449714346	2560.167966361954	3.307195613618	-1545.353318815063	-70.011204641362	
0.330172413793	-1.060538708409	-0.166456015079	6.503376784832	-417.481224434320	-65.525435741908	2560.055263953458	3.233541077435	-1545.286564610545	-69.864922319962	
0.331034482759	-1.060615018977	-0.166335727906	6.504285148358	-417.511264100907	-65.478084677960	2560.412841394166	3.757326857680	-1545.431847549869	-69.780698689143	
0.331896551724	-1.060211118877	-0.165955229807	6.503508676111	-417.352268764961	-65.328301542924	2560.107182975580	3.313697027703	-1545.229048407326	-69.954467178585	
0.332758620690	-1.060637651337	-0.166345138048	6.503268362779	-417.520173332943	-65.481788981651	2560.012583595579	3.207066806902	-1545.252355930214	-69.816324735371	
0.333620689655	-1.060828482924	-0.166287761741	6.504317070619	-417.595294216393	-65.459202789519	2560.425407597010	3.741677621047	-1545.513338291971	-69.746351865524	
0.334482758621	-1.060404123089	-0.165944949026	6.503702263758	-417.428244902366	-65.324254512146	2560.183388782274	3.335764354524	-1545.389663922384	-69.958957963426	
0.335344827586	-1.060692264494	-0.166376508861	6.503435474115	-417.541671810351	-65.494138106912	2560.078366998659	3.200365587015	-1545.396281006668	-69.861544339651	
0.336206896552	-1.060749961879	-0.166376566314	6.504421504325	-417.564384395011	-65.494160723275	2560.466517941139	3.742816791511	-1545.580673949171	-69.793669750797	
0.337068965517	-1.060206404451	-0.165990522725	6.503760077875	-417.350412930424	-65.342194605674	2560.206147318136	3.367796785296	-1545.363332870629	-69.992909139937	
0.337931034483	-1.060438944934	-0.166362168152	6.503301091257	-417.441952526962	-65.488492884849	2560.025467166223	3.191015975480	-1545.259596378783	-69.871847023995	
0.338793103448	-1.060610283549	-0.166339194419	6.504226565268	-417.509399999134	-65.479449271054	2560.389780151932	3.728123399560	-1545.419810782948	-69.758510132492	
0.339655172414	-1.060188310223	-0.165890454609	6.503646543630	-417.343290134844	-65.302802776493	2560.161454545526	3.374813495921	-1545.254585200910	-69.931712595949	
0.340517241379	-1.060546693430	-0.166249855978	6.503258800471	-417.484367738993	-65.444281180378	2560.008819391539	3.165447102469	-1545.246403499256	-69.823775203591	
0.341379310345	-1.060824503394	-0.166294328102	6.504319246184	-417.593727673596	-65.461787638735	2560.426264008533	3.705361888140	-1545.519562877483	-69.724824469979	
0.342241379310	-1.060380260527	-0.165887025422	6.503919494846	-417.418851401282	-65.301452876649	2560.268901833362	3.396574233652	-1545.436865545146	-69.939101646338	
0.343103448276	-1.060611682443	-0.166288360917	6.503479769350	-417.509950673668	-65.459438655337	2560.095803824667	3.160766854030	-1545.400595781900	-69.874110823771	
0.343965517241	-1.060762870542	-0.166391677215	6.504453398720	-417.569465892277	-65.500109131877	2560.479073174640	3.706579105628	-1545.587914203666	-69.779124522647	
0.344827586207	-1.060216059044	-0.165950398238	6.503977890495	-417.354213462580	-65.326399595215	2560.291889289344	3.424785338164	-1545.403215461648	-69.972928239420	
0.345689655172	-1.060387775272	-0.166279258363	6.503371897823	-417.421809581863	-65.455855433675	2560.053340181616	3.152311813188	-1545.265305822939	-69.882240352009	
0.346551724138	-1.060663002229	-0.166365723359	6.504277162737	-417.530152715346	-65.489892392473	2560.409697853302	3.683924968561	-1545.435514634862	-69.744282766209	
0.347413793103	-1.060250860571	-0.165866660272	6.503907389890	-417.367913088863	-65.293436132031	2560.264136715612	3.432278750812	-1545.317790591929	-69.913918572930	
0.348275862069	-1.060555145792	-0.166185286626	6.503345977036	-417.487695012451	-65.418863445131	2560.043136459739	3.128954215751	-1545.273224744727	-69.841655583644	
0.349137931034	-1.060911679289	-0.166345329997	6.504371842515	-417.628044477985	-65.481864542257	2560.446968562405	3.664470375125	-1545.547002779094	-69.724936069039	
0.350000000000	-1.060465315473	-0.165901651704	6.504148840123	-417.452333293899	-65.307210514826	2560.359183636502	3.454155871154	-1545.495083925104	-69.929682473620	
0.350862068966	-1.060607934508	-0.166247073222	6.503544545436	-417.508475298803	-65.443185748097	2560.121302940987	3.133319202207	-1545.414855149398	-69.897990153547	
0.351724137931	-1.060845007366	-0.166449943054	6.504454089200	-417.601799065369	-65.523045488368	2560.479344982472	3.663838913324	-1545.595725821079	-69.778927122132	
0.352586206897	-1.060308736475	-0.165964560413	6.504155593579	-417.390695947166	-65.331974537737	2560.361842135392	3.487225267824	-1545.445761642731	-69.959515812136	
0.353448275862	-1.060407471835	-0.166245700242	6.503368433910	-417.429563136911	-65.442645274136	2560.051976611521	3.129261414951	-1545.265535651162	-69.905927467745	
0.354310344828	-1.060745973914	-0.166424170527	6.504219751870	-417.562814531893	-65.512900128959	2560.387098056510	3.645551778497	-1545.432898584044	-69.745105936209	
0.355172413793	-1.060339696921	-0.165903184103	6.504037976463	-417.402883531458	-65.307813743721	2560.315542139882	3.497111932388	-1545.354997159888	-69.901817823405	
0.356034482759	-1.060549812447	-0.166154371668	6.503333706893	-417.485595540374	-65.406693767102	2560.038306316154	3.113931802362	-1545.276530333503	-69.862845025535	
0.356896551724	-1.060966077061	-0.166402936961	6.504301537834	-417.649458169322	-65.504541532508	2560.419293113919	3.625531099667	-1545.547569025293	-69.727310758754	
0.357758620690	-1.060531231740	-0.165935572463	6.504272109582	-417.478281242177	-65.320563426798	2560.407708678102	3.524807424812	-1545.533000328056	-69.917066734953	
0.358620689655	-1.060579588810	-0.166216251893	6.503512861031	-417.497317010169	-65.431052927128	2560.108830369770	3.123513379990	-1545.409702163601	-69.920080266569	
0.359482758621	-1.060860772514	-0.166509406949	6.504370140430	-417.608005018381	-65.546453459833	2560.446298536046	3.623525016312	-1545.583821147065	-69.782710420650	
0.360344827586	-1.060344036848	-0.166001444577	6.504274499191	-417.404591944518	-65.346493994574	2560.408649347940	3.555850770067	-1545.471524028052	-69.940826552900	
0.361206896552	-1.060359314137	-0.166203265601	6.503372392582	-417.410605851750	-65.425940871346	2560.053534943647	3.120983332000	-1545.263713336947	-69.920233776310	
0.362068965517	-1.060755843481	-0.166468083284	6.504169556428	-417.566699688570	-65.530186392429	2560.367338613244	3.602251399921	-1545.430917922584	-69.744772204253	
0.362931034483	-1.060384796149	-0.165925798919	6.504199729457	-417.420636849590	-65.316716069704	2560.379216230813	3.565564955012	-1545.400303172484	-69.878605311829	
0.363793103448	-1.060494710382	-0.166123090515	6.503392404414	-417.463904604231	-65.394379936347	2560.061412604188	3.106866397632	-1545.295334446124	-69.883516301678	
0.364655172414	-1.060948583760	-0.166454031624	6.504298510520	-417.642571928870	-65.524654954655	2560.418101411305	3.578234068152	-1545.557319442148	-69.732625818704	
0.365517241379	-1.060546988035	-0.165976260361	6.504465545455	-417.484483710171	-65.336580223973	2560.483854738918	3.587332172486	-1545.578368087173	-69.898124205396	
0.366379310345	-1.060497415143	-0.166191714410	6.503596685706	-417.464969333735	-65.421393743231	2560.141827966122	3.115214063419	-1545.420842481784	-69.942940854256	
0.367241379310	-1.060838978617	-0.166555168332	6.504354302933	-417.599425847363	-65.564467435061	2560.440064103082	3.574613792216	-1545.577190075365	-69.787467295599	
0.368103448276	-1.060365439382	-0.166033093527	6.504451694764	-417.413017055141	-65.358952608540	2560.478402412359	3.617711119183	-1545.502775386561	-69.919254440322	
0.368965517241	-1.060300499023	-0.166175822633	6.503440510189	-417.387453273195	-65.415137942658	2560.080349449955	3.111726908650	-1545.265275959735	-69.939177791762	
0.369827586207	-1.060752652355	-0.166501167418	6.504144161115	-417.565443501148	-65.543209966851	2560.357341744339	3.547692604290	-1545.422214165270	-69.745677675726	
0.370689655172	-1.060432511699	-0.165953343709	6.504386649498	-417.439420083120	-65.327559080464	2560.452797333514	3.621882243475	-1545.441947372758	-69.854670051051	
0.371551724138	-1.060456265690	-0.166092443315	6.503478225074	-417.448770845437	-65.382315661561	2560.095195920025	3.101807585508	-1545.310266246768	-69.903525724622	
0.372413793103	-1.060955567670	-0.166486874705	6.504276121086	-417.645321145882	-65.537583638332	2560.409287807025	3.526877414074	-1545.556270012639	-69.739997588968	
0.373275862069	-1.060585752995	-0.166008928643	6.504646523501	-417.499743542531	-65.349440097950	2560.555096774147	3.643458812996	-1545.620037728114	-69.878141279736	
0.374137931034	-1.060434027419	-0.166162561052	6.503681559788	-417.440016746558	-65.409917519485	2560.175238661282	3.112978293887	-1545.429483589591	-69.962253062283	
0.375000000000	-1.060809501205	-0.166570767985	6.504335095689	-417.587822059746	-65.570608240825	2560.432503168376	3.520916132022	-1545.567845702770	-69.792086134728	
0.375862068966	-1.060386907881	-0.166067526899	6.504618746486	-417.421468133247	-65.372507310626	2560.544162348038	3.668355287166	-1545.534386259071	-69.896480505671	
0.376724137931	-1.060237153519	-0.166138042464	6.503517135316	-417.362517305782	-65.400265773554	2560.110512943047	3.112997081720	-1545.271598022638	-69.955399600009	
0.377586206897	-1.060726454146	-0.166505506063	6.504117539112	-417.555130572322	-65.544917875208	2560.346861988679	3.496423539356	-1545.414715714152	-69.750686451845	
0.378448275862	-1.060469017232	-0.165999801403	6.504532981312	-417.453790491607	-65.345847158539	2560.510400874384	3.668254190320	-1545.475734647273	-69.834767367088	
0.379310344828	-1.060403254926	-0.166059695144	6.503550455607	-417.427903149791	-65.369424339101	2560.123629480707	3.104254025572	-1545.322894431567	-69.920358656887	
0.380172413793	-1.060923258937	-0.166485535977	6.504237944381	-417.632602808415	-65.537056648016	2560.394259541323	3.472811821290	-1545.552201724954	-69.748056158510	
0.381034482759	-1.060614717021	-0.166064514836	6.504764331525	-417.511145235920	-65.371321611619	2560.601471920973	3.690805156587	-1545.648448328787	-69.864012836149	
0.381896551724	-1.060373171666	-0.166126801348	6.503716093476	-417.416060870052	-65.395840706338	2560.188832852931	3.121438812257	-1545.427686174167	-69.980832675409	
0.382758620690	-1.060775505619	-0.166570194533	6.504241947086	-417.574439692208	-65.570382501409	2560.395835206696	3.466957051815	-1545.542585506277	-69.802018118153	
0.383620689655	-1.060416139030	-0.166099326042	6.504690716579	-417.432974979660	-65.385025048178	2560.572493386353	3.709518744451	-1545.546099294705	-69.871181866906	
0.384482758621	-1.060190697956	-0.166087176666	6.503543480947	-417.344230066371	-65.380242444496	2560.120883904438	3.122248889676	-1545.268691713711	-69.966744764866	
0.385344827586	-1.060708917225	-0.166494976302	6.504022870544	-417.548227160641	-65.540772833225	2560.309595692429	3.440381591247	-1545.397316944513	-69.758385999087	
0.386206896552	-1.060521335533	-0.166023455745	6.504600553410	-417.474385598859	-65.355158694142	2560.537000640936	3.710361545149	-1545.500606938685	-69.809908752628	
0.387068965517	-1.060366605108	-0.166005496488	6.503575338533	-417.413475943619	-65.348089029678	2560.133424648219	3.116520778481	-1545.328012727694	-69.934644628629	
0.387931034483	-1.060902134780	-0.166486936467	6.504132911810	-417.624287280622	-65.537607950964	2560.352913453575	3.420415911206	-1545.533156752213	-69.763271785687	
0.388793103448	-1.060650816262	-0.166077605685	6.504804587906	-417.525355707772	-65.376474826343	2560.617318851568	3.726641772215	-1545.663005699756	-69.836346550298	
0.389655172414	-1.060324792154	-0.166079901423	6.503722370106	-417.397016267845	-65.377378543701	2560.191303649146	3.135529672186	-1545.421638085792	-69.995736163240	
0.390517241379	-1.060739292325	-0.166547248020	6.504108250882	-417.560184323290	-65.561349603191	2560.343205675617	3.415669707955	-1545.511332784579	-69.812363606181	
0.391379310345	-1.060448178892	-0.166128199443	6.504686270309	-417.445587476137	-65.396391066806	2560.570743111397	3.742244287852	-1545.546958808577	-69.848115770112	
0.392241379310	-1.060138472150	-0.166041051223	6.503539801765	-417.323671369842	-65.362085156563	2560.119435594173	3.139272028426	-1545.259602460795	-69.978283736088	
0.393103448276	-1.060666787497	-0.166477637682	6.503890815114	-417.531642786917	-65.533947482841	2560.257612052370	3.387581622442	-1545.368463987845	-69.769279799779	
0.393965517241	-1.060552551756	-0.166052919517	6.504625562875	-417.486673869759	-65.366757112182	2560.546845620738	3.736370064511	-1545.515767194452	-69.786077771689	
0.394827586207	-1.060326330154	-0.165978048795	6.503622446910	-417.397621701751	-65.337284241194	2560.151968867897	3.141024383517	-1545.339754376086	-69.950985248128	
0.395689655172	-1.060866957339	-0.166471375770	6.504040871648	-417.610439675491	-65.531482480379	2560.316681829774	3.370609442908	-1545.518718202984	-69.780687495219	
0.396551724138	-1.060689236992	-0.166139471394	6.504843414988	-417.540480033865	-65.400828271827	2560.632603138079	3.752547167029	-1545.678329435690	-69.826185979626	
0.397413793103	-1.060285366594	-0.166056350283	6.503788676345	-417.381496389907	-65.368107634024	2560.217405110250	3.161099873657	-1545.428245171262	-70.009560508106	
0.398275862069	-1.060704600438	-0.166543485453	6.504036692802	-417.546527856718	-65.559868468039	2560.315036826385	3.365886240515	-1545.489067409697	-69.830175500591	
0.399137931034	-1.060494328629	-0.166189158873	6.504748128312	-417.463754326867	-65.420387755706	2560.595093523689	3.762275574855	-1545.558750304832	-69.835414575676	
0.400000000000	-1.060140281088	-0.166033640649	6.503635066453	-417.324383458374	-65.359167983095	2560.156936553060	3.170534011129	-1545.273818348779	-69.992385246730	
0.400862068966	-1.060667557428	-0.166459997825	6.503849547095	-417.531945870398	-65.527003550375	2560.241366890352	3.339325526975	-1545.359986921525	-69.785065805768	
0.401724137931	-1.060631927659	-0.166133613971	6.504704080717	-417.517920206041	-65.398522496371	2560.577754181128	3.752132256836	-1545.540326996203	-69.781301017874	
0.402586206897	-1.060343070357	-0.165976967313	6.503758614065	-417.404211485082	-65.336858515518	2560.205571089193	3.174087453307	-1545.370058423999	-69.964718690342	
0.403448275862	-1.060856278537	-0.166464127998	6.504034994230	-417.606235963695	-65.528629393768	2560.314368183355	3.320877127116	-1545.520819563363	-69.801840216259	
0.404310344828	-1.060745439010	-0.166219376689	6.504947359615	-417.562603966718	-65.432283003636	2560.673520956311	3.764896774679	-1545.705952248283	-69.822807956069	
0.405172413793	-1.060289697420	-0.166057267457	6.503958627504	-417.383201220484	-65.368468679431	2560.284306409935	3.201895198230	-1545.460374308116	-70.022301260822	
0.406034482759	-1.060680855140	-0.166527544296	6.504057745085	-417.537180516594	-65.553593229184	2560.323324060834	3.315461505197	-1545.489487387440	-69.850075326080	
0.406896551724	-1.060552119937	-0.166258468577	6.504879867021	-417.486503884170	-65.447671531253	2560.646952486499	3.768883758607	-1545.587278098627	-69.825773464843	
0.407758620690	-1.060166603272	-0.166005005430	6.503861752315	-417.334745190427	-65.347895724545	2560.246171477036	3.211273799016	-1545.318842883381	-69.989917085282	
0.408620689655	-1.060678750959	-0.166432339391	6.503930622806	-417.536352205392	-65.516115803752	2560.273282356530	3.287888790949	-1545.380293067783	-69.801155609718	
0.409482758621	-1.060739529007	-0.166181993827	6.504876916794	-417.560277493451	-65.417567234351	2560.645791129211	3.758311425856	-1545.589338038622	-69.768049488717	
0.410344827586	-1.060423468492	-0.165937423767	6.504013642707	-417.435860223137	-65.321292192746	2560.305963152955	3.219413736329	-1545.431521166434	-69.959251911669	
0.411206896552	-1.060895918905	-0.166422401113	6.504125670499	-417.621840400335	-65.512203598900	2560.350062910451	3.271855727154	-1545.546091960746	-69.815439832022	
0.412068965517	-1.060858282376	-0.166249876420	6.505102203951	-417.607024775197	-65.444289227331	2560.734475453015	3.766183846324	-1545.746369233312	-69.804304237562	
0.412931034483	-1.060369764763	-0.166006354109	6.504195259048	-417.414719742293	-65.348426632220	2560.377456453425	3.248413437847	-1545.510223305003	-70.008968401930	
0.413793103448	-1.060714968662	-0.166452622088	6.504104020874	-417.550609309605	-65.524100090384	2560.341540532216	3.267749931583	-1545.497949091300	-69.852773411398	
0.414655172414	-1.060669882329	-0.166268214010	6.504967207752	-417.532861067770	-65.451507822363	2560.681334178792	3.767907044373	-1545.610054505019	-69.800293287443	
0.415517241379	-1.060251408426	-0.165945261130	6.504042827952	-417.368128752092	-65.324377371703	2560.317451929117	3.259065712823	-1545.358512451914	-69.969498968952	
0.416379310345	-1.060699877925	-0.166348080928	6.503926956756	-417.544668838880	-65.482947446886	2560.271839215229	3.238777628114	-1545.383271488955	-69.798788455803	
0.417241379310	-1.060830566183	-0.166191161709	6.504920682629	-417.596114291467	-65.421176172270	2560.663019556796	3.750027381841	-1545.610539717866	-69.740147729826	
0.418103448276	-1.060469356244	-0.165888888600	6.504168954874	-417.453923944044	-65.302186316970	2560.367101811259	3.272089542777	-1545.471071957693	-69.941935484485	
0.418965517241	-1.060876159956	-0.166353743692	6.504066226262	-417.614062287123	-65.485176594772	2560.326662677484	3.228378093469	-1545.536145367516	-69.820224111960	
0.419827586207	-1.060903341215	-0.166267412490	6.505063298134	-417.624762193999	-65.451192304068	2560.719160172098	3.757849025471	-1545.741878658407	-69.780073149112	
0.420689655172	-1.060369577948	-0.165967424612	6.504264269653	-417.414646202380	-65.333102029976	2560.404622488772	3.302095722447	-1545.517395880313	-69.990530523886	
0.421551724138	-1.060648926463	-0.166395360079	6.503974068318	-417.524611788194	-65.501558891717	2560.290384689043	3.224204543880	-1545.459212510582	-69.856007249890	
0.422413793103	-1.060671346300	-0.166289171048	6.504869381047	-417.533437360231	-65.459757563749	2560.642824681227	3.754056113073	-1545.588171218321	-69.773172446708	
0.423275862069	-1.060221602150	-0.165923469503	6.504069553871	-417.356395506842	-65.315799094566	2560.327972591470	3.316441789824	-1545.359058239137	-69.952345019828	
0.424137931034	-1.060609716359	-0.166295574121	6.503765624224	-417.509176724667	-65.462278134267	2560.208330639553	3.200297112702	-1545.345856839323	-69.805263117202	
0.425000000000	-1.060798232969	-0.166242090685	6.504795383462	-417.583386316784	-65.441224371668	2560.613695520716	3.734471186911	-1545.590789475265	-69.725056147761	
0.425862068966	-1.060398670190	-0.165894572250	6.504189962083	-417.426098367853	-65.304423686465	2560.375371302245	3.328860909866	-1545.475935143418	-69.930573228345	
0.426724137931	-1.060723961373	-0.166316545048	6.503929264970	-417.554149291928	-65.470533342980	2560.272747844071	3.189701185059	-1545.504672342227	-69.833922696231	
0.427586206897	-1.060816327892	-0.166348570357	6.504961778390	-417.590509386018	-65.483140110630	2560.679196909473	3.738305554374	-1545.723818415115	-69.775872097710	
0.428448275862	-1.060276583827	-0.165993898941	6.504315497707	-417.378039052383	-65.343523653742	2560.424788420042	3.363396319739	-1545.524181491898	-69.984535329875	
0.429310344828	-1.060500106927	-0.166376812348	6.503869026021	-417.466028954830	-65.494257574898	2560.249034772753	3.188391560526	-1545.429344441312	-69.877763575748	
0.430172413793	-1.060625756494	-0.166384904991	6.504794244273	-417.515490925996	-65.497443245020	2560.613247078886	3.729692530672	-1545.573243253938	-69.772804770616	
0.431034482759	-1.060195039390	-0.165950955437	6.504167681524	-417.345939072543	-65.326618936773	2560.366600556766	3.374806510771	-1545.379991585881	-69.943815056651	
0.431896551724	-1.060542649818	-0.166293730518	6.503727127719	-417.482775970495	-65.461552399664	2560.193176484336	3.166290349193	-1545.340841946573	-69.833324031282	
0.432758620690	-1.060839772184	-0.166338356478	6.504753942012	-417.599738235374	-65.479119415753	2560.597382087714	3.707989471913	-1545.595648574117	-69.728445683065	
0.433620689655	-1.060457895239	-0.165941140896	6.504309352981	-417.449412317535	-65.322755440960	2560.422369547503	3.395071384684	-1545.508723732796	-69.934006887632	
0.434482758621	-1.060726391569	-0.166323178263	6.503865744400	-417.555105938745	-65.473144508922	2560.247742961953	3.158947076614	-1545.490617768244	-69.869473876835	
0.435344827586	-1.060907596381	-0.166442739247	6.504842344278	-417.626437240833	-65.520209708616	2560.632181653151	3.708749589674	-1545.698550736641	-69.781297154067	
0.436206896552	-1.060378437225	-0.166025951970	6.504341558995	-417.418133658164	-65.356141333413	2560.435047449832	3.429283493684	-1545.520582771738	-69.982687790884	
0.437068965517	-1.060531015476	-0.166359637048	6.503683509330	-417.478196109936	-65.487496515261	2560.176006098813	3.161287281864	-1545.374460971335	-69.907329782482	
0.437931034483	-1.060744575360	-0.166450704381	6.504524178867	-417.562263990872	-65.523345184821	2560.506935790316	3.696808574229	-1545.509033837920	-69.771486749466	
0.438793103448	-1.060299824562	-0.165964808634	6.504063182795	-417.387187771505	-65.332072249829	2560.325464616411	3.444557147598	-1545.346437363941	-69.937923380255	
0.439655172414	-1.060552026033	-0.166254356118	6.503419979635	-417.486466918968	-65.446052661253	2560.072267594171	3.139145260770	-1545.261716322828	-69.858215035244	
0.440517241379	-1.060903869882	-0.166389254893	6.504387398304	-417.624970303795	-65.499155584514	2560.453092101073	3.670915274824	-1545.513866588959	-69.726548836734	
0.441379310345	-1.060486813470	-0.165935508700	6.504136762015	-417.460795983429	-65.320538326236	2560.354429087526	3.462473337505	-1545.464950603714	-69.923863943971	
0.442241379310	-1.060645866911	-0.166270702575	6.503524714163	-417.523407395005	-65.452487446483	2560.113496356996	3.138570370255	-1545.404088901393	-69.895274158030	
0.443103448276	-1.060871780557	-0.166476702811	6.504463075704	-417.612338336165	-65.533579470838	2560.482882521018	3.669691566170	-1545.610157587288	-69.779512241098	
0.443965517241	-1.060315798999	-0.166011620963	6.504193104151	-417.393476110927	-65.350499930167	2560.376608178085	3.494879230619	-1545.476616208228	-69.967799423772	
0.444827586207	-1.060368336113	-0.166289421133	6.503419100363	-417.414157353730	-65.459856009493	2560.071921468798	3.136375491779	-1545.300200631673	-69.924194850859	
0.445689655172	-1.060645731021	-0.166468273542	6.504268681261	-417.523353901869	-65.530261287593	2560.406359118905	3.651230703793	-1545.450480053812	-69.765249763449	
0.446551724138	-1.060212488992	-0.165955453027	6.504071275768	-417.352808110907	-65.328389413825	2560.328650416460	3.509752022534	-1545.347679886435	-69.921870679957	
0.447413793103	-1.060395057745	-0.166184343209	6.503340208461	-417.424676328352	-65.418492068765	2560.040865659555	3.117858691928	-1545.244954114876	-69.876297549311	
0.448275862069	-1.060820123970	-0.166426676138	6.504317957929	-417.592003712898	-65.513886463423	2560.425756886843	3.621104458313	-1545.512899724561	-69.730467024036	
0.449137931034	-1.060425639517	-0.165945162666	6.504339635599	-417.436714847496	-65.324338611493	2560.434290304903	3.524409271493	-1545.521616201984	-69.911571185205	
0.450000000000	-1.060510368905	-0.166221832672	6.503644261054	-417.470068584121	-65.433249801635	2560.160556008942	3.115839455765	-1545.437565026386	-69.919954854752	
0.450862068966	-1.060816077954	-0.166533192823	6.504564577204	-417.590410997976	-65.555816772448	2560.522838601826	3.614521958972	-1545.647052515107	-69.790654826624	
0.451724137931	-1.060313110711	-0.166039552364	6.504546543800	-417.392417866074	-65.361495130605	2560.515739749895	3.557904649067	-1545.564707945555	-69.959365079843	
0.452586206897	-1.060310580302	-0.166254543208	6.503675746564	-417.391421770286	-65.446126309257	2560.172950284695	3.116589748914	-1545.360210322034	-69.951047479527	
0.453448275862	-1.060693615911	-0.166541733916	6.504474364658	-417.542203796045	-65.559178975185	2560.487326419467	3.592516539293	-1545.510487835576	-69.778546837952	
0.454310344828	-1.060321058229	-0.165972993848	6.504518931908	-417.395546407727	-65.335294360546	2560.504870324380	3.566217525565	-1545.462288413056	-69.904082208970	
0.455172413793	-1.060454753782	-0.166158476587	6.503671584194	-417.448175682557	-65.408309668923	2560.171311767372	3.098173483795	-1545.329421007928	-69.904833021733	
0.456034482759	-1.060969989639	-0.166483715368	6.504552467165	-417.650998356133	-65.536339964942	2560.518071483279	3.568060495110	-1545.583714247084	-69.742872422451	
0.456896551724	-1.060633042143	-0.165970563022	6.504742243859	-417.518358922977	-65.334337465412	2560.592777107751	3.584809717274	-1545.623718819617	-69.897536711192	
0.457758620690	-1.060643817567	-0.166185022271	6.503885823301	-417.522600670517	-65.418759381491	2560.255647024299	3.103251966109	-1545.490600169082	-69.944589097033	
0.458620689655	-1.061011319821	-0.166552719787	6.504658438064	-417.667267988602	-65.563503564779	2560.559786943857	3.563880614254	-1545.669432613177	-69.793001582238	
0.459482758621	-1.060553936421	-0.166035683083	6.504784406687	-417.487218943464	-65.359971987687	2560.609374511590	3.616125196448	-1545.615723312404	-69.931289430286	
0.460344827586	-1.060456289011	-0.166183984570	6.503743655763	-417.448780025713	-65.418350890489	2560.199682751460	3.111859207155	-1545.365788445573	-69.962044619019	
0.461206896552	-1.060880159095	-0.166509606079	6.504388357423	-417.615636548753	-65.546531847082	2560.453469658196	3.544901967951	-1545.490605444173	-69.766957663673	
0.462068965517	-1.060538596551	-0.165951955019	6.504582302276	-417.481180401477	-65.327012422344	2560.529816079132	3.626094328578	-1545.476641802152	-69.868924389933	
0.462931034483	-1.060550198568	-0.166058941219	6.503606904883	-417.485747536901	-65.369127556139	2560.145850746440	3.099118925392	-1545.310783259806	-69.904886219036	
0.463793103448	-1.061082910929	-0.166443248721	6.504357211838	-417.695449839281	-65.520410262920	2560.441209193981	3.519135826016	-1545.546554230973	-69.729569269506	
0.464655172414	-1.060756180587	-0.165934872631	6.504731141525	-417.566832390311	-65.320287937642	2560.588406672361	3.644729671730	-1545.628594850819	-69.857492549706	
0.465517241379	-1.060640235407	-0.166087613120	6.503759483303	-417.521190552304	-65.380414254549	2560.205913265049	3.111734152976	-1545.458992939839	-69.946372656963	
0.466379310345	-1.061020686657	-0.166513752582	6.504407836217	-417.670955245021	-65.548164118892	2560.461137488544	3.517445781452	-1545.614086294072	-69.782008104330	
0.467241379310	-1.060584136833	-0.166016477939	6.504716416562	-417.499107340347	-65.352411879815	2560.582610188405	3.672642813428	-1545.599076701142	-69.891701997130	
0.468103448276	-1.060373884610	-0.166095330231	6.503591926772	-417.416341520544	-65.383452096214	2560.139954611010	3.117299195004	-1545.320199655412	-69.959166423423	
0.468965517241	-1.060823696776	-0.166486180886	6.504141888790	-417.593410148505	-65.537310516336	2560.356447243147	3.496720851010	-1545.436393396694	-69.758542382788	
0.469827586207	-1.060525708045	-0.165965607209	6.504519371477	-417.476106838871	-65.332386609149	2560.505043360737	3.677546692088	-1545.469461036781	-69.835074358378	
0.470689655172	-1.060437047839	-0.166018783879	6.503478229572	-417.441205735149	-65.353319613333	2560.095197690664	3.108190295809	-1545.283959284563	-69.916097637014	
0.471551724138	-1.060970267481	-0.166450268751	6.504129645415	-417.651107728896	-65.523173699112	2560.351627636937	3.468576766161	-1545.504293440621	-69.735575068308	
0.472413793103	-1.060683721539	-0.166009093333	6.504673160547	-417.538308874865	-65.349504928225	2560.565582451598	3.688624380922	-1545.620233141190	-69.840813153969	
0.473275862069	-1.060457207250	-0.166088671295	6.503651204198	-417.449141490540	-65.380830805342	2560.163289178551	3.117144873576	-1545.427338424509	-69.967974903251	
0.474137931034	-1.060844871826	-0.166560473986	6.504192991198	-417.601745710141	-65.566556006586	2560.376563714035	3.461568155252	-1545.561766830324	-69.801316448238	
0.475000000000	-1.060480734541	-0.166117698160	6.504659382182	-417.458403012219	-65.392257235234	2560.560158596170	3.710745919354	-1545.579890610488	-69.881362081314	
0.475862068966	-1.060184933312	-0.166122674685	6.503498607894	-417.341960813400	-65.394216244977	2560.103219620396	3.123534417372	-1545.283863181024	-69.988187737289	
0.476724137931	-1.060656917211	-0.166542568541	6.503943381049	-417.527757347351	-65.559507525259	2560.278304640667	3.434739961573	-1545.383071947554	-69.781614886675	
0.477586206897	-1.060448205378	-0.166065988825	6.504489302305	-417.445597902360	-65.371901847502	2560.493206626394	3.708274192707	-1545.456056155267	-69.823731454464	
0.478448275862	-1.060287128765	-0.166035002937	6.503436377593	-417.382190069151	-65.359704248063	2560.078722652851	3.110938207355	-1545.263996810605	-69.942495224142	
0.479310344828	-1.060849278483	-0.166490738982	6.503980388457	-417.603480391126	-65.539104811619	2560.292872612685	3.410267720805	-1545.467579484392	-69.759766969473	
0.480172413793	-1.060660805603	-0.166093946634	6.504670797310	-417.529288013093	-65.382907443165	2560.564652162917	3.719173497372	-1545.617316748649	-69.830927673733	
0.481034482759	-1.060362167516	-0.166085770486	6.503638131987	-417.411729084757	-65.379688901420	2560.158143300865	3.125834260283	-1545.411533669981	-69.990989209258	
0.481896551724	-1.060768087764	-0.166545884366	6.504059819786	-417.571519652374	-65.560812800409	2560.324140767441	3.404798936993	-1545.521904639606	-69.811850678922	
0.482758620690	-1.060505498086	-0.166154517194	6.504673639572	-417.468151185613	-65.406751053262	2560.565771019772	3.737987291446	-1545.574887437265	-69.856985357562	
0.483620689655	-1.060151210956	-0.166066014011	6.503516563770	-417.328686002640	-65.371911761808	2560.110287953743	3.138571335149	-1545.275833508512	-69.992327387616	
0.484482758621	-1.060646219862	-0.166471256180	6.503829075019	-417.523546334130	-65.531435403436	2560.233308054560	3.383851639237	-1545.355769897080	-69.776836740961	
0.485344827586	-1.060534990753	-0.166066399685	6.504518902992	-417.479760978429	-65.372063582494	2560.504858941246	3.736682638372	-1545.469466072289	-69.790517091023	
0.486206896552	-1.060299793683	-0.165945716677	6.503484675866	-417.387175615714	-65.324556698199	2560.097735275471	3.136360518242	-1545.276508136826	-69.936403205248	
0.487068965517	-1.060859572710	-0.166406973563	6.503883406411	-417.607532715253	-65.506130541738	2560.254695615430	3.361605192062	-1545.455268952371	-69.752756211614	
0.487931034483	-1.060732584968	-0.166074358718	6.504710405930	-417.557543971437	-65.375196657190	2560.580244102022	3.748256186667	-1545.638513154450	-69.793858288770	
0.488793103448	-1.060354513312	-0.165990957259	6.503677741546	-417.408716006269	-65.342365660087	2560.173735609911	3.160138755290	-1545.418591056547	-69.981749638819	
0.489655172414	-1.060757437669	-0.166472061621	6.503938422014	-417.567327240722	-65.531752465633	2560.276352515722	3.362714151710	-1545.495419521966	-69.807103239424	
0.490517241379	-1.060552998358	-0.166149468548	6.504668048249	-417.486849674988	-65.404763653063	2560.563569994437	3.764121085368	-1545.576749781964	-69.821482773394	
0.491379310345	-1.060135344398	-0.165984927483	6.503543731460	-417.322440129576	-65.339992037726	2560.120982519180	3.177441270859	-1545.272874942612	-69.978637263052	
0.492241379310	-1.060627071289	-0.166416520125	6.503711221516	-417.516008495357	-65.509888547389	2560.186915005162	3.339639769346	-1545.329950113835	-69.773903028502	
0.493103448276	-1.060584061130	-0.166092638865	6.504524888240	-417.499077539714	-65.382392639812	2560.507215035396	3.759258048970	-1545.480076846248	-69.762128265901	
0.493965517241	-1.060299855328	-0.165912759205	6.503541495702	-417.387199882310	-65.311582984126	2560.120102412413	3.182194750089	-1545.288881869366	-69.934389176915	
0.494827586207	-1.060841166972	-0.166391095481	6.503797508482	-417.600287293539	-65.499880132390	2560.220881882274	3.318171601102	-1545.440169146124	-69.764554700363	
0.495689655172	-1.060780508563	-0.166151234785	6.504735372649	-417.576409101784	-65.405458932819	2560.590072255073	3.765283627770	-1545.650508156365	-69.780421297977	
0.496551724138	-1.060349753253	-0.165992161793	6.503790629700	-417.406842208356	-65.342839825111	2560.218174048836	3.207407530420	-1545.437946518731	-69.986294020386	
0.497413793103	-1.060733286521	-0.166491025816	6.503906125848	-417.557820137536	-65.539217723697	2560.263639125297	3.316604789253	-1545.485729741686	-69.830157679330	
0.498275862069	-1.060614121910	-0.166250513351	6.504741618166	-417.510910970420	-65.444539955287	2560.592530803659	3.778643251620	-1545.594540720645	-69.815798758506	
0.499137931034	-1.060171227724	-0.166010485070	6.503718537426	-417.336565606339	-65.350052785785	2560.189794914286	3.225378387680	-1545.308127154256	-69.987817499239	
0.500000000000	-1.060640698423	-0.166449864041	6.503750851935	-417.521372818761	-65.523014384964	2560.202515525471	3.290474127350	-1545.340986499974	-69.802590808572	
0.500862068966	-1.060688426244	-0.166203723412	6.504676474164	-417.540160882947	-65.426121088582	2560.566886857399	3.764880820845	-1545.525907083550	-69.761727965749	
