dbx_v3_20_0_0										
Time	Cx	Cy	Cz	Fx	Fy	Fz	Mx	My	Mz	
0.000000000000	0.000000000000	0.000000000000	0.000000000000	0.000000000000	0.000000000000	0.000000000000	0.000000000000	0.000000000000	0.000000000000	
0.000862068966	4.008663800008	0.003280146734	1.191389236161	1598.794014296641	1.308236166958	475.167306240208	-372.308472530680	-277.995657069601	79.338271330578	
0.001724137931	0.725224873117	0.004669754376	0.822555789462	289.244806749794	1.862459841328	328.063748477647	-247.254319111574	-129.802194929608	22.717665051942	
0.002586206897	0.162637106918	0.017629854942	0.317454006735	64.865313235331	7.031396984296	126.611656927215	-295.766445835406	79.737257472388	35.196193340296	
0.003448275862	0.183836925164	0.014327049354	0.500933632419	73.320535276148	5.714123681031	199.789688791178	-307.960861465208	-88.221333973474	36.460461891001	
0.004310344828	0.228229774981	0.015210109030	0.605325171449	91.025941891864	6.066318475939	241.424651479518	-313.946333758909	-86.901579785947	31.991140096859	
0.005172413793	0.267374049309	0.008688832984	0.648746820738	106.638034751828	3.465407641707	258.742709674911	-317.789149656339	-85.012377227831	27.855381720992	
0.006034482759	0.269462432683	0.000986313227	0.669975125972	107.470954398827	0.393375888242	267.209293313482	-312.703823590592	-88.551605653749	23.271950909827	
0.006896551724	0.280935925659	0.008361509304	0.649714735935	112.046980927600	3.334859617434	259.128747791588	-311.453675730507	-87.413032360966	23.515602099196	
0.007758620690	0.274085356237	0.010724680610	0.684608816122	109.314736485882	4.277374212365	273.045715968574	-310.687022107768	-93.062495143070	23.042394270772	
0.008620689655	0.270483968423	0.010206490775	0.698578989157	107.878378245847	4.070702152321	278.617505008984	-313.155910173335	-96.502028253255	22.300559612783	
0.009482758621	0.273504542231	0.009542945760	0.717937864322	109.083087736317	3.806057409724	286.338495164754	-312.534554633220	-101.321508574683	21.458965209132	
0.010344827586	0.279895482342	0.010462019979	0.750174881766	111.632016083950	4.172616052132	299.195734658878	-312.185590793899	-108.367454130350	20.994038347188	
0.011206896552	0.278266448717	0.010094390975	0.760840074970	110.982301031993	4.025992867889	303.449383232448	-313.288023468202	-111.234287643807	20.486395153496	
0.012068965517	0.270838461488	0.009643644528	0.773013100310	108.019762362397	3.846219567590	308.304407505055	-315.192714409652	-114.047417298001	19.962989721451	
0.012931034483	0.269234051731	0.010090402589	0.791647730122	107.379868162364	4.024402161559	315.736543520591	-316.013780867558	-118.622517243807	19.633670049221	
0.013793103448	0.273396313414	0.010202084640	0.806936971476	109.039922334458	4.068944832968	321.834422709253	-316.263011220710	-122.875278846758	19.196385798160	
0.014655172414	0.275113448996	0.009673141915	0.818621808272	109.724775499008	3.857984147411	326.494740475612	-317.136293308085	-125.664760781204	18.635896488704	
0.015517241379	0.275162552523	0.009052201175	0.832288569660	109.744359686880	3.610331466409	331.945518438832	-318.236038289719	-129.098964568789	18.239349806567	
0.016379310345	0.274176574829	0.009454088108	0.846164530953	109.351117620839	3.770617899531	337.479732571898	-319.792809062014	-133.195893711393	17.923878670190	
0.017241379310	0.272906463466	0.009193830859	0.854361030019	108.844553202741	3.666818291486	340.748780389289	-320.652073576161	-136.375387739805	17.441609880824	
0.018103448276	0.273667461700	0.009101606007	0.864867650409	109.148065665369	3.630035825214	344.939184630760	-320.871822885474	-140.044872360412	16.935217766973	
0.018965517241	0.275098544291	0.009097347731	0.878659661032	109.718830986558	3.628337476854	350.439916328047	-321.679890648692	-144.478566993682	16.406090106460	
0.019827586207	0.274773302588	0.007723832847	0.891091144389	109.589113326528	3.080532152086	355.398022612786	-322.911932154578	-149.022196786100	15.544247153849	
0.020689655172	0.272725128961	0.006912277563	0.903290804879	108.772230719539	2.756855786446	360.263669905775	-323.964503312447	-153.998768334779	14.760195143205	
0.021551724138	0.270509303065	0.006410680567	0.911804604078	107.888482578901	2.556801525336	363.659268009745	-324.385964499607	-157.585852779313	14.081083719158	
0.022413793103	0.270150086283	0.004774127574	0.910317558026	107.745214480092	1.904087488856	363.066182521624	-325.110292921843	-154.477917634426	12.753932450445	
0.023275862069	0.271582617811	0.000343731312	0.891580584703	108.316557687469	0.137091956841	355.593228368046	-326.773420710305	-138.852863530190	10.232703346580	
0.024137931034	0.270418814451	-0.000709086679	0.866833946650	107.852392584309	-0.282808335782	345.723411699244	-327.468931972010	-118.994286351750	10.086608126738	
0.025000000000	0.269267569206	0.001322241856	0.858863294410	107.393236092662	0.527355864854	342.544439421373	-327.076684432271	-111.040342034909	11.370661234630	
0.025862068966	0.268613901723	0.000981393654	0.853911587453	107.132530852460	0.391413792294	340.569527121845	-327.389215572360	-105.937187467030	10.752237293872	
0.026724137931	0.267767493558	0.000243586434	0.848110092369	106.794953950201	0.097150709520	338.255689873941	-327.799583755485	-100.435424702539	10.513013452675	
0.027586206897	0.266808759156	-0.000584760578	0.843110317001	106.412577452919	-0.233222779224	336.261606226493	-328.173259270474	-95.630755037854	10.139480810689	
0.028448275862	0.266692655554	-0.001141879684	0.837831995942	106.366271313730	-0.455421181329	334.156428906732	-328.694117106215	-90.694684506081	9.542188473915	
0.029310344828	0.266359364723	-0.001732412344	0.833894797128	106.233343382356	-0.690946067000	332.586137605073	-329.029401429887	-86.509933472292	9.051249093380	
0.030172413793	0.265869236814	-0.002606851872	0.830896459355	106.037863390519	-1.039702847876	331.390296615618	-329.371469163405	-82.993072042351	8.435042036167	
0.031034482759	0.265245883647	-0.003557940439	0.827962608889	105.789248549676	-1.419029921599	330.220175398613	-329.761400837344	-79.623641482516	7.787743297665	
0.031896551724	0.264569993869	-0.004293596239	0.825279133304	105.519680288161	-1.712434943142	329.149912359250	-330.186963928478	-76.679104518901	7.205847732524	
0.032758620690	0.264072843980	-0.004943359284	0.821612992113	105.321399687473	-1.971582958260	327.687728229235	-330.390057242084	-73.581881853517	6.660583279447	
0.033620689655	0.263564871575	-0.005150698391	0.819754749085	105.118802692369	-2.054276978038	326.946596525914	-330.746977021084	-71.262930615830	6.215434520298	
0.034482758621	0.262915261029	-0.006397202353	0.817963056422	104.859715499207	-2.551425946466	326.232007413693	-330.979572613997	-69.110697654021	5.638728222599	
0.035344827586	0.262454091326	-0.007005455913	0.816060585876	104.675785043179	-2.794018540657	325.473236243932	-331.200088586680	-66.818168696639	5.233441887040	
0.036206896552	0.262220812255	-0.007421065202	0.814569055869	104.582745266957	-2.959777925135	324.878362398812	-331.507025943348	-64.880765672858	4.876817390443	
0.037068965517	0.261923971475	-0.007908604255	0.812975202693	104.464354879041	-3.154225391564	324.242678529007	-331.643228551717	-63.093060193628	4.512364809973	
0.037931034483	0.261682851309	-0.008354020939	0.811473559833	104.368187802752	-3.331872997634	323.643771327991	-331.788872121048	-61.499282638353	4.204210381361	
0.038793103448	0.261326235088	-0.008601278802	0.809809177600	104.225956897794	-3.430488000370	322.979958026476	-331.936365922745	-59.927704843251	3.973849841451	
0.039655172414	0.260994598499	-0.008854760853	0.808579010156	104.093688735529	-3.531585424928	322.489324627439	-332.122641047920	-58.635958500992	3.729978913490	
0.040517241379	0.260852408249	-0.009151945338	0.807662825148	104.036978337370	-3.650112894170	322.123918302569	-332.233178406435	-57.482462666987	3.521386300255	
0.041379310345	0.260657763555	-0.009292868380	0.806345667150	103.959347289620	-3.706317886070	321.598590056564	-332.233765256367	-56.403809202226	3.336186836788	
0.042241379310	0.260444898438	-0.009289368312	0.806299095442	103.874449305436	-3.704921937802	321.580015646053	-332.443532985781	-55.651249864862	3.177973599082	
0.043103448276	0.260055705802	-0.010148856515	0.806187674311	103.719225797648	-4.047715612359	321.535577038391	-332.551261429447	-54.985116317339	2.882394831159	
0.043965517241	0.259730518955	-0.010254837789	0.805974010608	103.589530015948	-4.089984616536	321.450360550550	-332.628386245824	-54.429701739075	2.754046232719	
0.044827586207	0.259521450238	-0.010270427671	0.805821924776	103.506146168096	-4.096202401745	321.389703451493	-332.705756574471	-53.954673435961	2.662612432548	
0.045689655172	0.259362500930	-0.010479573671	0.805886437831	103.442751676764	-4.179617072911	321.415433493079	-332.766136585065	-53.576639052405	2.518803278268	
0.046551724138	0.259315239568	-0.010706862614	0.806412024325	103.423902208303	-4.270267778224	321.625055597148	-332.850142947873	-53.429025110779	2.384099720557	
0.047413793103	0.259216261788	-0.010790002121	0.806601106765	103.384426440073	-4.303426694292	321.700468225426	-332.895132197038	-53.112059233239	2.323020754954	
0.048275862069	0.259032795682	-0.010923877175	0.806804328515	103.311253800357	-4.356820704378	321.781520100663	-332.934216913564	-52.895444091187	2.199450489219	
0.049137931034	0.258907042559	-0.011046768841	0.807089175493	103.261099097736	-4.405834158650	321.895126944831	-332.983244724416	-52.789419370463	2.085704904006	
0.050000000000	0.258815744441	-0.011086946126	0.807224604590	103.224686245247	-4.421858251800	321.949140760716	-333.047072399239	-52.602324681549	2.059649813213	
0.050862068966	0.258755387169	-0.011266673460	0.807368806567	103.200613673943	-4.493539739658	322.006653505368	-333.074418542499	-52.471210322866	1.958639192422	
0.051724137931	0.258666595449	-0.011377524821	0.807590603602	103.165200459527	-4.537751103135	322.095113847787	-333.102479056977	-52.397218441732	1.880717773358	
0.052586206897	0.258600908281	-0.011418127542	0.807930086986	103.139002140905	-4.553944875281	322.230511583487	-333.153401860236	-52.347284440038	1.821476118118	
0.053448275862	0.258559076446	-0.011512846066	0.808309401298	103.122318155760	-4.591721904195	322.381795273700	-333.185657029317	-52.331005315085	1.743860754034	
0.054310344828	0.258537498285	-0.011553654952	0.808622081411	103.113712037469	-4.607997902018	322.506502936448	-333.214693497384	-52.296792229156	1.714943578200	
0.055172413793	0.258447447192	-0.011577020967	0.808890095926	103.077796541572	-4.617317078439	322.613396411010	-333.239277402344	-52.254237073770	1.678854501892	
0.056034482759	0.258397060218	-0.011631826897	0.809204115165	103.057700470483	-4.639175582303	322.738638163728	-333.270882170856	-52.266044516145	1.619461263491	
0.056896551724	0.258381708296	-0.011703907496	0.809480058720	103.051577592334	-4.667923822410	322.848694014097	-333.303359069962	-52.243904470166	1.555240104019	
0.057758620690	0.258431248274	-0.011776330328	0.809805748635	103.071335851829	-4.696808557227	322.978590436451	-333.326750214779	-52.269586668151	1.517505018250	
0.058620689655	0.258493242090	-0.011852107255	0.810118745252	103.096061133479	-4.727031021180	323.103424331933	-333.336161152995	-52.293111234202	1.478661196208	
0.059482758621	0.258495471103	-0.011890224772	0.810411325935	103.096950141227	-4.742233607596	323.220115645612	-333.363118697991	-52.319589076850	1.445210400020	
0.060344827586	0.258360714504	-0.011825501081	0.809969313824	103.043204540404	-4.716419556954	323.043825900946	-333.294584344661	-52.220151298381	1.418592033903	
0.061206896552	0.258260419671	-0.011398535666	0.810809176923	103.003203485990	-4.546130956220	323.378792404119	-333.439465499543	-52.368739964414	1.446550860813	
0.062068965517	0.258168294538	-0.012050447108	0.811361022203	102.966460791121	-4.806135826657	323.598887422305	-333.469869724720	-52.439504959035	1.307382197766	
0.062931034483	0.258104063281	-0.012136618249	0.811867537029	102.940843140384	-4.840503863192	323.800903084258	-333.463382905486	-52.552405108520	1.249639457071	
0.063793103448	0.258120277993	-0.012040641892	0.812109628709	102.947310129358	-4.802225166694	323.897457634208	-333.496102097638	-52.579915240050	1.252921277941	
0.064655172414	0.258064469516	-0.012092354675	0.812236703107	102.925051775000	-4.822850016148	323.948139307050	-333.499483312289	-52.584813884846	1.230000700660	
0.065517241379	0.257973983133	-0.012156360265	0.812544767110	102.888962670542	-4.848377663365	324.071005905083	-333.520362582482	-52.653220223998	1.200775693171	
0.066379310345	0.257822778635	-0.012186925516	0.812764485432	102.828657077887	-4.860568144322	324.158637184385	-333.535642969195	-52.691736818229	1.171637793389	
0.067241379310	0.257670361674	-0.012202664238	0.812975733025	102.767867912648	-4.866845291985	324.242890043932	-333.535641190855	-52.735083288173	1.159997212731	
0.068103448276	0.257534260304	-0.012233154574	0.813179438526	102.713585970714	-4.879005894212	324.324134855808	-333.540168438440	-52.774802444131	1.138860039354	
0.068965517241	0.257430837732	-0.012262274073	0.813357702058	102.672337465946	-4.890619759578	324.395232528789	-333.534797532347	-52.813891292721	1.117490647424	
0.069827586207	0.257377175208	-0.012279993691	0.813517153194	102.650934991915	-4.897686957065	324.458827166226	-333.527500044447	-52.855772488084	1.102071301222	
0.070689655172	0.257360060594	-0.012298890820	0.813680770622	102.644109090783	-4.905223786858	324.524083465383	-333.522473293388	-52.896660128823	1.084746021498	
0.071551724138	0.257392276315	-0.012317925762	0.813843801423	102.656957836730	-4.912815581451	324.589105797694	-333.514822395408	-52.939727176024	1.069932987939	
0.072413793103	0.257475100059	-0.012317889588	0.814031936880	102.689990815469	-4.912801153811	324.664140736385	-333.509005735492	-52.991586475001	1.062414611357	
0.073275862069	0.257587626968	-0.012322131312	0.814251467966	102.734870445665	-4.914492900177	324.751697339732	-333.509643908298	-53.047592167133	1.052748256844	
0.074137931034	0.257716128390	-0.012329572845	0.814467583527	102.786121264701	-4.917460841519	324.837891713151	-333.515593971767	-53.100939119257	1.038242622029	
0.075000000000	0.257808890173	-0.012331224023	0.814688261656	102.823117877924	-4.918119388368	324.925905797223	-333.525549287665	-53.158076943446	1.036695860232	
0.075862068966	0.257891968342	-0.012340087120	0.814928660260	102.856252330358	-4.921654298587	325.021785089789	-333.538507609797	-53.222124112757	1.026914643715	
0.076724137931	0.257927491137	-0.012354626115	0.815145312218	102.870420051405	-4.927452953500	325.108193396830	-333.558302429478	-53.274674513375	1.016837482127	
0.077586206897	0.257912231127	-0.012362799801	0.815374984525	102.864333830954	-4.930712902640	325.199794670495	-333.575222783912	-53.331780629182	1.011404010589	
0.078448275862	0.257862706305	-0.012367149962	0.815588211660	102.844581615852	-4.932447897702	325.284837039858	-333.586343573920	-53.385484588252	1.002676221465	
0.079310344828	0.257779698395	-0.012371818051	0.815791547762	102.811475185509	-4.934309693533	325.365934522231	-333.604249750554	-53.437510097529	0.994635813463	
0.080172413793	0.257683060770	-0.012389129865	0.815945647838	102.772932752167	-4.941214244731	325.427394971904	-333.614148905710	-53.473622352459	0.987009918064	
0.081034482759	0.257579869633	-0.012408051306	0.816103492946	102.731776551709	-4.948760771059	325.490349069807	-333.617875861461	-53.517661913013	0.978622428353	
0.081896551724	0.257492655994	-0.012416448283	0.816239266351	102.696992730471	-4.952109776148	325.544500208145	-333.620720023205	-53.557030370010	0.970732328422	
0.082758620690	0.257416765321	-0.012421224180	0.816355645248	102.666724900709	-4.954014569276	325.590916144601	-333.620279609446	-53.589902772057	0.963301000134	
0.083620689655	0.257354171979	-0.012427745197	0.816450413494	102.641760507027	-4.956615377081	325.628713004657	-333.617034399026	-53.618319717949	0.959948362498	
0.084482758621	0.257324027784	-0.012440576106	0.816543862899	102.629737957900	-4.961732788089	325.665983864882	-333.610140243208	-53.645072610227	0.951757538382	
0.085344827586	0.257318786210	-0.012439597982	0.816643321616	102.627647436400	-4.961342678187	325.705651447451	-333.604577638707	-53.676786787993	0.952001035281	
0.086206896552	0.257343494270	-0.012439531693	0.816742735189	102.637501866737	-4.961316239991	325.745301024616	-333.599670987888	-53.703331482407	0.947308462348	
0.087068965517	0.257379763231	-0.012446527271	0.816862261560	102.651967185170	-4.964106318938	325.792972282624	-333.595011187082	-53.739869662177	0.943112239791	
0.087931034483	0.257421078711	-0.012452992199	0.816994505907	102.668445230094	-4.966684756082	325.845715910365	-333.593753559990	-53.783044911288	0.937692609390	
0.088793103448	0.257454158235	-0.012458014509	0.817146824476	102.681638490529	-4.968687827408	325.906465833079	-333.593933621811	-53.829974164010	0.930854773865	
0.089655172414	0.257476015145	-0.012459654823	0.817300215252	102.690355783249	-4.969342041556	325.967643389298	-333.595623130436	-53.877209478495	0.927225054865	
0.090517241379	0.257490330918	-0.012472417682	0.817461411340	102.696065409557	-4.974432311860	326.031933974236	-333.600178762345	-53.926696165509	0.918079454117	
0.091379310345	0.257498196326	-0.012481181875	0.817618652868	102.699202406756	-4.977927775429	326.094647343801	-333.603887859046	-53.975761992571	0.912729691515	
0.092241379310	0.257503841257	-0.012477819982	0.817761625772	102.701453801011	-4.976586936157	326.151669891457	-333.607240706489	-54.017609039140	0.908143916639	
0.093103448276	0.257509996484	-0.012472844776	0.817899348290	102.703908718593	-4.974602651761	326.206598403202	-333.611860543818	-54.059755593474	0.904490448269	
0.093965517241	0.257529731646	-0.012471827775	0.818023289690	102.711779785288	-4.974197036306	326.256030527815	-333.617306547422	-54.100638597717	0.902042311834	
0.094827586207	0.257542042147	-0.012483800255	0.818136544018	102.716689639281	-4.978972076287	326.301200277972	-333.624262218599	-54.138052218690	0.895181476124	
0.095689655172	0.257535171865	-0.012497882095	0.818224352297	102.713949532827	-4.984588401830	326.336221262075	-333.630907367578	-54.166098031215	0.889078103285	
0.096551724138	0.257521012797	-0.012515246760	0.818309808638	102.708302406000	-4.991514031929	326.370304211760	-333.634728798483	-54.193436170916	0.880571509747	
0.097413793103	0.257513904971	-0.012517285261	0.818411886954	102.705467558737	-4.992327056843	326.411016580739	-333.633129395194	-54.226859404122	0.880422238014	
0.098275862069	0.257522234908	-0.012509495880	0.818521837386	102.708789826139	-4.989220381823	326.454868622534	-333.632930612531	-54.262143346545	0.878170107046	
0.099137931034	0.257512816683	-0.012511083698	0.818596415123	102.705033511752	-4.989853658719	326.484612808193	-333.638080428900	-54.281193665179	0.875576407744	
0.100000000000	0.257483166950	-0.012526706486	0.818633779719	102.693208171065	-4.996084567626	326.499515103470	-333.641731013377	-54.290559352503	0.867842955274	
0.100862068966	0.257454954279	-0.012530154446	0.818703077763	102.681955980450	-4.997459733854	326.527153564701	-333.640582793401	-54.322456565003	0.867524061088	
0.101724137931	0.257442983429	-0.012521618864	0.818789369183	102.677181590618	-4.994055448043	326.561569572797	-333.632954576849	-54.351646114877	0.867643120744	
0.102586206897	0.257404450953	-0.012523334798	0.818854127052	102.661813504231	-4.994739821845	326.587397254334	-333.634096615689	-54.371571165568	0.865233089795	
0.103448275862	0.257346602327	-0.012530889232	0.818896429655	102.638741467901	-4.997752791901	326.604268998408	-333.636303279015	-54.387084515352	0.863754628758	
0.104310344828	0.257324648939	-0.012538109984	0.818948806200	102.629985695943	-5.000632677790	326.625158579100	-333.633387381564	-54.411613688866	0.860587347953	
0.105172413793	0.257332552968	-0.012529503588	0.819028685897	102.633138096454	-4.997200149098	326.657017369917	-333.627228388764	-54.439964674024	0.862634258633	
0.106034482759	0.257353442210	-0.012524572293	0.819118117970	102.641469449885	-4.995233377504	326.692685979305	-333.621202593210	-54.462815458838	0.859967038004	
0.106896551724	0.257370474025	-0.012519398948	0.819200527349	102.648262328113	-4.993170068287	326.725553695002	-333.623742139864	-54.485075056398	0.862171004196	
0.107758620690	0.257395104298	-0.012514621657	0.819268104265	102.658085734163	-4.991264719146	326.752505710374	-333.625801975223	-54.504079807108	0.862624431945	
0.108620689655	0.257410726872	-0.012519504598	0.819321556837	102.664316557936	-4.993212205312	326.773824447983	-333.628662697628	-54.520031374162	0.860233510538	
0.109482758621	0.257432345174	-0.012516390106	0.819409828874	102.672938685877	-4.991970038068	326.809030394960	-333.628182893109	-54.551303516575	0.860817269113	
0.110344827586	0.257450353096	-0.012522569932	0.819491921087	102.680120869052	-4.994434766709	326.841771613745	-333.629770929217	-54.575856401471	0.858355780041	
0.111206896552	0.257463729860	-0.012527908135	0.819577711278	102.685455986241	-4.996563827031	326.875987714320	-333.632808263295	-54.600842541222	0.853552461967	
0.112068965517	0.257452235679	-0.012531844509	0.819643613789	102.680871708468	-4.998133789415	326.902271919235	-333.639489392741	-54.619625009974	0.854313013587	
0.112931034483	0.257431860592	-0.012546824613	0.819726535606	102.672745417817	-5.004108373895	326.935344012891	-333.636067881666	-54.638171281455	0.847165441789	
0.113793103448	0.257430062810	-0.012542870659	0.819816749400	102.672028400178	-5.002531400172	326.971324399394	-333.637154733644	-54.667377171975	0.848258499265	
0.114655172414	0.257441058068	-0.012526475128	0.819901066890	102.676413689930	-4.995992294166	327.004953135774	-333.639674361016	-54.691365515100	0.852720155874	
0.115517241379	0.257439223173	-0.012536381227	0.819940161675	102.675681870252	-4.999943189606	327.020545490713	-333.646330452430	-54.701586087267	0.847384006379	
0.116379310345	0.257417336187	-0.012544884001	0.819974153818	102.666952581942	-5.003334390741	327.034102735032	-333.650670941346	-54.715573601268	0.845110258071	
0.117241379310	0.257412848100	-0.012548913015	0.820030688803	102.665162577067	-5.004941301045	327.056650845956	-333.648034051440	-54.736292959486	0.843780263156	
0.118103448276	0.257422819248	-0.012543657709	0.820104582301	102.669139416630	-5.002845302915	327.086122132987	-333.644936204551	-54.756738081130	0.844384740137	
0.118965517241	0.257432759944	-0.012537285682	0.820162614312	102.673104110555	-5.000303917719	327.109267309649	-333.646977245944	-54.766597393208	0.842348721156	
0.119827586207	0.257431949362	-0.012531323419	0.820211385155	102.672780822323	-4.997925960556	327.128718811983	-333.650564740556	-54.779040769122	0.844972771576	
0.120689655172	0.257433497030	-0.012523214830	0.820239940003	102.673398086006	-4.994691974588	327.140107474515	-333.653224374565	-54.787878118341	0.848892601617	
0.121551724138	0.257433951524	-0.012532876458	0.820269596013	102.673579353787	-4.998545366446	327.151935318745	-333.656292516884	-54.798267679162	0.842237466625	
0.122413793103	0.257432996784	-0.012535484590	0.820308176856	102.673198570444	-4.999585579791	327.167322695842	-333.656804163078	-54.811726719876	0.842451299225	
0.123275862069	0.257430897524	-0.012545124237	0.820352132057	102.672361312940	-5.003430205125	327.184853552698	-333.655455250843	-54.823310895240	0.838016005402	
0.124137931034	0.257428969218	-0.012545065924	0.820398094043	102.671592237827	-5.003406947854	327.203184785319	-333.654343442371	-54.835835389660	0.840043977728	
0.125000000000	0.257425159655	-0.012542975177	0.820435022654	102.670072851910	-5.002573085406	327.217913194977	-333.658292393804	-54.847245577423	0.841189540479	
0.125862068966	0.257420723722	-0.012534987838	0.820484883905	102.668303648270	-4.999387457760	327.237799589225	-333.659533288046	-54.863581879169	0.842250978411	
0.126724137931	0.257411673780	-0.012534134705	0.820525824791	102.664694217592	-4.999047198883	327.254128233349	-333.660013203432	-54.877929934664	0.840525761606	
0.127586206897	0.257393416567	-0.012532077095	0.820567625260	102.657412608509	-4.998226552792	327.270799708716	-333.659122023491	-54.888014409093	0.840005079673	
0.128448275862	0.257369714239	-0.012540236027	0.820600825250	102.647959298888	-5.001480617679	327.284041014723	-333.659393475322	-54.894825913957	0.835402864332	
0.129310344828	0.257353077998	-0.012526898709	0.820651266841	102.641324189859	-4.996161233055	327.304158868956	-333.658128985301	-54.915176758159	0.843669003170	
0.130172413793	0.257336639104	-0.012524539668	0.820687672580	102.634767789087	-4.995220365642	327.318678738956	-333.659551810831	-54.927919354167	0.841632448201	
0.131034482759	0.257301634665	-0.012534134884	0.820700886915	102.620806805934	-4.999047270384	327.323949073966	-333.660062962727	-54.933365896951	0.838211501480	
0.131896551724	0.257274548082	-0.012545548358	0.820722165986	102.610003738392	-5.003599359196	327.332435904590	-333.659521135509	-54.945603473770	0.834709589409	
0.132758620690	0.257273857979	-0.012544434712	0.820772001391	102.609728501294	-5.003155198389	327.352311990947	-333.652698732504	-54.962710287012	0.835382146920	
0.133620689655	0.257283334361	-0.012539386611	0.820822447243	102.613508010615	-5.001141840796	327.372431544521	-333.649667553209	-54.976961759652	0.835969813005	
0.134482758621	0.257287345229	-0.012535295774	0.820861203084	102.615107684016	-4.999510273497	327.387888716450	-333.651301325399	-54.982408513391	0.833908405839	
0.135344827586	0.257297785641	-0.012538821370	0.820874963080	102.619271681893	-5.000916403102	327.393376679802	-333.651811480353	-54.986058199522	0.834189353431	
0.136206896552	0.257317586448	-0.012534038021	0.820898737559	102.627168929842	-4.999008638009	327.402858765560	-333.651433054746	-54.995283047084	0.835403721349	
0.137068965517	0.257321864936	-0.012546641822	0.820903721076	102.628875339253	-5.004035470329	327.404846365116	-333.649479881708	-54.996456352208	0.832006261587	
0.137931034483	0.257314691908	-0.012550321772	0.820910678634	102.626014486981	-5.005503162103	327.407621279939	-333.650572122238	-54.999979875750	0.830341036354	
0.138793103448	0.257317028294	-0.012553663574	0.820915786065	102.626946318852	-5.006835988532	327.409658300486	-333.652499939127	-55.003625943486	0.828607321057	
0.139655172414	0.257336226839	-0.012557389127	0.820927411936	102.634603363487	-5.008321868029	327.414295100773	-333.647514310938	-55.002806359870	0.826417266665	
0.140517241379	0.257351391489	-0.012560366871	0.820932878895	102.640651551605	-5.009509495743	327.416475513396	-333.646138620531	-55.000034290001	0.825372532294	
0.141379310345	0.257373444193	-0.012538137308	0.820961294626	102.649446933713	-5.000643575599	327.427808691577	-333.647200606752	-55.012149803559	0.835164206681	
0.142241379310	0.257391187735	-0.012542181910	0.820960109341	102.656523673167	-5.002256703188	327.427335958831	-333.649439303999	-55.010774640047	0.830876955845	
0.143103448276	0.257390342729	-0.012543546051	0.820944880855	102.656186655622	-5.002800769623	327.421262310785	-333.653054698229	-55.010292127966	0.830393520951	
0.143965517241	0.257383397484	-0.012543529637	0.820952917987	102.653416651153	-5.002794223217	327.424467797465	-333.653614892066	-55.017426809271	0.830026040641	
0.144827586207	0.257362912220	-0.012553669334	0.820967454283	102.645246417974	-5.006838285733	327.430265376256	-333.649109429427	-55.018313193793	0.828301853086	
0.145689655172	0.257357089644	-0.012556585008	0.821001482717	102.642924172936	-5.008001157411	327.443837094544	-333.644997341418	-55.024852786260	0.825160173376	
0.146551724138	0.257378878769	-0.012533687423	0.821057219317	102.651614430956	-4.998868807185	327.466066781704	-333.644579530215	-55.043652579308	0.835134123032	
0.147413793103	0.257398138931	-0.012533801688	0.821064377425	102.659296051080	-4.998914380180	327.468921683298	-333.649741582732	-55.042603007444	0.831447559290	
0.148275862069	0.257380769355	-0.012535945016	0.821055633117	102.652368462461	-4.999769213721	327.465434150410	-333.655585929732	-55.043274919107	0.833903300320	
0.149137931034	0.257358261098	-0.012542599020	0.821078774101	102.643391389630	-5.002423060912	327.474663576558	-333.653767240352	-55.055520625788	0.832162117234	
0.150000000000	0.257336773229	-0.012552652821	0.821114301188	102.634821283067	-5.006432865037	327.488833009574	-333.648974209399	-55.062105175508	0.827981782178	
0.150862068966	0.257330469300	-0.012544045962	0.821155329509	102.632307057607	-5.003000151626	327.505196525747	-333.647884740535	-55.069348294744	0.827650521821	
0.151724137931	0.257348058262	-0.012520465434	0.821206274059	102.639322144881	-4.993595419866	327.525514977373	-333.648765457305	-55.085676236987	0.836591665130	
0.152586206897	0.257365635813	-0.012527227014	0.821217916045	102.646332681590	-4.996292172281	327.530158204694	-333.653316558375	-55.087723814006	0.831328482121	
0.153448275862	0.257345847143	-0.012535409594	0.821217546770	102.638440274274	-4.999555668699	327.530010924879	-333.658381730486	-55.090380943453	0.831848415661	
0.154310344828	0.257326248190	-0.012546634737	0.821244984970	102.630623532858	-5.004032644615	327.540954229998	-333.656532633917	-55.101396486621	0.828006169359	
0.155172413793	0.257312515212	-0.012562299042	0.821276791349	102.625146345180	-5.010280112221	327.553639715936	-333.651544157109	-55.106531327441	0.824276943539	
0.156034482759	0.257321916648	-0.012561105945	0.821314034979	102.628895963667	-5.009804263917	327.568493765804	-333.649875931949	-55.112448346769	0.822680445546	
0.156896551724	0.257349561362	-0.012537041193	0.821356692520	102.639921633575	-5.000206407156	327.585507071202	-333.651268638774	-55.125175388241	0.831234254532	
0.157758620690	0.257368397784	-0.012537678561	0.821354679009	102.647434251181	-5.000460611563	327.584704013207	-333.655951085012	-55.122628160685	0.826133153777	
0.158620689655	0.257348293174	-0.012541411343	0.821338136130	102.639415836097	-5.001949374388	327.578106140066	-333.660419822679	-55.121885473417	0.827742748572	
0.159482758621	0.257331371624	-0.012551061491	0.821353952501	102.632666935574	-5.005798187427	327.584414256567	-333.657546900582	-55.131337527411	0.824992174913	
0.160344827586	0.257322158418	-0.012565269421	0.821379722915	102.628992389757	-5.011464802194	327.594692390792	-333.651893748787	-55.134983798712	0.821040094022	
0.161206896552	0.257324607233	-0.012562308756	0.821413114480	102.629969062054	-5.010283986595	327.608010103727	-333.650178302980	-55.140300326682	0.819814994885	
0.162068965517	0.257330294359	-0.012537786243	0.821455604060	102.632237284961	-5.000503558769	327.624956420510	-333.651172361207	-55.154900116825	0.829628274255	
0.162931034483	0.257325445652	-0.012539594870	0.821458020463	102.630303452821	-5.001224901801	327.625920165557	-333.654241238408	-55.155634645134	0.824700898654	
0.163793103448	0.257293816163	-0.012542847192	0.821447929545	102.617688516410	-5.002522040625	327.621895557970	-333.656966353883	-55.158201783007	0.825939493111	
0.164655172414	0.257271427006	-0.012550036703	0.821469272298	102.608758944975	-5.005389466609	327.630407787430	-333.653041388418	-55.170836013079	0.823637205958	
0.165517241379	0.257256858281	-0.012561578829	0.821501542968	102.602948432752	-5.009992866497	327.643278448509	-333.646155537504	-55.177841552237	0.820248406614	
0.166379310345	0.257254092410	-0.012556777440	0.821540770871	102.601845307448	-5.008077906282	327.658923895504	-333.642814350021	-55.185730618123	0.819678552899	
0.167241379310	0.257256637972	-0.012533018889	0.821585789726	102.602860565914	-4.998602172707	327.676878974647	-333.642263246026	-55.201519145155	0.829248981886	
0.168103448276	0.257252125487	-0.012536384000	0.821586812928	102.601060830470	-4.999944295497	327.677287062921	-333.644215483191	-55.202631933581	0.824012561219	
0.168965517241	0.257228038427	-0.012540073500	0.821572522805	102.591454076330	-5.001415795959	327.671587666731	-333.645783224189	-55.204559170013	0.824814464293	
0.169827586207	0.257220267644	-0.012546400586	0.821585003765	102.588354818865	-5.003939257134	327.676565506050	-333.640873706560	-55.213967754075	0.822147279395	
0.170689655172	0.257216238138	-0.012558634274	0.821601236349	102.586747712483	-5.008818475976	327.683039623193	-333.633696167505	-55.215258329298	0.818866350282	
0.171551724138	0.257217311783	-0.012557494271	0.821619852928	102.587175919314	-5.008363803200	327.690464559742	-333.630451026987	-55.216875377816	0.818045969193	
0.172413793103	0.257228463617	-0.012536432734	0.821644988200	102.591623656928	-4.999963732565	327.700489377192	-333.629563588796	-55.226924015783	0.827239514492	
0.173275862069	0.257247127778	-0.012539001797	0.821629594326	102.599067570824	-5.000988363795	327.694349766944	-333.631364074471	-55.221974070359	0.821690054022	
0.174137931034	0.257249778168	-0.012541171085	0.821599235240	102.600124638190	-5.001853550979	327.682241511671	-333.634130250658	-55.217249818402	0.822879145645	
0.175000000000	0.257259291674	-0.012548280572	0.821597079954	102.603918954070	-5.004689060915	327.681381908577	-333.630828126090	-55.221077103695	0.820922537535	
0.175862068966	0.257265137270	-0.012561895090	0.821601992087	102.606250380440	-5.010119002254	327.683341037522	-333.624986803711	-55.217779092880	0.817767634108	
0.176724137931	0.257267596233	-0.012559832157	0.821609823166	102.607231099887	-5.009296233099	327.686464343398	-333.622981386642	-55.215151877953	0.816714483531	
0.177586206897	0.257268957403	-0.012536776531	0.821622845408	102.607773981984	-5.000100850600	327.691658064321	-333.623442256113	-55.221564313656	0.826163699453	
0.178448275862	0.257276271834	-0.012539149323	0.821599502840	102.610691230441	-5.001047202270	327.682348239455	-333.626213546896	-55.214823509372	0.821389489398	
0.179310344828	0.257281366072	-0.012542167008	0.821569957853	102.612722989072	-5.002250759504	327.670564675293	-333.629357394488	-55.209581014228	0.822916452963	
0.180172413793	0.257302093683	-0.012549223101	0.821572618152	102.620989878281	-5.005064973931	327.671625694577	-333.626983986987	-55.213185467287	0.821112457533	
0.181034482759	0.257317523249	-0.012561960385	0.821582996353	102.627143723906	-5.010145044279	327.675764880732	-333.622751099098	-55.210773263702	0.818150032030	
0.181896551724	0.257334646336	-0.012558572962	0.821600128088	102.633973004140	-5.008794022517	327.682597610155	-333.622511412680	-55.210181711572	0.817538814920	
0.182758620690	0.257357531504	-0.012534395891	0.821625861898	102.643100402024	-4.999151368885	327.692861145399	-333.624945240952	-55.218239416719	0.827151310779	
0.183620689655	0.257373319389	-0.012536185400	0.821610179643	102.649397157910	-4.999865087054	327.686606518735	-333.630149569520	-55.211513037878	0.822474036791	
0.184482758621	0.257360692317	-0.012538052038	0.821583214980	102.644361044034	-5.000609566874	327.675852076842	-333.635575453598	-55.207679096837	0.825495154260	
0.185344827586	0.257350140875	-0.012551212522	0.821579684932	102.640152763336	-5.005858424016	327.674444171353	-333.635997653180	-55.208338300820	0.821120691416	
0.186206896552	0.257349083242	-0.012560824728	0.821595506058	102.639730942550	-5.009692104834	327.680754184474	-333.630634953242	-55.210010340371	0.819715885696	
0.187068965517	0.257365580251	-0.012552889464	0.821624096957	102.646310521433	-5.006527246544	327.692157225766	-333.632052250475	-55.216042404367	0.819973076300	
0.187931034483	0.257384678863	-0.012535797457	0.821641002657	102.653927709374	-4.999710362025	327.698899804434	-333.635117662615	-55.215667810534	0.824462268393	
0.188793103448	0.257397503890	-0.012535477118	0.821636391630	102.659042774503	-4.999582599736	327.697060767180	-333.640630013013	-55.215863749215	0.824855372215	
0.189655172414	0.257397047587	-0.012540833494	0.821624906521	102.658860785262	-5.001718908062	327.692480107881	-333.645293931870	-55.215895897398	0.825771343829	
0.190517241379	0.257386541965	-0.012562213220	0.821614913703	102.654670779104	-5.010245883649	327.688494625653	-333.646924371109	-55.209501319848	0.816790863117	
0.191379310345	0.257382649579	-0.012563867208	0.821639960420	102.653118360686	-5.010905551209	327.698484124458	-333.643298108366	-55.216815615704	0.817016340601	
0.192241379310	0.257398208664	-0.012546614325	0.821684543218	102.659323862807	-5.004024503940	327.716265288730	-333.640927938781	-55.229707370134	0.824623429730	
0.193103448276	0.257400972607	-0.012540150172	0.821691947664	102.660426219256	-5.001446375746	327.719218438255	-333.648339956128	-55.227719674683	0.823022923927	
0.193965517241	0.257374972863	-0.012538055744	0.821676701065	102.650056620605	-5.000611044918	327.713137566456	-333.655043837716	-55.227285098271	0.825909507431	
0.194827586207	0.257358832539	-0.012554381358	0.821673054728	102.643619300197	-5.007122265606	327.711683280865	-333.655929233620	-55.229514172012	0.820390530974	
0.195689655172	0.257367719839	-0.012559339479	0.821703596539	102.647163863206	-5.009099735984	327.723864413290	-333.648996141031	-55.238680768594	0.819744765310	
0.196551724138	0.257384123925	-0.012550871965	0.821750696043	102.653706381025	-5.005722598106	327.742649327637	-333.647540626482	-55.249558390743	0.819736282705	
0.197413793103	0.257381004553	-0.012534718840	0.821784345197	102.652462267517	-4.999280172211	327.756069776025	-333.649760468664	-55.255010878662	0.825803592392	
0.198275862069	0.257360321792	-0.012535993068	0.821785872911	102.644213265742	-4.999788378514	327.756679081428	-333.656327325759	-55.257824676244	0.825239117527	
0.199137931034	0.257327978350	-0.012539418499	0.821774322654	102.631313580222	-5.001154558868	327.752072438740	-333.659331572465	-55.258466698798	0.825590805899	
0.200000000000	0.257301275861	-0.012555806590	0.821768011398	102.620663702757	-5.007690697344	327.749555291048	-333.658153758248	-55.253874901809	0.816840862125	
0.200862068966	0.257292390076	-0.012552955812	0.821808581580	102.617119743527	-5.006553708355	327.765736085144	-333.650151764240	-55.267814632303	0.819457860822	
0.201724137931	0.257312123810	-0.012535963168	0.821853515255	102.624990240587	-4.999776453327	327.783657191745	-333.647636015713	-55.280903712102	0.826413541422	
0.202586206897	0.257316061318	-0.012534025914	0.821860736632	102.626560655049	-4.999003809437	327.786537326925	-333.653943901709	-55.278826006078	0.822873906685	
0.203448275862	0.257286680797	-0.012536335749	0.821844927473	102.614842685223	-4.999925051543	327.780232086532	-333.658435201805	-55.279710342714	0.824981077754	
0.204310344828	0.257264836068	-0.012552462608	0.821847064543	102.606130250575	-5.006357001821	327.781084424067	-333.655708212612	-55.282964652943	0.819240959721	
0.205172413793	0.257263156309	-0.012556149748	0.821881286625	102.605460304626	-5.007827560900	327.794733376061	-333.646387059045	-55.293590783902	0.818776129705	
0.206034482759	0.257273485965	-0.012547750176	0.821917624137	102.609580129183	-5.004477520611	327.809226035138	-333.645671113892	-55.300415278788	0.818354316578	
0.206896551724	0.257275915054	-0.012535715007	0.821940562910	102.610548934130	-4.999677477923	327.818374812663	-333.645751389448	-55.302204870300	0.823261444032	
0.207758620690	0.257269047762	-0.012540089610	0.821928670758	102.607810019946	-5.001422221532	327.813631810206	-333.650494527973	-55.302024712800	0.822176444672	
0.208620689655	0.257257851168	-0.012545306963	0.821913148490	102.603344430410	-5.003503082495	327.807440992076	-333.650946812650	-55.300181524700	0.821039857237	
0.209482758621	0.257257655920	-0.012561929602	0.821901523294	102.603266558736	-5.010132766706	327.802804460836	-333.648808726769	-55.293433128625	0.812707587677	
0.210344827586	0.257271543675	-0.012559235471	0.821932920941	102.608805476610	-5.009058254112	327.815326930590	-333.641668430950	-55.303838512205	0.815436631141	
0.211206896552	0.257303561805	-0.012544388168	0.821960470256	102.621575416354	-5.003136635092	327.826314551737	-333.640061261834	-55.310647434887	0.821359818870	
0.212068965517	0.257308829033	-0.012542518680	0.821954278220	102.623676169186	-5.002391018454	327.823844953377	-333.646978366615	-55.306125848796	0.819544250103	
0.212931034483	0.257284997032	-0.012545638550	0.821930684469	102.614171141556	-5.003635330889	327.814434947844	-333.650890820028	-55.304378953847	0.820699051602	
0.213793103448	0.257274021460	-0.012561696906	0.821922444733	102.609793703253	-5.010039959577	327.811148655556	-333.649103768237	-55.303400017721	0.814707744449	
0.214655172414	0.257288100606	-0.012560390478	0.821951249616	102.615408954604	-5.009518910771	327.822637041020	-333.640809877409	-55.312675766699	0.815564111473	
0.215517241379	0.257313528203	-0.012550666691	0.821980533605	102.625550361198	-5.005640727696	327.834316510359	-333.640165552052	-55.316538787011	0.816101822511	
0.216379310345	0.257330797393	-0.012537955141	0.821998771951	102.632437912268	-5.000570920981	327.841590594904	-333.642338195604	-55.318346816664	0.821587272394	
0.217241379310	0.257333639160	-0.012540459079	0.821979072265	102.633571307416	-5.001569578450	327.833733677375	-333.649602335818	-55.315571490960	0.820984319021	
0.218103448276	0.257318426712	-0.012548026832	0.821953414699	102.627504056416	-5.004587860406	327.823500551097	-333.652168508708	-55.309864754445	0.818889353967	
0.218965517241	0.257308022598	-0.012562024432	0.821936007039	102.623354534944	-5.010170588189	327.816557773368	-333.650531406064	-55.301711281920	0.812095840761	
0.219827586207	0.257312000365	-0.012554044374	0.821969835091	102.624941006508	-5.006987864831	327.830049572662	-333.643108119035	-55.314674233953	0.818029212131	
0.220689655172	0.257336230377	-0.012539544453	0.821983028865	102.634604774553	-5.001204793846	327.835311706780	-333.644879132026	-55.315777982225	0.821809303155	
0.221551724138	0.257337633821	-0.012537099251	0.821963953540	102.635164516784	-5.000229562486	327.827703805999	-333.652826357765	-55.308207375932	0.820546178473	
0.222413793103	0.257319472280	-0.012542236837	0.821932129585	102.627921064953	-5.002278609700	327.815011310185	-333.656828655487	-55.305226004572	0.821252904662	
0.223275862069	0.257317776158	-0.012556353560	0.821925177540	102.627244592951	-5.007908847991	327.812238593810	-333.653052825239	-55.303614681866	0.816205001170	
0.224137931034	0.257330859432	-0.012554602499	0.821951069513	102.632462655808	-5.007210464476	327.822565209967	-333.646777509196	-55.311709801033	0.817051365994	
0.225000000000	0.257341375209	-0.012545108414	0.821968952877	102.636656712015	-5.003423894101	327.829697714842	-333.648964469434	-55.311117813236	0.817734284650	
0.225862068966	0.257341670112	-0.012537671477	0.821975465157	102.636774329460	-5.000457786223	327.832295037746	-333.651012954226	-55.310470083660	0.822343319036	
0.226724137931	0.257336250571	-0.012541829551	0.821950628757	102.634612828641	-5.002116170048	327.822389421076	-333.657146717164	-55.307651418880	0.822014950216	
0.227586206897	0.257325351605	-0.012552090419	0.821926695311	102.630265943615	-5.006208559573	327.812843933648	-333.658579732895	-55.300805539369	0.817954129679	
0.228448275862	0.257327357682	-0.012563074329	0.821914653008	102.631066036562	-5.010589323700	327.808041045878	-333.656840941510	-55.294410922827	0.812678451454	
0.229310344828	0.257342587531	-0.012555496480	0.821949194938	102.637140227976	-5.007567014832	327.821817564526	-333.650487836200	-55.305853311567	0.817913866554	
0.230172413793	0.257368977013	-0.012542609508	0.821964212542	102.647665267585	-5.002427244008	327.827807105006	-333.652741317799	-55.306971739030	0.821477927150	
0.231034482759	0.257365688715	-0.012539557660	0.821951749649	102.646353780568	-5.001210061401	327.822836471510	-333.660932586678	-55.301994528811	0.821794668713	
0.231896551724	0.257343661415	-0.012547390610	0.821930546747	102.637568530147	-5.004334113076	327.814380019747	-333.664840777117	-55.300673647959	0.820606140575	
0.232758620690	0.257338380125	-0.012561200329	0.821930585147	102.635462168690	-5.009841907371	327.814395334796	-333.662181334117	-55.300410999262	0.815949662655	
0.233620689655	0.257352177922	-0.012556880997	0.821971300214	102.640965208025	-5.008119208304	327.830633914386	-333.655992957454	-55.312081361347	0.817191843851	
0.234482758621	0.257365703118	-0.012545474852	0.822003407908	102.646359525146	-5.003570042590	327.843439575143	-333.657399152574	-55.314826848509	0.819236109439	
0.235344827586	0.257369420580	-0.012537997614	0.822021991797	102.647842177792	-5.000587860659	327.850851473752	-333.661608237384	-55.317668751887	0.822504700739	
0.236206896552	0.257363221183	-0.012540421903	0.822006256763	102.645369643150	-5.001554751449	327.844575797359	-333.668870947795	-55.316204494901	0.822861695382	
0.237068965517	0.257347288561	-0.012553951045	0.821991197424	102.639015161516	-5.006950641866	327.838569611138	-333.670798948219	-55.310482453558	0.817083634662	
0.237931034483	0.257342023401	-0.012563499558	0.821994914515	102.636915233402	-5.010758919581	327.840052115552	-333.667800272318	-55.308651675188	0.812949653339	
0.238793103448	0.257352125537	-0.012550758820	0.822043906516	102.640944315227	-5.005677471906	327.859591823075	-333.661991813243	-55.325353245506	0.820945942625	
0.239655172414	0.257366428797	-0.012541484610	0.822057410747	102.646648950929	-5.001978595552	327.864977778532	-333.666917009057	-55.324027446297	0.820578331382	
0.240517241379	0.257347000634	-0.012538930154	0.822042332509	102.638900326494	-5.000959790284	327.858964054567	-333.674909632415	-55.319684752682	0.821566496224	
0.241379310345	0.257314666582	-0.012548167971	0.822025311266	102.626004386295	-5.004644151773	327.852175393033	-333.677296963878	-55.320250932366	0.819604091277	
0.242241379310	0.257302933088	-0.012559784436	0.822036323295	102.621324662135	-5.009277200411	327.856567371779	-333.670973247008	-55.322935527873	0.815731527257	
0.243103448276	0.257312032504	-0.012554783299	0.822077051916	102.624953824410	-5.007282573411	327.872811357089	-333.666342193042	-55.334954363435	0.816471099027	
0.243965517241	0.257319160358	-0.012542821664	0.822105502022	102.627796659831	-5.002511859234	327.884158245287	-333.667764311241	-55.336457430338	0.818658219564	
0.244827586207	0.257315141314	-0.012539241560	0.822114831992	102.626193725795	-5.001083989484	327.887879360583	-333.670600776441	-55.338809355325	0.821050146048	
0.245689655172	0.257299445184	-0.012541079662	0.822097938484	102.619933565206	-5.001817088382	327.881141643995	-333.675285393078	-55.338937757692	0.821806236497	
0.246551724138	0.257274918670	-0.012556502989	0.822080800693	102.610151541799	-5.007968445704	327.874306499409	-333.675252319694	-55.332615479313	0.814480535533	
0.247413793103	0.257264127768	-0.012562918443	0.822084165446	102.605847755891	-5.010527151090	327.875648479264	-333.670570417037	-55.332989247407	0.811800764904	
0.248275862069	0.257273825825	-0.012551476814	0.822122579789	102.609715677112	-5.005963832867	327.890969450395	-333.663333287862	-55.346516492318	0.818548386995	
0.249137931034	0.257290046581	-0.012543467293	0.822128444854	102.616185076671	-5.002769358260	327.893308641376	-333.666164336243	-55.345040944785	0.818447277431	
0.250000000000	0.257278926201	-0.012540513721	0.822107528933	102.611749883765	-5.001591371633	327.884966647279	-333.671852441274	-55.341113106115	0.820367174580	
0.250862068966	0.257261632452	-0.012552688478	0.822086310216	102.604852537526	-5.006447086325	327.876503887825	-333.672415678270	-55.340308836269	0.816422237661	
0.251724137931	0.257264910943	-0.012561989664	0.822090518450	102.606160113308	-5.010156721604	327.878182277293	-333.665403988833	-55.342412327957	0.813690797152	
0.252586206897	0.257286359089	-0.012555798694	0.822126858378	102.614714377054	-5.007687548345	327.892675899699	-333.659430035042	-55.352829425279	0.814321804586	
0.253448275862	0.257301236054	-0.012542332665	0.822149388974	102.620647826388	-5.002316829473	327.901661882335	-333.659449426402	-55.354051492591	0.818495982325	
0.254310344828	0.257303190631	-0.012540520040	0.822147929261	102.621427379219	-5.001593891818	327.901079698118	-333.663490757149	-55.354217829784	0.819168622203	
0.255172413793	0.257294825292	-0.012542295311	0.822119761413	102.618090992138	-5.002301931433	327.889845384256	-333.667603214015	-55.350858937906	0.820475202751	
0.256034482759	0.257285148935	-0.012559199003	0.822094048035	102.614231725963	-5.009043709447	327.879589998089	-333.666940449588	-55.341789181622	0.812443473192	
0.256896551724	0.257290893470	-0.012562977156	0.822100554734	102.616522845435	-5.010550567799	327.882185095320	-333.660286642745	-55.343948402412	0.811807529903	
0.257758620690	0.257318857521	-0.012546349227	0.822134988599	102.627675877661	-5.003918773526	327.895918513695	-333.655055496298	-55.356398366897	0.820569174344	
0.258620689655	0.257340637869	-0.012540797492	0.822129625016	102.636362635024	-5.001704549079	327.893779330985	-333.660625208760	-55.349963474951	0.817584815353	
0.259482758621	0.257328708209	-0.012538636783	0.822099191281	102.631604673459	-5.000842783603	327.881641302783	-333.666965017382	-55.344621010903	0.820487694780	
0.260344827586	0.257315984550	-0.012551454834	0.822079614703	102.626530037254	-5.005955066269	327.873833485405	-333.666976980064	-55.343563795188	0.816730805054	
0.261206896552	0.257321383369	-0.012560001614	0.822090300478	102.628683273578	-5.009363818483	327.878095342656	-333.658954124120	-55.346564974455	0.814840648238	
0.262068965517	0.257339827690	-0.012553569044	0.822118875472	102.636039507691	-5.006798286593	327.889492040524	-333.657229610008	-55.353763075029	0.815136274315	
0.262931034483	0.257348983780	-0.012540175064	0.822135498918	102.639691273810	-5.001456303494	327.896122046459	-333.658490439230	-55.352667862389	0.819583828611	
0.263793103448	0.257345378457	-0.012540512983	0.822124647939	102.638253345972	-5.001591077150	327.891794300206	-333.663247474032	-55.351427649043	0.820116934644	
0.264655172414	0.257329888931	-0.012541456290	0.822098443496	102.632075586345	-5.001967300602	327.881343060234	-333.666859886810	-55.348325284974	0.821310922502	
0.265517241379	0.257311710939	-0.012558465962	0.822072861296	102.624825573184	-5.008751347367	327.871139992508	-333.666737719009	-55.338323612189	0.812887667759	
0.266379310345	0.257307967936	-0.012560085312	0.822081904580	102.623332734025	-5.009397199989	327.874746767549	-333.661065211404	-55.341695279858	0.813236923842	
0.267241379310	0.257327561409	-0.012545357715	0.822109747855	102.631147289903	-5.003523324091	327.885851630535	-333.656660816295	-55.350794702967	0.820867081824	
0.268103448276	0.257337816714	-0.012540891896	0.822102979236	102.635237460677	-5.001742200936	327.883152070573	-333.662377473483	-55.345165301122	0.818973765585	
0.268965517241	0.257317091081	-0.012539667007	0.822072728916	102.626971360314	-5.001253672556	327.871087194998	-333.668016041836	-55.340262152772	0.821586289275	
0.269827586207	0.257298073589	-0.012555166541	0.822051846148	102.619386525753	-5.007435423894	327.862758423500	-333.668158909200	-55.337606313591	0.816117750736	
0.270689655172	0.257298860230	-0.012559731831	0.822063732210	102.619700265356	-5.009256219512	327.867498996913	-333.660196734690	-55.341872054295	0.815541858054	
0.271551724138	0.257313269564	-0.012552427830	0.822093529201	102.625447207119	-5.006343131118	327.879383069416	-333.657242437386	-55.348004519896	0.815534953535	
0.272413793103	0.257320137423	-0.012537664225	0.822112109617	102.628186346861	-5.000454893679	327.886793582758	-333.658019422652	-55.348684310542	0.821222706183	
0.273275862069	0.257315959885	-0.012539422065	0.822098399123	102.626520200123	-5.001155981204	327.881325362700	-333.663869504146	-55.346461685498	0.820422463799	
0.274137931034	0.257299308752	-0.012543592472	0.822069521442	102.619879151500	-5.002819283989	327.869807942991	-333.666807033979	-55.341411158536	0.820775605233	
0.275000000000	0.257284230172	-0.012561633624	0.822044381162	102.613865291062	-5.010014720763	327.859781128435	-333.665550843545	-55.330907962616	0.811970881781	
0.275862068966	0.257281893401	-0.012560106588	0.822063696980	102.612933306130	-5.009405685774	327.867484946068	-333.657647819448	-55.338290207699	0.814429793085	
0.276724137931	0.257303537768	-0.012543367131	0.822086200238	102.621565829497	-5.002729410353	327.876460024977	-333.655291006685	-55.344720495446	0.821565210658	
0.277586206897	0.257310843905	-0.012541214865	0.822071654359	102.624479770031	-5.001871011926	327.870658624275	-333.661683856149	-55.336232294391	0.818174766173	
0.278448275862	0.257289801519	-0.012543163061	0.822035767558	102.616087337409	-5.002648019890	327.856345724917	-333.666396393175	-55.330966741984	0.820642940490	
0.279310344828	0.257279432075	-0.012559885636	0.822017388390	102.611951643875	-5.009317562302	327.849015475636	-333.664094927704	-55.326941996103	0.814229872767	
0.280172413793	0.257288191765	-0.012566090981	0.822027724901	102.615445311898	-5.011792469044	327.853138034509	-333.655955720186	-55.327189884640	0.811786067005	
0.281034482759	0.257310647286	-0.012545176442	0.822058900721	102.624401351794	-5.003451026179	327.865572031537	-333.653937110081	-55.336314060543	0.818908510281	
0.281896551724	0.257319423687	-0.012538853744	0.822069271630	102.627901684473	-5.000929315227	327.869708309461	-333.656401945484	-55.334744954986	0.820140630846	
0.282758620690	0.257309502713	-0.012543791663	0.822036063919	102.623944856379	-5.002898728358	327.856463923681	-333.662430768223	-55.327725344165	0.820510573034	
0.283620689655	0.257291019406	-0.012553193251	0.822004270334	102.616573073035	-5.006648407482	327.843783540293	-333.665898866010	-55.322949581741	0.816470229233	
0.284482758621	0.257282828980	-0.012560249916	0.822001038022	102.613306447534	-5.009462849676	327.842494382458	-333.659163275054	-55.322347889728	0.814926372475	
0.285344827586	0.257294606864	-0.012559244597	0.822030645851	102.618003875683	-5.009061893698	327.854303010452	-333.652286285789	-55.329490790648	0.813654226189	
0.286206896552	0.257310020244	-0.012545499890	0.822050020180	102.624151265725	-5.003580028479	327.862030164167	-333.652360986063	-55.329639802167	0.818367453810	
0.287068965517	0.257316922067	-0.012540842219	0.822044660436	102.626903951768	-5.001722387923	327.859892512715	-333.657043547376	-55.327989972638	0.819609008036	
0.287931034483	0.257309243881	-0.012543760328	0.822015249912	102.623841625017	-5.002886230947	327.848162576815	-333.661773641502	-55.323534089063	0.820774979437	
0.288793103448	0.257297658827	-0.012562443042	0.821992206987	102.619221103992	-5.010337544416	327.838972259764	-333.661772461630	-55.315182097353	0.812407397857	
0.289655172414	0.257301710547	-0.012566438844	0.822006012627	102.620837070597	-5.011931208667	327.844478427272	-333.654998757357	-55.318948837063	0.811256634596	
0.290517241379	0.257326031312	-0.012549135515	0.822051117226	102.630537034099	-5.005030041706	327.862467704160	-333.649835473251	-55.333456448924	0.820267801219	
0.291379310345	0.257342174925	-0.012543875880	0.822056563443	102.636975666473	-5.002932316903	327.864639844123	-333.655698157916	-55.329143867062	0.817513067417	
0.292241379310	0.257323899902	-0.012542587243	0.822035411396	102.629686954208	-5.002418364071	327.856203674945	-333.662529816725	-55.325685186372	0.820374167513	
0.293103448276	0.257304878391	-0.012555494573	0.822023345207	102.622100516251	-5.007566254306	327.851391260913	-333.662951767567	-55.326161451378	0.816388032315	
0.293965517241	0.257304927271	-0.012563308738	0.822040569954	102.622120011460	-5.010682814016	327.858261086597	-333.654881163050	-55.330410909063	0.814280712327	
0.294827586207	0.257320511423	-0.012555910100	0.822075170773	102.628335511233	-5.007731980880	327.872061092039	-333.653073073103	-55.338774170531	0.814549403290	
0.295689655172	0.257331086338	-0.012542066627	0.822097663805	102.632553153549	-5.002210724282	327.881032092687	-333.654475357376	-55.338827521092	0.818989397530	
0.296551724138	0.257333685859	-0.012542854774	0.822093877978	102.633589932872	-5.002525064708	327.879522173762	-333.659445164591	-55.338913503072	0.819383161788	
0.297413793103	0.257326770173	-0.012544686739	0.822076487350	102.630831717407	-5.003255715621	327.872586188650	-333.663381724663	-55.337556894949	0.820302221735	
0.298275862069	0.257315905663	-0.012562401335	0.822061130973	102.626498574635	-5.010320910164	327.866461533509	-333.663753168454	-55.329755266985	0.811658835857	
0.299137931034	0.257316681427	-0.012564310093	0.822082097296	102.626807976100	-5.011082189278	327.874823629639	-333.658633477467	-55.335907634701	0.811918175057	
0.300000000000	0.257339019429	-0.012549552433	0.822123199791	102.635717145325	-5.005196323045	327.891216728638	-333.654834691903	-55.348213683925	0.819464016844	
0.300862068966	0.257350881612	-0.012544725002	0.822129475443	102.640448195005	-5.003270976379	327.893719676219	-333.661282415590	-55.345725765329	0.817576946972	
0.301724137931	0.257330029514	-0.012542950976	0.822110449431	102.632131655544	-5.002563433252	327.886131443422	-333.667705232353	-55.343530968937	0.820277132646	
0.302586206897	0.257309154927	-0.012557806961	0.822098105005	102.623806147213	-5.008488514875	327.881208058537	-333.668542750651	-55.343009491700	0.814812946284	
0.303448275862	0.257308069467	-0.012561732467	0.822116080468	102.623373228084	-5.010054142728	327.888377295960	-333.661179137534	-55.348925724028	0.814149978103	
0.304310344828	0.257322776636	-0.012554116884	0.822150527571	102.629238956467	-5.007016784274	327.902115994206	-333.658785545569	-55.356432252007	0.814090020911	
0.305172413793	0.257332381935	-0.012539598401	0.822173287764	102.633069882640	-5.001226310019	327.911193547440	-333.660107546831	-55.358408681995	0.819703366095	
0.306034482759	0.257331016486	-0.012541834744	0.822163655707	102.632525294241	-5.002118241287	327.907351949633	-333.666490176486	-55.357546964182	0.818755607372	
0.306896551724	0.257314914309	-0.012546265700	0.822139023051	102.626103188143	-5.003885459824	327.897527593036	-333.669925088033	-55.354131029403	0.819023443350	
0.307758620690	0.257298468451	-0.012564266193	0.822118857069	102.619544010437	-5.011064680196	327.889484700546	-333.669079969186	-55.345697768987	0.810281610705	
0.308620689655	0.257294494602	-0.012562415862	0.822144035917	102.617959101758	-5.010326704214	327.899526897625	-333.661475392211	-55.355478724675	0.812888119009	
0.309482758621	0.257314240420	-0.012544923529	0.822172513754	102.625834417787	-5.003350155542	327.910884845830	-333.659345050526	-55.364364569385	0.820211070005	
0.310344827586	0.257318081811	-0.012541689738	0.822162901256	102.627366497895	-5.002060407978	327.907051048183	-333.665927602162	-55.358108340107	0.816989523672	
0.311206896552	0.257292287597	-0.012542419518	0.822130716761	102.617078871583	-5.002351469246	327.894214756832	-333.670662363602	-55.354924854895	0.819607869506	
0.312068965517	0.257277092120	-0.012556391367	0.822117022304	102.611018388729	-5.007923926653	327.888752932763	-333.668046133320	-55.354287240749	0.814620799905	
0.312931034483	0.257281199843	-0.012558842681	0.822134706060	102.612656691173	-5.008901595647	327.895805827327	-333.659060557732	-55.360671016968	0.814444672419	
0.313793103448	0.257294507906	-0.012550012954	0.822154599669	102.617964407674	-5.005379994853	327.903740087656	-333.658747974885	-55.363775067964	0.814441588662	
0.314655172414	0.257300092580	-0.012537581438	0.822163307703	102.620191769001	-5.000421875515	327.907213153539	-333.658948084362	-55.362672466697	0.819874344702	
0.315517241379	0.257297663070	-0.012541001364	0.822138885863	102.619222796416	-5.001785860289	327.897472877732	-333.663859702243	-55.359821764984	0.819328517985	
0.316379310345	0.257286066459	-0.012545623587	0.822108799587	102.614597666110	-5.003629363146	327.885473428430	-333.665234770384	-55.354466928876	0.818631351622	
0.317241379310	0.257278517171	-0.012561265919	0.822081716999	102.611586748527	-5.009868066920	327.874671953682	-333.663607887245	-55.344235863158	0.810908325126	
0.318103448276	0.257282435640	-0.012558484760	0.822098417899	102.613149569911	-5.008758844395	327.881332851371	-333.656147136329	-55.351387674167	0.813752909380	
0.318965517241	0.257307219867	-0.012542941056	0.822112624674	102.623034378137	-5.002559476859	327.886999005660	-333.653893516512	-55.355249064912	0.820216366136	
0.319827586207	0.257311677759	-0.012539649757	0.822094169508	102.624812340116	-5.001246792754	327.879638446046	-333.660206823705	-55.347570517804	0.818722113867	
0.320689655172	0.257289563807	-0.012542019947	0.822056864495	102.615992529515	-5.002192106664	327.864759914172	-333.663993509455	-55.342248900755	0.820217272327	
0.321551724138	0.257279130920	-0.012557862409	0.822035111230	102.611831532969	-5.008510629382	327.856083958294	-333.661931328158	-55.337879857594	0.814566801447	
0.322413793103	0.257290970256	-0.012557255319	0.822052560352	102.616553470092	-5.008268500685	327.863043272618	-333.653106176775	-55.344164810034	0.815525040227	
0.323275862069	0.257311443975	-0.012548380617	0.822071817048	102.624719098903	-5.004728962318	327.870723510467	-333.651959416518	-55.345098078468	0.816026298490	
0.324137931034	0.257321722224	-0.012536248829	0.822080363965	102.628818420410	-4.999890384693	327.874132316826	-333.653561876497	-55.343976100829	0.821481237486	
0.325000000000	0.257318535963	-0.012539645528	0.822051295914	102.627547629396	-5.001245105881	327.862538971067	-333.660147657046	-55.338432048332	0.820796482929	
0.325862068966	0.257301541669	-0.012548254962	0.822016874084	102.620769716134	-5.004678846588	327.848810352751	-333.661854826003	-55.329963273000	0.818494725208	
0.326724137931	0.257293741145	-0.012563122411	0.821992158247	102.617658596857	-5.010608500445	327.838952820666	-333.659334850953	-55.319502310576	0.811410081477	
0.327586206897	0.257302660244	-0.012555980845	0.822020041832	102.621215842638	-5.007760196369	327.850073760423	-333.651241516089	-55.330399975570	0.817048762340	
0.328448275862	0.257331264110	-0.012542564723	0.822030061635	102.632624055512	-5.002409381978	327.854070004859	-333.652372735914	-55.330217152948	0.820735020073	
0.329310344828	0.257334722508	-0.012541211075	0.822010109881	102.634003384381	-5.001869500453	327.846112554174	-333.659801251816	-55.321720747135	0.819194181757	
0.330172413793	0.257313985462	-0.012547318817	0.821978543425	102.625732731998	-5.004305479506	327.833522757713	-333.663560109538	-55.318117468461	0.819805482782	
0.331034482759	0.257307082222	-0.012562131681	0.821973247211	102.622979480672	-5.010213362880	327.831410444237	-333.659379141007	-55.316539941998	0.814810260625	
0.331896551724	0.257316793565	-0.012560950055	0.822002786050	102.626852700681	-5.009742089467	327.843191556423	-333.652385412166	-55.325300518190	0.815577597663	
0.332758620690	0.257328756554	-0.012550735586	0.822026499264	102.631623955088	-5.005668205288	327.852649207994	-333.653839459415	-55.325993796113	0.816244066386	
0.333620689655	0.257332952598	-0.012541329103	0.822040094700	102.633297482708	-5.001916573948	327.858071538916	-333.655400980564	-55.326795415453	0.821035672501	
0.334482758621	0.257327799753	-0.012543753903	0.822022354861	102.631242349716	-5.002883668375	327.850996276281	-333.661271577339	-55.325324055137	0.821089071520	
0.335344827586	0.257309551972	-0.012553261963	0.822004295865	102.623964502429	-5.006675811905	327.843793723089	-333.662438002782	-55.319739941489	0.817249738322	
0.336206896552	0.257298487838	-0.012564085203	0.821996543298	102.619551742637	-5.010992495164	327.840701730746	-333.660118025046	-55.314604988717	0.811882998802	
0.337068965517	0.257301405254	-0.012556276938	0.822034624750	102.620715308871	-5.007878288738	327.855889933365	-333.652799641330	-55.327370668828	0.816941122973	
0.337931034483	0.257320978559	-0.012543134658	0.822053103325	102.628521821286	-5.002636691844	327.863259829107	-333.653818876133	-55.329712121254	0.820339735306	
0.338793103448	0.257315063065	-0.012540183870	0.822043868083	102.626162517108	-5.001459815317	327.859576494728	-333.660699258656	-55.325765042583	0.820450402027	
0.339655172414	0.257291115587	-0.012548385375	0.822025756238	102.616611433419	-5.004730859862	327.852352863560	-333.663277308942	-55.325599321047	0.819042615657	
0.340517241379	0.257284263584	-0.012562673621	0.822029377410	102.613878617101	-5.010429507447	327.853797112110	-333.659210238152	-55.326876722451	0.814100134056	
0.341379310345	0.257298035629	-0.012558740819	0.822074280387	102.619371385994	-5.008860969639	327.871705975267	-333.651584758916	-55.340281811946	0.815068659858	
0.342241379310	0.257311746729	-0.012547500573	0.822110386028	102.624839847646	-5.004377970341	327.886106155971	-333.651611627980	-55.344673876141	0.816943304210	
0.343103448276	0.257313047623	-0.012540127682	0.822131913242	102.625358689321	-5.001437405716	327.894691954585	-333.654513152002	-55.348940593559	0.820107766851	
0.343965517241	0.257301378782	-0.012542788186	0.822117955799	102.620704751103	-5.002498507043	327.889125242839	-333.660443831460	-55.348743730559	0.820419298273	
0.344827586207	0.257279469260	-0.012556607240	0.822103693804	102.611966474682	-5.008010024277	327.883437065247	-333.660887427677	-55.344181336111	0.814559494809	
0.345689655172	0.257270790718	-0.012566075963	0.822107117189	102.608505171200	-5.011786479198	327.884802429781	-333.656235339868	-55.343247144895	0.810233289854	
0.346551724138	0.257281138573	-0.012552640672	0.822154421553	102.612632254599	-5.006428019850	327.903669049157	-333.648766316824	-55.360429451592	0.818119096849	
0.347413793103	0.257298354571	-0.012542705239	0.822164719949	102.619498590955	-5.002465424748	327.907776406174	-333.652168666738	-55.359146740136	0.817747560054	
0.348275862069	0.257283145319	-0.012540313568	0.822145122005	102.613432614491	-5.001511543390	327.899960067262	-333.658791027585	-55.354489171681	0.818681467541	
0.349137931034	0.257255633668	-0.012550383221	0.822122482445	102.602460014756	-5.005527670052	327.890930626260	-333.659922052959	-55.354351673200	0.816588481929	
0.350000000000	0.257248998700	-0.012562909342	0.822126543627	102.599813759463	-5.010523521244	327.892550366138	-333.652468081329	-55.355768133682	0.812548877109	
0.350862068966	0.257263751752	-0.012558553661	0.822158688613	102.605697788003	-5.008786324603	327.905370900564	-333.646887421002	-55.365910857668	0.813174821915	
0.351724137931	0.257278490957	-0.012546848636	0.822177334965	102.611576293588	-5.004117955264	327.912807711650	-333.647554226860	-55.365140267186	0.815394135193	
0.352586206897	0.257285372121	-0.012543028288	0.822176082828	102.614320739988	-5.002594267868	327.912308315842	-333.649854010551	-55.364873504627	0.817911934744	
0.353448275862	0.257282865655	-0.012544092577	0.822147674974	102.613321074495	-5.003018743224	327.900978279546	-333.654314492572	-55.362009554154	0.818875301458	
0.354310344828	0.257270779578	-0.012558562097	0.822118034213	102.608500728427	-5.008789689194	327.889156517025	-333.654414034763	-55.352463490686	0.811872048785	
0.355172413793	0.257269520998	-0.012564348233	0.822108582328	102.607998763181	-5.011097400767	327.885386777714	-333.650141317313	-55.349602511727	0.809494120164	
0.356034482759	0.257285324006	-0.012552556984	0.822134634279	102.614301550053	-5.006394642213	327.895777198654	-333.643511754795	-55.360055076298	0.816453599443	
0.356896551724	0.257304287349	-0.012544279859	0.822128807829	102.621864788412	-5.003093437995	327.893453408364	-333.647078437613	-55.355669579361	0.816541053778	
0.357758620690	0.257293167456	-0.012541339479	0.822096721362	102.617429789849	-5.001920712493	327.880656213498	-333.653552918516	-55.348900654302	0.818669969847	
0.358620689655	0.257273947470	-0.012553992435	0.822064525645	102.609764193262	-5.006967149778	327.867815446289	-333.654886460776	-55.345243104459	0.814904514176	
0.359482758621	0.257274181859	-0.012563936348	0.822057754216	102.609857675717	-5.010933126653	327.865114765801	-333.648554556143	-55.344526987111	0.812246058401	
0.360344827586	0.257293428942	-0.012557999533	0.822083452438	102.617534079619	-5.008565319063	327.875364107241	-333.643131545217	-55.352287475704	0.812932462687	
0.361206896552	0.257309340897	-0.012544292860	0.822096390074	102.623880318524	-5.003098623163	327.880524084693	-333.643643579231	-55.351077660654	0.817279326553	
0.362068965517	0.257314835955	-0.012542178979	0.822086339466	102.626071938004	-5.002255534094	327.876515553806	-333.648260500282	-55.348816023998	0.818180420717	
0.362931034483	0.257308203917	-0.012543913695	0.822049771265	102.623426851460	-5.002947398792	327.861930888130	-333.653079570634	-55.342862096322	0.819614578426	
0.363793103448	0.257295414123	-0.012560906406	0.822015224431	102.618325838562	-5.009724681019	327.848152413995	-333.653126843227	-55.331106510400	0.811636168408	
0.364655172414	0.257295071308	-0.012564818803	0.822012650203	102.618189111959	-5.011285080140	327.847125722540	-333.647000692590	-55.330640879882	0.811093457167	
0.365517241379	0.257318225503	-0.012548590638	0.822038206641	102.627423807137	-5.004812725929	327.857318515661	-333.642100927392	-55.340564034518	0.819977349165	
0.366379310345	0.257338038792	-0.012543762012	0.822024296346	102.635326033262	-5.002886902685	327.851770608100	-333.647932687201	-55.331664891138	0.817102185158	
0.367241379310	0.257325202424	-0.012542144324	0.821985801460	102.630206444779	-5.002241712623	327.836417513488	-333.654535356598	-55.323979062376	0.820079161842	
0.368103448276	0.257310632074	-0.012554628901	0.821959082741	102.624395284676	-5.007220994137	327.825761162920	-333.654779651070	-55.320796944997	0.816398055330	
0.368965517241	0.257312990850	-0.012562002661	0.821963991785	102.625336046310	-5.010161905157	327.827719059689	-333.646916017681	-55.321974833291	0.814695127362	
0.369827586207	0.257328710218	-0.012554477462	0.821988609998	102.631605474850	-5.007160595268	327.837537655861	-333.645231735370	-55.327818682827	0.815266360664	
0.370689655172	0.257338200729	-0.012540798138	0.822003776899	102.635390619263	-5.001704806857	327.843586741561	-333.646425232136	-55.326063302524	0.819942017576	
0.371551724138	0.257339762717	-0.012541474660	0.821994423562	102.636013594095	-5.001974627245	327.839856306708	-333.651141529523	-55.324866287951	0.820618561854	
0.372413793103	0.257332476789	-0.012542848041	0.821972479319	102.633107713733	-5.002522379203	327.831104182028	-333.654909780367	-55.322360957166	0.821870592937	
0.373275862069	0.257320871077	-0.012559959752	0.821953124206	102.628478953498	-5.009347122411	327.823384692596	-333.655182750138	-55.313336864327	0.813479674372	
0.374137931034	0.257318573463	-0.012561145011	0.821969553108	102.627562585660	-5.009819844598	327.829937107841	-333.649995733654	-55.317967365491	0.813903721052	
0.375000000000	0.257335410854	-0.012545603959	0.822005587882	102.634277920337	-5.003621534775	327.844309024223	-333.646006377186	-55.328559538803	0.821610835526	
0.375862068966	0.257342682073	-0.012540511007	0.822007859332	102.637177934741	-5.001590289256	327.845214957179	-333.652037799381	-55.324611223983	0.819777730341	
0.376724137931	0.257321787135	-0.012539331562	0.821987458951	102.628844309531	-5.001119885589	327.837078578422	-333.657939605280	-55.321511316489	0.822392007352	
0.377586206897	0.257305630846	-0.012555352655	0.821976898168	102.622400621637	-5.007509652638	327.832866572127	-333.658342829537	-55.320721133570	0.816770723869	
0.378448275862	0.257311012643	-0.012560357879	0.821999388135	102.624547068454	-5.009505909201	327.841836350457	-333.650724234612	-55.326941594251	0.815943080477	
0.379310344828	0.257330798213	-0.012553261212	0.822040492344	102.632438239604	-5.006675512547	327.858230133138	-333.648257386647	-55.335273694111	0.815743722148	
0.380172413793	0.257343126087	-0.012538676258	0.822071591299	102.637355022581	-5.000858527697	327.870633473700	-333.649656858919	-55.338520241977	0.821301238197	
0.381034482759	0.257343195218	-0.012540564643	0.822071565131	102.637382594531	-5.001611681125	327.870623037254	-333.656218862027	-55.339192380417	0.820363801329	
0.381896551724	0.257328504029	-0.012544715509	0.822057267487	102.631523239583	-5.003267190274	327.864920641266	-333.659916776201	-55.337351800250	0.820634256772	
0.382758620690	0.257313466155	-0.012562751255	0.822047454127	102.625525614053	-5.010460470598	327.861006733526	-333.659417780076	-55.330370827026	0.811846793394	
0.383620689655	0.257310325347	-0.012561292377	0.822082549436	102.624272951023	-5.009878619581	327.875003958630	-333.652218613974	-55.341441811778	0.814318657195	
0.384482758621	0.257330623769	-0.012544266661	0.822120538909	102.632368665335	-5.003088173817	327.890155476757	-333.650526591124	-55.351462035920	0.821415623145	
0.385344827586	0.257335522296	-0.012541361887	0.822120266955	102.634322367325	-5.001929649314	327.890047011809	-333.657604418819	-55.346239203969	0.817953657184	
0.386206896552	0.257311485590	-0.012542433747	0.822097474981	102.624735696371	-5.002357144282	327.880956783169	-333.662923122925	-55.344124534111	0.820380925088	
0.387068965517	0.257298669322	-0.012556918827	0.822093595228	102.619624124399	-5.008134296065	327.879409403262	-333.660970107287	-55.344763825380	0.815194957686	
0.387931034483	0.257305527970	-0.012559863346	0.822121743247	102.622359590821	-5.009308672255	327.890635808182	-333.652737027965	-55.352685687829	0.814786427464	
0.388793103448	0.257320699335	-0.012551326674	0.822152337931	102.628410457007	-5.005903951698	327.902838028283	-333.653300932647	-55.357465505096	0.814576139686	
0.389655172414	0.257325206727	-0.012539124936	0.822171088031	102.630208161035	-5.001037475754	327.910316217778	-333.654470151033	-55.358010882276	0.819858300016	
0.390517241379	0.257317702159	-0.012542890463	0.822155347421	102.627215079374	-5.002539298542	327.904038317314	-333.660323127505	-55.356700522668	0.819163209448	
0.391379310345	0.257298405525	-0.012547856734	0.822132627876	102.619518913308	-5.004520019600	327.894976975349	-333.662482304490	-55.352824162657	0.818276230339	
0.392241379310	0.257283707486	-0.012563617190	0.822112148095	102.613656826038	-5.010805835471	327.886808929423	-333.661436592236	-55.344106978691	0.810334126007	
0.393103448276	0.257283785520	-0.012560684560	0.822135395154	102.613687948758	-5.009636200801	327.896080661990	-333.654397207347	-55.352944863665	0.812989679273	
0.393965517241	0.257308579698	-0.012544877550	0.822156668648	102.623576725703	-5.003331817713	327.904565268516	-333.652505847921	-55.358787660029	0.819316249815	
0.394827586207	0.257314955523	-0.012541467844	0.822145794010	102.626119625743	-5.001971908842	327.900228085914	-333.659219729573	-55.353366515907	0.817707085451	
0.395689655172	0.257293366500	-0.012544051269	0.822116099940	102.617509175254	-5.003002268369	327.888385062119	-333.663446511141	-55.350479050208	0.819097828869	
0.396551724138	0.257279678728	-0.012560413520	0.822101537986	102.612050017594	-5.009528100884	327.882577250333	-333.661727926999	-55.348678623976	0.813309449743	
0.397413793103	0.257285273017	-0.012560334806	0.822125692458	102.614281213812	-5.009496707118	327.892210890566	-333.652990446581	-55.357695535198	0.814068820710	
0.398275862069	0.257300331168	-0.012551659288	0.822151601694	102.620286926231	-5.006036609733	327.902544391559	-333.651655183265	-55.361541528440	0.814388101725	
0.399137931034	0.257309488734	-0.012539361924	0.822167194372	102.623939280790	-5.001131995049	327.908763291883	-333.652923751931	-55.363398220057	0.819775662166	
0.400000000000	0.257309252409	-0.012542468263	0.822145134231	102.623845026204	-5.002370910510	327.899964943351	-333.659222326469	-55.360634055841	0.819133163037	
0.400862068966	0.257295954042	-0.012550810015	0.822116509271	102.618541176904	-5.005697890277	327.888548317419	-333.660804101812	-55.354508493224	0.816943443293	
0.401724137931	0.257289938990	-0.012565392346	0.822095388089	102.616142165514	-5.011513829277	327.880124458218	-333.658293773835	-55.345843287407	0.809993072168	
0.402586206897	0.257298969594	-0.012557768071	0.822124315855	102.619743883500	-5.008473004294	327.891661853595	-333.650260363324	-55.357961158580	0.815779045654	
0.403448275862	0.257327752977	-0.012543573707	0.822133000806	102.631223693662	-5.002811799836	327.895125713088	-333.651474737161	-55.358445521703	0.819643938227	
0.404310344828	0.257332879645	-0.012540919250	0.822110198437	102.633268386820	-5.001753110368	327.886031338297	-333.658981836635	-55.350326803817	0.818493853604	
0.405172413793	0.257314241915	-0.012546689065	0.822073604038	102.625835014220	-5.004054312679	327.871436223765	-333.663121865114	-55.345980200379	0.819018427414	
0.406034482759	0.257311238520	-0.012561311384	0.822060610829	102.624637156037	-5.009886200118	327.866254081855	-333.659434019646	-55.341915451699	0.813412574700	
0.406896551724	0.257319953829	-0.012562914831	0.822076397031	102.628113123513	-5.010525710357	327.872550166361	-333.653253036480	-55.344642653745	0.812384217101	
0.407758620690	0.257335709003	-0.012537815072	0.822103990519	102.634396832864	-5.000515056867	327.883555405464	-333.653335945496	-55.352323985396	0.821409448473	
0.408620689655	0.257334092432	-0.012539033171	0.822099140932	102.633752087988	-5.001000876741	327.881621221962	-333.657416677463	-55.347446554512	0.820024025086	
0.409482758621	0.257317381860	-0.012543317391	0.822057550190	102.627087333082	-5.002709572384	327.865033393249	-333.663959480395	-55.340010732765	0.820549991282	
0.410344827586	0.257302367912	-0.012553969542	0.822026040529	102.621099250208	-5.006958019044	327.852466248687	-333.666190412554	-55.334202063790	0.815958984030	
0.411206896552	0.257301746359	-0.012558762173	0.822033101511	102.620851353477	-5.008869486341	327.855282412863	-333.657583501166	-55.336565486142	0.815560801028	
0.412068965517	0.257320260553	-0.012557323952	0.822056559867	102.628235455714	-5.008295874129	327.864638418073	-333.653956502775	-55.339997840832	0.813914051279	
0.412931034483	0.257339964841	-0.012541293756	0.822073708660	102.636094208273	-5.001902476330	327.871477950900	-333.655307988879	-55.339978389805	0.820483043896	
0.413793103448	0.257346665803	-0.012541505540	0.822054748651	102.638766784325	-5.001986943428	327.863916042175	-333.662094232912	-55.335293810790	0.819816449741	
0.414655172414	0.257333689174	-0.012546362715	0.822022164006	102.633591255016	-5.003924152994	327.850920156991	-333.666131106043	-55.328625821044	0.820245839298	
0.415517241379	0.257318090959	-0.012565117892	0.821994003886	102.627370146163	-5.011404367258	327.839688925501	-333.665741134148	-55.317394961802	0.811407455177	
0.416379310345	0.257312953208	-0.012563232762	0.822012524354	102.625321033137	-5.010652512241	327.847075529673	-333.657952147203	-55.324175755949	0.813728387964	
0.417241379310	0.257327934219	-0.012545668282	0.822035321537	102.631295979617	-5.003647188924	327.856167836102	-333.655878753549	-55.330139113500	0.821166034668	
0.418103448276	0.257328240049	-0.012542741269	0.822020229270	102.631417954992	-5.002479794936	327.850148517188	-333.662646901891	-55.321137408569	0.817974133058	
0.418965517241	0.257303391603	-0.012544012968	0.821983446911	102.621507533808	-5.002986992605	327.835478438003	-333.667964701967	-55.315542333464	0.820656020428	
0.419827586207	0.257292947055	-0.012560696558	0.821964875453	102.617341886091	-5.009640986007	327.828071497128	-333.666161702996	-55.311460679993	0.814336683006	
0.420689655172	0.257302909397	-0.012567634068	0.821976999110	102.621315213484	-5.012407905426	327.832906831539	-333.658208662966	-55.312183965295	0.811840312711	
0.421551724138	0.257325756474	-0.012547045871	0.822012067299	102.630427419319	-5.004196619436	327.846893240459	-333.656509167925	-55.322486563735	0.818889402851	
0.422413793103	0.257335191582	-0.012540219437	0.822029373533	102.634190467455	-5.001474001033	327.853795565954	-333.659447396813	-55.323016346335	0.820119882362	
0.423275862069	0.257328553875	-0.012544469957	0.822008004527	102.631543119622	-5.003169255682	327.845272866207	-333.665895084392	-55.319345551415	0.820581960700	
0.424137931034	0.257315387119	-0.012553452882	0.821992950898	102.626291761419	-5.006751957041	327.839268957337	-333.669820654820	-55.319139310349	0.816658403520	
0.425000000000	0.257311432418	-0.012560366733	0.822010048156	102.624714489280	-5.009509440540	327.846087935907	-333.663700531066	-55.323964063525	0.815256810037	
0.425862068966	0.257324331117	-0.012559458508	0.822062622864	102.629858937628	-5.009147208856	327.867056551424	-333.657537588083	-55.337192988682	0.814075316157	
0.426724137931	0.257337889649	-0.012545738952	0.822105892856	102.635266550008	-5.003675374560	327.884314123312	-333.658360641134	-55.343596268476	0.818773702678	
0.427586206897	0.257340603109	-0.012540497754	0.822122956946	102.636348771751	-5.001585003262	327.891119873757	-333.663763790281	-55.347687591214	0.819996885152	
0.428448275862	0.257327083885	-0.012542352853	0.822112415103	102.630956836810	-5.002324881026	327.886915421489	-333.669131879180	-55.348004435550	0.821228797824	
0.429310344828	0.257309391248	-0.012560200183	0.822103806717	102.623900400167	-5.009443014545	327.883482098697	-333.669633536383	-55.343294133604	0.812906854781	
0.430172413793	0.257308717092	-0.012564012053	0.822128020864	102.623631523296	-5.010963320390	327.893139539569	-333.663201530762	-55.349670737492	0.811611798671	
0.431034482759	0.257330546605	-0.012546874073	0.822180412154	102.632337889409	-5.004128100243	327.914035001184	-333.658233984268	-55.365903573259	0.820294047383	
0.431896551724	0.257346084681	-0.012541777666	0.822190895184	102.638535012431	-5.002095476722	327.918215996849	-333.664199300421	-55.362649749496	0.817162404628	
0.432758620690	0.257327987561	-0.012540848673	0.822173138725	102.631317254036	-5.001724962079	327.911134105535	-333.671101505015	-55.359864645601	0.819727918234	
0.433620689655	0.257309163863	-0.012554697266	0.822163268811	102.623809710928	-5.007248260524	327.907197642033	-333.671568123612	-55.360816048610	0.815520634801	
0.434482758621	0.257308740158	-0.012563764776	0.822181282296	102.623640722699	-5.010864697677	327.914382043980	-333.663494139240	-55.365233600080	0.813199749202	
0.435344827586	0.257321400374	-0.012557019347	0.822214094980	102.628690055862	-5.008174386902	327.927468879061	-333.661596510333	-55.373105931426	0.813307320565	
0.436206896552	0.257324688984	-0.012542669862	0.822230868320	102.630001667389	-5.002451315087	327.934158668444	-333.662762090214	-55.371720666846	0.817792362406	
0.437068965517	0.257316034940	-0.012542111980	0.822216850120	102.626550134498	-5.002228812637	327.928567724677	-333.667238254348	-55.369362392831	0.818462067988	
0.437931034483	0.257297189922	-0.012542366889	0.822185036901	102.619034088598	-5.002330478926	327.915879510394	-333.670335753162	-55.364615307277	0.819734730160	
0.438793103448	0.257277405944	-0.012558551473	0.822151677295	102.611143552542	-5.008785451821	327.902574543875	-333.669561410233	-55.352518073998	0.811405848503	
0.439655172414	0.257273530463	-0.012559140143	0.822151542030	102.609597876705	-5.009020233963	327.902520595364	-333.663124036464	-55.353555475940	0.811919735481	
0.440517241379	0.257294534306	-0.012543579329	0.822169262287	102.617974937022	-5.002814042113	327.909588047799	-333.657943297382	-55.360239482786	0.819656116289	
0.441379310345	0.257307434428	-0.012538752753	0.822151421324	102.623119952479	-5.000889036271	327.902472453927	-333.662979479223	-55.352114540815	0.817864980757	
0.442241379310	0.257289788172	-0.012537747882	0.822109387129	102.616082014130	-5.000488259120	327.885707760297	-333.667981638377	-55.344703714151	0.820569236411	
0.443103448276	0.257273707188	-0.012553824683	0.822076491064	102.609668360661	-5.006900244403	327.872587669745	-333.667445962246	-55.339630612215	0.815065122071	
0.443965517241	0.257277499768	-0.012559088516	0.822076956620	102.611180973124	-5.008999643337	327.872773349852	-333.658809268825	-55.341775639808	0.814373511307	
0.444827586207	0.257296038835	-0.012552676665	0.822097074468	102.618574995215	-5.006442375087	327.880797044539	-333.655250187592	-55.346358063751	0.814306248256	
0.445689655172	0.257308952777	-0.012539006267	0.822108806871	102.623725522718	-5.000990146783	327.885476333549	-333.655501751818	-55.346295239291	0.819940023238	
0.446551724138	0.257311687385	-0.012541673343	0.822091448394	102.624816179159	-5.002053868845	327.878553171248	-333.660928773242	-55.344192513326	0.819075184264	
0.447413793103	0.257300663695	-0.012546341220	0.822062026750	102.620419549550	-5.003915579853	327.866818800226	-333.663578652342	-55.340117244307	0.819504720724	
0.448275862069	0.257289004852	-0.012564763883	0.822039385071	102.615769599095	-5.011263176314	327.857788514377	-333.662149799561	-55.331386810168	0.810930805276	
0.449137931034	0.257288526117	-0.012563657517	0.822063927223	102.615578662849	-5.010821919188	327.867576774621	-333.654124205150	-55.341146997769	0.813632474537	
0.450000000000	0.257311541111	-0.012546920373	0.822093561615	102.624757840041	-5.004146566171	327.879395997212	-333.651681943851	-55.350303961956	0.820976399703	
0.450862068966	0.257320919884	-0.012544087730	0.822086984520	102.628498419597	-5.003016810170	327.876772823860	-333.658097205750	-55.344568570187	0.817744957555	
0.451724137931	0.257304139607	-0.012544863356	0.822059516525	102.621805863798	-5.003326156533	327.865817635796	-333.662946040980	-55.342018623304	0.820396969706	
0.452586206897	0.257299680515	-0.012558844634	0.822051626790	102.620027423506	-5.008902374712	327.862670936131	-333.660836302667	-55.341952787339	0.815493688757	
0.453448275862	0.257312562067	-0.012561474331	0.822075299348	102.625165032717	-5.009951189006	327.872112372100	-333.652730813859	-55.348652189268	0.815379712162	
0.454310344828	0.257329540434	-0.012552874925	0.822100333921	102.631936593492	-5.006521447928	327.882097027305	-333.653546086255	-55.351636288003	0.815381232757	
0.455172413793	0.257332927434	-0.012540547165	0.822112445895	102.633287446774	-5.001604710274	327.886927702176	-333.654943114596	-55.349883668445	0.820777713644	
0.456034482759	0.257324343521	-0.012543930837	0.822089266938	102.629863884804	-5.002954235829	327.877683131229	-333.660959821533	-55.345889577949	0.820143750152	
0.456896551724	0.257306125515	-0.012548400615	0.822058619712	102.622597912831	-5.004736938160	327.865459955608	-333.663271763469	-55.339083322480	0.819286602095	
0.457758620690	0.257294384362	-0.012563821974	0.822030065420	102.617915134041	-5.010887510400	327.854071514439	-333.662439909633	-55.327304803072	0.811344048757	
0.458620689655	0.257296814350	-0.012560942551	0.822045252071	102.618884297623	-5.009739096737	327.860128477296	-333.655712649363	-55.332977466291	0.813944634611	
0.459482758621	0.257320700226	-0.012545723968	0.822058517690	102.628410812437	-5.003669398341	327.865419265774	-333.654178305642	-55.335615846631	0.820127122420	
0.460344827586	0.257323153068	-0.012543110573	0.822040459962	102.629389090706	-5.002627085963	327.858217218204	-333.661118110561	-55.327342700656	0.818387238751	
0.461206896552	0.257297858795	-0.012546947534	0.822004764947	102.619300858498	-5.004157399199	327.843980809119	-333.665536601940	-55.321715116136	0.819334158142	
0.462068965517	0.257286069785	-0.012565039364	0.821984773870	102.614598992505	-5.011373047585	327.836007674952	-333.664007428856	-55.316339048924	0.812210775424	
0.462931034483	0.257296792622	-0.012568465189	0.822001592266	102.618875631441	-5.012739385537	327.842715434271	-333.655986117030	-55.319175583158	0.810726173644	
0.463793103448	0.257323998898	-0.012545887992	0.822040520712	102.629726437269	-5.003734817065	327.858241447106	-333.653055968598	-55.330049023781	0.819081491738	
0.464655172414	0.257334572080	-0.012543638865	0.822054037824	102.633943388524	-5.002837787392	327.863632539669	-333.656899196134	-55.329320310257	0.818397810827	
0.465517241379	0.257326186990	-0.012547394887	0.822027655126	102.630599124015	-5.004335818954	327.853110205583	-333.663975580580	-55.324792365618	0.818963722338	
0.466379310345	0.257310334714	-0.012558640538	0.822004665754	102.624276687004	-5.008820974135	327.843941247535	-333.667261225477	-55.321692440830	0.814336171796	
0.467241379310	0.257303921568	-0.012563946147	0.822019134177	102.621718902339	-5.010937034873	327.849711755961	-333.658595021343	-55.326180032018	0.814004527634	
0.468103448276	0.257316137031	-0.012562326754	0.822058189918	102.626590851947	-5.010291164868	327.865288538611	-333.653637552673	-55.335446090623	0.812790778463	
0.468965517241	0.257328724919	-0.012546354155	0.822082906237	102.631611338018	-5.003920738979	327.875146263232	-333.655321603561	-55.336242078731	0.818059691825	
0.469827586207	0.257330346276	-0.012541778796	0.822077542246	102.632257991283	-5.002095927340	327.873006917861	-333.660696255587	-55.335336681426	0.819192345495	
0.470689655172	0.257318708715	-0.012543932546	0.822053536129	102.627616528643	-5.002954917483	327.863432446670	-333.664353606614	-55.332489521332	0.820433086702	
0.471551724138	0.257304910683	-0.012561470559	0.822033592111	102.622113395696	-5.009949684757	327.855478080974	-333.663799869898	-55.324219331778	0.811938802546	
0.472413793103	0.257303757142	-0.012561925882	0.822050190449	102.621653323298	-5.010131283014	327.862098073234	-333.657743596368	-55.329521771983	0.812295698722	
0.473275862069	0.257321537090	-0.012545331894	0.822086298085	102.628744582690	-5.003513025914	327.876499049739	-333.653369844822	-55.340314494653	0.820281989866	
0.474137931034	0.257329641471	-0.012540464159	0.822086035614	102.631976890545	-5.001571604268	327.876394367319	-333.659195701331	-55.336398101382	0.818448446308	
0.475000000000	0.257311147473	-0.012538756156	0.822062867038	102.624600843563	-5.000890393797	327.867153936443	-333.664801210174	-55.333739206597	0.821180530688	
0.475862068966	0.257297938719	-0.012553840381	0.822050731133	102.619332734690	-5.006906505095	327.862313716901	-333.665035286050	-55.333743893125	0.815701107785	
0.476724137931	0.257304462357	-0.012558510706	0.822073137738	102.621934587597	-5.008769192502	327.871250247133	-333.657358973545	-55.340973800701	0.815034212619	
0.477586206897	0.257321974562	-0.012551425621	0.822114604380	102.628919061701	-5.005943415193	327.887788580785	-333.654838159751	-55.350344114765	0.815030649081	
0.478448275862	0.257329277120	-0.012536951968	0.822145343984	102.631831574756	-5.000170821001	327.900048600172	-333.656191971023	-55.354335833772	0.820642886110	
0.479310344828	0.257324501633	-0.012539004965	0.822144382113	102.629926945296	-5.000989627189	327.899664972483	-333.662413519667	-55.355427962784	0.819662025270	
0.480172413793	0.257308348212	-0.012543167838	0.822128810379	102.623484401314	-5.002649925218	327.893454425293	-333.665599123960	-55.353883710352	0.819898833230	
0.481034482759	0.257296186103	-0.012560955018	0.822116822427	102.618633730875	-5.009744069123	327.888673214868	-333.664606529313	-55.346836673133	0.811138893659	
0.481896551724	0.257298307177	-0.012559309177	0.822148996533	102.619479688777	-5.009087650667	327.901505362923	-333.656982496088	-55.357471954980	0.813673312587	
0.482758620690	0.257322915936	-0.012542628360	0.822183039178	102.629294514327	-5.002434762888	327.915082749331	-333.654980989358	-55.366743689832	0.820796234491	
0.483620689655	0.257329201838	-0.012540287085	0.822177057320	102.631801549838	-5.001500981060	327.912696977231	-333.661876349355	-55.360370051938	0.817366347567	
0.484482758621	0.257304386653	-0.012541654431	0.822146172062	102.621904394452	-5.002046326018	327.900378866029	-333.667070825346	-55.356574493725	0.819842058093	
0.485344827586	0.257290381930	-0.012556028647	0.822131624347	102.616318825433	-5.007779261733	327.894576733560	-333.664954930056	-55.354955769272	0.814767175489	
0.486206896552	0.257296485177	-0.012558704280	0.822147015809	102.618753011789	-5.008846396574	327.900715381577	-333.656503881007	-55.360165366666	0.814511208696	
0.487068965517	0.257311405509	-0.012549888492	0.822163963320	102.624703757102	-5.005330355136	327.907474636275	-333.656810613882	-55.362025993430	0.814438301000	
0.487931034483	0.257316295575	-0.012537365933	0.822169772349	102.626654084988	-5.000335924530	327.909791478388	-333.657698627381	-55.359799901849	0.819857583419	
0.488793103448	0.257310441629	-0.012540841388	0.822143185117	102.624319328575	-5.001722056489	327.899187568997	-333.663248409239	-55.356188610685	0.819332189374	
0.489655172414	0.257294707879	-0.012545830913	0.822112190977	102.618044163699	-5.003712051701	327.886826032066	-333.665116384857	-55.350552239959	0.818605661879	
0.490517241379	0.257285145517	-0.012562088038	0.822085649981	102.614230362405	-5.010195956794	327.876240563357	-333.663870840225	-55.340480693807	0.810744642843	
0.491379310345	0.257290387770	-0.012559916097	0.822104193394	102.616321154552	-5.009329711159	327.883636318746	-333.656758862356	-55.348125024349	0.813390068282	
0.492241379310	0.257318524260	-0.012544817546	0.822121078303	102.627542961885	-5.003307886123	327.890370605767	-333.654891214423	-55.352653867674	0.819665242690	
0.493103448276	0.257325664294	-0.012541979144	0.822105488662	102.630390654869	-5.002175832941	327.884152916835	-333.661665022128	-55.345670589152	0.817999498283	
0.493965517241	0.257303383215	-0.012545133625	0.822070670659	102.621504188409	-5.003433949286	327.870266290526	-333.665938414964	-55.341022946699	0.819311674802	
0.494827586207	0.257289519399	-0.012562130917	0.822050668655	102.615974818128	-5.010213058278	327.862288798544	-333.664263074327	-55.337307608363	0.813416212668	
0.495689655172	0.257296090719	-0.012562678518	0.822069126563	102.618595688346	-5.010431460619	327.869650451645	-333.655626056207	-55.344260792784	0.814053798913	
0.496551724138	0.257311867322	-0.012554557657	0.822089304716	102.624887944056	-5.007192579799	327.877698198183	-333.654471564374	-55.346055963333	0.814282529190	
0.497413793103	0.257319825871	-0.012542736786	0.822099845099	102.628062089271	-5.002478006923	327.881902068382	-333.655931369699	-55.346233683675	0.819630076928	
0.498275862069	0.257316637110	-0.012546122457	0.822074712192	102.626790300889	-5.003828329721	327.871878193968	-333.662331521467	-55.342551278761	0.818956679630	
0.499137931034	0.257300008017	-0.012554365353	0.822046085599	102.620158042572	-5.007115882369	327.860460917042	-333.663909978925	-55.336436090793	0.816759056973	
0.500000000000	0.257290602705	-0.012568535204	0.822028138039	102.616406878146	-5.012767309923	327.853302808182	-333.661318568736	-55.328592818735	0.809898384502	
0.500862068966	0.257294948127	-0.012560482951	0.822062460598	102.618139982888	-5.009555792442	327.866991833800	-333.653108083902	-55.342003365152	0.815821086890	
