dbx_v3_5_0_0										
Time	Cx	Cy	Cz	Fx	Fy	Fz	Mx	My	Mz	
0.000000000000	0.000000000000	0.000000000000	0.000000000000	0.000000000000	0.000000000000	0.000000000000	0.000000000000	0.000000000000	0.000000000000	
0.000862068966	3.783525439874	0.000131333006	1.608444465569	1489.385959073936	0.051699278587	633.164661117936	-128.826071451397	-391.597500326478	6.418616691832	
0.001724137931	0.613407229317	0.002234698593	1.017810644108	241.467945454075	0.879689791950	400.661474706705	-73.719244181489	-177.673917402030	19.792059924130	
0.002586206897	0.029991501991	0.006694783652	0.473876324895	11.806164030595	2.635403654227	186.541561792508	-88.548595049746	37.031915384946	19.538198036205	
0.003448275862	0.051759261684	0.000781393341	0.709518652452	20.375049363135	0.307595730123	279.302236883665	-98.033895161133	-141.762348182880	16.833697246658	
0.004310344828	0.111881365947	-0.000415134800	0.831080210290	44.042134292997	-0.163417942399	327.154981707258	-101.607659067210	-143.091492415417	15.676666853280	
0.005172413793	0.169810010915	0.005019099596	0.902457716430	66.845763292963	1.975770107768	355.252759065164	-104.891228976668	-144.849437401157	11.907891928484	
0.006034482759	0.197809894485	0.005193241464	0.938044216484	77.867926116397	2.044321107597	369.261395813108	-105.013023453358	-149.899467639606	3.348280296502	
0.006896551724	0.229352791087	0.004732295401	0.957319141756	90.284797115076	1.862869547452	376.848976105239	-107.498183882294	-156.264594594368	-2.761717444298	
0.007758620690	0.230697893181	0.006026344787	1.015203221899	90.814296970510	2.372272488612	399.635062148158	-109.729956573317	-166.074922940327	-4.410884236983	
0.008620689655	0.231199527902	0.006607918725	1.045149258131	91.011765633415	2.601209249105	411.423328568716	-111.724569802043	-172.417594397710	-5.424800705185	
0.009482758621	0.237244583764	0.004901544882	1.080170037841	93.391403742270	1.929494658276	425.209269328195	-113.359863325890	-180.108133948729	-6.735402843076	
0.010344827586	0.245162788869	0.003110746623	1.125322801230	96.508407629846	1.224546369950	442.983668595136	-114.404298716890	-189.741204422956	-7.455431814074	
0.011206896552	0.244839271311	0.001931340505	1.145137931883	96.381054843047	0.760272786976	450.783900902492	-116.101528780163	-194.236507311482	-8.177402368476	
0.012068965517	0.238330793977	0.001781803661	1.166494381737	93.818990728553	0.701407561957	459.190873989789	-117.380326170635	-198.763141269803	-8.774817867461	
0.012931034483	0.236982560610	0.003175088852	1.195700443414	93.288258246809	1.249874708338	470.687849197832	-118.447313292551	-205.598637999790	-8.696121430180	
0.013793103448	0.241574072852	0.003257386558	1.221155019399	95.095708460328	1.282271225461	480.708050903464	-119.451604943127	-211.997040427363	-8.875590407348	
0.014655172414	0.243815164436	0.003003794601	1.241517938883	95.977914855080	1.182444673376	488.723920453539	-120.401005446527	-216.493713274567	-9.294505554689	
0.015517241379	0.243827723886	0.002918159688	1.261831075827	95.982858886386	1.148734463248	496.720193091466	-121.342496911330	-221.318549177581	-9.571395788602	
0.016379310345	0.242755659282	0.002957823147	1.280978920600	95.560840323648	1.164347996033	504.257748105618	-122.173037382694	-226.668442583758	-9.733771904618	
0.017241379310	0.241576038750	0.002960325192	1.294777640811	95.096482336569	1.165332927110	509.689618582760	-122.841236802214	-231.090528029827	-9.975800632162	
0.018103448276	0.242332299468	0.002880779644	1.311282712398	95.394184602017	1.134019797551	516.186845115353	-123.375590062903	-236.079144383819	-10.260814584836	
0.018965517241	0.243563762432	0.003206281718	1.330527147691	95.878950378531	1.262153789637	523.762423017932	-124.059541595822	-241.789721475106	-10.455299148346	
0.019827586207	0.242766627991	0.002554917742	1.347427701898	95.565158159565	1.005744159050	530.415331406279	-124.671148967067	-247.406962182211	-10.932389014947	
0.020689655172	0.240590909420	0.002502261793	1.364256271118	94.708685871449	0.985016128476	537.039902882035	-125.143763021095	-253.760938483815	-11.096933419265	
0.021551724138	0.238613724180	0.002226541900	1.376945512282	93.930366290226	0.876478907399	542.035026589160	-125.683039258265	-258.379297156813	-11.474289261231	
0.022413793103	0.238501959235	0.000538701219	1.380526952643	93.886369985157	0.212059901426	543.444861694539	-126.212054770486	-256.839455590016	-12.362166452838	
0.023275862069	0.241009719300	0.000370153880	1.369764388268	94.873550510138	0.145711189175	539.208174900870	-126.801570036508	-245.243104031731	-12.698151651217	
0.024137931034	0.240100960601	-0.000808381422	1.345741407105	94.515817367041	-0.318219596525	529.751520939682	-127.223364869163	-225.168307362053	-13.071323111029	
0.025000000000	0.238312009437	0.000451208308	1.339688110019	93.811596188477	0.177618290020	527.368638670271	-127.300357449472	-216.950551017829	-12.718289645201	
0.025862068966	0.237659539691	0.000092949771	1.339150587222	93.554751271188	0.036589706233	527.157042655124	-127.663137257886	-213.417768501094	-12.856496637228	
0.026724137931	0.236973842663	-0.000757126245	1.336748221028	93.284826424139	-0.298042980431	526.211350459997	-127.790199457605	-209.078216281470	-13.016437893901	
0.027586206897	0.235942397042	0.000093740429	1.334735468400	92.878797536724	0.036900948799	525.419029766076	-127.937502361551	-205.549178813727	-12.845526073623	
0.028448275862	0.235646136305	0.000131794584	1.333226315964	92.762174406061	0.051880978808	524.824951443056	-128.154195489601	-202.190605888911	-12.963480548399	
0.029310344828	0.235374330407	0.000102681819	1.332001410661	92.655177930052	0.040420729677	524.342767091601	-128.236543308472	-199.267927338266	-12.967126773626	
0.030172413793	0.234369041131	0.000299173349	1.332510115705	92.259445495651	0.117769681472	524.543018989661	-128.510230239165	-197.112162475553	-13.041306943262	
0.031034482759	0.233351938343	-0.000553266189	1.332357670642	91.859062668924	-0.217793406214	524.483008943350	-128.690205230983	-194.806486621449	-13.315628032035	
0.031896551724	0.232579599781	-0.001002529223	1.333070050192	91.555031355114	-0.394645938499	524.763437373629	-128.857766727032	-193.372013596677	-13.612591229505	
0.032758620690	0.232082606072	-0.000784591328	1.332695826910	91.359389628127	-0.308854618829	524.616124262651	-129.029955289406	-191.465339675995	-13.585566853702	
0.033620689655	0.231727967730	-0.001041151272	1.332561824181	91.219786135212	-0.409849520252	524.563374046964	-129.108019648718	-190.015995490206	-13.811404540438	
0.034482758621	0.231163241934	-0.000791461474	1.332332142073	90.997481650808	-0.311559053819	524.472959614464	-129.198611797343	-188.619087476778	-13.932551157440	
0.035344827586	0.230713335048	-0.001132743400	1.332977512374	90.820375665969	-0.445904789468	524.727009832691	-129.378604461378	-187.338439296224	-14.087034074960	
0.036206896552	0.230238708760	-0.001754575478	1.333304881405	90.633538881187	-0.690689179321	524.855878753049	-129.557313452824	-186.257082133960	-14.310321556245	
0.037068965517	0.229962799811	-0.002362918787	1.334306394511	90.524927237950	-0.930163710824	525.250124696723	-129.558172670698	-185.506986968052	-14.529128178733	
0.037931034483	0.229603937066	-0.001858612098	1.334872443084	90.383660807510	-0.731643227140	525.472949892561	-129.631810370309	-184.723822809789	-14.539753587783	
0.038793103448	0.229282512925	-0.001912447359	1.335142974899	90.257132095199	-0.752835494001	525.579444825254	-129.715263194281	-184.069406488730	-14.620172103669	
0.039655172414	0.229042027865	-0.002196816524	1.334961649833	90.162465076988	-0.864777503840	525.508066156753	-129.683598332497	-183.386340762686	-14.782003324312	
0.040517241379	0.228671764081	-0.001858580561	1.335860156960	90.016710623875	-0.731630812610	525.861763765350	-129.829536508827	-182.893367790357	-14.831339540582	
0.041379310345	0.228485254384	-0.002260037699	1.337055197293	89.943291023819	-0.889664538771	526.332191761840	-129.941743008742	-182.487129453424	-14.970866569782	
0.042241379310	0.228300668940	-0.002718315749	1.338213619636	89.870628906672	-1.070065835038	526.788205075358	-129.958231695712	-182.167772653571	-15.140743448395	
0.043103448276	0.228131061341	-0.002655458293	1.338910509314	89.803862822969	-1.045321977844	527.062535912491	-130.017326362119	-181.918602356489	-15.176484178614	
0.043965517241	0.227862738206	-0.002761401806	1.339155742649	89.698237337920	-1.087026674527	527.159072090642	-130.035589137750	-181.551196901293	-15.282108825554	
0.044827586207	0.227639741297	-0.002838595787	1.339762226397	89.610454535655	-1.117414109265	527.397814605471	-130.066745267019	-181.448756151512	-15.336066808860	
0.045689655172	0.227478129289	-0.002931343013	1.340860900227	89.546835919034	-1.153924083450	527.830307898365	-130.104652611017	-181.515874743245	-15.403870744306	
0.046551724138	0.227346432172	-0.002982451033	1.342340450087	89.494993307920	-1.174042771336	528.412733158178	-130.140629614401	-181.671795188912	-15.458291896914	
0.047413793103	0.227205020459	-0.003045655164	1.343839330242	89.439326543474	-1.198923096916	529.002767794335	-130.168618405183	-181.830243197450	-15.513352144357	
0.048275862069	0.227073391772	-0.003127985147	1.345085960342	89.387510870409	-1.231332320000	529.493504118545	-130.190953763041	-181.945358506632	-15.568823072583	
0.049137931034	0.226928976313	-0.003203520459	1.346071789793	89.330661680283	-1.261066818869	529.881576186779	-130.212315938524	-182.035365272113	-15.621331528264	
0.050000000000	0.226769986011	-0.003268231359	1.346623730233	89.268075098788	-1.286540284853	530.098847711646	-130.189246599552	-182.093428328013	-15.673248355618	
0.050862068966	0.226479753438	-0.002990390758	1.347066099876	89.153824956374	-1.177168246192	530.272986658429	-130.175934446498	-182.182009854785	-15.693961131854	
0.051724137931	0.226382942105	-0.003093005312	1.348408706545	89.115715145299	-1.217562497286	530.801504188799	-130.292310982198	-182.446452610086	-15.744870223462	
0.052586206897	0.226228366923	-0.003628447003	1.349764419770	89.054866577318	-1.428339284384	531.335181118935	-130.274543482573	-182.719613585487	-15.890261047907	
0.053448275862	0.226193267551	-0.003557828100	1.350835450384	89.041049698656	-1.400540131361	531.756792651254	-130.288536280159	-182.964751283615	-15.909705340407	
0.054310344828	0.226152108886	-0.003546175523	1.351751010970	89.024847577459	-1.395953090868	532.117203359039	-130.302192393175	-183.152871041868	-15.928232123465	
0.055172413793	0.226111065233	-0.003613927248	1.352611772337	89.008690730841	-1.422623578309	532.456042336927	-130.306974288090	-183.343664843076	-15.967111736394	
0.056034482759	0.226080499264	-0.003684243779	1.353490773481	88.996658427694	-1.450303702471	532.802061409057	-130.310850445059	-183.546428163562	-16.004579984181	
0.056896551724	0.226051279422	-0.003734800421	1.354325254404	88.985156027480	-1.470205340308	533.130555082318	-130.316148054978	-183.751408880221	-16.037098324391	
0.057758620690	0.225991266060	-0.003793183311	1.354832560514	88.961531749062	-1.493187782836	533.330256289365	-130.374755843388	-183.906237425938	-16.063905835493	
0.058620689655	0.225804951510	-0.004274290524	1.355427558312	88.888188969091	-1.682575786066	533.564477356563	-130.383954687417	-184.081420123505	-16.139742385147	
0.059482758621	0.225710084449	-0.004008855247	1.356615006082	88.850844521126	-1.578087107481	534.031916538381	-130.321773392010	-184.336727828436	-16.113811420899	
0.060344827586	0.225594708446	-0.003685911532	1.357756052141	88.805426721873	-1.450960213923	534.481089672113	-130.367956640276	-184.588863497542	-16.055915481170	
0.061206896552	0.225583307864	-0.003847649560	1.358353734684	88.800938879336	-1.514628438680	534.716367589999	-130.375584457545	-184.743626773292	-16.105357686758	
0.062068965517	0.225526001366	-0.003922780631	1.358834655591	88.778380158650	-1.544203807938	534.905682254027	-130.387208537441	-184.852391376988	-16.142665158344	
0.062931034483	0.225490325811	-0.003911505576	1.359372047579	88.764336465484	-1.539765379370	535.117226775957	-130.403267668546	-184.993638089678	-16.155261091598	
0.063793103448	0.225433461771	-0.003903871356	1.359961001877	88.741951918527	-1.536760166290	535.349068817639	-130.421676338831	-185.148500452892	-16.168305801585	
0.064655172414	0.225341627447	-0.003907641118	1.360518691707	88.705801308248	-1.538244134118	535.568603591495	-130.435283851076	-185.302610066973	-16.182265732456	
0.065517241379	0.225225046135	-0.003912053800	1.361097031063	88.659909038723	-1.539981187838	535.796267057769	-130.443493660170	-185.461072051480	-16.194149144491	
0.066379310345	0.225093864347	-0.003933588641	1.361674168489	88.608269287384	-1.548458384761	536.023457384093	-130.449596787694	-185.626781342251	-16.209589923333	
0.067241379310	0.224946615602	-0.003960521502	1.362225897574	88.550304773474	-1.559060513658	536.240645709010	-130.455530416754	-185.789094399884	-16.227492441779	
0.068103448276	0.224801636783	-0.003983142343	1.362750561867	88.493233816679	-1.567965214671	536.447179969792	-130.456804518162	-185.944639643369	-16.244411950909	
0.068965517241	0.224681655953	-0.004012339340	1.363228906183	88.446003325500	-1.579458621755	536.635480357836	-130.455516750764	-186.091919234262	-16.261477166327	
0.069827586207	0.224604463229	-0.004050597325	1.363669998800	88.415616385971	-1.594518889123	536.809116603009	-130.456709671479	-186.227882399150	-16.281130374706	
0.070689655172	0.224578676618	-0.004077709538	1.364082907361	88.405465478774	-1.605191620355	536.971658185530	-130.455514367720	-186.353723144633	-16.297811279735	
0.071551724138	0.224607686647	-0.004104628938	1.364429939338	88.416885285655	-1.615788450516	537.108267430609	-130.443791642767	-186.467957790306	-16.312902120457	
0.072413793103	0.224542002973	-0.004042215634	1.364099243859	88.391028886953	-1.591219434134	536.978089053263	-130.336802510629	-186.474528005921	-16.335683833938	
0.073275862069	0.224607381838	-0.003653502374	1.365053899997	88.416765297248	-1.438202339136	537.353889736987	-130.471639145385	-186.711781937968	-16.288326901440	
0.074137931034	0.224617243162	-0.004304319174	1.365657966630	88.420647210538	-1.694396573696	537.591680753698	-130.463092948574	-186.853299671428	-16.420159225296	
0.075000000000	0.224672563050	-0.004310155598	1.366198711649	88.442423901739	-1.696694083630	537.804545197802	-130.445103069796	-187.023707811186	-16.442236454110	
0.075862068966	0.224759426486	-0.004194786966	1.366549008082	88.476617720140	-1.651279186145	537.942439496925	-130.455368326108	-187.117172394585	-16.415331131135	
0.076724137931	0.224756284498	-0.004206244209	1.366809955060	88.475380875424	-1.655789333191	538.045161355456	-130.448593097992	-187.190223143000	-16.422877258447	
0.077586206897	0.224741614883	-0.004224378138	1.367233012307	88.469606177195	-1.662927760133	538.211697971560	-130.452583000839	-187.312222153272	-16.431548556897	
0.078448275862	0.224674295038	-0.004230861200	1.367556204884	88.443105699364	-1.665479819257	538.338922829395	-130.454001187168	-187.411166568181	-16.441501015619	
0.079310344828	0.224582580892	-0.004232270359	1.367904330302	88.407002397113	-1.666034535128	538.475962507607	-130.454024071140	-187.516120741869	-16.447210389452	
0.080172413793	0.224469541479	-0.004245263463	1.368240638893	88.362504397517	-1.671149274615	538.608350488358	-130.458512327481	-187.618331901657	-16.458070917368	
0.081034482759	0.224345213940	-0.004254256752	1.368536247708	88.313562823156	-1.674689485449	538.724716989739	-130.459435321240	-187.709703615919	-16.467219901326	
0.081896551724	0.224231209156	-0.004261759360	1.368811161311	88.268684804734	-1.677642889423	538.832936814798	-130.457875043318	-187.796821883232	-16.475632883481	
0.082758620690	0.224148067519	-0.004279137378	1.369064335386	88.235956073600	-1.684483751841	538.932598867527	-130.457449378448	-187.879504782939	-16.487057156280	
0.083620689655	0.224090082119	-0.004292822268	1.369282848099	88.213130102995	-1.689870812981	539.018616464767	-130.456296145915	-187.950149014727	-16.495496068997	
0.084482758621	0.224057182655	-0.004307649257	1.369479988036	88.200179218780	-1.695707461785	539.096220661808	-130.453258663851	-188.014441899533	-16.504409308426	
0.085344827586	0.224058735290	-0.004323785481	1.369676552578	88.200790414097	-1.702059491133	539.173598354522	-130.449187504053	-188.081190599189	-16.511912727150	
0.086206896552	0.224083180290	-0.004336707383	1.369885199867	88.210413195987	-1.707146202122	539.255732424428	-130.447180995122	-188.152626720732	-16.517002082440	
0.087068965517	0.224107978862	-0.004342693539	1.370106947886	88.220175161301	-1.709502654028	539.343023600705	-130.445877892162	-188.225475419151	-16.520116036000	
0.087931034483	0.224125337383	-0.004347147420	1.370339006207	88.227008348507	-1.711255925849	539.434373430227	-130.442053827156	-188.300715125024	-16.522247549413	
0.088793103448	0.224142510918	-0.004353528138	1.370584806577	88.233768716083	-1.713767697443	539.531132821908	-130.438547215602	-188.381057135234	-16.524554668957	
0.089655172414	0.224162917721	-0.004360236377	1.370850100101	88.241801860157	-1.716408397947	539.635565699569	-130.438564419448	-188.464905980359	-16.526178361202	
0.090517241379	0.224176698899	-0.004361318820	1.371113205167	88.247226825286	-1.716834501758	539.739137090152	-130.438013804437	-188.544500076459	-16.526271184453	
0.091379310345	0.224182445017	-0.004364024223	1.371362425734	88.249488786562	-1.717899484673	539.837242843398	-130.435780045449	-188.620320851303	-16.527506183627	
0.092241379310	0.224185833682	-0.004367804595	1.371602309882	88.250822735232	-1.719387629049	539.931673312417	-130.435496813263	-188.695976058135	-16.528433332314	
0.093103448276	0.224187451937	-0.004368327018	1.371832328045	88.251459761968	-1.719593281214	540.022220033736	-130.436381958041	-188.767178179394	-16.527773100222	
0.093965517241	0.224181404935	-0.004366472372	1.372048028148	88.249079357953	-1.718863199079	540.107130445864	-130.436242266083	-188.831834270285	-16.527990733476	
0.094827586207	0.224173013763	-0.004362789483	1.372253815876	88.245776170340	-1.717413428872	540.188138848350	-130.436581057906	-188.894508994323	-16.528529116785	
0.095689655172	0.224168954690	-0.004359210862	1.372453670560	88.244178315084	-1.716004703376	540.266811706622	-130.438142106426	-188.955177312338	-16.528620326774	
0.096551724138	0.224167020282	-0.004357273560	1.372638603027	88.243416834605	-1.715242083900	540.339610429432	-130.437252953009	-189.008649590816	-16.527192161941	
0.097413793103	0.224160614843	-0.004356400485	1.372805046912	88.240895331820	-1.714898397516	540.405131116292	-130.435023976590	-189.056582121210	-16.525202181596	
0.098275862069	0.224143061292	-0.004354856369	1.372959074665	88.233985370714	-1.714290555767	540.465764188839	-130.435239014318	-189.103102414308	-16.524995960982	
0.099137931034	0.224115524539	-0.004356164450	1.373109342309	88.223145519712	-1.714805482356	540.524917093374	-130.436428915225	-189.151506098319	-16.527183147070	
0.100000000000	0.224082263164	-0.004364610815	1.373251233183	88.210052168859	-1.718130396468	540.580772479775	-130.436439169383	-189.200408623893	-16.532775896553	
0.100862068966	0.224045178351	-0.004377715090	1.373378262417	88.195453720852	-1.723288898725	540.630777577118	-130.436714695011	-189.245400831475	-16.541285154354	
0.101724137931	0.224008378477	-0.004389042084	1.373501915102	88.180967439197	-1.727747773397	540.679453494611	-130.438102774366	-189.292073349244	-16.548596856119	
0.102586206897	0.223979708767	-0.004396880274	1.373624627352	88.169681598915	-1.730833279099	540.727759209846	-130.437970226939	-189.340537167601	-16.553090333957	
0.103448275862	0.223961936878	-0.004405288873	1.373739684274	88.162685689364	-1.734143326693	540.773051402878	-130.437491702769	-189.384019525271	-16.557908732034	
0.104310344828	0.223949445760	-0.004411069321	1.373852415329	88.157768556744	-1.736418801691	540.817428017227	-130.438228763174	-189.425107666561	-16.562480390990	
0.105172413793	0.223936655330	-0.004412462370	1.373964372730	88.152733600254	-1.736967176143	540.861500082878	-130.438944962602	-189.464801271128	-16.566591417707	
0.106034482759	0.223930898677	-0.004413869858	1.374081715011	88.150467491899	-1.737521234111	540.907691908217	-130.437872917744	-189.506493092323	-16.569921536652	
0.106896551724	0.223939584929	-0.004419396662	1.374208164800	88.153886837734	-1.739696862432	540.957468906578	-130.436630537162	-189.549570115723	-16.572969874953	
0.107758620690	0.223960408984	-0.004424859420	1.374343950320	88.162084233172	-1.741847278427	541.010920918422	-130.437327348775	-189.593026667222	-16.575034610718	
0.108620689655	0.223982889772	-0.004428108416	1.374484429969	88.170933802445	-1.743126246782	541.066220775647	-130.437577957887	-189.636430256157	-16.576925752178	
0.109482758621	0.224001742087	-0.004430225640	1.374629001218	88.178355022100	-1.743959692847	541.123131292694	-130.437604344182	-189.680715454135	-16.578729653633	
0.110344827586	0.224016495758	-0.004432057774	1.374778216344	88.184162809233	-1.744680912834	541.181869873281	-130.438659852907	-189.726042820426	-16.580132388827	
0.111206896552	0.224022740913	-0.004432864575	1.374925287871	88.186621216585	-1.744998510533	541.239764625113	-130.439635483688	-189.769719254197	-16.581033944081	
0.112068965517	0.224019312392	-0.004433405553	1.375065602537	88.185271578158	-1.745211466558	541.294999536835	-130.440135947883	-189.811727680862	-16.582169767582	
0.112931034483	0.224011289076	-0.004433986276	1.375200879680	88.182113197354	-1.745440068382	541.348251426153	-130.440933261878	-189.852598469855	-16.583042220024	
0.113793103448	0.224002561171	-0.004435701540	1.375332514788	88.178677454830	-1.746115282362	541.400069627105	-130.442369768403	-189.891705186636	-16.584043477784	
0.114655172414	0.223992931210	-0.004439495098	1.375456347539	88.174886617834	-1.747608617662	541.448816427672	-130.443010369297	-189.928231053853	-16.585893685274	
0.115517241379	0.223979358629	-0.004442493552	1.375567155573	88.169543767148	-1.748788960093	541.492436044492	-130.443023295462	-189.961231260917	-16.587889950761	
0.116379310345	0.223966340045	-0.004442840641	1.375669440896	88.164418997185	-1.748925591725	541.532700693514	-130.443732437819	-189.992512345974	-16.588128251917	
0.117241379310	0.223964433977	-0.004446969487	1.375771470838	88.163668673244	-1.750550913363	541.572864811708	-130.444710287164	-190.024348892341	-16.589139686994	
0.118103448276	0.223962287482	-0.004453181286	1.375866595681	88.162823704803	-1.752996189740	541.610310735683	-130.445108169782	-190.052225974301	-16.590995515566	
0.118965517241	0.223947361185	-0.004454337464	1.375953689813	88.156947963361	-1.753451319839	541.644595367762	-130.445359628223	-190.077220544072	-16.591960388340	
0.119827586207	0.223924617800	-0.004449747495	1.376035286458	88.147995022679	-1.751644476954	541.676715912064	-130.445883843572	-190.101937162728	-16.594399767699	
0.120689655172	0.223923576305	-0.004445927356	1.376118286792	88.147585037863	-1.750140678191	541.709389019391	-130.446388762883	-190.126018792343	-16.593537543808	
0.121551724138	0.223942844021	-0.004453339556	1.376200672703	88.155169780229	-1.753058492931	541.741820258630	-130.446435146647	-190.148771643084	-16.594391185695	
0.122413793103	0.223957279284	-0.004463830055	1.376280234023	88.160852226183	-1.757188081324	541.773139596992	-130.447000801588	-190.171641584199	-16.597002554639	
0.123275862069	0.223953504664	-0.004465463869	1.376356619060	88.159366345848	-1.757831232349	541.803208590142	-130.447670220946	-190.193853868417	-16.598256609996	
0.124137931034	0.223939226590	-0.004462668704	1.376431409178	88.153745777529	-1.756730914994	541.832649743534	-130.447877777056	-190.215721048238	-16.597900442668	
0.125000000000	0.223920041248	-0.004462035318	1.376505806716	88.146193461656	-1.756481582398	541.861936356999	-130.448053054364	-190.238124946597	-16.598760277791	
0.125862068966	0.223895845683	-0.004461551598	1.376578510243	88.136668870139	-1.756291165701	541.890556123048	-130.448282102529	-190.260085198382	-16.599740378001	
0.126724137931	0.223870907609	-0.004459833114	1.376648230109	88.126851989250	-1.755614684232	541.918001370039	-130.448116284466	-190.281618782698	-16.599886057863	
0.127586206897	0.223853598302	-0.004460794012	1.376717619359	88.120038175245	-1.755992941816	541.945316469670	-130.447711384282	-190.304169792915	-16.600550029800	
0.128448275862	0.223844914635	-0.004465466168	1.376787264833	88.116619847050	-1.757832137663	541.972732431981	-130.447459339581	-190.326498481825	-16.600996381608	
0.129310344828	0.223830484272	-0.004470639852	1.376852331187	88.110939330231	-1.759868759942	541.998345822402	-130.446970967031	-190.347175168118	-16.602081366663	
0.130172413793	0.223799410744	-0.004468635119	1.376913134888	88.098707226544	-1.759079595966	542.022281217936	-130.446384789124	-190.368105668396	-16.602829175259	
0.131034482759	0.223767076888	-0.004460027880	1.376972473564	88.085978993880	-1.755691353963	542.045639905999	-130.446221367049	-190.388229366099	-16.601948311565	
0.131896551724	0.223753383933	-0.004454662497	1.377034311918	88.080588758096	-1.753579269199	542.069982593175	-130.446031858451	-190.408381876843	-16.600268192390	
0.132758620690	0.223754057633	-0.004456634421	1.377093112520	88.080853960320	-1.754355517626	542.093129468440	-130.445112549397	-190.426638876030	-16.599944158266	
0.133620689655	0.223754274184	-0.004458792230	1.377146863861	88.080939205781	-1.755204939661	542.114288700491	-130.444341521408	-190.443328368186	-16.600238355818	
0.134482758621	0.223748639496	-0.004456099544	1.377197007158	88.078721109127	-1.754144963077	542.134027624704	-130.444016054795	-190.459670151811	-16.600769163673	
0.135344827586	0.223743370155	-0.004449826464	1.377243664925	88.076646831140	-1.751675563041	542.152394469340	-130.444086380413	-190.474128053756	-16.600034642290	
0.136206896552	0.223745678469	-0.004446436613	1.377283808347	88.077555499946	-1.750341147358	542.168196939847	-130.443207217302	-190.485946095030	-16.599137210767	
0.137068965517	0.223755869810	-0.004448507393	1.377319518485	88.081567324332	-1.751156310635	542.182254246747	-130.442424200038	-190.496492220805	-16.599877973067	
0.137931034483	0.223772269424	-0.004452285424	1.377357489494	88.088023037608	-1.752643533711	542.197201545943	-130.443205032681	-190.506340457201	-16.600749626527	
0.138793103448	0.223789351203	-0.004456279717	1.377395493727	88.094747285148	-1.754215888262	542.212161924175	-130.443630456126	-190.514980105265	-16.601708632006	
0.139655172414	0.223802306973	-0.004459859372	1.377424727626	88.099847327731	-1.755625020465	542.223669857374	-130.442606246812	-190.522105071206	-16.603036776426	
0.140517241379	0.223811657499	-0.004462775401	1.377443704068	88.103528165141	-1.756772916404	542.231139939845	-130.441564884039	-190.527924705882	-16.604450093851	
0.141379310345	0.223817264938	-0.004464699562	1.377456723111	88.105735535230	-1.757530362692	542.236264889899	-130.441154389526	-190.532808171691	-16.605233965961	
0.142241379310	0.223819295178	-0.004466211181	1.377470612133	88.106534739880	-1.758125412142	542.241732307941	-130.441001210273	-190.538571568325	-16.605805296862	
0.143103448276	0.223819324210	-0.004468732162	1.377492379541	88.106546168310	-1.759117796950	542.250301054781	-130.441396179585	-190.546631363300	-16.606868791493	
0.143965517241	0.223819250499	-0.004472234185	1.377522957219	88.106517151926	-1.760496369651	542.262337967295	-130.441953832229	-190.555881175638	-16.607463739244	
0.144827586207	0.223815303237	-0.004475666240	1.377555186224	88.104963311039	-1.761847398966	542.275024924826	-130.441752267830	-190.564931551874	-16.608465000043	
0.145689655172	0.223806763410	-0.004476543424	1.377584226036	88.101601605796	-1.762192702711	542.286456455997	-130.441193280201	-190.573815729828	-16.609534729730	
0.146551724138	0.223801053715	-0.004475596137	1.377611233069	88.099353982472	-1.761819803114	542.297087782783	-130.440838415329	-190.582581629651	-16.609551030630	
0.147413793103	0.223800735568	-0.004476575246	1.377638613678	88.099228743684	-1.762205229504	542.307866167946	-130.440624077309	-190.591525909002	-16.609551463176	
0.148275862069	0.223799079403	-0.004478195066	1.377667802714	88.098576793803	-1.762842872335	542.319356440843	-130.440592725010	-190.600879215657	-16.609900123239	
0.149137931034	0.223792844386	-0.004477499366	1.377701993687	88.096122377439	-1.762569009740	542.332815727979	-130.441017464918	-190.611243972811	-16.609838408312	
0.150000000000	0.223784798373	-0.004475029075	1.377741854359	88.092955062070	-1.761596578635	542.348506894159	-130.441507324361	-190.622458799067	-16.609528125595	
0.150862068966	0.223778550116	-0.004472229821	1.377784662267	88.090495433589	-1.760494651776	542.365358240092	-130.441744607735	-190.633799544762	-16.608793350632	
0.151724137931	0.223774547345	-0.004469954074	1.377827731272	88.088919741897	-1.759598802955	542.382312367377	-130.441843314245	-190.645490506170	-16.608191513906	
0.152586206897	0.223771764179	-0.004467969202	1.377869603331	88.087824147413	-1.758817457451	542.398795316308	-130.441985164597	-190.657366334735	-16.607801621868	
0.153448275862	0.223768807750	-0.004465657891	1.377909540393	88.086660348415	-1.757907609318	542.414516553270	-130.442124004183	-190.668535961708	-16.607104681211	
0.154310344828	0.223764377544	-0.004463382721	1.377948793342	88.084916396389	-1.757011987848	542.429968488691	-130.442262346161	-190.679477394582	-16.606421019579	
0.155172413793	0.223759069085	-0.004461806882	1.377990009627	88.082826719825	-1.756391658646	542.446193292015	-130.442776736181	-190.690828773036	-16.606374975106	
0.156034482759	0.223754795164	-0.004460921794	1.378033343129	88.081144289707	-1.756043243191	542.463251538439	-130.443369721055	-190.702001053489	-16.606358097500	
0.156896551724	0.223753176110	-0.004461022257	1.378075641935	88.080506948631	-1.756082790675	542.479902476642	-130.443447972066	-190.712634189529	-16.606339673446	
0.157758620690	0.223755315364	-0.004462333798	1.378114079303	88.081349066397	-1.756599078961	542.495033358220	-130.443173832656	-190.722813318177	-16.606874784460	
0.158620689655	0.223761037661	-0.004464932996	1.378148400530	88.083601650238	-1.757622254048	542.508543920026	-130.442919982008	-190.732283324952	-16.607233540181	
0.159482758621	0.223763842140	-0.004468345347	1.378178171986	88.084705634655	-1.758965527363	542.520263462889	-130.442584368699	-190.740872108752	-16.607617664683	
0.160344827586	0.223756556712	-0.004470529945	1.378205253109	88.081837723658	-1.759825494918	542.530923955218	-130.442280622733	-190.749484851773	-16.608432241927	
0.161206896552	0.223741491103	-0.004470460743	1.378233859214	88.075907141893	-1.759798253428	542.542184757139	-130.442150175577	-190.758886921785	-16.608862098342	
0.162068965517	0.223725281315	-0.004470164838	1.378265456968	88.069526153884	-1.759681770237	542.554623222692	-130.441953951412	-190.769067993925	-16.608884736956	
0.162931034483	0.223709996706	-0.004471354726	1.378297815596	88.063509362878	-1.760150170211	542.567361206620	-130.441381853622	-190.779869278452	-16.609604043091	
0.163793103448	0.223696790120	-0.004473086096	1.378329077222	88.058310586209	-1.760831724391	542.579667355695	-130.440500256984	-190.790916046636	-16.610274764226	
0.164655172414	0.223687194869	-0.004475216599	1.378359426075	88.054533412495	-1.761670397809	542.591614190730	-130.439642785495	-190.801803943013	-16.610476075934	
0.165517241379	0.223678365812	-0.004478080404	1.378390875947	88.051057851346	-1.762797735247	542.603994442770	-130.439092090518	-190.812801052204	-16.611158767999	
0.166379310345	0.223667888199	-0.004480063191	1.378425308737	88.046933335917	-1.763578259979	542.617548921301	-130.438761700061	-190.824046815194	-16.611693177320	
0.167241379310	0.223655596256	-0.004480332306	1.378460784870	88.042094608768	-1.763684197322	542.631514112050	-130.438356789532	-190.834847786340	-16.611790938246	
0.168103448276	0.223643659671	-0.004479664911	1.378491940059	88.037395768377	-1.763421477163	542.643778361724	-130.437378320629	-190.844103323781	-16.611790697332	
0.168965517241	0.223635934308	-0.004478988083	1.378515253260	88.034354676979	-1.763155043423	542.652955610437	-130.435964843946	-190.851323508674	-16.611627116943	
0.169827586207	0.223633215220	-0.004478645281	1.378532100596	88.033284306888	-1.763020099340	542.659587569332	-130.434991488294	-190.857420608420	-16.611502683299	
0.170689655172	0.223632381219	-0.004478002765	1.378544801976	88.032956002405	-1.762767172897	542.664587471604	-130.434402954201	-190.863177993292	-16.611695904886	
0.171551724138	0.223632554171	-0.004476585172	1.378554176793	88.033024085064	-1.762209137056	542.668277871163	-130.433582520545	-190.868203446558	-16.611673094656	
0.172413793103	0.223634524975	-0.004475253596	1.378561672403	88.033799892573	-1.761684961419	542.671228520269	-130.432682952788	-190.872328387859	-16.611400523798	
0.173275862069	0.223637578828	-0.004474585772	1.378570915054	88.035002042756	-1.761422072598	542.674866892916	-130.432383547283	-190.876246242651	-16.611262428687	
0.174137931034	0.223642103955	-0.004474359640	1.378584042834	88.036783360162	-1.761333055355	542.680034647682	-130.432625200222	-190.880076033271	-16.611286701939	
0.175000000000	0.223650112935	-0.004474863786	1.378597238462	88.039936097736	-1.761531512708	542.685229110568	-130.432463769756	-190.882839706745	-16.611395985012	
0.175862068966	0.223661946429	-0.004476229327	1.378604349943	88.044594356398	-1.762069058521	542.688028547347	-130.431647060551	-190.883869804853	-16.611729118611	
0.176724137931	0.223675532374	-0.004477336306	1.378603699135	88.049942467931	-1.762504821045	542.687772356495	-130.430917851847	-190.883580339253	-16.612260596176	
0.177586206897	0.223689920558	-0.004477421602	1.378598296803	88.055606380998	-1.762538397780	542.685645726831	-130.430475726960	-190.882602901809	-16.612522701804	
0.178448275862	0.223704704957	-0.004477485664	1.378593130086	88.061426264164	-1.762563616017	542.683611846988	-130.430212960063	-190.881714781301	-16.612564540293	
0.179310344828	0.223717897812	-0.004478129190	1.378592912456	88.066619635621	-1.762816940202	542.683526176934	-130.430424919309	-190.881668982451	-16.612713587368	
0.180172413793	0.223727674607	-0.004478849101	1.378599391455	88.070468273819	-1.763100333248	542.686076636768	-130.431097610434	-190.882527609578	-16.613099593714	
0.181034482759	0.223734669082	-0.004479106867	1.378609412611	88.073221651028	-1.763201802792	542.690021467945	-130.431588740347	-190.883655510541	-16.613416621940	
0.181896551724	0.223742425222	-0.004479241527	1.378618438803	88.076274858094	-1.763254811706	542.693574631359	-130.431692947051	-190.884649468965	-16.613452787121	
0.182758620690	0.223753210206	-0.004480156531	1.378624518630	88.080520370162	-1.763615003412	542.695967957243	-130.431837453008	-190.885445441720	-16.613613675147	
0.183620689655	0.223764501922	-0.004481430165	1.378628096926	88.084965357841	-1.764116369774	542.697376554623	-130.432180866444	-190.885865164822	-16.613668062073	
0.184482758621	0.223770248931	-0.004481731344	1.378630824759	88.087227669692	-1.764234929031	542.698450366909	-130.432677325850	-190.886124631289	-16.613663371796	
0.185344827586	0.223767610884	-0.004479894430	1.378636034963	88.086189201848	-1.763511827400	542.700501365045	-130.433506390360	-190.887108689454	-16.613730832109	
0.186206896552	0.223763423802	-0.004476824608	1.378646378704	88.084540955584	-1.762303390809	542.704573182192	-130.434546357193	-190.889147645742	-16.613222429664	
0.187068965517	0.223764364298	-0.004475433400	1.378659318582	88.084911182243	-1.761755741501	542.709666969066	-130.435276449116	-190.891462316202	-16.612674333028	
0.187931034483	0.223768737517	-0.004476162679	1.378670008960	88.086632701313	-1.762042822443	542.713875239635	-130.435648004082	-190.893336536066	-16.612725698586	
0.188793103448	0.223772214587	-0.004476644663	1.378676390142	88.088001450968	-1.762232555426	542.716387193990	-130.435986068656	-190.894751500395	-16.613017343088	
0.189655172414	0.223773470712	-0.004475725919	1.378679978414	88.088495924708	-1.761870891597	542.717799718177	-130.436433978441	-190.895938737384	-16.613065218105	
0.190517241379	0.223774265677	-0.004474533155	1.378684506990	88.088808863065	-1.761401359639	542.719582393760	-130.436959941760	-190.897296868244	-16.612798827784	
0.191379310345	0.223775457791	-0.004474384627	1.378694083908	88.089278139107	-1.761342891725	542.723352350179	-130.437708103958	-190.899575089474	-16.612729343926	
0.192241379310	0.223776355370	-0.004475160839	1.378710732136	88.089631471421	-1.761648447938	542.729905930592	-130.438703555055	-190.903399528923	-16.612841657075	
0.193103448276	0.223775032815	-0.004476222663	1.378731269260	88.089110847249	-1.762066434964	542.737990375588	-130.439358803748	-190.908376917531	-16.613044689673	
0.193965517241	0.223769338856	-0.004476997415	1.378749327496	88.086869418254	-1.762371416636	542.745099005850	-130.439274632227	-190.913258985684	-16.613390914715	
0.194827586207	0.223759664215	-0.004477105705	1.378764003119	88.083060993056	-1.762414044837	542.750876069155	-130.439026582860	-190.918247303458	-16.613647189701	
0.195689655172	0.223749036151	-0.004477088594	1.378781026571	88.078877252339	-1.762407309131	542.757577356593	-130.439358425239	-190.924650419358	-16.613794062056	
0.196551724138	0.223739606022	-0.004477606463	1.378805597196	88.075165078975	-1.762611168484	542.767249590632	-130.440043058844	-190.932949812708	-16.613941822472	
0.197413793103	0.223731542149	-0.004478897803	1.378838096638	88.071990733165	-1.763119504642	542.780043006139	-130.440505310248	-190.942607810523	-16.614082633504	
0.198275862069	0.223723272525	-0.004480182518	1.378874632053	88.068735392825	-1.763625233324	542.794425183480	-130.440746021237	-190.952584393003	-16.614219278182	
0.199137931034	0.223712865371	-0.004480362460	1.378909759464	88.064638613423	-1.763696067470	542.808253099486	-130.440862227029	-190.961801453385	-16.614217298861	
0.200000000000	0.223700602781	-0.004479586684	1.378939600072	88.059811441417	-1.763390683115	542.819999864005	-130.440732112061	-190.969733745068	-16.614029829962	
0.200862068966	0.223688311106	-0.004478747854	1.378963282185	88.054972819683	-1.763060477247	542.829322335094	-130.440412807690	-190.976394886658	-16.613813815010	
0.201724137931	0.223676900218	-0.004478110756	1.378982369298	88.050480920052	-1.762809683574	542.836835983057	-130.440111959175	-190.982016119565	-16.613550418464	
0.202586206897	0.223665172707	-0.004477204046	1.378998755643	88.045864381473	-1.762452756659	542.843286473128	-130.439871415593	-190.986900829556	-16.613420643011	
0.203448275862	0.223653578533	-0.004475536592	1.379014182587	88.041300331331	-1.761796363144	542.849359294200	-130.439652947402	-190.991346036825	-16.613240831250	
0.204310344828	0.223645947820	-0.004473899161	1.379029898521	88.038296498914	-1.761151787916	542.855545876398	-130.439450645711	-190.995505084043	-16.612811535499	
0.205172413793	0.223643931350	-0.004473551356	1.379045473602	88.037502715028	-1.761014874189	542.861677011975	-130.439298101606	-190.999308553842	-16.612529445576	
0.206034482759	0.223644571109	-0.004474056662	1.379058906666	88.037754556239	-1.761213787976	542.866964941699	-130.439119517405	-191.002503777643	-16.612521259332	
0.206896551724	0.223644222780	-0.004474072751	1.379068449427	88.037617436379	-1.761220121539	542.870721452657	-130.438777794955	-191.005041096003	-16.612623496452	
0.207758620690	0.223643141752	-0.004473260102	1.379075011630	88.037191889298	-1.760900221954	542.873304665834	-130.438347942511	-191.007342270694	-16.612666693966	
0.208620689655	0.223644677168	-0.004472492505	1.379082172560	88.037796306209	-1.760598057324	542.876123568122	-130.438048787868	-191.010035971487	-16.612599233687	
0.209482758621	0.223650361346	-0.004472594631	1.379093102607	88.040033884990	-1.760638259214	542.880426184407	-130.437975282654	-191.013487438430	-16.612585302683	
0.210344827586	0.223658120066	-0.004473420906	1.379108090011	88.043088107485	-1.760963522496	542.886325980676	-130.438051476693	-191.017592233199	-16.612772730221	
0.211206896552	0.223665289527	-0.004474376309	1.379124723859	88.045910367841	-1.761339617089	542.892873900228	-130.438114719337	-191.021847570784	-16.613060015091	
0.212068965517	0.223671118334	-0.004475381205	1.379140041196	88.048204879741	-1.761735195006	542.898903574607	-130.438082776418	-191.025723992175	-16.613356604849	
0.212931034483	0.223675872321	-0.004476666650	1.379152568371	88.050076287830	-1.762241210777	542.903834900935	-130.438031911089	-191.029029427283	-16.613746238425	
0.213793103448	0.223679838374	-0.004477990516	1.379162714092	88.051637525953	-1.762762351022	542.907828767097	-130.438049412202	-191.031915120194	-16.614128299615	
0.214655172414	0.223683552590	-0.004479132411	1.379171711242	88.053099628440	-1.763211858279	542.911370497976	-130.438114499858	-191.034663293713	-16.614432264524	
0.215517241379	0.223687207652	-0.004480217047	1.379180335718	88.054538444723	-1.763638825623	542.914765525833	-130.438177456307	-191.037338353509	-16.614732807384	
0.216379310345	0.223690111029	-0.004481158620	1.379188381700	88.055681359913	-1.764009476201	542.917932829029	-130.438228365042	-191.039683725579	-16.614974424480	
0.217241379310	0.223690993105	-0.004481614223	1.379195062468	88.056028589192	-1.764188824467	542.920562715146	-130.438281627719	-191.041447474573	-16.615234441535	
0.218103448276	0.223690366805	-0.004481331158	1.379200050808	88.055782046085	-1.764077395567	542.922526377106	-130.438363002363	-191.042582794312	-16.615385990349	
0.218965517241	0.223691038481	-0.004480925273	1.379203459910	88.056046451426	-1.763917619161	542.923868371166	-130.438463099769	-191.043187430601	-16.615317252969	
0.219827586207	0.223694088049	-0.004481390597	1.379204619934	88.057246914803	-1.764100793922	542.924325014781	-130.438550298688	-191.043259625913	-16.615359717176	
0.220689655172	0.223696926938	-0.004482384191	1.379201670577	88.058364444544	-1.764491922442	542.923163999468	-130.438573935629	-191.042440774536	-16.615609907785	
0.221551724138	0.223696567493	-0.004482609104	1.379193873836	88.058222948959	-1.764580459696	542.920094810044	-130.438536269694	-191.040766113979	-16.615887265219	
0.222413793103	0.223694266161	-0.004481587465	1.379183688291	88.057317028914	-1.764178291221	542.916085266907	-130.438593211677	-191.038837060489	-16.615992656671	
0.223275862069	0.223694793768	-0.004480300671	1.379175825651	88.057524721645	-1.763671744366	542.912990136185	-130.438898167106	-191.037368285283	-16.615797502659	
0.224137931034	0.223699957949	-0.004480092359	1.379173065234	88.059557603019	-1.763589742154	542.911903497242	-130.439394749732	-191.036620310574	-16.615609412972	
0.225000000000	0.223705959571	-0.004480667873	1.379173972965	88.061920143161	-1.763816293540	542.912260825899	-130.439903795452	-191.036265765830	-16.615662700388	
0.225862068966	0.223708393949	-0.004480670212	1.379175149944	88.062878436957	-1.763817214252	542.912724144146	-130.440265259583	-191.035849044978	-16.615807626823	
0.226724137931	0.223707622372	-0.004479769468	1.379174863618	88.062574705238	-1.763462636069	542.912611431793	-130.440490602430	-191.035349460287	-16.615791144628	
0.227586206897	0.223707296922	-0.004478981446	1.379174428215	88.062446592042	-1.763152430860	542.912440035154	-130.440725922355	-191.035236783947	-16.615668536756	
0.228448275862	0.223709348108	-0.004478929797	1.379175941327	88.063254042017	-1.763132099256	542.913035672204	-130.441055501987	-191.035679477931	-16.615549668942	
0.229310344828	0.223712328165	-0.004479252999	1.379180787795	88.064427142125	-1.763259327715	542.914943485848	-130.441436148930	-191.036812488086	-16.615559488303	
0.230172413793	0.223714279736	-0.004479354560	1.379189245687	88.065195378610	-1.763299307232	542.918272937652	-130.441894453260	-191.038637913234	-16.615600623472	
0.231034482759	0.223714465170	-0.004478882662	1.379199819713	88.065268375051	-1.763113544413	542.922435406406	-130.442338735682	-191.040690278066	-16.615572947194	
0.231896551724	0.223714226888	-0.004478329089	1.379210573711	88.065174575060	-1.762895630415	542.926668720953	-130.442694890623	-191.042465197821	-16.615508589653	
0.232758620690	0.223715566975	-0.004478237493	1.379220292137	88.065702100983	-1.762859573545	542.930494382300	-130.443013466555	-191.043663104662	-16.615436343412	
0.233620689655	0.223718662586	-0.004478866200	1.379228285603	88.066920688896	-1.763107064335	542.933641012579	-130.443340416710	-191.044240957216	-16.615490396220	
0.234482758621	0.223721221753	-0.004479938553	1.379234351561	88.067928105746	-1.763529196175	542.936028878825	-130.443675333471	-191.044428076389	-16.615744119026	
0.235344827586	0.223721159457	-0.004480749101	1.379238590643	88.067903582913	-1.763848268806	542.937697595025	-130.443980469135	-191.044561141652	-16.616052493136	
0.236206896552	0.223718695744	-0.004481059639	1.379241867505	88.066933741526	-1.763970512195	542.938987532552	-130.444228933469	-191.044993982380	-16.616267875723	
0.237068965517	0.223715561475	-0.004481103750	1.379246355750	88.065699935684	-1.763987876332	542.940754331734	-130.444511151770	-191.046150793159	-16.616334691014	
0.237931034483	0.223712822197	-0.004481121830	1.379254996263	88.064621618311	-1.763994993542	542.944155672220	-130.444940537731	-191.048450197653	-16.616296251825	
0.238793103448	0.223709919376	-0.004481148368	1.379269506362	88.063478921863	-1.764005440384	542.949867577039	-130.445477779096	-191.052022542040	-16.616215991158	
0.239655172414	0.223705270703	-0.004481085321	1.379288833399	88.061648970334	-1.763980621845	542.957475671164	-130.445960268686	-191.056535475202	-16.616142840266	
0.240517241379	0.223697930800	-0.004480802235	1.379309807218	88.058759615232	-1.763869185071	542.965732021746	-130.446266864484	-191.061384179459	-16.616074401764	
0.241379310345	0.223688734354	-0.004480367845	1.379329369978	88.055139431115	-1.763698187283	542.973432908269	-130.446367375469	-191.066057296570	-16.616003497005	
0.242241379310	0.223679546330	-0.004480067699	1.379346343461	88.051522562794	-1.763580034578	542.980114525087	-130.446341428998	-191.070358480313	-16.615921319067	
0.243103448276	0.223671357542	-0.004480106401	1.379361317129	88.048299043751	-1.763595269934	542.986008914106	-130.446309516481	-191.074370386912	-16.615875176609	
0.243965517241	0.223663686754	-0.004480338237	1.379375272138	88.045279435638	-1.763686532183	542.991502307592	-130.446328011511	-191.078233186525	-16.615916692637	
0.244827586207	0.223655946115	-0.004480443684	1.379388398566	88.042232330802	-1.763728041396	542.996669530207	-130.446361533127	-191.081908079483	-16.615970233487	
0.245689655172	0.223648316405	-0.004480354758	1.379399870028	88.039228892980	-1.763693035729	543.001185274775	-130.446340212836	-191.085158699026	-16.615983466585	
0.246551724138	0.223641367085	-0.004480229452	1.379408512801	88.036493291386	-1.763643708740	543.004587505107	-130.446221915422	-191.087709628302	-16.615987807225	
0.247413793103	0.223635495224	-0.004480192465	1.379413605787	88.034181831460	-1.763629148959	543.006592360233	-130.446004617419	-191.089389950482	-16.616027028128	
0.248275862069	0.223630683164	-0.004480229689	1.379415172448	88.032287562280	-1.763643802284	543.007209076977	-130.445703446456	-191.090194920386	-16.616131537194	
0.249137931034	0.223626996524	-0.004480220327	1.379413872704	88.030836315251	-1.763640116807	543.006697432477	-130.445330102227	-191.090281228814	-16.616259786331	
0.250000000000	0.223625235045	-0.004480211524	1.379410744961	88.030142908801	-1.763636651415	543.005466195286	-130.444895206380	-191.089919138642	-16.616361107979	
0.250862068966	0.223626313012	-0.004480480545	1.379406801731	88.030567250674	-1.763742551652	543.003913941836	-130.444423255064	-191.089390723992	-16.616437456371	
0.251724137931	0.223629792207	-0.004481130086	1.379402647464	88.031936837077	-1.763998243529	543.002278613049	-130.443938588720	-191.088950851297	-16.616527011579	
0.252586206897	0.223633761482	-0.004481814187	1.379398487952	88.033499343334	-1.764267540185	543.000641220113	-130.443439399292	-191.088864044931	-16.616679725552	
0.253448275862	0.223636867843	-0.004482050984	1.379394652250	88.034722163307	-1.764360755463	542.999131294845	-130.442904662554	-191.089357031729	-16.616827005703	
0.254310344828	0.223639722272	-0.004481775159	1.379392141286	88.035845810008	-1.764252176956	542.998142852995	-130.442347087966	-191.090574812458	-16.616865761112	
0.255172413793	0.223644026622	-0.004481311623	1.379392749154	88.037540218782	-1.764069705738	542.998382140479	-130.441862167309	-191.092653739205	-16.616803341460	
0.256034482759	0.223651058952	-0.004480967068	1.379398288001	88.040308497731	-1.763934071709	543.000562509347	-130.441567943033	-191.095670133681	-16.616676139024	
0.256896551724	0.223660567205	-0.004480954246	1.379408836859	88.044051424245	-1.763929024104	543.004715070406	-130.441470574885	-191.099376611763	-16.616524859381	
0.257758620690	0.223670296953	-0.004481295311	1.379421502766	88.047881542639	-1.764063284707	543.009701008531	-130.441431210436	-191.103037309911	-16.616413536491	
0.258620689655	0.223677194058	-0.004481653691	1.379431756761	88.050596590251	-1.764204361104	543.013737496797	-130.441305170676	-191.105788407552	-16.616376293748	
0.259482758621	0.223679761544	-0.004481543436	1.379436309272	88.051607281765	-1.764160959192	543.015529594340	-130.441083322727	-191.107117009960	-16.616352310305	
0.260344827586	0.223679151479	-0.004480854632	1.379434833169	88.051367129510	-1.763889811151	543.014948525847	-130.440872056330	-191.107036010284	-16.616243502260	
0.261206896552	0.223677661608	-0.004479969055	1.379429090614	88.050780641523	-1.763541203529	543.012687967543	-130.440758648195	-191.105860066207	-16.616072379636	
0.262068965517	0.223676710240	-0.004479279654	1.379420881130	88.050406135054	-1.763269820709	543.009456301264	-130.440744391873	-191.103879003755	-16.615918916822	
0.262931034483	0.223676349573	-0.004478873670	1.379410852683	88.050264158556	-1.763110004640	543.005508600330	-130.440770515550	-191.101232143107	-16.615817268131	
0.263793103448	0.223675892212	-0.004478663462	1.379398797354	88.050084118161	-1.763027256380	543.000763016305	-130.440773148615	-191.098029501250	-16.615788555264	
0.264655172414	0.223674714609	-0.004478529738	1.379384629607	88.049620554170	-1.762974615941	542.995185878038	-130.440719202899	-191.094484332175	-16.615827231887	
0.265517241379	0.223672746033	-0.004478383138	1.379369130815	88.048845623710	-1.762916906899	542.989084774128	-130.440614237990	-191.090944196863	-16.615905917594	
0.266379310345	0.223670642410	-0.004478203123	1.379354203989	88.048017531978	-1.762846043929	542.983208824360	-130.440501682087	-191.087860528885	-16.615983415881	
0.267241379310	0.223669507392	-0.004478071034	1.379342468077	88.047570731607	-1.762794046974	542.978588978893	-130.440453467271	-191.085693021047	-16.616014530931	
0.268103448276	0.223670027001	-0.004478143190	1.379336095858	88.047775275876	-1.762822451258	542.976080553107	-130.440521191734	-191.084734883041	-16.615996659725	
0.268965517241	0.223671672478	-0.004478489717	1.379335509591	88.048423018491	-1.762958861529	542.975849768895	-130.440675396812	-191.084938118908	-16.615970448204	
0.269827586207	0.223672873222	-0.004478956746	1.379339033888	88.048895691795	-1.763142707804	542.977237109245	-130.440813066289	-191.085909880115	-16.615964980310	
0.270689655172	0.223672146726	-0.004479262380	1.379343984260	88.048609706495	-1.763263020448	542.979185824860	-130.440845463995	-191.087146273273	-16.615973834634	
0.271551724138	0.223669246037	-0.004479250468	1.379348390732	88.047467849111	-1.763258331446	542.980920433990	-130.440772430330	-191.088322921213	-16.615971036761	
0.272413793103	0.223665318375	-0.004479031496	1.379351884741	88.045921724102	-1.763172133053	542.982295851406	-130.440664479519	-191.089383866169	-16.615934710986	
0.273275862069	0.223661964994	-0.004478883448	1.379355079438	88.044601664452	-1.763113854119	542.983553445079	-130.440589951565	-191.090377304084	-16.615876105028	
0.274137931034	0.223660047718	-0.004478996675	1.379358280385	88.043846928315	-1.763158425974	542.984813498736	-130.440566846055	-191.091228167540	-16.615831814354	
0.275000000000	0.223659250497	-0.004479306665	1.379360802837	88.043533102002	-1.763280453501	542.985806462684	-130.440569152331	-191.091666046788	-16.615817265599	
0.275862068966	0.223658554467	-0.004479581207	1.379361284824	88.043259109521	-1.763388526864	542.985996197123	-130.440560164782	-191.091347002529	-16.615834508743	
0.276724137931	0.223657177347	-0.004479615122	1.379358495745	88.042717005542	-1.763401877712	542.984898275175	-130.440515961386	-191.090028720756	-16.615868500657	
0.277586206897	0.223655261106	-0.004479389234	1.379351957348	88.041962676732	-1.763312956897	542.982324433265	-130.440430333934	-191.087677534573	-16.615886359859	
0.278448275862	0.223653731339	-0.004479116927	1.379342083370	88.041360483714	-1.763205762848	542.978437539033	-130.440314993577	-191.084483785747	-16.615884744627	
0.279310344828	0.223653430921	-0.004479084387	1.379329922082	88.041242223786	-1.763192953832	542.973650244262	-130.440187825968	-191.080789862383	-16.615896664755	
0.280172413793	0.223654246898	-0.004479382077	1.379316707737	88.041563433543	-1.763310139354	542.968448412913	-130.440055893723	-191.076990496097	-16.615957621369	
0.281034482759	0.223655221664	-0.004479805427	1.379303622337	88.041947150319	-1.763476791153	542.963297341150	-130.439914384085	-191.073475865353	-16.616081195700	
0.281896551724	0.223655682681	-0.004480049259	1.379291937690	88.042128630064	-1.763572775837	542.958697676594	-130.439760979434	-191.070600009672	-16.616233253177	
0.282758620690	0.223656211956	-0.004480024223	1.379283173958	88.042336979123	-1.763562920228	542.955247830810	-130.439611600739	-191.068642809557	-16.616334626047	
0.283620689655	0.223658218172	-0.004479992530	1.379278797749	88.043126726883	-1.763550444402	542.953525134394	-130.439505048418	-191.067766822435	-16.616373819139	
0.284482758621	0.223662563870	-0.004480311904	1.379279447156	88.044837412134	-1.763676166253	542.953780773986	-130.439474753730	-191.067919071993	-16.616407773543	
0.285344827586	0.223668558584	-0.004481089966	1.379284187336	88.047197233100	-1.763982450596	542.955646747126	-130.439496896484	-191.068748858506	-16.616480617878	
0.286206896552	0.223674195028	-0.004482096415	1.379290567171	88.049416020987	-1.764378639327	542.958158171332	-130.439496913214	-191.069707698581	-16.616614271550	
0.287068965517	0.223677672602	-0.004482936455	1.379295833576	88.050784969353	-1.764709321252	542.960231293047	-130.439424451561	-191.070303915780	-16.616775241546	
0.287931034483	0.223678732379	-0.004483377425	1.379298424808	88.051202150676	-1.764882909235	542.961251332601	-130.439301544337	-191.070320511720	-16.616891779135	
0.288793103448	0.223678436059	-0.004483495565	1.379298503312	88.051085504384	-1.764929415241	542.961282235753	-130.439194961896	-191.069856210480	-16.616939696199	
0.289655172414	0.223678029053	-0.004483484617	1.379297308369	88.050925286304	-1.764925105372	542.960811845768	-130.439155330046	-191.069183103141	-16.616949528657	
0.290517241379	0.223678207264	-0.004483449034	1.379296110454	88.050995438875	-1.764911098305	542.960340286211	-130.439184435708	-191.068550349273	-16.616947449834	
0.291379310345	0.223679064737	-0.004483392888	1.379295620685	88.051332983745	-1.764888996255	542.960147488693	-130.439250634577	-191.068093274430	-16.616937120287	
0.292241379310	0.223680385821	-0.004483288492	1.379296123054	88.051853028585	-1.764847900719	542.960345246425	-130.439325986848	-191.067890418043	-16.616915945220	
0.293103448276	0.223681968076	-0.004483128301	1.379297929398	88.052475883937	-1.764784841759	542.961056314002	-130.439407885406	-191.068057961004	-16.616876317910	
0.293965517241	0.223683697032	-0.004482951952	1.379301586732	88.053156487798	-1.764715421810	542.962496024748	-130.439511167352	-191.068774600509	-16.616810372715	
0.294827586207	0.223685398009	-0.004482818116	1.379307707719	88.053826078057	-1.764662737145	542.964905553166	-130.439645795867	-191.070233778937	-16.616732515367	
0.295689655172	0.223686815930	-0.004482734123	1.379316707676	88.054384242984	-1.764629673319	542.968448389191	-130.439807606315	-191.072564007971	-16.616663374720	
0.296551724138	0.223687805160	-0.004482638295	1.379328677840	88.054773653603	-1.764591950479	542.973160447764	-130.439989816751	-191.075768353876	-16.616602830078	
0.297413793103	0.223688520032	-0.004482454759	1.379343511594	88.055055063457	-1.764519701493	542.978999759769	-130.440201465130	-191.079748303565	-16.616535976816	
0.298275862069	0.223689453127	-0.004482188086	1.379361050100	88.055422376587	-1.764414725791	542.985903798061	-130.440468116054	-191.084357630743	-16.616450909183	
0.299137931034	0.223691069655	-0.004481986537	1.379380858832	88.056058723347	-1.764335385836	542.993701511475	-130.440804690899	-191.089376252897	-16.616358952155	
0.300000000000	0.223693094356	-0.004482028463	1.379401738412	88.056855747601	-1.764351890039	543.001920764526	-130.441186595587	-191.094446786407	-16.616302014843	
0.300862068966	0.223694313021	-0.004482291721	1.379421668220	88.057335475345	-1.764455521471	543.009766139631	-130.441558947908	-191.099118404002	-16.616321246246	
0.301724137931	0.223693497323	-0.004482535079	1.379438561336	88.057014375541	-1.764551319536	543.016416120157	-130.441879524242	-191.103009127324	-16.616399705327	
0.302586206897	0.223690486170	-0.004482578635	1.379451170602	88.055829034342	-1.764568465279	543.021379761394	-130.442147386456	-191.105933057734	-16.616480436665	
0.303448275862	0.223686095495	-0.004482476458	1.379459343556	88.054100643702	-1.764528243594	543.024597047297	-130.442388230397	-191.107899527717	-16.616540772019	
0.304310344828	0.223681183232	-0.004482352477	1.379463625596	88.052166929862	-1.764479438272	543.026282673854	-130.442618322172	-191.109035060437	-16.616602251681	
0.305172413793	0.223676128215	-0.004482209300	1.379464700754	88.050177020851	-1.764423076421	543.026705909872	-130.442823621443	-191.109488972567	-16.616678586246	
0.306034482759	0.223671076497	-0.004481999688	1.379463165165	88.048188410578	-1.764340562865	543.026101425036	-130.442972103565	-191.109418825504	-16.616763200527	
0.306896551724	0.223666273305	-0.004481735016	1.379459538658	88.046297632543	-1.764236374623	543.024673849214	-130.443037688637	-191.108975167424	-16.616834919483	
0.307758620690	0.223662024957	-0.004481495201	1.379454438371	88.044625269005	-1.764141971360	543.022666119835	-130.443018480203	-191.108335602080	-16.616887437448	
0.308620689655	0.223658452183	-0.004481343199	1.379448664665	88.043218845493	-1.764082135664	543.020393298695	-130.442933830758	-191.107708841511	-16.616924260770	
0.309482758621	0.223655316808	-0.004481263050	1.379443030778	88.041984603838	-1.764050584833	543.018175517048	-130.442804031382	-191.107285948037	-16.616950478638	
0.310344827586	0.223652171873	-0.004481163802	1.379438118322	88.040746599204	-1.764011516131	543.016241727212	-130.442635879618	-191.107187109139	-16.616974389382	
0.311206896552	0.223648887084	-0.004480946676	1.379434235737	88.039453541260	-1.763926044457	543.014713346803	-130.442429882988	-191.107444573056	-16.616991974983	
0.312068965517	0.223646054314	-0.004480618841	1.379431528917	88.038338420312	-1.763796991791	543.013647805900	-130.442197143591	-191.108013824659	-16.616987641247	
0.312931034483	0.223644672555	-0.004480337091	1.379429967863	88.037794490597	-1.763686080867	543.013033296747	-130.441961599821	-191.108779790717	-16.616963637517	
0.313793103448	0.223645296805	-0.004480294201	1.379429142807	88.038040226516	-1.763669197259	543.012708513172	-130.441740926814	-191.109544550714	-16.616946442155	
0.314655172414	0.223647442885	-0.004480548735	1.379428112571	88.038885031843	-1.763769394776	543.012302960471	-130.441529532147	-191.110031927337	-16.616962356822	
0.315517241379	0.223649822679	-0.004480955905	1.379425547399	88.039821838526	-1.763929677149	543.011293179691	-130.441306779498	-191.109940909578	-16.617013089677	
0.316379310345	0.223651235796	-0.004481257369	1.379420215635	88.040378112483	-1.764048348854	543.009194328982	-130.441061658983	-191.109038779431	-16.617067476688	
0.317241379310	0.223651363948	-0.004481267523	1.379411538877	88.040428559360	-1.764052345922	543.005778720801	-130.440806345557	-191.107242913432	-16.617082129655	
0.318103448276	0.223650813316	-0.004480993853	1.379399772195	88.040211803087	-1.763944615637	543.001146762547	-130.440565919962	-191.104629308826	-16.617039500514	
0.318965517241	0.223650504340	-0.004480577480	1.379385701340	88.040090174588	-1.763780710169	542.995607766182	-130.440357163647	-191.101365048282	-16.616955603013	
0.319827586207	0.223651051709	-0.004480150165	1.379370192840	88.040305646501	-1.763612497595	542.989502840544	-130.440177790894	-191.097634765613	-16.616858992994	
0.320689655172	0.223652618896	-0.004479764855	1.379353971804	88.040922570195	-1.763460820040	542.983117424464	-130.440014839227	-191.093610277598	-16.616766331856	
0.321551724138	0.223655142886	-0.004479434615	1.379337694586	88.041916139445	-1.763330820934	542.976709892813	-130.439860764054	-191.089459833297	-16.616676619189	
0.322413793103	0.223658480118	-0.004479185758	1.379322035206	88.043229842004	-1.763232858511	542.970545572925	-130.439721251073	-191.085352122820	-16.616591974373	
0.323275862069	0.223662365262	-0.004479030615	1.379307654634	88.044759229993	-1.763171786463	542.964884656186	-130.439609366256	-191.081442907706	-16.616516900393	
0.324137931034	0.223666449053	-0.004478937958	1.379295121645	88.046366815771	-1.763135311841	542.959951041310	-130.439534612982	-191.077867196568	-16.616446101021	
0.325000000000	0.223670480165	-0.004478888501	1.379284830147	88.047953664207	-1.763115843003	542.955899789906	-130.439499441274	-191.074729055822	-16.616372908968	
0.325862068966	0.223674320019	-0.004478912712	1.379276885605	88.049465224035	-1.763125373695	542.952772418627	-130.439501703032	-191.072068041523	-16.616294068862	
0.326724137931	0.223677715868	-0.004479029894	1.379271049394	88.050802000743	-1.763171502364	542.950474992094	-130.439535358591	-191.069849401877	-16.616215069232	
0.327586206897	0.223680257786	-0.004479172654	1.379266875072	88.051802627758	-1.763227699930	542.948831769045	-130.439590944746	-191.067994959365	-16.616143175001	
0.328448275862	0.223681725545	-0.004479244673	1.379263964160	88.052380411313	-1.763256050219	542.947685887653	-130.439661253612	-191.066434557907	-16.616076947929	
0.329310344828	0.223682351401	-0.004479217306	1.379262059434	88.052626779720	-1.763245277259	542.946936091791	-130.439743913180	-191.065105950317	-16.616010143165	
0.330172413793	0.223682682892	-0.004479137594	1.379261050444	88.052757271332	-1.763213898568	542.946538902509	-130.439841416912	-191.063972499595	-16.615950223909	
0.331034482759	0.223683336035	-0.004479083179	1.379260973480	88.053014381471	-1.763192478167	542.946508605700	-130.439959169913	-191.063045022428	-16.615901961229	
0.331896551724	0.223684677603	-0.004479155929	1.379261891670	88.053542490190	-1.763221116308	542.946870051469	-130.440097497416	-191.062352718276	-16.615860501335	
0.332758620690	0.223686395013	-0.004479429973	1.379263748928	88.054218549064	-1.763328993520	542.947601161500	-130.440245706750	-191.061914132008	-16.615834645755	
0.333620689655	0.223687460043	-0.004479826782	1.379266418215	88.054637798535	-1.763485197637	542.948651927041	-130.440387397326	-191.061756499428	-16.615834966209	
0.334482758621	0.223686845179	-0.004480123916	1.379269942225	88.054395757082	-1.763602164552	542.950039154637	-130.440512000722	-191.061951830921	-16.615838505458	
0.335344827586	0.223684346788	-0.004480159200	1.379274709602	88.053412264525	-1.763616054161	542.951915834445	-130.440618355815	-191.062623193636	-16.615804521096	
0.336206896552	0.223680664588	-0.004479978250	1.379281305251	88.051962765292	-1.763544823036	542.954512213558	-130.440707932140	-191.063894627600	-16.615719865177	
0.337068965517	0.223676749595	-0.004479759222	1.379290142990	88.050421627210	-1.763458602756	542.957991192130	-130.440778221006	-191.065817971072	-16.615608448199	
0.337931034483	0.223673118472	-0.004479640875	1.379301244056	88.048992234354	-1.763412015240	542.962361130372	-130.440822377342	-191.068351379058	-16.615507350249	
0.338793103448	0.223669716753	-0.004479642203	1.379314278579	88.047653146931	-1.763412538217	542.967492174221	-130.440833168046	-191.071396623340	-16.615439149499	
0.339655172414	0.223666300210	-0.004479724377	1.379328720003	88.046308223416	-1.763444885959	542.973177045455	-130.440807828254	-191.074835701753	-16.615403078994	
0.340517241379	0.223662783340	-0.004479885232	1.379344000767	88.044923806482	-1.763508206339	542.979192322674	-130.440749339089	-191.078546037461	-16.615390119786	
0.341379310345	0.223659197747	-0.004480154055	1.379359563974	88.043512336906	-1.763614028795	542.985318784104	-130.440662821497	-191.082397286144	-16.615398960838	
0.342241379310	0.223655490532	-0.004480512144	1.379374820642	88.042052990670	-1.763754990819	542.991324576230	-130.440551506562	-191.086242272341	-16.615434623920	
0.343103448276	0.223651556276	-0.004480870046	1.379389166631	88.040504269563	-1.763895878776	542.996971879080	-130.440416787628	-191.089925333694	-16.615495133066	
0.343965517241	0.223647488721	-0.004481141826	1.379402084032	88.038903075076	-1.764002865050	543.002056818196	-130.440260309846	-191.093307035952	-16.615570251934	
0.344827586207	0.223643708083	-0.004481318832	1.379413202510	88.037414825632	-1.764072543495	543.006433610329	-130.440086014726	-191.096279942779	-16.615651564609	
0.345689655172	0.223640764041	-0.004481468019	1.379422287644	88.036255902894	-1.764131271166	543.010009975953	-130.439900301901	-191.098771406255	-16.615737764424	
0.346551724138	0.223638933335	-0.004481673447	1.379429176218	88.035535244694	-1.764212137773	543.012721665278	-130.439708461743	-191.100738698406	-16.615835943560	
0.347413793103	0.223637968782	-0.004481961164	1.379433733246	88.035155548156	-1.764325397795	543.014515540691	-130.439511325013	-191.102165277546	-16.615952056808	
0.348275862069	0.223637251404	-0.004482265226	1.379435921987	88.034873152190	-1.764445091778	543.015377139305	-130.439307389543	-191.103076744490	-16.616081095371	
0.349137931034	0.223636253688	-0.004482472237	1.379435912579	88.034480400985	-1.764526581903	543.015373436095	-130.439098396260	-191.103553838435	-16.616206314882	
0.350000000000	0.223634919909	-0.004482512618	1.379434147297	88.033955358282	-1.764542477841	543.014678532140	-130.438890215474	-191.103727483123	-16.616308967382	
0.350862068966	0.223633619634	-0.004482402125	1.379431245887	88.033443504842	-1.764498982231	543.013536391214	-130.438686194653	-191.103738941833	-16.616380691823	
0.351724137931	0.223632820896	-0.004482225573	1.379427816215	88.033129081086	-1.764429482589	543.012186299783	-130.438484601232	-191.103719387454	-16.616437715868	
0.352586206897	0.223632844255	-0.004482064560	1.379424246201	88.033138276623	-1.764366099785	543.010780962866	-130.438279910298	-191.103740354455	-16.616496945136	
0.353448275862	0.223633812841	-0.004481976796	1.379420700364	88.033519560557	-1.764331551307	543.009385142722	-130.438069059373	-191.103821564609	-16.616568812044	
0.354310344828	0.223635698989	-0.004481995205	1.379417178063	88.034262043406	-1.764338797898	543.007998587821	-130.437855781042	-191.103943070541	-16.616656954922	
0.355172413793	0.223638356271	-0.004482121437	1.379413557426	88.035308083432	-1.764388489482	543.006573323057	-130.437649060514	-191.104050601936	-16.616758028396	
0.356034482759	0.223641533579	-0.004482322245	1.379409600401	88.036558831677	-1.764467537594	543.005015638956	-130.437457533894	-191.104057492712	-16.616863482550	
0.356896551724	0.223644931942	-0.004482545923	1.379404954541	88.037896598348	-1.764555588285	543.003186794770	-130.437285433688	-191.103848788825	-16.616967285599	
0.357758620690	0.223648304392	-0.004482743673	1.379399208079	88.039224164227	-1.764633432631	543.000924698353	-130.437133013683	-191.103295685972	-16.617069448730	
0.358620689655	0.223651554347	-0.004482876692	1.379391981709	88.040503510006	-1.764685795748	542.998080035428	-130.436999342107	-191.102281150008	-16.617170933178	
0.359482758621	0.223654811228	-0.004482931199	1.379383028346	88.041785582382	-1.764707252527	542.994555541176	-130.436885017658	-191.100731691421	-16.617271421961	
0.360344827586	0.223658398204	-0.004482947347	1.379372299515	88.043197596476	-1.764713608971	542.990332133840	-130.436794152468	-191.098632904998	-16.617369304038	
0.361206896552	0.223662578600	-0.004483012005	1.379359930388	88.044843210469	-1.764739061749	542.985463022983	-130.436733006786	-191.096018771279	-16.617464795170	
0.362068965517	0.223667220448	-0.004483180993	1.379346187797	88.046670475394	-1.764805583855	542.980053247899	-130.436706807485	-191.092962064637	-16.617564098928	
0.362931034483	0.223671781180	-0.004483400899	1.379331449036	88.048465808993	-1.764892149979	542.974251330178	-130.436719026673	-191.089574054840	-16.617665727178	
0.363793103448	0.223675698364	-0.004483542050	1.379316225109	88.050007809613	-1.764947714214	542.968258426259	-130.436771381395	-191.086000181666	-16.617748407776	
0.364655172414	0.223678768622	-0.004483511401	1.379301159055	88.051216417699	-1.764935649049	542.962327669509	-130.436861926871	-191.082406329236	-16.617788081014	
0.365517241379	0.223681179764	-0.004483308882	1.379286916862	88.052165564573	-1.764855927554	542.956721226001	-130.436983656120	-191.078950645032	-16.617778370858	
0.366379310345	0.223683285644	-0.004482993760	1.379274026885	88.052994544917	-1.764731879524	542.951647082361	-130.437126352848	-191.075750897029	-16.617728552487	
0.367241379310	0.223685373039	-0.004482634274	1.379262816418	88.053816248683	-1.764590367583	542.947234078747	-130.437280307165	-191.072877511843	-16.617653092186	
0.368103448276	0.223687571607	-0.004482285475	1.379253468180	88.054681715724	-1.764453062792	542.943554141734	-130.437439297632	-191.070371744306	-16.617565001572	
0.368965517241	0.223689883185	-0.004481986521	1.379246077901	88.055591669145	-1.764335379445	542.940644956403	-130.437601709103	-191.068257214535	-16.617470744219	
0.369827586207	0.223692209790	-0.004481757568	1.379240645838	88.056507537598	-1.764245252238	542.938506622995	-130.437769076812	-191.066534199024	-16.617370354455	
0.370689655172	0.223694343456	-0.004481588175	1.379237073381	88.057347455950	-1.764178570598	542.937100324045	-130.437942324528	-191.065180236769	-16.617261259906	
0.371551724138	0.223696009274	-0.004481436350	1.379235184831	88.058003205830	-1.764118804532	542.936356896069	-130.438118942827	-191.064158324843	-16.617139570236	
0.372413793103	0.223696988562	-0.004481255646	1.379234764459	88.058388702660	-1.764047670275	542.936191416519	-130.438293593297	-191.063426026790	-16.617003208025	
0.373275862069	0.223697222733	-0.004481011522	1.379235570161	88.058480884243	-1.763951570814	542.936508581341	-130.438460075500	-191.062930508102	-16.616850753344	
0.374137931034	0.223696871852	-0.004480700789	1.379237458817	88.058342760015	-1.763829250680	542.937252051378	-130.438615641375	-191.062651305810	-16.616689554761	
0.375000000000	0.223696283930	-0.004480347183	1.379240428549	88.058111324220	-1.763690053641	542.938421087310	-130.438762159500	-191.062602582956	-16.616523222890	
0.375862068966	0.223695847033	-0.004480009852	1.379244571736	88.057939339463	-1.763557263247	542.940052054081	-130.438905879302	-191.062820051230	-16.616354528966	
0.376724137931	0.223695745543	-0.004479756998	1.379250048544	88.057899388148	-1.763457727281	542.942208001041	-130.439054460731	-191.063353579556	-16.616189567349	
0.377586206897	0.223695807056	-0.004479607056	1.379257007047	88.057923602689	-1.763398702293	542.944947218080	-130.439214195873	-191.064251657334	-16.616032949098	
0.378448275862	0.223695606630	-0.004479504963	1.379265515023	88.057844705039	-1.763358513351	542.948296385425	-130.439388432102	-191.065544913791	-16.615880768179	
0.379310344828	0.223694746395	-0.004479363271	1.379275583630	88.057506072944	-1.763302736599	542.952259895505	-130.439576008650	-191.067247778715	-16.615723091453	
0.380172413793	0.223693087386	-0.004479123592	1.379287187143	88.056853003558	-1.763208386602	542.956827622153	-130.439770635630	-191.069359912676	-16.615551823617	
0.381034482759	0.223690785150	-0.004478790673	1.379300191458	88.055946727571	-1.763077333074	542.961946774825	-130.439963039940	-191.071849325572	-16.615367814962	
0.381896551724	0.223688147483	-0.004478424578	1.379314318054	88.054908409358	-1.762933219782	542.967507713612	-130.440144358462	-191.074646940505	-16.615183275680	
0.382758620690	0.223685439554	-0.004478102842	1.379329206789	88.053842432303	-1.762806568135	542.973368668748	-130.440308322646	-191.077665390208	-16.615015912987	
0.383620689655	0.223682780275	-0.004477881870	1.379344462550	88.052795606270	-1.762719582340	542.979374103843	-130.440451835978	-191.080813525578	-16.614881098443	
0.384482758621	0.223680165234	-0.004477781808	1.379359668145	88.051766194564	-1.762680193077	542.985359791154	-130.440574265985	-191.084000227159	-16.614786356724	
0.385344827586	0.223677548172	-0.004477794462	1.379374417893	88.050735987394	-1.762685174222	542.991166033729	-130.440675877028	-191.087139264571	-16.614729396232	
0.386206896552	0.223674886669	-0.004477899541	1.379388357134	88.049688285725	-1.762726538730	542.996653220487	-130.440756789973	-191.090155329442	-16.614704182756	
0.387068965517	0.223672142771	-0.004478071568	1.379401183799	88.048608149473	-1.762794257088	543.001702441051	-130.440816971872	-191.092982424473	-16.614706456030	
0.387931034483	0.223669291411	-0.004478277439	1.379412655535	88.047485710943	-1.762875298183	543.006218293265	-130.440855804690	-191.095566052290	-16.614733218720	
0.388793103448	0.223666366196	-0.004478481126	1.379422612288	88.046334198891	-1.762955479930	543.010137772477	-130.440872555418	-191.097872902102	-16.614781394217	
0.389655172414	0.223663522199	-0.004478663884	1.379430986946	88.045214658726	-1.763027422515	543.013434458999	-130.440868382140	-191.099893920070	-16.614846561570	
0.390517241379	0.223661010695	-0.004478844070	1.379437809007	88.044226004396	-1.763098352678	543.016119965519	-130.440847294456	-191.101640507793	-16.614925071064	
0.391379310345	0.223659022781	-0.004479063148	1.379443180534	88.043443461502	-1.763184592736	543.018234468751	-130.440815308858	-191.103137433541	-16.615018182719	
0.392241379310	0.223657548168	-0.004479339700	1.379447223845	88.042862979557	-1.763293457548	543.019826119538	-130.440778897807	-191.104413517140	-16.615128564462	
0.393103448276	0.223656418053	-0.004479645653	1.379450050258	88.042418109370	-1.763413896146	543.020938737875	-130.440743590330	-191.105494691012	-16.615251941835	
0.393965517241	0.223655476765	-0.004479935478	1.379451782753	88.042047571280	-1.763527985984	543.021620734954	-130.440712785316	-191.106405793798	-16.615378780452	
0.394827586207	0.223654677596	-0.004480175587	1.379452523885	88.041732977938	-1.763622504959	543.021912481564	-130.440686030949	-191.107153145132	-16.615498826446	
0.395689655172	0.223654062797	-0.004480360785	1.379452317827	88.041490961956	-1.763695408253	543.021831366941	-130.440660371245	-191.107729380435	-16.615613841242	
0.396551724138	0.223653710997	-0.004480491920	1.379451111937	88.041352475886	-1.763747029375	543.021356667948	-130.440631168757	-191.108100704488	-16.615727144848	
0.397413793103	0.223653734918	-0.004480584941	1.379448807525	88.041361892575	-1.763783646997	543.020449535631	-130.440595083662	-191.108225588134	-16.615842400620	
0.398275862069	0.223654279207	-0.004480682244	1.379445310068	88.041576151905	-1.763821950489	543.019072760524	-130.440551970214	-191.108063709225	-16.615963620380	
0.399137931034	0.223655442268	-0.004480836209	1.379440548307	88.042033991429	-1.763882558905	543.017198291724	-130.440505069390	-191.107578315852	-16.616096937640	
0.400000000000	0.223657183864	-0.004481068276	1.379434474006	88.042719571128	-1.763973912077	543.014807141120	-130.440459527417	-191.106739175153	-16.616246471528	
0.400862068966	0.223659340576	-0.004481351371	1.379427066746	88.043568561309	-1.764085352611	543.011891271140	-130.440420143236	-191.105527026288	-16.616408035397	
0.401724137931	0.223661736678	-0.004481639363	1.379418356635	88.044511787655	-1.764198720847	543.008462533119	-130.440390003236	-191.103939092779	-16.616571645952	
0.402586206897	0.223664263985	-0.004481902100	1.379408425614	88.045506662843	-1.764302147110	543.004553183558	-130.440370842250	-191.101988155410	-16.616729522464	
0.403448275862	0.223666883806	-0.004482126382	1.379397419621	88.046537956384	-1.764390435822	543.000220671050	-130.440363798036	-191.099704872820	-16.616878342320	
0.404310344828	0.223669594416	-0.004482302827	1.379385561926	88.047604988672	-1.764459893365	542.995552885812	-130.440370652224	-191.097144565256	-16.617016829338	
0.405172413793	0.223672429736	-0.004482431144	1.379373147808	88.048721113271	-1.764510405489	542.990666064677	-130.440395053216	-191.094384100922	-16.617144557061	
0.406034482759	0.223675433616	-0.004482529193	1.379360566316	88.049903591567	-1.764549002522	542.985713356346	-130.440441844175	-191.091521052779	-16.617261046615	
0.406896551724	0.223678586311	-0.004482619365	1.379348232196	88.051144650935	-1.764584498874	542.980858026028	-130.440515556610	-191.088658812927	-16.617366532064	
0.407758620690	0.223681776469	-0.004482707545	1.379336509674	88.052400457757	-1.764619211076	542.976243451786	-130.440619973222	-191.085890296138	-16.617460360028	
0.408620689655	0.223684849012	-0.004482783158	1.379325744030	88.053609965308	-1.764648975881	542.972005552639	-130.440757171341	-191.083301704873	-16.617536960545	
0.409482758621	0.223687637727	-0.004482832118	1.379316250570	88.054707743720	-1.764668249048	542.968268449242	-130.440924966083	-191.080968143306	-16.617590443432	
0.410344827586	0.223689963136	-0.004482834988	1.379308226068	88.055623141784	-1.764669378706	542.965109601548	-130.441116305000	-191.078934874180	-16.617618903727	
0.411206896552	0.223691661620	-0.004482762662	1.379301730570	88.056291750391	-1.764640907894	542.962552646522	-130.441321557810	-191.077215972081	-16.617620575694	
0.412068965517	0.223692654607	-0.004482596843	1.379296737295	88.056682640032	-1.764575632870	542.960587042581	-130.441531031625	-191.075806343903	-16.617593572867	
0.412931034483	0.223692990196	-0.004482354213	1.379293178325	88.056814744911	-1.764480121479	542.959186052888	-130.441736727303	-191.074689841631	-16.617541312506	
0.413793103448	0.223692808586	-0.004482079726	1.379290966507	88.056743253863	-1.764372069576	542.958315369969	-130.441933341722	-191.073844755889	-16.617473971960	
0.414655172414	0.223692277037	-0.004481818253	1.379290005111	88.056534009595	-1.764269140985	542.957936916280	-130.442118320004	-191.073249751291	-16.617403719106	
0.415517241379	0.223691550692	-0.004481593263	1.379290202070	88.056248083457	-1.764180573600	542.958014449099	-130.442290670436	-191.072885160318	-16.617336313221	
0.416379310345	0.223690766973	-0.004481421170	1.379291513686	88.055939572342	-1.764112828921	542.958530767146	-130.442451085745	-191.072749982191	-16.617274787098	
0.417241379310	0.223690016537	-0.004481311136	1.379293928617	88.055644163192	-1.764069514017	542.959481405306	-130.442600813785	-191.072847712696	-16.617217311074	
0.418103448276	0.223689298278	-0.004481262563	1.379297448486	88.055361420261	-1.764050393398	542.960867002899	-130.442741763679	-191.073183807944	-16.617164082781	
0.418965517241	0.223688523487	-0.004481254335	1.379302061886	88.055056423449	-1.764047154265	542.962683069253	-130.442875739267	-191.073759935999	-16.617116343512	
0.419827586207	0.223687596688	-0.004481250958	1.379307741167	88.054691588829	-1.764045825060	542.964918720196	-130.443003214331	-191.074575222069	-16.617073829141	
0.420689655172	0.223686527259	-0.004481228609	1.379314450499	88.054270607531	-1.764037027102	542.967559850793	-130.443123265545	-191.075630120958	-16.617034353743	
0.421551724138	0.223685466591	-0.004481199430	1.379322145190	88.053853075485	-1.764025541040	542.970588867971	-130.443235089937	-191.076923952543	-16.616994871591	
0.422413793103	0.223684586631	-0.004481206498	1.379330751521	88.053506678691	-1.764028323409	542.973976752828	-130.443339468243	-191.078447044305	-16.616955121903	
0.423275862069	0.223683877981	-0.004481280282	1.379340141411	88.053227718480	-1.764057368527	542.977673086296	-130.443438171907	-191.080175595745	-16.616917598927	
0.424137931034	0.223683082017	-0.004481395594	1.379350127346	88.052914386918	-1.764102760986	542.981604052539	-130.443531390789	-191.082073027754	-16.616880974033	
0.425000000000	0.223681848062	-0.004481480079	1.379360479572	88.052428640206	-1.764136018359	542.985679209502	-130.443615874042	-191.084093796716	-16.616837052441	
0.425862068966	0.223679968820	-0.004481466142	1.379370940131	88.051688876028	-1.764130532200	542.989797011615	-130.443685208197	-191.086183111886	-16.616776988337	
0.426724137931	0.223677492006	-0.004481330970	1.379381238631	88.050713877690	-1.764077321539	542.993851019384	-130.443731702999	-191.088278348739	-16.616699223330	
0.427586206897	0.223674672933	-0.004481098793	1.379391113454	88.049604148572	-1.763985925010	542.997738246762	-130.443748952177	-191.090316414677	-16.616610872081	
0.428448275862	0.223671861908	-0.004480827302	1.379400336390	88.048497587659	-1.763879052682	543.001368858103	-130.443734268940	-191.092242607334	-16.616523705622	
0.429310344828	0.223669379223	-0.004480592308	1.379408735506	88.047520277968	-1.763786547371	543.004675172703	-130.443689566370	-191.094015837152	-16.616449959746	
0.430172413793	0.223667386852	-0.004480459044	1.379416191956	88.046735980391	-1.763734087811	543.007610406593	-130.443619946234	-191.095608425189	-16.616399552555	
0.431034482759	0.223665826680	-0.004480447463	1.379422616498	88.046121818407	-1.763729529112	543.010139429691	-130.443531272559	-191.097003491735	-16.616376605035	
0.431896551724	0.223664486358	-0.004480525516	1.379427941132	88.045594200142	-1.763760254495	543.012235473377	-130.443428221263	-191.098194117981	-16.616376269835	
0.432758620690	0.223663135180	-0.004480638704	1.379432121977	88.045062308554	-1.763804810861	543.013881264329	-130.443313187539	-191.099181461355	-16.616388427998	
0.433620689655	0.223661626823	-0.004480740735	1.379435148051	88.044468543217	-1.763844975448	543.015072479417	-130.443186324989	-191.099974237946	-16.616405464061	
0.434482758621	0.223659950727	-0.004480802366	1.379437052805	88.043808747729	-1.763869236758	543.015822286285	-130.443047111159	-191.100590109083	-16.616423773986	
0.435344827586	0.223658248759	-0.004480815970	1.379437925553	88.043138767327	-1.763874591944	543.016165843824	-130.442896497576	-191.101055838692	-16.616441307022	
0.436206896552	0.223656766414	-0.004480802881	1.379437916686	88.042555241813	-1.763869439276	543.016162353466	-130.442737778288	-191.101404967025	-16.616458214126	
0.437068965517	0.223655729440	-0.004480803753	1.379437214426	88.042147036667	-1.763869782571	543.015885908630	-130.442575578447	-191.101672267085	-16.616478178602	
0.437931034483	0.223655229984	-0.004480847982	1.379435984365	88.041950425645	-1.763887193240	543.015401694544	-130.442413910725	-191.101881233076	-16.616504513532	
0.438793103448	0.223655205477	-0.004480934463	1.379434345251	88.041940778536	-1.763921236741	543.014756456825	-130.442254874244	-191.102043370987	-16.616536384949	
0.439655172414	0.223655503493	-0.004481038005	1.379432348439	88.042058092419	-1.763961995908	543.013970411215	-130.442098720038	-191.102157681548	-16.616568508586	
0.440517241379	0.223655966143	-0.004481125006	1.379429960931	88.042240215015	-1.763996243835	543.013030568000	-130.441944637221	-191.102203048513	-16.616593074752	
0.441379310345	0.223656471227	-0.004481166720	1.379427145632	88.042439041336	-1.764012664758	543.011922324696	-130.441791611265	-191.102156946014	-16.616602349248	
0.442241379310	0.223656912507	-0.004481141781	1.379423853160	88.042612751214	-1.764002847365	543.010626241911	-130.441638785409	-191.101995665478	-16.616590083431	
0.443103448276	0.223657198794	-0.004481039400	1.379419987996	88.042725448443	-1.763962545188	543.009104718866	-130.441485939093	-191.101683353803	-16.616554527729	
0.443965517241	0.223657276343	-0.004480860642	1.379415520992	88.042755975443	-1.763892176919	543.007346281447	-130.441332609771	-191.101195970695	-16.616497872444	
0.444827586207	0.223657131690	-0.004480612602	1.379410449270	88.042699032910	-1.763794536001	543.005349796638	-130.441177510385	-191.100518723179	-16.616423931615	
0.445689655172	0.223656811525	-0.004480308876	1.379404680980	88.042572999907	-1.763674973964	543.003079107335	-130.441019698411	-191.099620015803	-16.616338693668	
0.446551724138	0.223656440087	-0.004479977371	1.379398179889	88.042426782928	-1.763544476928	543.000519950830	-130.440859583073	-191.098480828188	-16.616249896532	
0.447413793103	0.223656192866	-0.004479659475	1.379391053502	88.042329464559	-1.763419337180	542.997714646456	-130.440699091382	-191.097114729759	-16.616165226526	
0.448275862069	0.223656239748	-0.004479397360	1.379383399406	88.042347919730	-1.763316155712	542.994701609055	-130.440541878674	-191.095532091230	-16.616093279932	
0.449137931034	0.223656691952	-0.004479217445	1.379375244417	88.042525929785	-1.763245331981	542.991491395356	-130.440392826549	-191.093726732310	-16.616043181737	
0.450000000000	0.223657592651	-0.004479123744	1.379366637857	88.042880490319	-1.763208446416	542.988103420163	-130.440256390169	-191.091699715362	-16.616019973873	
0.450862068966	0.223658964826	-0.004479109771	1.379357662343	88.043420647413	-1.763202946021	542.984570206472	-130.440135738427	-191.089461750736	-16.616023167403	
0.451724137931	0.223660839559	-0.004479174319	1.379348377553	88.044158636433	-1.763228355344	542.980915245901	-130.440033254738	-191.087022281472	-16.616050373712	
0.452586206897	0.223663210338	-0.004479319686	1.379338811531	88.045091894548	-1.763285578989	542.977149578480	-130.439950967688	-191.084393681954	-16.616099527994	
0.453448275862	0.223665968371	-0.004479535277	1.379328994728	88.046177595081	-1.763370446819	542.973285191053	-130.439890362659	-191.081603357881	-16.616166024957	
0.454310344828	0.223668890520	-0.004479788925	1.379318993662	88.047327899900	-1.763470295371	542.969348268114	-130.439851810154	-191.078701165595	-16.616239162434	
0.455172413793	0.223671681441	-0.004480036740	1.379308937309	88.048426546798	-1.763567847507	542.965389581517	-130.439834385452	-191.075762989681	-16.616305089326	
0.456034482759	0.223674020922	-0.004480226952	1.379299012618	88.049347484257	-1.763642724882	542.961482724112	-130.439835266049	-191.072875267292	-16.616347572803	
0.456896551724	0.223675617328	-0.004480315524	1.379289487307	88.049975909796	-1.763677591285	542.957733082422	-130.439851051642	-191.070143857122	-16.616359625223	
0.457758620690	0.223676295082	-0.004480263531	1.379280688434	88.050242707997	-1.763657123927	542.954269403482	-130.439877076387	-191.067676992707	-16.616338328317	
0.458620689655	0.223676112443	-0.004480061970	1.379272992208	88.050170812040	-1.763577779515	542.951239781415	-130.439908328215	-191.065583700771	-16.616286714914	
0.459482758621	0.223675419249	-0.004479757937	1.379266814385	88.049897936212	-1.763458096759	542.948807879480	-130.439940688571	-191.063969697313	-16.616214228265	
0.460344827586	0.223674739885	-0.004479450261	1.379262557972	88.049630504053	-1.763336980147	542.947132341351	-130.439972386348	-191.062927432146	-16.616137802384	
0.461206896552	0.223674554154	-0.004479246376	1.379260557271	88.049557391001	-1.763256720747	542.946344764754	-130.440005532668	-191.062528195346	-16.616077945690	
0.462068965517	0.223675122958	-0.004479215361	1.379261085635	88.049781300849	-1.763244511452	542.946552755330	-130.440046112220	-191.062828333766	-16.616049180530	
0.462931034483	0.223676437204	-0.004479369774	1.379264341806	88.050298654375	-1.763305296473	542.947834548096	-130.440102329204	-191.063867378101	-16.616053850018	
0.463793103448	0.223678265941	-0.004479674859	1.379270413860	88.051018537400	-1.763425393200	542.950224813936	-130.440182088914	-191.065656450119	-16.616083976491	
0.464655172414	0.223680253394	-0.004480067979	1.379279270956	88.051800898778	-1.763580144969	542.953711412612	-130.440290464400	-191.068172050963	-16.616127005836	
0.465517241379	0.223682020462	-0.004480478747	1.379290761189	88.052496505581	-1.763741843896	542.958234546466	-130.440427928995	-191.071352659767	-16.616170338823	
0.466379310345	0.223683250362	-0.004480846299	1.379304554395	88.052980656118	-1.763886530842	542.963664246419	-130.440590037885	-191.075086397238	-16.616205371031	
0.467241379310	0.223683775569	-0.004481132307	1.379320147607	88.053187403980	-1.763999118051	542.969802519110	-130.440768521672	-191.079213988641	-16.616228344727	
0.468103448276	0.223683622225	-0.004481332333	1.379336918815	88.053127040250	-1.764077858322	542.976404510154	-130.440953642336	-191.083545177553	-16.616239001655	
0.468965517241	0.223682966666	-0.004481477654	1.379354146863	88.052868979188	-1.764135063890	542.983186336582	-130.441136544701	-191.087864290260	-16.616242165551	
0.469827586207	0.223681981544	-0.004481610914	1.379371047339	88.052481185659	-1.764187521914	542.989839214311	-130.441309628755	-191.091943210518	-16.616248561582	
0.470689655172	0.223680723786	-0.004481749137	1.379386785032	88.051986068870	-1.764241933253	542.996034361978	-130.441466120109	-191.095554091175	-16.616270400207	
0.471551724138	0.223679190824	-0.004481879395	1.379400562335	88.051382617869	-1.764293209313	543.001457801446	-130.441599807598	-191.098496193077	-16.616313948794	
0.472413793103	0.223677432730	-0.004481992693	1.379411685985	88.050690543346	-1.764337809379	543.005836629704	-130.441705790149	-191.100615361755	-16.616379808817	
0.473275862069	0.223675579008	-0.004482107269	1.379419602104	88.049960825320	-1.764382912160	543.008952812371	-130.441781328140	-191.101808385545	-16.616469010764	
0.474137931034	0.223673766162	-0.004482251772	1.379424043308	88.049247198003	-1.764439795901	543.010701093970	-130.441825428084	-191.102051510587	-16.616582716530	
0.475000000000	0.223672081266	-0.004482440991	1.379425092746	88.048583937921	-1.764514281878	543.011114205421	-130.441838922758	-191.101420001342	-16.616719359947	
0.475862068966	0.223670555152	-0.004482662418	1.379423034406	88.047983182904	-1.764601446839	543.010303939178	-130.441823454993	-191.100042563875	-16.616869457679	
0.476724137931	0.223669174430	-0.004482888199	1.379418299300	88.047439661028	-1.764690325490	543.008439963219	-130.441781147593	-191.098083261148	-16.617021978188	
0.477586206897	0.223667891888	-0.004483079140	1.379411502561	88.046934787979	-1.764765489229	543.005764424914	-130.441713672987	-191.095743295200	-16.617165549131	
0.478448275862	0.223666680201	-0.004483196140	1.379403394540	88.046457807092	-1.764811546292	543.002572699911	-130.441622721908	-191.093243809848	-16.617289145710	
0.479310344828	0.223665594224	-0.004483225411	1.379394752985	88.046030312140	-1.764823069093	542.999170949233	-130.441511189466	-191.090797262409	-16.617386026860	
0.480172413793	0.223664762887	-0.004483192501	1.379386300038	88.045703055872	-1.764810113977	542.995843443776	-130.441383463525	-191.088588641278	-16.617457398307	
0.481034482759	0.223664322699	-0.004483145927	1.379378646103	88.045529775889	-1.764791780013	542.992830470062	-130.441245174338	-191.086763039798	-16.617509776966	
0.481896551724	0.223664358432	-0.004483133059	1.379372263685	88.045543841887	-1.764786714498	542.990318029199	-130.441103437089	-191.085422765338	-16.617550563759	
0.482758620690	0.223664869218	-0.004483185500	1.379367472782	88.045744912994	-1.764807358162	542.988432088667	-130.440966463367	-191.084626848436	-16.617584688378	
0.483620689655	0.223665737538	-0.004483307229	1.379364416625	88.046086727672	-1.764855276601	542.987229031664	-130.440842100323	-191.084386153703	-16.617613077031	
0.484482758621	0.223666739426	-0.004483470163	1.379363068364	88.046481121265	-1.764919415714	542.986698288102	-130.440736883151	-191.084670050058	-16.617633300904	
0.485344827586	0.223667622259	-0.004483624496	1.379363278193	88.046828648518	-1.764980168819	542.986780887427	-130.440655666519	-191.085419255083	-16.617639106284	
0.486206896552	0.223668192447	-0.004483722332	1.379364799699	88.047053103108	-1.765018682142	542.987379828686	-130.440601822921	-191.086552170638	-16.617623307587	
0.487068965517	0.223668363484	-0.004483732810	1.379367324580	88.047120431829	-1.765022806860	542.988373748953	-130.440577038728	-191.087971447818	-16.617581772430	
0.487931034483	0.223668155529	-0.004483641452	1.379370535127	88.047038570593	-1.764986843768	542.989637581673	-130.440581266814	-191.089577039344	-16.617513802074	
0.488793103448	0.223667679537	-0.004483448076	1.379374136380	88.046851196192	-1.764910721236	542.991055216085	-130.440613139246	-191.091273093240	-16.617421342385	
0.489655172414	0.223667088697	-0.004483167085	1.379377843596	88.046618611536	-1.764800108798	542.992514562735	-130.440670654059	-191.092964265905	-16.617311330141	
0.490517241379	0.223666534153	-0.004482813688	1.379381398174	88.046400315294	-1.764660994283	542.993913823641	-130.440750771425	-191.094554826798	-16.617192275817	
0.491379310345	0.223666154268	-0.004482404023	1.379384623313	88.046250773392	-1.764499729413	542.995183400527	-130.440849737111	-191.095973592080	-16.617072752665	
0.492241379310	0.223666092899	-0.004481963585	1.379387317538	88.046226615666	-1.764326350849	542.996243983198	-130.440963523761	-191.097147973748	-16.616956616423	
0.493103448276	0.223666470514	-0.004481545296	1.379389281950	88.046375263763	-1.764161691252	542.997017274338	-130.441087874470	-191.098008811587	-16.616849140531	
0.493965517241	0.223667249835	-0.004481204960	1.379390378340	88.046682043837	-1.764027717996	542.997448868539	-130.441216616192	-191.098509760169	-16.616758108597	
0.494827586207	0.223668179754	-0.004480955247	1.379390438390	88.047048106794	-1.763929418223	542.997472507395	-130.441341385213	-191.098612628976	-16.616689271362	
0.495689655172	0.223668930196	-0.004480758078	1.379389306541	88.047343518451	-1.763851802589	542.997026954656	-130.441452631024	-191.098295868494	-16.616639531678	
0.496551724138	0.223669276139	-0.004480560806	1.379386912232	88.047479699104	-1.763774146524	542.996084434356	-130.441541122925	-191.097567911752	-16.616597214536	
0.497413793103	0.223669176076	-0.004480335479	1.379383240385	88.047440309189	-1.763685446566	542.994639010408	-130.441599518190	-191.096452657546	-16.616551609141	
0.498275862069	0.223668722919	-0.004480084807	1.379378346722	88.047261923737	-1.763586769414	542.992712618663	-130.441623253325	-191.094984754456	-16.616499338031	
0.499137931034	0.223668042058	-0.004479820172	1.379372373770	88.046993902635	-1.763482595654	542.990361364210	-130.441609787152	-191.093214089034	-16.616441287079	
0.500000000000	0.223667248292	-0.004479546502	1.379365471186	88.046681436197	-1.763374865435	542.987644159739	-130.441557684781	-191.091190105552	-16.616378348918	
0.500862068966	0.223666468036	-0.004479267913	1.379357762811	88.046374288260	-1.763265198521	542.984609755464	-130.441466854983	-191.088954174458	-16.616310526050	
