dbx_v3_0_0_0										
Time	Cx	Cy	Cz	Fx	Fy	Fz	Mx	My	Mz	
0.000000000000	0.000000000000	0.000000000000	0.000000000000	0.000000000000	0.000000000000	0.000000000000	0.000000000000	0.000000000000	0.000000000000	
0.000862068966	1.853024785175	-0.032275733310	-1.149452510041	759.927399959664	-13.236311943692	-471.391675017299	-214.146555649323	351.411954911315	-71.569990614676	
0.001724137931	0.204577418101	0.174006956444	0.058659986959	83.897412852562	71.360434594814	24.056521924726	43.650221133391	31.231604163523	55.121053385850	
0.002586206897	-0.019172129507	0.059842367477	0.031479448275	-7.862510337027	24.541417410022	12.909754619121	22.654568289391	16.950883640415	-58.528878326330	
0.003448275862	-0.000430188932	0.217698694136	0.046490376164	-0.176420930516	89.278461860186	19.065751825982	28.850475789628	-1.673732980549	29.436287966336	
0.004310344828	0.032802394870	0.158504533001	0.060365961710	13.452296399711	65.002874548171	24.756143952107	23.061633935082	-0.567149136114	11.277288565183	
0.005172413793	0.020527586310	0.138844375931	0.060319995146	8.418384587522	56.940223598057	24.737293016010	29.664672263012	8.934838282828	6.493975911596	
0.006034482759	0.028082903433	0.157899553436	0.053895344638	11.516828031652	64.754771796682	22.102537131714	32.358916483271	3.562509737878	17.238243816922	
0.006896551724	0.048763969084	0.152722719650	0.072994315273	19.998154657279	62.631746853363	29.935044938966	35.087856026760	6.845900622709	17.170744242660	
0.007758620690	0.052137812376	0.152592003828	0.096111122699	21.381771315446	62.578140158338	39.415271810897	41.550109872630	-0.896411728362	16.082137306855	
0.008620689655	0.047322204519	0.150632796077	0.105664097255	19.406885503323	61.774667013265	43.332956654505	45.475704839070	-6.032361543352	16.928166869263	
0.009482758621	0.043323534681	0.150852223375	0.112771919541	17.767026825947	61.864654377532	46.247881998757	47.805415342147	-5.433928133757	16.081661904302	
0.010344827586	0.045085480909	0.156116998604	0.126760080340	18.489602814429	64.023744198102	51.984441353406	51.447360294677	-8.427853719834	17.710351731404	
0.011206896552	0.049625976366	0.154812425789	0.135186532342	20.351664744189	63.488737523718	55.440138121380	54.106434690959	-10.830839494851	17.333511601769	
0.012068965517	0.050504972791	0.151868098147	0.143954449898	20.712142095964	62.281265682570	59.035870269580	56.287373320992	-12.882509137685	17.190524897684	
0.012931034483	0.050753345589	0.147863463277	0.153766638010	20.814000039827	60.638960739335	63.059858863202	58.678743788434	-15.418853974177	16.722818583293	
0.013793103448	0.052795258252	0.148760647574	0.161769358670	21.651390556001	61.006896956539	66.341782965033	60.836609183388	-17.796413348511	17.242819743001	
0.014655172414	0.053728185087	0.149754362666	0.168972256036	22.033984825440	61.414420553662	69.295698698742	62.416067142396	-19.678811783913	17.393122095141	
0.015517241379	0.046085875079	0.149233485358	0.171497637224	18.899865508637	61.200808225805	70.331360161650	63.548965143534	-19.463308848501	16.978042130065	
0.016379310345	0.047021111245	0.150760076803	0.172279540249	19.283406836851	61.826864972102	70.652019408908	63.975301836095	-18.183791628950	17.527072122996	
0.017241379310	0.049383493614	0.148541218754	0.171548544508	20.252222314026	60.916908968497	70.352237292135	64.516925200577	-15.882885286760	16.050330488722	
0.018103448276	0.045907559948	0.146376284123	0.168780481888	18.826738286901	60.029067014718	69.217051920397	64.805086932687	-13.228879068070	15.387070385794	
0.018965517241	0.049939018597	0.149004040753	0.171861157539	20.480043689921	61.106712753673	70.480440222836	65.520556790518	-13.657306394278	16.979475326408	
0.019827586207	0.050331943895	0.145233972135	0.172099326572	20.641182765136	59.560603675446	70.578113592011	65.879350800777	-12.759724407472	14.749328400579	
0.020689655172	0.051035906136	0.147577415314	0.173366565761	20.929878415439	60.521652170741	71.097809706833	66.410574063814	-12.406821554750	16.192207269311	
0.021551724138	0.050490361363	0.146260182827	0.173709573391	20.706149934324	59.981453751858	71.238477494496	66.656692878327	-11.615434730154	15.461793846790	
0.022413793103	0.050059775556	0.145874047699	0.173346743968	20.529566245144	59.823099332870	71.089680769087	66.877688478759	-10.520069038393	15.222110730273	
0.023275862069	0.050715873337	0.145019138460	0.173312048128	20.798632630352	59.472500160656	71.075451968615	67.177509690218	-9.540833021180	14.889558682070	
0.024137931034	0.048988552328	0.144116722283	0.172322463645	20.090256480060	59.102418343866	70.669622338484	67.338783952496	-8.465532829391	14.506714144850	
0.025000000000	0.048167089484	0.143893166020	0.173253460486	19.753373709870	59.010737687069	71.051425115578	67.575345654162	-8.425812127107	14.593591653211	
0.025862068966	0.052511753453	0.144493233684	0.173693600677	21.535124941599	59.256826062731	71.231927067536	67.806955309870	-7.672923265169	14.750700511462	
0.026724137931	0.048385333094	0.141772817131	0.171418134007	19.842875642287	58.141180392696	70.298755809617	67.913654656093	-6.146890568512	13.275728153221	
0.027586206897	0.045269638893	0.143108506693	0.171391164974	18.565126195988	58.688948077318	70.287695780845	68.006211076444	-6.093113619780	14.721775302408	
0.028448275862	0.050099337691	0.142471976620	0.173192457374	20.545790717832	58.427906429557	71.026407675627	68.371303060485	-6.236623023479	14.043176460420	
0.029310344828	0.041843442462	0.138712249743	0.169231523056	17.160039460865	56.886038510071	69.402024374392	68.143419167302	-4.248215412398	12.565949130515	
0.030172413793	0.051490650458	0.144965443558	0.174640519811	21.116369536954	59.450479825582	71.620259593767	68.722182554589	-6.095108405747	15.724110699505	
0.031034482759	0.040445665605	0.138708961390	0.170223823886	16.586809711874	56.884689953132	69.808967981520	68.562515534916	-3.965418064732	12.516855631675	
0.031896551724	0.050687179485	0.144852789275	0.174174350835	20.786865251434	59.404280186120	71.429083209469	68.844014666486	-5.191571097674	15.620737858463	
0.032758620690	0.046504807239	0.139489557500	0.171907118131	19.071670024930	57.204813233282	70.499288709518	69.001776599969	-3.705671082707	12.430262116356	
0.033620689655	0.044075925511	0.142625089486	0.170825583151	18.075583091190	58.490698175900	70.055750084397	68.822864869113	-3.288825070512	14.643194135225	
0.034482758621	0.049688230980	0.142875570124	0.174373405986	20.377195426234	58.593420547317	71.510715934982	69.420085689282	-4.411771086412	14.403569469108	
0.035344827586	0.040388160453	0.138662530994	0.169653425707	16.563226788907	56.865648799361	69.575047092144	69.071161407800	-2.335056150228	12.481848510793	
0.036206896552	0.051042908889	0.145297278018	0.174964954096	20.932750251686	59.586565484238	71.753310432835	69.510680992900	-4.389525434497	15.909085471100	
0.037068965517	0.042333848416	0.138790985736	0.171097040313	17.361155454662	56.918328223151	70.167074950311	69.439927694114	-2.407399682004	12.436827814978	
0.037931034483	0.045976803068	0.143569493845	0.174123184227	18.855134962621	58.877999389839	71.408099730121	69.560731593211	-3.931417867187	15.215383419764	
0.038793103448	0.048328351931	0.141192808511	0.175120857732	19.819507607677	57.903318251842	71.817246676520	69.991983451138	-3.781014029477	13.592561558762	
0.039655172414	0.041419762425	0.139507635685	0.172025287757	16.986287835053	57.212227115848	70.547750196455	69.659899275563	-2.567902822757	13.061957251271	
0.040517241379	0.051458457627	0.144651245883	0.177402520473	21.103167223170	59.321627030811	72.752958950266	70.256421854127	-4.517568869511	15.682540770600	
0.041379310345	0.039824673976	0.137879515913	0.172357456953	16.332140395932	56.544533496787	70.683973130722	70.008154264094	-2.301264068700	12.234681660924	
0.042241379310	0.048525474282	0.143829595862	0.177588323133	19.900347689940	58.984667498947	72.829156815169	70.336031689139	-4.671162377794	15.528310301007	
0.043103448276	0.047090572198	0.139089643814	0.176001794624	19.311892846286	57.040808212878	72.178519816343	70.501430488548	-3.447494156386	12.688915222266	
0.043965517241	0.042825296539	0.139985951255	0.174338498409	17.562698843204	57.408384830718	71.496400300936	70.248856593623	-3.016864430324	13.635645241637	
0.044827586207	0.050662508206	0.143118782136	0.178754177250	20.776747534206	58.693162047411	73.307274806002	70.809759409576	-4.634790314939	15.097983860689	
0.045689655172	0.039807088538	0.137290227041	0.173657753423	16.324928589480	56.302865514870	71.217226071181	70.430716548848	-2.557002770123	12.190048526775	
0.046551724138	0.050034052731	0.144033050946	0.179061734837	20.519017287733	59.068104641484	73.433404493927	70.809383783801	-4.882518574381	15.775994916263	
0.047413793103	0.044699393724	0.138256876430	0.175650636568	18.331268056396	56.699289438937	72.034509530748	70.722719923961	-3.039566945792	12.423628169528	
0.048275862069	0.044058880786	0.141919422595	0.176523397537	18.068593031676	58.201303446611	72.392429715707	70.621742736405	-3.839288772838	14.733627964989	
0.049137931034	0.049172006459	0.142226150456	0.179124960392	20.165491210979	58.327092863054	73.459333359942	71.087751991513	-4.555405051859	14.484648103359	
0.050000000000	0.040471820857	0.138719365570	0.175062084565	16.597536008007	56.888956718395	71.793143739345	70.667801680035	-2.992206688193	12.804737428598	
0.050862068966	0.051114193424	0.145243786805	0.180266680221	20.961984114133	59.564628681648	73.927553854580	71.123255565990	-5.019505895432	16.126208381407	
0.051724137931	0.041185773996	0.138797448741	0.175847672060	16.890328935937	56.920978708038	72.115313991780	70.905210488347	-3.005359467629	12.636151998445	
0.052586206897	0.046582687899	0.144130721610	0.179811676451	19.103608964687	59.108159482745	73.740956333161	71.070469236439	-5.001789216918	15.662546268309	
0.053448275862	0.047962609887	0.141056123918	0.179957783045	19.669516413349	57.847263757589	73.800874799962	71.383605126532	-4.535402754638	13.630461217192	
0.054310344828	0.041758350195	0.140090973605	0.177184082264	17.125143033136	57.451454605952	72.663377212262	71.023191299488	-3.594964545579	13.486013306856	
0.055172413793	0.051224882902	0.144897062233	0.182159501620	21.007377984514	59.422436572451	74.703801887143	71.558892714201	-5.480368585497	15.893866423644	
0.056034482759	0.039461886283	0.138245961876	0.176992976129	16.183360784235	56.694813368649	72.585004386980	71.232174445592	-3.351778513352	12.540329558953	
0.056896551724	0.049025680039	0.144516253304	0.182357436382	20.105482593172	59.266266433156	74.784975140049	71.547123714135	-5.780589856477	15.960096056133	
0.057758620690	0.046239471788	0.139275358829	0.180113226165	18.962855679195	57.116970134538	73.864622185999	71.605289206219	-4.358281274828	12.878327723084	
0.058620689655	0.043170525103	0.141088515641	0.179171045854	17.704277438298	57.860547636964	73.478233056235	71.366494259837	-4.314784306150	14.292231192454	
0.059482758621	0.050017720897	0.143251844780	0.183087782736	20.512319585323	58.747731176768	75.084490942462	71.890207695828	-5.724218421436	15.189123396953	
0.060344827586	0.039989179640	0.138059935397	0.178320595174	16.399604340636	56.618523715296	73.129462343979	71.474672048771	-3.832676811151	12.631004839571	
0.061206896552	0.050492951353	0.144723762278	0.183552994769	20.707212091918	59.351366080020	75.275274883197	71.858677718588	-6.019232225463	16.141276808989	
0.062068965517	0.043458106914	0.138445915783	0.179669352024	17.822215039351	56.776814675022	73.682588937050	71.702359249811	-4.087351433145	12.633354303879	
0.062931034483	0.045018064638	0.142685479150	0.181706213953	18.461955331293	58.515464040337	74.517908141607	71.686349608922	-5.391378886788	15.232829009890	
0.063793103448	0.048761496486	0.141310317720	0.183205516931	19.997140642183	57.951508901263	75.132773859074	72.088074359497	-5.590031569146	14.122727531221	
0.064655172414	0.040557064655	0.138690807977	0.179477393753	16.632494578429	56.877245219439	73.603866649466	71.659283681145	-4.269160923984	13.078736920711	
0.065517241379	0.053189111424	0.144681757252	0.184835819079	21.812910153096	59.334139774805	75.801362472662	72.129691873780	-6.222775272996	15.991995660489	
0.066379310345	0.039949183251	0.137151888894	0.179075461627	16.383201779640	56.246132896322	73.439033864610	71.812221220674	-3.814619348424	12.160944750415	
0.067241379310	0.048432810859	0.143701312796	0.184167809948	19.862346323488	58.932058479528	75.527411230484	72.067718816819	-6.280964980550	15.821913735648	
0.068103448276	0.046352751710	0.138864843202	0.182464145747	19.009311893499	56.948617247097	74.828736761995	72.171165804461	-5.139099248329	12.985701397184	
0.068965517241	0.042405053824	0.139601396307	0.180802292869	17.390356867207	57.250678444861	74.147209160810	71.840362063525	-4.740706560545	13.797442773082	
0.069827586207	0.051528701451	0.142840627710	0.185767636425	21.131974289029	58.579090626620	76.183501739767	72.398263449917	-6.587208257922	15.163066946619	
0.070689655172	0.039858273533	0.136944383516	0.179779085684	16.345919609312	56.161034724026	73.727590825452	71.925102548311	-4.088461342345	12.259259518077	
0.071551724138	0.050480245081	0.143946814705	0.185426430870	20.702001236318	59.032739068666	76.043572985332	72.318011934132	-6.604559195820	15.897195094373	
0.072413793103	0.041782024462	0.137898465844	0.181006262016	17.134851874706	56.552304883205	74.230857121102	72.122586634046	-4.553404252866	12.660099545657	
0.073275862069	0.045486129636	0.142445932056	0.183481473469	18.653909275625	58.417225526577	75.245943923645	72.048921422290	-5.959150683656	15.229826035164	
0.074137931034	0.048948867794	0.140736986770	0.184887253674	20.073981811219	57.716385279963	75.822455853877	72.449671404917	-6.088434874209	13.836180329179	
0.075000000000	0.041474868194	0.139327804821	0.180476512491	17.008886768425	57.138478290454	74.013606287636	71.926745541547	-4.386984337601	13.415963779612	
0.075862068966	0.050785608351	0.144119674898	0.185870850674	20.827231032199	59.103629214678	76.225830010897	72.460515364315	-6.680304202565	15.717473766942	
0.076724137931	0.039206639282	0.137842969145	0.180281751186	16.078683722373	56.529545628855	73.933734473055	72.073647383964	-4.357636364192	12.605928668070	
0.077586206897	0.050498872800	0.144546683290	0.185580275988	20.709640483435	59.278745802145	76.106665028965	72.284862920309	-6.651594132833	16.071228154312	
0.078448275862	0.045441286803	0.138633004304	0.182908396886	18.635519183125	56.853539873011	75.010924618123	72.351695679282	-5.124802776843	12.700801872006	
0.079310344828	0.044317510754	0.141999406493	0.182675761475	18.174657451524	58.234104926832	74.915520592961	72.090355522229	-5.427443579011	14.940634514261	
0.080172413793	0.049285223525	0.141634756545	0.185563558036	20.211921648082	58.084561602342	76.099808979375	72.600001568176	-6.430815836676	14.450197911964	
0.081034482759	0.040009173934	0.137727056755	0.180998270859	16.407804021352	56.482009836811	74.227579939307	72.108517666736	-4.666379653133	12.764405120566	
0.081896551724	0.053174962410	0.144324445637	0.186673330387	21.807107627935	59.187605908489	76.554927779738	72.527505243892	-6.832433090818	16.030829705008	
0.082758620690	0.040179704832	0.136855828420	0.181172035298	16.477738921094	56.124718186590	74.298840917118	72.274952172938	-4.457863335156	12.230257777683	
0.083620689655	0.047700408840	0.143110236645	0.185445166777	19.561987490109	58.689657532373	76.051256600298	72.399097562268	-6.626719480053	15.686637452987	
0.084482758621	0.046742576350	0.138997769914	0.184423770213	19.169179385584	57.003130630399	75.632380802328	72.579068373294	-5.807344763298	13.200147066133	
0.085344827586	0.041825806086	0.139089395740	0.181880623977	17.152806764411	57.040706477438	74.589433874581	72.153653876375	-4.996637510016	13.611291820769	
0.086206896552	0.051744799569	0.143303691515	0.187266145479	21.220596352864	58.768993576617	76.798041867932	72.699514244044	-7.064624500335	15.466077772328	
0.087068965517	0.039721161998	0.137059819953	0.181042585823	16.289690025665	56.208375327099	74.245753552321	72.236817341077	-4.432058412632	12.311763057868	
0.087931034483	0.050304505766	0.144136930923	0.186603779362	20.629930359823	59.110705928209	76.526404831560	72.585914880478	-6.961881465454	15.952667425442	
0.088793103448	0.042741959389	0.138325875232	0.182507381066	17.528522191234	56.727585919606	74.846467611319	72.431453868501	-4.997735502848	12.781230292390	
0.089655172414	0.045115970339	0.142422840736	0.184249980597	18.502106561551	58.407755752285	75.561109499386	72.289605945228	-6.109611990926	15.138006295469	
0.090517241379	0.049508849474	0.141377787273	0.186251743460	20.303630883156	57.979178235465	76.382034540320	72.728615951543	-6.526235957006	14.105190627924	
0.091379310345	0.041382181714	0.139338409058	0.181430092133	16.970875946273	57.142827099441	74.404670294811	72.187133279312	-4.625874945167	13.343272225982	
0.092241379310	0.051009753625	0.144551788577	0.186922043138	20.919153243506	59.280839485811	76.656925138621	72.695092923678	-6.988783685287	15.899117006828	
0.093103448276	0.039142319754	0.138189866450	0.181296350345	16.052306216665	56.671808576012	74.349822648047	72.317121696778	-4.658101835924	12.753561412479	
0.093965517241	0.050023765939	0.144795442937	0.186404912025	20.514798663442	59.380762393307	76.444849128831	72.482958626213	-6.904718879094	16.174545757649	
0.094827586207	0.045667184335	0.139230145645	0.184079843302	18.728159997145	57.098428160546	75.491336017150	72.576925106060	-5.527708675212	12.955763970190	
0.095689655172	0.043785069946	0.142273391087	0.183254116404	17.956302920297	58.346466295027	75.152704553410	72.252464102714	-5.565239123828	15.005319274441	
0.096551724138	0.049212991188	0.142502034303	0.186462246924	20.182299091176	58.440233116763	76.468362230812	72.765847352123	-6.747353385113	14.812833477451	
0.097413793103	0.039685101093	0.138349107065	0.181727943337	16.274901411121	56.737113318551	74.526819384559	72.263599090218	-4.903966813287	12.953233303458	
0.098275862069	0.053077267036	0.145147859886	0.187390593133	21.767042652823	59.525288952177	76.849077981013	72.654638592599	-7.071224590010	16.294067320055	
0.099137931034	0.040357159138	0.137697319237	0.181984744862	16.550513117147	56.469814449521	74.632133958286	72.423710910848	-4.716829053149	12.471655991842	
0.100000000000	0.047606923420	0.143744486730	0.186023608808	19.523649021802	58.949764155046	76.288476281304	72.525078495234	-6.784422200567	15.818242633113	
0.100862068966	0.047216190342	0.139801181833	0.185307937001	19.363408978536	57.332610697628	75.994978525694	72.738913419351	-6.095822780195	13.427432083438	
0.101724137931	0.041924781909	0.139458748006	0.182520715112	17.193396852923	57.192178227756	74.851935917760	72.304393639488	-5.161523104143	13.633010020106	
0.102586206897	0.052152981737	0.143879341746	0.188052029574	21.387992286345	59.005068337881	77.120333756392	72.855677909775	-7.294034914241	15.658074130058	
0.103448275862	0.039862357685	0.137300029626	0.181826733825	16.347594524502	56.306885565137	74.567333466923	72.414435308399	-4.659550628864	12.375797056369	
0.104310344828	0.050265334526	0.144239731548	0.187365973978	20.613866193326	59.152864571927	76.838981639691	72.752334711325	-7.202636530906	16.013554278005	
0.105172413793	0.043244605490	0.138413656602	0.183503182938	17.734657882131	56.763585151153	75.254846999431	72.622849068478	-5.313351931530	12.854660783165	
0.106034482759	0.044706559243	0.142147610001	0.184869509718	18.334206643205	58.294883340398	75.815179038959	72.454907374905	-6.279984069321	15.090285441900	
0.106896551724	0.049605502103	0.141433546824	0.187203904272	20.343268227520	58.002045285463	76.772516684121	72.913036049635	-6.852077284280	14.256960404001	
0.107758620690	0.041120496036	0.138953385463	0.182175249575	16.863558376488	56.984928520838	74.710260140223	72.362963587315	-4.854903038364	13.256867554110	
0.108620689655	0.050975421154	0.144399226924	0.187684922868	20.905073461115	59.218273792491	76.969782912847	72.856805147102	-7.227464303951	15.937845191326	
0.109482758621	0.039061347097	0.137998704571	0.182071957153	16.019099245779	56.593412889882	74.667899810092	72.486625169171	-4.900685366457	12.744994915134	
0.110344827586	0.049757154094	0.144533276808	0.187060941204	20.405460867147	59.273247789836	76.713887380636	72.636134788342	-7.104301351577	16.102098042459	
0.111206896552	0.045974216869	0.139203047421	0.184973627244	18.854074360099	57.087315150448	75.857877745386	72.758348632981	-5.814303933763	12.954524027416	
0.112068965517	0.043676944378	0.142023266733	0.183779683955	17.911960511862	58.243890036083	75.368240355271	72.409149547707	-5.674680119035	14.849826360402	
0.112931034483	0.049430070449	0.142679997436	0.187187576757	20.271323522884	58.513215983539	76.765820753149	72.930087426363	-6.966007049214	14.856966534031	
0.113793103448	0.039677789691	0.138435983757	0.182342278144	16.271902997210	56.772741540677	74.778758730611	72.427630294194	-5.074377955124	12.914038452372	
0.114655172414	0.053025618905	0.145428821080	0.187970556384	21.745861700502	59.640511431336	77.086921516080	72.800763132439	-7.248220715186	16.344840297678	
0.115517241379	0.040481655808	0.138159684232	0.182614139979	16.601569331725	56.659430817083	74.890249553323	72.572942358418	-4.913542902997	12.585831759939	
0.116379310345	0.047358896487	0.144256431698	0.186399184373	19.421932917763	59.159713320986	76.442500212872	72.635752190628	-6.891297235437	15.951807685629	
0.117241379310	0.047133119646	0.140629313243	0.185817714786	19.329341599131	57.672228253807	76.204038927791	72.851977618025	-6.285489469363	13.711681229885	
0.118103448276	0.041607540021	0.140220638088	0.182810887761	17.063295623199	57.504630146178	74.970936024315	72.386047714238	-5.261580525470	13.863232741799	
0.118965517241	0.051988169166	0.144891681749	0.188334407987	21.320402478615	59.420230030612	77.236137438175	72.913252391540	-7.409225407392	16.004920570289	
0.119827586207	0.039655024251	0.138283280594	0.182033827555	16.262566866600	56.710117814189	74.652262821973	72.458835943239	-4.746042878239	12.692881864178	
0.120689655172	0.050063871629	0.145232289383	0.187501938019	20.531246048949	59.559913577156	76.894740634946	72.772008725576	-7.269940582099	16.322395632964	
0.121551724138	0.043295550097	0.139419776227	0.183689507292	17.755550318843	57.176195860248	75.331258811762	72.643490159941	-5.395807661328	13.158346024633	
0.122413793103	0.044651551529	0.142977718099	0.184912122101	18.311647922563	58.635311538414	75.832654421902	72.462192281871	-6.289547861393	15.302751819451	
0.123275862069	0.049788418140	0.142247064347	0.187375848541	20.418282285162	58.335669671355	76.843031208237	72.932109437274	-6.917077702633	14.475696299759	
0.124137931034	0.041309994929	0.139510724397	0.182305897793	16.941272070198	57.213493799731	74.763839110893	72.387907439357	-4.883254928071	13.360152408491	
0.125000000000	0.051245659311	0.144832305408	0.187858127377	21.015898411467	59.395879730873	77.040814262751	72.884795594924	-7.272078029499	16.015018072871	
0.125862068966	0.039324981964	0.138255349938	0.182292219665	16.127216179767	56.698663422943	74.758229696113	72.530861374432	-4.955354622285	12.782087185198	
0.126724137931	0.049872492875	0.144582981153	0.187284345562	20.452761421787	59.293631593791	76.805505740867	72.684229963292	-7.164015784244	16.095654839518	
0.127586206897	0.046129037393	0.139144222169	0.185280056287	18.917566418364	57.063190853358	75.983544615799	72.818037447458	-5.910012315309	12.951955752444	
0.128448275862	0.043668022382	0.141751999313	0.184039136559	17.908301591707	58.132642983787	75.474642139120	72.466610624141	-5.748686126770	14.796282137271	
0.129310344828	0.049400209959	0.142349483998	0.187512613143	20.259077704547	58.377672077494	76.899118514412	72.992650154618	-7.074958474158	14.827445186700	
0.130172413793	0.039579059878	0.137928906216	0.182644387345	16.231413797925	56.564788511351	74.902654029742	72.490382119495	-5.173216147795	12.834463061487	
0.131034482759	0.052930028293	0.144821258408	0.188272464318	21.706659890652	59.391349344965	77.210734275126	72.859034967682	-7.350374370424	16.241155843584	
0.131896551724	0.040428842463	0.137445839957	0.182919063191	16.579910523822	56.366682534299	75.015298880838	72.633538921150	-5.014124023140	12.449100490558	
0.132758620690	0.047310586793	0.143437029290	0.186671931585	19.402121061668	58.823675537443	76.554354129515	72.693923091466	-6.972699277044	15.765759074604	
0.133620689655	0.047168957861	0.139759359009	0.186121850104	19.344038888481	57.315459113729	76.328765139315	72.917148419347	-6.377072071868	13.501191045919	
0.134482758621	0.041701581173	0.139248835015	0.183114462113	17.101861997899	57.106092690568	75.095432183114	72.461351936091	-5.338821000094	13.592487842802	
0.135344827586	0.052159602310	0.143859869228	0.188660826432	21.390707389995	58.997082638004	77.370001983552	72.998869359189	-7.489636695143	15.698800668395	
0.136206896552	0.039878163943	0.137200476123	0.182370720799	16.354076687358	56.266058569612	74.790423093465	72.554655183872	-4.823563101082	12.354624448756	
0.137068965517	0.050261758555	0.144134873350	0.187842266765	20.612399683918	59.109862115370	77.034309809024	72.873196548107	-7.348665786284	15.977290307480	
0.137931034483	0.043445372525	0.138343511285	0.184058659263	17.816992652788	56.734818483268	75.482648420502	72.754406667138	-5.489570571255	12.832563427562	
0.138793103448	0.044736839762	0.141945120595	0.185269656858	18.346624715786	58.211842223344	75.979279799044	72.572989513771	-6.382863930247	15.004409752603	
0.139655172414	0.049752529015	0.141290271195	0.187717645002	20.403564117579	57.943287800612	76.983202294109	73.038359589574	-7.016868239971	14.219040330459	
0.140517241379	0.041192985431	0.138676992428	0.182628696052	16.893286353068	56.871579448484	74.896219013884	72.485875871311	-4.986548929839	13.165902215801	
0.141379310345	0.051047437912	0.144102304262	0.188153658153	20.934607608632	59.096505498408	77.162011742790	72.972821102454	-7.375338819082	15.859401250243	
0.142241379310	0.039082807954	0.137636867888	0.182544467912	16.027900365624	56.445023288103	74.861676965799	72.603996500872	-5.052962670268	12.664464471519	
0.143103448276	0.049698175344	0.144096738218	0.187494543603	20.381273620474	59.094222858042	76.891708177068	72.741861107013	-7.246761807112	16.009899206699	
0.143965517241	0.045907839455	0.138741692852	0.185422734055	18.826852913002	56.898113159818	76.042056917499	72.860411919018	-5.971780611981	12.877219344539	
0.144827586207	0.043553546553	0.141493999137	0.184176271237	17.861354934689	58.026836842204	75.530881214026	72.499557764666	-5.809967464380	14.751920593331	
0.145689655172	0.049321464089	0.142146869257	0.187608334572	20.226783941108	58.294579560469	76.938373972599	73.018712305930	-7.114790760466	14.770995543180	
0.146551724138	0.039629242482	0.137804326144	0.182755189527	16.251993736307	56.513698093723	74.948094120051	72.517406070684	-5.212091030974	12.780345890521	
0.147413793103	0.053053020453	0.144719463373	0.188371648039	21.757099103845	59.349603094569	77.251409622739	72.887790834506	-7.376648544726	16.171543303904	
0.148275862069	0.040581004074	0.137369334664	0.183007258918	16.642312159234	56.335307633653	75.051468040727	72.661124523828	-5.033300718460	12.375413743028	
0.149137931034	0.047485173929	0.143405693569	0.186793945764	19.473719428407	58.810824725801	76.604392271589	72.726909401023	-7.004997858035	15.714712825911	
0.150000000000	0.047271852867	0.139727628572	0.186237103153	19.386236238041	57.302446428664	76.376030535304	72.951745903972	-6.406196283792	13.461735410157	
0.150862068966	0.041772603941	0.139270058675	0.183251182113	17.130988509509	57.114796535625	75.151501197970	72.495482887065	-5.382785925574	13.596966971463	
0.151724137931	0.052131244856	0.143895678062	0.188789250506	21.379077968810	59.011767878010	77.422668830670	73.029367113317	-7.535480973918	15.726719613324	
0.152586206897	0.039791390033	0.137284847013	0.182504107777	16.318490616215	56.300659159616	74.845125232376	72.580388599228	-4.878150742369	12.423363384493	
0.153448275862	0.050151511157	0.144245402190	0.187967124379	20.567187110764	59.155190108105	77.085514046941	72.894489750216	-7.401558277264	16.063875735294	
0.154310344828	0.043298471392	0.138470543696	0.184151857183	17.756748344740	56.786914607646	75.520868984940	72.766174746643	-5.533549741652	12.926039698844	
0.155172413793	0.044653378507	0.142128462542	0.185368770186	18.312397167882	58.287030947224	76.019926278265	72.579950876036	-6.429523184550	15.113507079155	
0.156034482759	0.049674606804	0.141484819287	0.187783313973	20.371608137610	58.023072176157	77.010133207469	73.039957438336	-7.045998852372	14.312856713681	
0.156896551724	0.041202666216	0.138948412256	0.182699406431	16.897256452911	56.982889003462	74.925217414088	72.485798921302	-5.013228122315	13.268082720077	
0.157758620690	0.051114706763	0.144397736873	0.188230943699	20.962194634870	59.217662721092	77.193706625601	72.978906196325	-7.395243298290	15.942235367872	
0.158620689655	0.039232345184	0.137965032343	0.182632242719	16.089225739559	56.579603873778	74.897673505976	72.616456821357	-5.068251631052	12.729710053831	
0.159482758621	0.049937223128	0.144466575706	0.187596393481	20.479307366379	59.245893598051	76.933476918696	72.761648436478	-7.259302177568	16.069143267674	
0.160344827586	0.046127638093	0.139149069430	0.185509948048	18.916992564283	57.065178719918	76.077823467312	72.882277942387	-5.975821432902	12.934617316260	
0.161206896552	0.043743203225	0.141987855726	0.184302295822	17.939133334152	58.229367945119	75.582564027840	72.529579556110	-5.832841297205	14.850480620931	
0.162068965517	0.049428779310	0.142676077368	0.187723156587	20.270794025283	58.511608359736	76.985462600721	73.050085555060	-7.135916323399	14.886927775298	
0.162931034483	0.039659017078	0.138416157751	0.182872743406	16.264204329328	56.764610875126	74.996303088960	72.545144151868	-5.244029847521	12.944930407885	
0.163793103448	0.052990994193	0.145389574623	0.188474848355	21.731662069883	59.624416418138	77.293732179810	72.910417783861	-7.410332902094	16.372214790622	
0.164655172414	0.040416544129	0.138083373262	0.183098609958	16.574866964191	56.628135608440	75.088931197510	72.677269647105	-5.071455741342	12.606863536396	
0.165517241379	0.047319709375	0.144145018337	0.186877050925	19.405862242126	59.114022585305	76.638473784894	72.735534250180	-7.045686387364	15.959796361678	
0.166379310345	0.047076389244	0.140451597002	0.186285569813	19.306076402316	57.599346637809	76.395906763210	72.950508059647	-6.435822324997	13.698626402729	
0.167241379310	0.041616604798	0.139991336973	0.183295754417	17.067013098071	57.410593519047	75.169780346376	72.488023847184	-5.412634520610	13.830419429376	
0.168103448276	0.052001970089	0.144565790952	0.188825886805	21.326062251814	59.286581874429	77.437693415144	73.019522664764	-7.558616956896	15.927716802074	
0.168965517241	0.039737477751	0.137910272876	0.182552914078	16.296381133112	56.557146959419	74.865140747348	72.571568867209	-4.900121228826	12.594118270567	
0.169827586207	0.050182611112	0.144780996939	0.188046276207	20.579941234607	59.374838074418	77.117974294463	72.896531602605	-7.423870728658	16.186180094073	
0.170689655172	0.043389561009	0.138891963831	0.184247704266	17.794104291764	56.959739445455	75.560175973759	72.777092928112	-5.553130350803	12.991914090647	
0.171551724138	0.044823016817	0.142463930131	0.185506352103	18.381966016038	58.424606555874	76.076348766313	72.601893091708	-6.458955308566	15.146751506184	
0.172413793103	0.049809516896	0.141710365225	0.187929813308	20.426934907125	58.115568801073	77.070212737875	73.069882898272	-7.074833737460	14.310428574374	
0.173275862069	0.041293740388	0.139119444001	0.182894160688	16.934606066255	57.053029300541	75.005086338610	72.527534636097	-5.062714660139	13.274909637477	
0.174137931034	0.051130129705	0.144483927647	0.188432561509	20.968519599467	59.253009647302	77.276390300268	73.024581756446	-7.451476416115	15.939433893099	
0.175000000000	0.039146351829	0.138011681581	0.182839085331	16.053959774978	56.598734775110	74.982499877040	72.661474356937	-5.135364450617	12.744056044039	
0.175862068966	0.049808724273	0.144483244763	0.187805383031	20.426609851565	59.252729595988	77.019183751289	72.804957594216	-7.332484573483	16.098291968280	
0.176724137931	0.045903839300	0.139121483040	0.185694907885	18.825212445486	57.053865512695	76.153675689556	72.920589420386	-6.045884876572	12.965529375609	
0.177586206897	0.043538809271	0.141944999896	0.184470371353	17.855311160215	58.211792724689	75.651491978422	72.559708762302	-5.903336803278	14.886490222793	
0.178448275862	0.049212425965	0.142591835308	0.187847275246	20.182067292764	58.477060602786	77.036363792511	73.071778651973	-7.190589804476	14.905824257015	
0.179310344828	0.039498971270	0.138325660691	0.182972145617	16.198569376134	56.727497936242	75.037068039528	72.558384711409	-5.291217793878	12.957151256621	
0.180172413793	0.052890230559	0.145286094436	0.188546118817	21.690338798130	59.581979085387	77.322960270893	72.919655303606	-7.442445631815	16.364186784376	
0.181034482759	0.040383427869	0.137959304173	0.183151471193	16.561285951041	56.577254745351	75.110609645415	72.684876221359	-5.092093185437	12.573252640718	
0.181896551724	0.047406964791	0.143992295168	0.186939945025	19.441645779426	59.051390654362	76.664266721048	72.749853295004	-7.061972734922	15.895368701425	
0.182758620690	0.047229507429	0.140246445290	0.186322763253	19.368870329679	57.515213706356	76.411159831851	72.966181611647	-6.435547617939	13.597015969716	
0.183620689655	0.041827762700	0.139782189966	0.183334551106	17.153609174134	57.324822113300	75.185690909086	72.506387892092	-5.411364036412	13.724777428868	
0.184482758621	0.052182042831	0.144328219298	0.188859379707	21.399910271327	59.189153490848	77.451428889080	73.040752492100	-7.556538947119	15.819086058345	
0.185344827586	0.039874084577	0.137667659770	0.182592101892	16.352403734988	56.457651071055	74.881211710765	72.595334412588	-4.904969033416	12.505194058941	
0.186206896552	0.050261612716	0.144519522062	0.188065375533	20.612339874935	59.267606954176	77.125806948078	72.915868030594	-7.427892593834	16.111580353920	
0.187068965517	0.043371546523	0.138624161805	0.184247490140	17.786716532542	56.849913554821	75.560088160162	72.789793974984	-5.558853226608	12.941985217150	
0.187931034483	0.044765115811	0.142179182030	0.185498570632	18.358220752962	58.307831062582	76.073157576845	72.608618084327	-6.469598759032	15.114150482467	
0.188793103448	0.049704062266	0.141377435829	0.187895243195	20.383687853246	57.979034108020	77.056035498278	73.069159032863	-7.078899834764	14.273928421103	
0.189655172414	0.041203740593	0.138735109292	0.182830331469	16.897697056114	56.895413235197	74.978909909119	72.516226715522	-5.059838506329	13.227665786681	
0.190517241379	0.051054589474	0.144031630850	0.188350547330	20.937540471829	59.067522258277	77.242756199704	73.007882226599	-7.440838229435	15.869105919267	
0.191379310345	0.039117714366	0.137480493096	0.182741226927	16.042215521444	56.380893822615	74.942368043198	72.639741834867	-5.116162838835	12.639593281764	
0.192241379310	0.049857592431	0.143875452631	0.187717016324	20.446650734051	59.003473407663	76.982944472635	72.785660407010	-7.309111809204	15.954261424571	
0.193103448276	0.046022697166	0.138406318799	0.185623849410	18.873956180198	56.760575910347	76.124534534487	72.908975921894	-6.019072296680	12.769096634887	
0.193965517241	0.043750471561	0.141121214287	0.184433604530	17.942114086275	57.873957386042	75.636413866001	72.560748165710	-5.878330360311	14.636367987137	
0.194827586207	0.049477940762	0.141653596879	0.187829941415	20.290955188211	58.092288043169	77.029255170217	73.082745791776	-7.164703892350	14.605810366234	
0.195689655172	0.039770710010	0.137317151043	0.182984870873	16.310009717393	56.313907076102	75.042286680096	72.579573094595	-5.272260905281	12.635242016816	
0.196551724138	0.053109074235	0.144215395684	0.188598175696	21.780086818396	59.142884408766	77.344308851366	72.953095810085	-7.438068616240	16.037559125933	
0.197413793103	0.040530180632	0.136854291739	0.183229743509	16.621469412550	56.124087992161	75.142709203754	72.725925702927	-5.100280817963	12.254293028218	
0.198275862069	0.047465635884	0.142879288749	0.187029496543	19.465706855960	58.594945559133	76.700991892006	72.792181237841	-7.081276242473	15.596999404471	
0.199137931034	0.047190262019	0.139161293253	0.186421905947	19.352775745926	57.070191722539	76.451818354271	73.008265782384	-6.464866169775	13.330096121132	
0.200000000000	0.041723151116	0.138726156398	0.183434846687	17.110707854394	56.891741643712	75.226822231630	72.545993419963	-5.447240540682	13.481919782000	
0.200862068966	0.052044377342	0.143324559714	0.188950423757	21.343453510594	58.777551647025	77.488766149088	73.075318824956	-7.592674120484	15.597103825428	
0.201724137931	0.039734435010	0.136722904748	0.182661079004	16.295133301689	56.070206049855	74.909499296369	72.621505714838	-4.936140452333	12.297715326059	
0.202586206897	0.050144858392	0.143664247609	0.188123654243	20.564458804777	58.916858007719	77.149707107939	72.937004737610	-7.454379767082	15.921291827279	
0.203448275862	0.043291401285	0.137865423687	0.184291717807	17.753848886735	56.538754259962	75.578225972748	72.805834366903	-5.578292096860	12.762967479991	
0.204310344828	0.044774437688	0.141543176104	0.185555812325	18.362043664520	58.047004367793	76.096632455123	72.626112060564	-6.486718872022	14.947950292423	
0.205172413793	0.049774645967	0.140837651147	0.187961219819	20.412634302514	57.757667845868	77.083092580668	73.091927046947	-7.091263519226	14.108082301351	
0.206034482759	0.041367687706	0.138323542407	0.182916023546	16.964931938647	56.726629225626	75.014052319369	72.545231344572	-5.071433542038	13.076670783939	
0.206896551724	0.051246957980	0.143745558349	0.188441880023	21.016430997183	58.950203626790	77.280211832745	73.040084358330	-7.451188830665	15.737813469746	
0.207758620690	0.039289408931	0.137362180852	0.182852619386	16.112627642054	56.332373847861	74.988050207318	72.675943014072	-5.134409873942	12.557861903445	
0.208620689655	0.049996667367	0.143930574851	0.187854699783	20.503685510735	59.026079087718	77.039408602836	72.826630199932	-7.338704636427	15.936031981948	
0.209482758621	0.046057464169	0.138630230165	0.185749348104	18.888214164673	56.852402195570	76.176001680098	72.946252172104	-6.050150812500	12.812039394009	
0.210344827586	0.043716005810	0.141549984959	0.184569815253	17.927979645765	58.049796686344	75.692274025892	72.592647606963	-5.924110596233	14.763882288883	
0.211206896552	0.049337874280	0.142255572496	0.187947937730	20.233513777512	58.339158872463	77.077645582336	73.107082770869	-7.209460670473	14.796957526646	
0.212068965517	0.039592980331	0.138088952127	0.183095693148	16.237122590237	56.630423506868	75.087735011043	72.594466013711	-5.321910592245	12.888850761687	
0.212931034483	0.052916241078	0.145129580448	0.188677663290	21.701005739063	59.517792535375	77.376906796616	72.956705695257	-7.478166052047	16.329790696294	
0.213793103448	0.040313337084	0.137877520448	0.183274571193	16.532541647098	56.543715154502	75.161093084087	72.717382575079	-5.131257264359	12.573277107652	
0.214655172414	0.047313392213	0.144012203181	0.187069715670	19.403271567144	59.059554950948	76.717485798093	72.777181505899	-7.109041746271	15.934794630486	
0.215517241379	0.047064716148	0.140346761179	0.186432031665	19.301289253312	57.556353357463	76.455970921574	72.986406394645	-6.476372913071	13.660800304443	
0.216379310345	0.041697034095	0.139966797321	0.183466591225	17.099997236776	57.400529782442	75.239840699758	72.527585748389	-5.459728537279	13.809474100524	
0.217241379310	0.052079400302	0.144534071241	0.188987123286	21.357816462796	59.273573587494	77.503816664389	73.063124997342	-7.597653619212	15.886559684334	
0.218103448276	0.039851973842	0.137905768153	0.182708824373	16.343336099451	56.555299567789	74.929079721930	72.615016066500	-4.937916578320	12.561461415306	
0.218965517241	0.050285058593	0.144802493522	0.188177681405	20.621955053813	59.383653845418	77.171863703553	72.935620040970	-7.454704313654	16.166255052537	
0.219827586207	0.043378826879	0.138944128279	0.184355545021	17.789702213931	56.981132139823	75.604401579822	72.810586520282	-5.582548662229	12.999056022334	
0.220689655172	0.044826319854	0.142565753196	0.185650340536	18.383320595027	58.466364301292	76.135398572956	72.637588575975	-6.507473679943	15.190899709441	
0.221551724138	0.049735768846	0.141768861604	0.188033738857	20.396690754941	58.139558227125	77.112832714024	73.100957881926	-7.108354218295	14.341524923049	
0.222413793103	0.041253850217	0.139192902740	0.182988133624	16.918247065200	57.083154806327	75.043624737503	72.551157295601	-5.098331631454	13.324794893770	
0.223275862069	0.051065539540	0.144519761281	0.188502123680	20.942031105464	59.267705057933	77.304917819430	73.042860896819	-7.479302512767	15.977407218146	
0.224137931034	0.039080274472	0.138023925271	0.182887620464	16.026861381798	56.603755925329	75.002404185716	72.671491638778	-5.158964123650	12.778741349780	
0.225000000000	0.049809423124	0.144483207448	0.187862566222	20.426896451286	59.252714293005	77.042634637790	72.814487393412	-7.355774512759	16.129249350928	
0.225862068966	0.045883827094	0.139050872125	0.185724597527	18.817005418726	57.024907902672	76.165851442544	72.927328415195	-6.055692193545	12.965062794819	
0.226724137931	0.043615399825	0.141863088217	0.184534163410	17.886721026166	58.178200659358	75.677653167760	72.570527420370	-5.923795466333	14.877771178323	
0.227586206897	0.049309702438	0.142439135156	0.187899881993	20.221960475726	58.414438110818	77.057937874292	73.085102460366	-7.198159269831	14.856140566590	
0.228448275862	0.039666094247	0.138146861433	0.183062675295	16.267106683496	56.654172173543	75.074194354712	72.580421973117	-5.307207635020	12.892941046957	
0.229310344828	0.053080710633	0.145048115125	0.188655890356	21.768454875546	59.484383521241	77.367977693713	72.951856324777	-7.458741568895	16.274305511370	
0.230172413793	0.040552485392	0.137675927914	0.183260841011	16.630616618098	56.461041845678	75.155462322036	72.720035046750	-5.107896072424	12.468955491664	
0.231034482759	0.047555274064	0.143726027243	0.187074144387	19.502467567063	58.942193899844	76.719302019654	72.787563865536	-7.091251915744	15.810509143011	
0.231896551724	0.047270485813	0.139986661755	0.186459633759	19.385675607756	57.408676207515	76.467290569176	73.006052447423	-6.467321263603	13.529025743324	
0.232758620690	0.041836369223	0.139555859024	0.183507479481	17.157138718238	57.232003557375	75.256609015993	72.551574100054	-5.460674208368	13.684275602028	
0.233620689655	0.052142197464	0.144098853476	0.189027467313	21.383569644434	59.095090327478	77.520361791754	73.085945399184	-7.605029906901	15.777603836194	
0.234482758621	0.039825544344	0.137463074973	0.182751415030	16.332497334891	56.373750632289	74.946546195100	72.635856872360	-4.953829259317	12.475221996095	
0.235344827586	0.050205004295	0.144355904255	0.188216661921	20.589124702602	59.200507120743	77.187849653632	72.953035051878	-7.474474568702	16.093714930445	
0.236206896552	0.043273887947	0.138491886034	0.184378885389	17.746666648202	56.795667122882	75.613973489153	72.821784076610	-5.600482401554	12.930825164362	
0.237068965517	0.044727400803	0.142117381051	0.185652994743	18.342753789070	58.282486416210	76.136487066163	72.641131138223	-6.519465070602	15.120784082572	
0.237931034483	0.049658677746	0.141326390220	0.188026153226	20.365075614147	57.958100250174	77.109721838807	73.100495255094	-7.115675853228	14.264776516940	
0.238793103448	0.041231935102	0.138767725428	0.182974260484	16.909259653787	56.908789146592	75.037935348502	72.547938314074	-5.098996122695	13.235263826725	
0.239655172414	0.051106866962	0.144104075460	0.188498893283	20.958979524104	59.097231868847	77.303593029882	73.043260339670	-7.476844453739	15.869530373274	
0.240517241379	0.039205159308	0.137604920081	0.182906156055	16.078076783715	56.431921459284	75.010005650838	72.680491995353	-5.154879901228	12.643699816123	
0.241379310345	0.050007053216	0.144058846634	0.187899389769	20.507944758416	59.078683479706	77.057736012911	72.831942256124	-7.350179898229	15.971321574104	
0.242241379310	0.046113235487	0.138634450604	0.185768922491	18.911086040250	56.854133002164	76.184029156793	72.950169413620	-6.048090377961	12.795396473343	
0.243103448276	0.043813909092	0.141486932394	0.184607596446	17.968129884028	58.023938763428	75.707768132707	72.601298583604	-5.927389739136	14.727336089583	
0.243965517241	0.049444080425	0.142092114566	0.187990093100	20.277069028725	58.272124604533	77.094933543639	73.121958317693	-7.210303554707	14.726521912301	
0.244827586207	0.039723081092	0.137857218981	0.183158770973	16.290477048183	56.535389501520	75.113603292906	72.616902745170	-5.328327064570	12.800577856731	
0.245689655172	0.053047167948	0.144820058200	0.188745444835	21.754698985483	59.390857138285	77.404704079015	72.984114465498	-7.485355109819	16.221277158433	
0.246551724138	0.040422436197	0.137516033545	0.183344263614	16.577283307188	56.395468997873	75.189674018659	72.747318595287	-5.140423508499	12.456994113923	
0.247413793103	0.047393795482	0.143619394733	0.187142845578	19.436245031826	58.898463796384	76.747476449858	72.807257824227	-7.124009685547	15.823598482475	
0.248275862069	0.047087005121	0.139922026894	0.186496569596	19.310429984296	57.382169383291	76.482437994359	73.015505520710	-6.491849431452	13.554671079216	
0.249137931034	0.041672542334	0.139537787442	0.183520713301	17.089953139718	57.224592382681	75.262036219644	72.551587242360	-5.478689936840	13.720313923967	
0.250000000000	0.052007321644	0.144109244530	0.189020788933	21.328256929798	59.099351709592	77.517622981187	73.079748329763	-7.614104737867	15.808068011139	
0.250862068966	0.039758105135	0.137507556639	0.182733279790	16.304840444864	56.391992609879	74.939108914261	72.625322625975	-4.954357082435	12.497396127497	
0.251724137931	0.050215168759	0.144405507218	0.188208971772	20.593293159957	59.220849347367	77.184695915426	72.947144551249	-7.470298374272	16.095096687826	
0.252586206897	0.043360599284	0.138521721867	0.184376332953	17.782227058306	56.807902829301	75.612926732569	72.821271100138	-5.589554396741	12.900634570552	
0.253448275862	0.044892027355	0.142134822342	0.185670017461	18.410267309972	58.289639108118	76.143468100570	72.647768946611	-6.509291725969	15.071513013976	
0.254310344828	0.049828148798	0.141321829414	0.188040395630	20.434575869399	57.956229858878	77.115562663727	73.110226677391	-7.101184759141	14.200019312621	
0.255172413793	0.041360277097	0.138775628890	0.183020181914	16.961892839872	56.912030364418	75.056767775005	72.565846976436	-5.097885011954	13.190700174248	
0.256034482759	0.051170167589	0.144093610386	0.188553088308	20.984939177666	59.092940131071	77.325818466607	73.064441597383	-7.482665297888	15.833782672206	
0.256896551724	0.039183327869	0.137604385555	0.182959811901	16.069123687780	56.431702249421	75.032009969705	72.699470893169	-5.167857872929	12.634735901921	
0.257758620690	0.049905496763	0.144064251708	0.187949518643	20.466296350817	59.080900106183	77.078293916297	72.846939649879	-7.369784731659	15.988236752425	
0.258620689655	0.045929823357	0.138639811992	0.185811606215	18.835868534437	56.856331712725	76.201533796455	72.960846807279	-6.070818886701	12.830965469118	
0.259482758621	0.043617099625	0.141478806267	0.184633807236	17.887418116131	58.020606230453	75.718517205057	72.604067127222	-5.949785105327	14.768244119672	
0.260344827586	0.049241818448	0.142058630074	0.187988633454	20.194121180750	58.258392579461	77.094334941199	73.116601349574	-7.223795838979	14.758803139952	
0.261206896552	0.039548407412	0.137799582653	0.183137494187	16.218843189736	56.511752783027	75.104877660714	72.604458863241	-5.335322419165	12.821781600327	
0.262068965517	0.052926386457	0.144737173232	0.188713151368	21.705166369945	59.356865926108	77.391460494534	72.968632157175	-7.484376552184	16.221417913222	
0.262931034483	0.040369785971	0.137400623052	0.183307755526	16.555691394746	56.348139034320	75.174702013664	72.731495161330	-5.132080204677	12.429283235152	
0.263793103448	0.047435744072	0.143455991842	0.187130232634	19.453448192303	58.831452099792	76.742303868424	72.800613894802	-7.114970174714	15.760293273165	
0.264655172414	0.047212341445	0.139695167966	0.186489950618	19.361830541630	57.289134300203	76.479723544596	73.015669783907	-6.476147427654	13.450349213414	
0.265517241379	0.041854871863	0.139272629090	0.183530353993	17.164726670265	57.115850665686	75.265989877539	72.559305262010	-5.463633674631	13.594034282847	
0.266379310345	0.052185838263	0.143818148201	0.189042644372	21.401466781848	58.979972800990	77.526585919829	73.093365523573	-7.602332479885	15.675941156317	
0.267241379310	0.039886415694	0.137212144018	0.182783403030	16.357460738888	56.270843585466	74.959664507059	72.647731913314	-4.954930007965	12.381420262517	
0.268103448276	0.050284698065	0.144109561889	0.188261190985	20.621807200795	59.099481858835	77.206111069535	72.970449120103	-7.477067276613	15.997177223063	
0.268965517241	0.043341558965	0.138258835645	0.184427165662	17.774418603709	56.700092914785	75.633773279747	72.842185811844	-5.603543218674	12.837915941919	
0.269827586207	0.044800780126	0.141903847128	0.185715172736	18.372846725902	58.194915931475	76.161986326241	72.664219032893	-6.529222186870	15.039945247164	
0.270689655172	0.049683856718	0.141132432991	0.188077525267	20.375401536825	57.878558187991	77.130789566373	73.121863915959	-7.123348123627	14.196059492442	
0.271551724138	0.041209778559	0.138612566532	0.183027992898	16.900173232369	56.845158321373	75.059971067625	72.567450983513	-5.113707309708	13.197182438860	
0.272413793103	0.051029076161	0.143972319678	0.188539109457	20.927077435435	59.043198684830	77.320085724864	73.058257885836	-7.491881059662	15.850431390079	
0.273275862069	0.039075368028	0.137517295365	0.182923933736	16.024849243941	56.395986471575	75.017296296435	72.686042274461	-5.168733802060	12.651625953037	
0.274137931034	0.049866171867	0.144023732182	0.187907195903	20.450169169973	59.064283006573	77.060937316592	72.830774999069	-7.363176123820	16.000140759548	
0.275000000000	0.045958443701	0.138629237788	0.185771732902	18.847605767116	56.851995220541	76.185181709383	72.946327704617	-6.058698694722	12.830744418336	
0.275862068966	0.043740993342	0.141486898209	0.184615526304	17.938227058705	58.023924744217	75.711020175703	72.598054592693	-5.935488504254	14.747468843501	
0.276724137931	0.049433605696	0.142074944488	0.187978780131	20.272773331248	58.265083137584	77.090294083030	73.116519261286	-7.205749133942	14.719758630565	
0.277586206897	0.039775429759	0.137851846107	0.183140959726	16.311945291338	56.533186080450	75.106298881799	72.609746373153	-5.317845353149	12.783038082438	
0.278448275862	0.053118322336	0.144830843995	0.188737929734	21.783879474196	59.395280403868	77.401622128499	72.980405706838	-7.475471909593	16.201911750252	
0.279310344828	0.040498676280	0.137543418910	0.183354766571	16.608549445012	56.406699764695	75.193981292378	72.749376398635	-5.134303097698	12.439465729800	
0.280172413793	0.047490023618	0.143652897663	0.187176770144	19.475708290971	58.912203382852	76.761388949811	72.816486211431	-7.124023752186	15.804871185987	
0.281034482759	0.047169308465	0.139965449331	0.186535824899	19.344182671587	57.399976970198	76.498536635293	73.028095212343	-6.492613301807	13.539890525240	
0.281896551724	0.041739585023	0.139600365014	0.183570000288	17.117447416526	57.250255510532	75.282248864508	72.566485212129	-5.485069679103	13.718030174144	
0.282758620690	0.052025773564	0.144199880563	0.189069952728	21.335824081810	59.136521641506	77.537785104994	73.094079719959	-7.624058062138	15.825236353957	
0.283620689655	0.039720874550	0.137626662036	0.182780897334	16.289572142989	56.440837857691	74.958636918749	72.637955047739	-4.969427384434	12.539524374106	
0.284482758621	0.050132357341	0.144562200156	0.188240418036	20.559332110966	59.285109284988	77.197592061109	72.953623462346	-7.485268089147	16.160966460869	
0.285344827586	0.043222902085	0.138731892372	0.184386112329	17.725757292981	56.894093972631	75.616937264866	72.818938582786	-5.602974649230	12.994720979643	
0.286206896552	0.044757279162	0.142402219726	0.185673446659	18.355006935252	58.399299054309	76.144874418081	72.639830305951	-6.522308522412	15.183408951804	
0.287068965517	0.049706582466	0.141619300476	0.188045131296	20.384721390040	58.078223052402	77.117504765208	73.102402431744	-7.112341680900	14.314004491027	
0.287931034483	0.041326899868	0.139081264134	0.183012329662	16.948204803521	57.037371697248	75.053547558168	72.555881913816	-5.099165972208	13.285062927477	
0.288793103448	0.051196816130	0.144410280367	0.188530575812	20.995867772256	59.222806820843	77.316586068130	73.052460806904	-7.474561504648	15.913319591443	
0.289655172414	0.039257529270	0.137949884048	0.182928461498	16.099553759571	56.573391542399	75.019153136339	72.685641944147	-5.153521231339	12.708933004541	
0.290517241379	0.049994292540	0.144450617549	0.187935823496	20.502711591771	59.239349141363	77.072677522209	72.837933045908	-7.359095663729	16.070467027930	
0.291379310345	0.046025116585	0.139052219116	0.185809182180	18.874948386402	57.025460305114	76.200539697162	72.956464029438	-6.061668333706	12.916202889947	
0.292241379310	0.043722931271	0.141916838448	0.184649209400	17.930819784770	58.200243685249	75.724833648507	72.605317262064	-5.945411154300	14.858718514517	
0.293103448276	0.049328007632	0.142521794117	0.188008046780	20.229467454819	58.448336637359	77.102296366422	73.119919988943	-7.221319338964	14.859343706134	
0.293965517241	0.039606675062	0.138296885736	0.183160852996	16.242738813575	56.715697297084	75.114457132667	72.607955206324	-5.336828577649	12.939854853675	
0.294827586207	0.052930561510	0.145271139745	0.188736330912	21.706878563391	59.575846150845	77.400966449764	72.970712457761	-7.490359564203	16.363733175641	
0.295689655172	0.040311065348	0.137961767913	0.183323949352	16.531610005803	56.578265127628	75.181343118632	72.730356538178	-5.141483289580	12.594766827499	
0.296551724138	0.047332370912	0.144055961093	0.187127864812	19.411054751541	59.077500116572	76.741332821956	72.791347920623	-7.123860834709	15.949023393536	
0.297413793103	0.047063521850	0.140340189097	0.186472849665	19.300799470432	57.553658139637	76.472710426144	72.998779696431	-6.484392417181	13.661939426715	
0.298275862069	0.041712469618	0.139946367173	0.183510527416	17.106327360626	57.392151357405	75.257858977480	72.538799574693	-5.471008365723	13.811695036528	
0.299137931034	0.052082122052	0.144485551806	0.189026368692	21.358932655499	59.253675716501	77.519911246375	73.074146241557	-7.606929574328	15.879788549155	
0.300000000000	0.039866648766	0.137846900341	0.182751547680	16.349354301362	56.531157816558	74.946600595136	72.626372299328	-4.948292841092	12.552702867881	
0.300862068966	0.050317948675	0.144725339136	0.188220476480	20.635443310917	59.352012751074	77.189414008198	72.948129805253	-7.463303555097	16.148543244098	
0.301724137931	0.043407429159	0.138856978821	0.184387172992	17.801432039002	56.945392056318	75.617372243764	72.821092436534	-5.586825793495	12.974424124587	
0.302586206897	0.044873689214	0.142488392750	0.185698027497	18.402746818989	58.434638701657	76.154955045568	72.650184615141	-6.517878701478	15.170857447438	
0.303448275862	0.049767958154	0.141680461939	0.188074677335	20.409891623525	58.103305431954	77.129621626559	73.113957959485	-7.114539940632	14.313191360646	
0.304310344828	0.041294041364	0.139122997361	0.183039312301	16.934729496855	57.054486537272	75.064613166534	72.565367997145	-5.108638571045	13.304177231619	
0.305172413793	0.051092570190	0.144445082334	0.188556369335	20.953116403070	59.237079144106	77.327164018972	73.058954799252	-7.490222130026	15.953040805883	
0.306034482759	0.039103281356	0.137957208230	0.182943362376	16.036296529157	56.576395196882	75.025264002240	72.687550090086	-5.170718050043	12.755801842377	
0.306896551724	0.049831783578	0.144428878856	0.187924157225	20.436066496483	59.230434080691	77.067893172279	72.831344959085	-7.369908491266	16.111768197932	
0.307758620690	0.045876916720	0.138995331222	0.185779782516	18.814171467125	57.002130520321	76.188482864483	72.943729817136	-6.067699875107	12.946667079131	
0.308620689655	0.043611307386	0.141824433572	0.184599656570	17.885042712796	58.162348349416	75.704511980973	72.587272163868	-5.941903134063	14.868267426743	
0.309482758621	0.049282099508	0.142393774495	0.187955095489	20.210640485210	58.395835656465	77.080580986611	73.100759431621	-7.212332027332	14.843223852448	
0.310344827586	0.039638524201	0.138118287485	0.183117279541	16.255800178736	56.642453967794	75.096587613145	72.593933559213	-5.322926476981	12.887461439928	
0.311206896552	0.053047141711	0.145023147831	0.188710481891	21.754688225676	59.474144408218	77.390365739370	72.965593489918	-7.474125496205	16.269121509868	
0.312068965517	0.040511455441	0.137645918291	0.183312517710	16.613790192200	56.448734867774	75.176654990250	72.733646485600	-5.122271776990	12.460718772067	
0.312931034483	0.047542912284	0.143692562676	0.187126824720	19.497397988187	58.928470046217	76.740906279333	72.800812098038	-7.105737041251	15.797279426238	
0.313793103448	0.047250398175	0.139945148623	0.186498379553	19.377437646419	57.391651628470	76.483180259738	73.017056232433	-6.476098737191	13.510260352228	
0.314655172414	0.041825582436	0.139521527926	0.183554135901	17.152715045549	57.217924338176	75.275742862731	72.563535373640	-5.473110086682	13.670237398907	
0.315517241379	0.052126405383	0.144054483465	0.189069776188	21.377093295625	59.076894139658	77.537712705648	73.097708193552	-7.615554253046	15.757429622990	
0.316379310345	0.039813618277	0.137420730595	0.182794329797	16.327606442252	56.356385158445	74.964145585994	72.647433159616	-4.965083575516	12.457555060205	
0.317241379310	0.050196548299	0.144306621904	0.188258812207	20.585656889752	59.180296376992	77.205135529828	72.965198062033	-7.485012225414	16.073765068302	
0.318103448276	0.043251607176	0.138439336825	0.184412345699	17.737529280923	56.774116637246	75.627695597271	72.832189552701	-5.608715877534	12.910362068342	
0.318965517241	0.044714588821	0.142071799463	0.185692668714	18.337499581767	58.263793359431	76.152757403046	72.651413281855	-6.531407033950	15.106324382474	
0.319827586207	0.049627113953	0.141269811824	0.188055580739	20.352131269705	57.934897390951	77.121790092826	73.109544030142	-7.123779243688	14.246359237215	
0.320689655172	0.041199498444	0.138721040482	0.183002965882	16.895957346591	56.889643601326	75.049707462168	72.555505132872	-5.108803323772	13.225310250582	
0.321551724138	0.051065058139	0.144054912392	0.188519690044	20.941833682166	59.077070043215	77.312121803567	73.048830395487	-7.484511678022	15.858547551814	
0.322413793103	0.039157494884	0.137563781903	0.182922260519	16.058529553622	56.415050649249	75.016610108565	72.683764715117	-5.162009386662	12.636893766062	
0.323275862069	0.049969142798	0.144023388599	0.187918507191	20.492397656331	59.064142102764	77.065576087322	72.835345139311	-7.357950837028	15.966052527867	
0.324137931034	0.046073977318	0.138588623471	0.185781719977	18.894986224276	56.835339247049	76.189277419097	72.953166922561	-6.052526443449	12.783668625935	
0.325000000000	0.043799666420	0.141447276837	0.184618612518	17.962288949346	58.007675978230	75.712285835379	72.602606134988	-5.931570827886	14.714648612494	
0.325862068966	0.049423396319	0.142049766734	0.187996342914	20.268586455012	58.254757714238	77.097496598849	73.122854512645	-7.212002861146	14.711377063946	
0.326724137931	0.039709275763	0.137823484369	0.183168036831	16.284815468294	56.521554901784	75.117403230789	72.617929471243	-5.331202485709	12.788315823176	
0.327586206897	0.053035933216	0.144790759908	0.188755257106	21.750091610165	59.378841878061	77.408728101492	72.985522979934	-7.487915967871	16.209248035020	
0.328448275862	0.040406817894	0.137491196461	0.183354162206	16.570878225073	56.385283283868	75.193733441417	72.749014972678	-5.143121697822	12.446788153959	
0.329310344828	0.047385872151	0.143601984065	0.187155493486	19.432995665558	58.891323663281	76.752663370003	72.809360685297	-7.127892263191	15.815472315550	
0.330172413793	0.047072333307	0.139914227648	0.186504720036	19.304413058008	57.378970904573	76.485780498621	73.016651658216	-6.494242789879	13.550158572886	
0.331034482759	0.041654796070	0.139545072969	0.183529592130	17.082675378341	57.227580184962	75.265677436430	72.552329726320	-5.482566498662	13.723128387796	
0.331896551724	0.051984585964	0.144129103731	0.189026914484	21.318933003781	59.107495988876	77.520135076060	73.079797765380	-7.617472439519	15.815753343229	
0.332758620690	0.039729935902	0.137544085583	0.182734916067	16.293288212922	56.406973167964	74.939779953063	72.623884965880	-4.957399566970	12.512731790808	
0.333620689655	0.050187776258	0.144465572904	0.188203719070	20.582059466412	59.245482347907	77.182541777020	72.943218536337	-7.471695569139	16.117955321409	
0.334482758621	0.043331976786	0.138606864260	0.184368191097	17.770488941772	56.842819813347	75.609587749040	72.816028180945	-5.590310232863	12.931603557793	
0.335344827586	0.044872619080	0.142240214302	0.185662657420	18.402307956054	58.332860460789	76.140449740296	72.642690720114	-6.509909360500	15.106952725646	
0.336206896552	0.049826389297	0.141442789484	0.188027801489	20.433854296358	58.005835710016	77.110397793077	73.104268263417	-7.099005787593	14.236015701761	
0.337068965517	0.041372547439	0.138921094676	0.182999196215	16.966924920146	56.971686035142	75.048161517639	72.557529680565	-5.092545912572	13.230394296846	
0.337931034483	0.051183452440	0.144265478466	0.188533758694	20.990387308823	59.163423409929	77.317891371410	73.056497751031	-7.477740291725	15.881512330805	
0.338793103448	0.039204955260	0.137803427660	0.182939146621	16.077993103438	56.513329624471	75.023535116754	72.691050257805	-5.162040112090	12.688320693703	
0.339655172414	0.049926753986	0.144289418716	0.187930066582	20.475013960289	59.173241331763	77.070316605825	72.838805797477	-7.364322846651	16.048865772342	
0.340517241379	0.045955721972	0.138890296498	0.185794291369	18.846489583301	56.959055670188	76.194432960231	72.953094104317	-6.065983705372	12.898530166407	
0.341379310345	0.043641189847	0.141753694187	0.184613521859	17.897297541118	58.133338053535	75.710198150642	72.595626569252	-5.943764871971	14.841596031498	
0.342241379310	0.049261151768	0.142363300197	0.187970311768	20.202049795119	58.383338114919	77.086821198730	73.107765591420	-7.219265143106	14.842527595205	
0.343103448276	0.039558065009	0.138127725582	0.183119247580	16.222803780249	56.646324541041	75.097394707829	72.595334499535	-5.331358250129	12.913102564464	
0.343965517241	0.052928184658	0.145089189326	0.188694984113	21.705903814034	59.501228094117	77.384010084300	72.958775378041	-7.481242681461	16.320869976638	
0.344827586207	0.040365694918	0.137775463588	0.183288050517	16.554013649302	56.501861529482	75.166620968759	72.720394922228	-5.129247662203	12.536332758712	
0.345689655172	0.047421583436	0.143854794747	0.187107494400	19.447640900898	58.995001588021	76.732978894805	72.787908739386	-7.111536896383	15.874245022666	
0.346551724138	0.047198080785	0.140116333783	0.186472629187	19.355982230047	57.461854841787	76.472620007591	73.003114189634	-6.474853746162	13.570546343680	
0.347413793103	0.041843588414	0.139699522946	0.183515472115	17.160099315802	57.290920282031	75.259886803651	72.547817908604	-5.461995943823	13.712201102979	
0.348275862069	0.052189816747	0.144253082056	0.189024416995	21.403098362442	59.158339629490	77.519110853183	73.080766289200	-7.598831880742	15.792088455738	
0.349137931034	0.039890111570	0.137655115376	0.182764886805	16.358976421653	56.452506602183	74.952070984199	72.634901445477	-4.951101144052	12.497723165564	
0.350000000000	0.050283633997	0.144558177306	0.188247979997	20.621370825451	59.283459509866	77.200693229222	72.958871863423	-7.474965081988	16.114830649064	
0.350862068966	0.043347911722	0.138711704481	0.184417435121	17.777023875676	56.885814897438	75.629782774748	72.831157953576	-5.602255698487	12.955010758023	
0.351724137931	0.044796103722	0.142352233761	0.185706037090	18.370928927794	58.378799758188	76.158239788146	72.654240979111	-6.527832913884	15.155443663663	
0.352586206897	0.049683204931	0.141578626763	0.188073271844	20.375134238293	58.061542720169	77.129045233511	73.112871386728	-7.123943578981	14.311239345712	
0.353448275862	0.041200673520	0.139049703747	0.183021123694	16.896439246236	57.024428749608	75.057154000000	72.558239245411	-5.113643250629	13.309543631598	
0.354310344828	0.051013258081	0.144403474537	0.188533024077	20.920590424527	59.220015742875	77.317590104491	73.049004937279	-7.492948424282	15.963628085617	
0.355172413793	0.039051504057	0.137935703526	0.182917128983	16.015062604694	56.567576095530	75.014505660398	72.676789931514	-5.170287448588	12.763112192357	
0.356034482759	0.049829515705	0.144424639736	0.187896109559	20.435136439504	59.228695613090	77.056390795131	72.820736840734	-7.364294981080	16.108742798495	
0.356896551724	0.045922623886	0.139017251492	0.185757276143	18.832916023776	57.011120045972	76.179252977224	72.934701188229	-6.059892759003	12.937756829072	
0.357758620690	0.043695187463	0.141853893108	0.184594959600	17.919442019821	58.174429735602	75.702585748869	72.585424401228	-5.934493611875	14.848831599010	
0.358620689655	0.049394390595	0.142421674788	0.187961130046	20.256691177337	58.407277595860	77.083055764967	73.104158736886	-7.206146220833	14.816383680103	
0.359482758621	0.039745178191	0.138157396174	0.183120578862	16.299539091647	56.658492481912	75.097940668318	72.598250793167	-5.316149092863	12.864578155568	
0.360344827586	0.053102134926	0.145103184747	0.188709632679	21.777241000671	59.506967630736	77.390017476619	72.967097167081	-7.470799417002	16.271170082022	
0.361206896552	0.040489383389	0.137781065783	0.183328653045	16.604738420514	56.504158995425	75.183272107860	72.736982720788	-5.130114870987	12.499615089717	
0.362068965517	0.047477262313	0.143849909443	0.187147638433	19.470474866635	58.992998119678	76.749442004532	72.804607275855	-7.118161619475	15.853077774709	
0.362931034483	0.047167174145	0.140125146906	0.186511174633	19.343307384831	57.465469112426	76.488427535601	73.017288254250	-6.488587677909	13.578613531752	
0.363793103448	0.041731516760	0.139709319932	0.183544715778	17.114138613492	57.294938036223	75.271879660573	72.557217189750	-5.480120595734	13.742589445231	
0.364655172414	0.052027780111	0.144266804996	0.189044812107	21.336646968623	59.163967421303	77.527474909883	73.085105414297	-7.619117279087	15.839370180221	
0.365517241379	0.039715610088	0.137645130921	0.182755593226	16.287413181772	56.448411966580	74.948259677547	72.629841109148	-4.964701109662	12.542086849973	
0.366379310345	0.050120349137	0.144533499622	0.188215104365	20.554407533982	59.273339165938	77.187210898368	72.945894573626	-7.481318756200	16.153312524740	
0.367241379310	0.043217909387	0.138656656467	0.184364141711	17.723709782436	56.863239649564	75.607927091626	72.812085498969	-5.600491762725	12.977024354397	
0.368103448276	0.044732527303	0.142272278175	0.185642758099	18.344856171958	58.346009888758	76.132289007590	72.632604510016	-6.516993377385	15.152452415856	
0.368965517241	0.049691948175	0.141454378144	0.188016854445	20.378719851921	58.010588231706	77.105908399041	73.094477876469	-7.109204940443	14.277565379912	
0.369827586207	0.041306122470	0.138862621191	0.182982736858	16.939683970835	56.947705997889	75.041411518349	72.548893270621	-5.094768672267	13.232243562382	
0.370689655172	0.051188865798	0.144146757961	0.188505309748	20.992607332420	59.114736006746	77.306224429135	73.046992865993	-7.470974774100	15.849174385440	
0.371551724138	0.039269307886	0.137630634289	0.182901524227	16.104384182594	56.442466882515	75.008106133366	72.681282082773	-5.147744508023	12.625151508183	
0.372413793103	0.050006331086	0.144083784161	0.187902176623	20.507648611937	59.088910385775	77.058878904412	72.832919105568	-7.350775101942	15.971494124520	
0.373275862069	0.046052474513	0.138648681873	0.185787930631	18.886167901491	56.859969260406	76.191824414715	72.954456476511	-6.057568891682	12.809360298394	
0.374137931034	0.043744516398	0.141465097575	0.184621267906	17.939671867797	58.014984281711	75.713374812799	72.604119992560	-5.937006830526	14.735271994258	
0.375000000000	0.049359889066	0.142042211667	0.187990637624	20.242542064480	58.251659373369	77.095156853299	73.120830708819	-7.217455824325	14.731543419594	
0.375862068966	0.039633563322	0.137774385544	0.183144394465	16.253765717130	56.501419422643	75.107707471979	72.611181713127	-5.332248053516	12.798601828336	
0.376724137931	0.052957883717	0.144721821778	0.188719929720	21.718083429191	59.350570279100	77.394240303960	72.974011729985	-7.486440728041	16.216227584160	
0.377586206897	0.040341589598	0.137389995115	0.183313716260	16.544128032550	56.343780506047	75.177146516855	72.735384432299	-5.139791666061	12.443094769432	
0.378448275862	0.047344064396	0.143460929889	0.187111939444	19.415850261578	58.833477198165	76.734801811928	72.796239437664	-7.120396926824	15.792503158637	
0.379310344828	0.047077983309	0.139735471361	0.186464310861	19.306730130063	57.305662764665	76.469208653672	73.004648542765	-6.485123469719	13.506421124593	
0.380172413793	0.041712218410	0.139325889137	0.183493435528	17.106224339836	57.137692666451	75.250849576496	72.543515793920	-5.468750557836	13.651444199636	
0.381034482759	0.052083590447	0.143872147223	0.189010388618	21.359534845814	59.002117856453	77.513357801351	73.077958441803	-7.606051654861	15.724535781872	
0.381896551724	0.039864858540	0.137231832765	0.182737875417	16.348620127757	56.278917961185	74.940993585486	72.631014734528	-4.947809851309	12.395596243116	
0.382758620690	0.050321027727	0.144108820927	0.188208719422	20.636706033367	59.099177989478	77.184592426718	72.953571490631	-7.463059403150	15.988856627701	
0.383620689655	0.043437270095	0.138247608872	0.184373959815	17.813669838142	56.695488803573	75.611953506234	72.825712818251	-5.585251452205	12.812004404099	
0.384482758621	0.044891550357	0.141889920125	0.185678202300	18.410071692372	58.189204453028	76.146824711822	72.654165099590	-6.513250697406	15.009805868511	
0.385344827586	0.049794107475	0.141108332636	0.188064852244	20.420615487399	57.868674607238	77.125592346783	73.119201720356	-7.114031244233	14.160799281664	
0.386206896552	0.041318117270	0.138570652905	0.183028558941	16.944603050953	56.827969498936	75.060203202374	72.570821327504	-5.106794652657	13.154083457835	
0.387068965517	0.051116676132	0.143923166294	0.188549810008	20.963002275281	59.023040830557	77.324474032263	73.064884618187	-7.490149092929	15.812539442539	
0.387931034483	0.039128550346	0.137466894124	0.182939930069	16.046659368292	56.375316869930	75.023856409331	72.694115672094	-5.171321631581	12.622921942299	
0.388793103448	0.049848172357	0.143976084679	0.187918036273	20.442787552037	59.044742715866	77.065382963720	72.836695317966	-7.370057360390	15.989772901967	
0.389655172414	0.045891154450	0.138588551122	0.185778901465	18.820010375282	56.835309576301	76.188121544427	72.949158401933	-6.070444620320	12.839503691608	
0.390517241379	0.043612574146	0.141459623055	0.184593858807	17.885562212313	58.012739175292	75.702134312456	72.591342570494	-5.943005744534	14.773183393146	
0.391379310345	0.049277581994	0.142081282568	0.187950906752	20.208787848146	58.267682390788	77.078863181186	73.103753697927	-7.215330160600	14.765659470075	
0.392241379310	0.039627303139	0.137858473878	0.183106996289	16.251198409780	56.535904136307	75.092370440792	72.594279009366	-5.324307778304	12.824379673561	
0.393103448276	0.053031162235	0.144821468445	0.188700232532	21.748135025791	59.391435481065	77.386162466309	72.964421136557	-7.475941716637	16.222788575846	
0.393965517241	0.040500879676	0.137497446643	0.183305661337	16.609453060046	56.387846489857	75.173843184522	72.732437863663	-5.124611318482	12.427618218934	
0.394827586207	0.047542214709	0.143587798634	0.187115752145	19.497111911826	58.885506202871	76.736365404633	72.798664481195	-7.105335427810	15.771781699666	
0.395689655172	0.047263773985	0.139893396900	0.186483124507	19.382923080329	57.370428193017	76.476924149561	73.012731409363	-6.473963370572	13.495880297241	
0.396551724138	0.041835199742	0.139520434459	0.183539336368	17.156659112798	57.217475906213	75.269673558864	72.558959640056	-5.470605688802	13.669361884528	
0.397413793103	0.052140813528	0.144103405227	0.189056409927	21.383002091027	59.096957005486	77.532231188285	73.092774904613	-7.613159115872	15.768997705820	
0.398275862069	0.039828742125	0.137517091554	0.182782462938	16.333808748291	56.395902888565	74.959278974694	72.642396056545	-4.962735702454	12.481276681454	
0.399137931034	0.050209566965	0.144441852982	0.188248327800	20.590995858298	59.235754783085	77.200835863806	72.960382776194	-7.482945575942	16.108013628666	
0.400000000000	0.043268366224	0.138614656852	0.184401749658	17.744402183871	56.846015563563	75.623350149934	72.826704263329	-5.606378903549	12.954753789690	
0.400862068966	0.044722010359	0.142281763546	0.185679880863	18.340543162293	58.349899849403	76.147513092096	72.645083208602	-6.528656886841	15.161736731266	
0.401724137931	0.049629510316	0.141511639799	0.188044244095	20.353114020605	58.034071296372	77.117140923064	73.102833739032	-7.122037871961	14.312264186622	
0.402586206897	0.041193726523	0.138986465739	0.182988991074	16.893590275492	56.998494776720	75.043976378863	72.547777625693	-5.106697957467	13.299240401836	
0.403448275862	0.051053067463	0.144340048038	0.188503306989	20.936916293485	59.194004469334	77.305403095596	73.039933718388	-7.482214443635	15.939745667547	
0.404310344828	0.039141535061	0.137867586745	0.182901555062	16.051984413288	56.539641332585	75.008118779077	72.672883638597	-5.158726504729	12.724081796005	
0.405172413793	0.049951470370	0.144336905528	0.187899322290	20.485150175256	59.192715722640	77.057708339758	72.824438480422	-7.354932409689	16.055841879407	
0.406034482759	0.046064593070	0.138899936435	0.185766470695	18.891137734227	56.963009018392	76.183023672509	72.943355861976	-6.049992308973	12.871162420920	
0.406896551724	0.043805512849	0.141745636389	0.184598203320	17.964686575925	58.130033542161	75.703916001795	72.592203096493	-5.925904888884	14.793713609037	
0.407758620690	0.049436431572	0.142339734134	0.187975319344	20.273932225951	58.373673648162	77.088874810615	73.112118474370	-7.205818744135	14.786780343874	
0.408620689655	0.039721221086	0.138097400810	0.183151701850	16.289714257967	56.633888320672	75.110704238190	72.608926327930	-5.325998092143	12.859185236542	
0.409482758621	0.053053142819	0.145045654796	0.188742247578	21.757149286275	59.483374538032	77.403392880625	72.977645436358	-7.483225572544	16.273603717054	
0.410344827586	0.040424861297	0.137723009870	0.183346190976	16.578277843210	56.480350204889	75.190464431574	72.742866051721	-5.139761487053	12.505148482986	
0.411206896552	0.047402716294	0.143802955690	0.187151068078	19.439903466330	58.973742336447	76.750848505632	72.805115764519	-7.125250706099	15.865205872670	
0.412068965517	0.047089865398	0.140089515507	0.186503083393	19.311602987069	57.450856638483	76.485109309524	73.013210707503	-6.492635418833	13.593569578530	
0.412931034483	0.041662794474	0.139689460253	0.183529975087	17.085955532079	57.286793560995	75.265834487517	72.549977557144	-5.481987153006	13.760040683911	
0.413793103448	0.051987981014	0.144244589001	0.189030693628	21.320325317435	59.154856618730	77.521684907083	73.078515625072	-7.618427042220	15.847011909968	
0.414655172414	0.039723885724	0.137626790327	0.182738967176	16.290807028426	56.440890469789	74.941441317172	72.623147179706	-4.959159761538	12.537360561599	
0.415517241379	0.050177306370	0.144520116404	0.188206233224	20.577765754604	59.267850694305	77.183572834058	72.942082624150	-7.473534672909	16.136218642166	
0.416379310345	0.043318007077	0.138637741160	0.184372207918	17.764759949846	56.855482462629	75.611235051221	72.814972442301	-5.593125797319	12.945114716843	
0.417241379310	0.044859250344	0.142241212882	0.185669163580	18.396825423242	58.333269979721	76.143117923118	72.642910261560	-6.512900276745	15.111332489023	
0.418103448276	0.049823766397	0.141410573830	0.188038833629	20.432778642527	57.992624036623	77.114922085390	73.106427305351	-7.102824600781	14.229498758416	
0.418965517241	0.041386011676	0.138857930777	0.183004108989	16.972446617501	56.945782454463	75.050176251770	72.558915249307	-5.093232413229	13.210528829796	
0.419827586207	0.051196286795	0.144180097180	0.188542050993	20.995650691022	59.128408455595	77.321292052015	73.059116037734	-7.479555339618	15.856283538555	
0.420689655172	0.039221121436	0.137695754991	0.182950460278	16.084622868751	56.469172950738	75.028174859266	72.695068480706	-5.164480455430	12.656254056939	
0.421551724138	0.049946072115	0.144162832426	0.187944221843	20.482936344976	59.121328161750	77.076121693178	72.844086651844	-7.367255471943	16.010917069935	
0.422413793103	0.045973826027	0.138744645494	0.185811867992	18.853914075247	56.899324041392	76.201641151543	72.959956739367	-6.070125008626	12.856161147563	
0.423275862069	0.043661500053	0.141590851538	0.184631815110	17.905626777835	58.066556113244	75.717700232050	72.603385291231	-5.947822832567	14.793985000948	
0.424137931034	0.049276388273	0.142190202519	0.187988956937	20.208298301834	58.312350576313	77.094467601900	73.115763241508	-7.223999454434	14.793975881511	
0.425000000000	0.039566928963	0.137944734200	0.183137994152	16.226438896846	56.571279584388	75.105082696673	72.603532488945	-5.336787434794	12.864070807472	
0.425862068966	0.052931139304	0.144898320420	0.188713150689	21.707115517467	59.422952556390	77.391460215967	72.966934628586	-7.487038714325	16.271581830169	
0.426724137931	0.040359981510	0.137576925814	0.183303163312	16.551670574762	56.420440981091	75.172818742021	72.727909802868	-5.134987763181	12.487653252386	
0.427586206897	0.047415242034	0.143655552513	0.187117147213	19.445040285355	58.913292139451	76.736937523594	72.793523792584	-7.115929680586	15.826015393334	
0.428448275862	0.047186851093	0.139916883174	0.186482001792	19.351376921738	57.380059938403	76.476463722849	73.008386911724	-6.479449883771	13.523575579315	
0.429310344828	0.041840629613	0.139493933268	0.183526791665	17.158885908595	57.206607740427	75.264528963143	72.553838769818	-5.466484169231	13.662166511970	
0.430172413793	0.052199791234	0.144035629277	0.189032765608	21.407188909808	59.069162017508	77.522534628259	73.086710818926	-7.601328352947	15.735001841480	
0.431034482759	0.039913202744	0.137433755077	0.182766819296	16.368446136280	56.361726512096	74.952863500438	72.639232000781	-4.950849394550	12.436708490031	
0.431896551724	0.050305080417	0.144333785673	0.188253430041	20.630166024804	59.191436267119	77.202928298062	72.964391284160	-7.475500193031	16.053648924549	
0.432758620690	0.043373240858	0.138482835764	0.184422260407	17.787411381158	56.791955597914	75.631761629324	72.836859380040	-5.602067291077	12.891085188822	
0.433620689655	0.044825981895	0.142121957945	0.185715570142	18.383181997769	58.284363405507	76.162149302849	72.661094418067	-6.528835229536	15.091452290695	
0.434482758621	0.049710307787	0.141338854284	0.188082903846	20.386249147969	57.963211775959	77.132995327415	73.120604625646	-7.124510116117	14.244027682735	
0.435344827586	0.041231011057	0.138809999475	0.183031413323	16.908880701953	56.926125777345	75.061373787410	72.565998796868	-5.114343014735	13.243008306520	
0.436206896552	0.051035231090	0.144160940608	0.188544041719	20.929601578307	59.120552325104	77.322108450646	73.057016677694	-7.494217225351	15.897784621642	
0.437068965517	0.039066618585	0.137691478956	0.182928702829	16.021261088537	56.467419344363	75.019252106505	72.684860521197	-5.172208660709	12.698843234836	
0.437931034483	0.049841031573	0.144180796221	0.187908316417	20.439859108990	59.128695132789	77.061396840614	72.828689566075	-7.366764708620	16.046624872068	
0.438793103448	0.045922625737	0.138771507025	0.185764119323	18.832916782817	56.910339983386	76.182059372589	72.941425921245	-6.061043237685	12.876465558406	
0.439655172414	0.043695527666	0.141617843572	0.184603104114	17.919581537394	58.077625574377	75.705925822609	72.591183624286	-5.936808232053	14.791877727162	
0.440517241379	0.049390434559	0.142187008393	0.187969308252	20.255068803131	58.311040662206	77.086409655701	73.110099346434	-7.207775593807	14.758907730489	
0.441379310345	0.039751993846	0.137921628960	0.183133264734	16.302334198983	56.561804101199	75.103143157545	72.605430780709	-5.318382359183	12.804911507921	
0.442241379310	0.053124159199	0.144866034126	0.188717052184	21.786273177938	59.409711913632	77.393060223411	72.973345387338	-7.469995762525	16.206392116457	
0.443103448276	0.040510105805	0.137548906338	0.183334141755	16.613236705107	56.408950164807	75.185523033597	72.742835216405	-5.128394495345	12.434988742255	
0.443965517241	0.047502436301	0.143627499879	0.187161183891	19.480798745053	58.901787725242	76.754997011054	72.812103859856	-7.118851363679	15.791275748074	
0.444827586207	0.047191026698	0.139908622119	0.186522973517	19.353089341926	57.376672071361	76.493266270044	73.024933045356	-6.487729791777	13.516174922229	
0.445689655172	0.041757120842	0.139506115610	0.183563757165	17.124638874460	57.211603731317	75.279688553060	72.566285604137	-5.481857205804	13.684991982309	
0.446551724138	0.052050062963	0.144069674839	0.189065218027	21.345785189362	59.083124138096	77.535843399233	73.095080987122	-7.620850757887	15.781740262347	
0.447413793103	0.039735206769	0.137465581667	0.182777067798	16.295449801019	56.374778630015	74.957066421846	72.639563531210	-4.967174627487	12.490620653482	
0.448275862069	0.050133616397	0.144371314793	0.188238479429	20.559848451046	59.206826998377	77.196797036386	72.955850011845	-7.484710872348	16.108134794097	
0.449137931034	0.043214715715	0.138510290501	0.184385701050	17.722400054185	56.803214813991	75.616768598775	72.821704684338	-5.603943905123	12.937755181663	
0.450000000000	0.044730773077	0.142149425231	0.185668997873	18.344136761980	58.295627767899	76.143049966570	72.641934491039	-6.523270438259	15.122423031745	
0.450862068966	0.049676563742	0.141348892875	0.188034254913	20.372410679947	57.967328612486	77.113044349023	73.101780809620	-7.112549956992	14.251548359420	
0.451724137931	0.041290531939	0.138790343921	0.183003447813	16.933290277692	56.918065014299	75.049905102758	72.555372495126	-5.100071926431	13.218026080025	
0.452586206897	0.051171370779	0.144093526752	0.188527391655	20.985432607164	59.092905832480	77.315280242217	73.053802358329	-7.476203860895	15.837937632828	
0.453448275862	0.039261381097	0.137591582087	0.182924503412	16.101133397870	56.426451533685	75.017529921313	72.688499566075	-5.152506867125	12.614754237692	
0.454310344828	0.050018712426	0.144068984307	0.187921681289	20.512726212455	59.082840950198	77.066877788474	72.838576783499	-7.353510041314	15.964090643165	
0.455172413793	0.046052277944	0.138651605409	0.185804355665	18.886087288481	56.861168205303	76.198560338543	72.959946691678	-6.058830155802	12.805785260234	
0.456034482759	0.043756348637	0.141498449911	0.184647429959	17.944524281294	58.028662109274	75.724103898076	72.610548525776	-5.942132213459	14.740731527196	
0.456896551724	0.049366058828	0.142090534352	0.188013128675	20.245072290313	58.271476557236	77.104380456945	73.127269301043	-7.220190924875	14.738210474866	
0.457758620690	0.039642794957	0.137847566555	0.183173493432	16.257551620400	56.531431031362	75.119640988453	72.618601029408	-5.337532914897	12.813813216407	
0.458620689655	0.052968868252	0.144814074942	0.188747883817	21.722588198156	59.388403397691	77.405704308275	72.981334701941	-7.490844802143	16.235304699998	
0.459482758621	0.040337643590	0.137503710600	0.183339986017	16.542509770474	56.390415345408	75.187919771528	72.742147552296	-5.144356346904	12.469957372836	
0.460344827586	0.047342880370	0.143599000090	0.187143756399	19.415364691460	58.890099931771	76.747849978292	72.803165677858	-7.127808765138	15.828280766325	
0.461206896552	0.047061622079	0.139888181468	0.186489424537	19.300020372366	57.368289338687	76.479507798411	73.010457248293	-6.490124795323	13.546798246119	
0.462068965517	0.041695150114	0.139503411802	0.183520701760	17.099224614220	57.210494896989	75.262031486407	72.548482482974	-5.476037238720	13.702366765190	
0.462931034483	0.052056543662	0.144066992277	0.189030548788	21.348442931143	59.082024016405	77.521625507904	73.080795866737	-7.611338772711	15.779627709169	
0.463793103448	0.039838639493	0.137449941568	0.182759719341	16.337867669027	56.368364609139	74.949951801714	72.633218781895	-4.953924924786	12.458423102693	
0.464655172414	0.050303197613	0.144338345849	0.188232428686	20.629393884794	59.193306399918	77.194315620419	72.956462472748	-7.468785085823	16.052941194027	
0.465517241379	0.043424996337	0.138479572739	0.184389982325	17.808636356824	56.790617427955	75.618524354222	72.827558265856	-5.587380900585	12.872184341722	
0.466379310345	0.044900081766	0.142139283615	0.185695759970	18.413570432156	58.291468680806	76.154025130571	72.654913825528	-6.516136601752	15.073583158294	
0.467241379310	0.049791898910	0.141358431098	0.188079361717	20.419709752533	57.971240247819	77.131542696501	73.120521656577	-7.114804366395	14.222969995042	
0.468103448276	0.041326962344	0.138836798964	0.183046788591	16.948230424999	56.937116275958	75.067679200946	72.572252931882	-5.108907704442	13.221318261527	
0.468965517241	0.051120723737	0.144189851718	0.188568196618	20.964662202171	59.132408801764	77.332014400130	73.067008015034	-7.492042319516	15.878815999527	
0.469827586207	0.039133041778	0.137735528062	0.182960321040	16.048501309203	56.485483928700	75.032218767814	72.696976781691	-5.173758234583	12.689826858753	
0.470689655172	0.049857367883	0.144249453985	0.187937856585	20.446558646839	59.156851753684	77.073511294399	72.839144463702	-7.372534465818	16.058617935537	
0.471551724138	0.045884559243	0.138860055980	0.185794847438	18.817305673871	56.946654002152	76.194661004511	72.951263480825	-6.071701419511	12.908845167851	
0.472413793103	0.043606569215	0.141736295764	0.184614795514	17.883099584008	58.126202941948	75.710720477998	72.593543259432	-5.947585047433	14.847469740088	
0.473275862069	0.049258574208	0.142349180818	0.187965356510	20.200992735444	58.377547742833	77.084789041979	73.105177048519	-7.217665658066	14.837864420606	
0.474137931034	0.039606007762	0.138127892384	0.183118971726	16.242465153220	56.646392946756	75.097281579974	72.594189479969	-5.327059621885	12.899716696006	
0.475000000000	0.053005628253	0.145089840866	0.188708755969	21.737663513051	59.501495291524	77.389657936795	72.963183288306	-7.477820196480	16.298620704863	
0.475862068966	0.040470310354	0.137760037568	0.183313731991	16.596916549008	56.495535302574	75.177152968102	72.731055567832	-5.126354487230	12.501723692432	
0.476724137931	0.047527283564	0.143836844605	0.187128662889	19.490988633739	58.987640215938	76.741660114115	72.798606740078	-7.108198067532	15.840149387703	
0.477586206897	0.047260718379	0.140123761031	0.186484675654	19.381669972830	57.464900763945	76.477560276390	73.010784190127	-6.471575306333	13.553547057166	
0.478448275862	0.041837519348	0.139744328713	0.183543749730	17.157610385534	57.309295173760	75.271483483262	72.557234652035	-5.469656480474	13.726127397929	
0.479310344828	0.052141575380	0.144310126003	0.189062126699	21.383314527414	59.181733411507	77.534575642467	73.092156242992	-7.612099818427	15.819707349159	
0.480172413793	0.039834868381	0.137713134291	0.182789657457	16.336321132153	56.476300219571	74.962229454228	72.642150028310	-4.961961002213	12.528611584554	
0.481034482759	0.050215788572	0.144620866258	0.188258418076	20.593547345901	59.309168314836	77.204973896377	72.961517989332	-7.482993997337	16.151159507109	
0.481896551724	0.043271768884	0.138776212470	0.184410997712	17.745797618519	56.912269691512	75.627142786629	72.828355600518	-5.605879041183	12.992523086715	
0.482758620690	0.044726665200	0.142431298394	0.185691911671	18.342452117470	58.411224246739	76.152446938992	72.646922604083	-6.530093615595	15.198243321369	
0.483620689655	0.049624032052	0.141643981086	0.188054153875	20.350867378902	58.088344596212	77.121204934445	73.104806182386	-7.122780409635	14.345096901570	
0.484482758621	0.041183872907	0.139106764226	0.182999862522	16.889549297420	57.047829311518	75.048434770855	72.549676567509	-5.108841030284	13.331752061273	
0.485344827586	0.051034071389	0.144443768912	0.188512033703	20.929125983585	59.236540508146	77.308981930060	73.041573332000	-7.484337293184	15.969713702786	
0.486206896552	0.039118606203	0.137961556385	0.182905163561	16.042581264947	56.578178379722	75.009598628005	72.672724510889	-5.159952957844	12.752751864787	
0.487068965517	0.049927706630	0.144422550723	0.187903954657	20.475404640345	59.227838906888	77.059608078017	72.824096795284	-7.356846944773	16.083424534408	
0.487931034483	0.046041438551	0.138970371812	0.185772254989	18.881642041734	56.991894640376	76.185395817468	72.943701098777	-6.051696398572	12.893449683760	
0.488793103448	0.043799795990	0.141796730770	0.184604778930	17.962342086107	58.150987401383	75.706612666514	72.593113846809	-5.927228384600	14.807627555929	
0.489655172414	0.049441466217	0.142375083516	0.187974799467	20.275996938998	58.388170466485	77.088661608622	73.111694520013	-7.203878703600	14.792452275527	
0.490517241379	0.039726434589	0.138123248154	0.183154703333	16.291852320646	56.644488343464	75.111935149292	72.609457811397	-5.325271641181	12.863223103779	
0.491379310345	0.053063160634	0.145060141050	0.188747226392	21.761257602568	59.489315365754	77.405434697509	72.979096297994	-7.482591077060	16.273291511444	
0.492241379310	0.040434438050	0.137728665545	0.183352859048	16.582205279576	56.482669603281	75.193199015165	72.745010016522	-5.139525039695	12.502306329651	
0.493103448276	0.047414249297	0.143796882917	0.187162301655	19.444633162995	58.971251885937	76.755455407161	72.808810061746	-7.126509571180	15.859575144705	
0.493965517241	0.047100956731	0.140075378763	0.186512421106	19.316151554134	57.445059145139	76.488938715367	73.016766060090	-6.492994420316	13.585219772666	
0.494827586207	0.041668535852	0.139670839533	0.183541044159	17.088310077542	57.279157184503	75.270373925565	72.553811680597	-5.483693012466	13.752793695731	
0.495689655172	0.051985871856	0.144221059105	0.189042188338	21.319460349557	59.145206983547	77.526398899812	73.082517241789	-7.620754015824	15.840111963280	
0.496551724138	0.039714910788	0.137599714213	0.182749228139	16.287126398013	56.429786527277	74.945649348665	72.626667999613	-4.961896522950	12.531757246293	
0.497413793103	0.050161762708	0.144490735061	0.188214137634	20.571391282603	59.255801375059	77.186814441079	72.944846770473	-7.476195183368	16.131955864688	
0.498275862069	0.043295193352	0.138612200982	0.184375370517	17.755404017378	56.845008408874	75.612532036359	72.815924062950	-5.594935717821	12.943208648026	
0.499137931034	0.044838614565	0.142218475387	0.185675007244	18.388362668745	58.323945309240	76.145514415758	72.643964790271	-6.515660867349	15.110333956631	
0.500000000000	0.049807067713	0.141382114625	0.188045889092	20.425930494678	57.980952887110	77.117815538197	73.108307474758	-7.105174657768	14.224906480387	
0.500862068966	0.041387137184	0.138823444610	0.183006318450	16.972908189658	56.931639641331	75.051082353709	72.559883896435	-5.093033855278	13.199930205769	
