dbx_v3_0_0_0										
Time	Cx	Cy	Cz	Fx	Fy	Fz	Mx	My	Mz	
0.000000000000	0.000000000000	0.000000000000	0.000000000000	0.000000000000	0.000000000000	0.000000000000	0.000000000000	0.000000000000	0.000000000000	
0.000862068966	1.911902100665	-0.062844627512	0.784664037861	784.072316377975	-25.772623319950	321.791241052555	161.539930960352	-227.707013227177	-76.038263924636	
0.001724137931	0.220491374806	0.117410115698	0.389820450149	90.423658682841	48.149966125189	159.865624507519	88.292590313943	-47.218602076584	43.818761636277	
0.002586206897	-0.018674721036	0.046920527478	0.365814983963	-7.658515451975	19.242139360730	150.020966942661	114.782853701319	-77.391774254967	-57.950651220985	
0.003448275862	0.010633445755	0.192095382218	0.409542923986	4.360783139249	78.778443336016	167.953824076309	131.916163616347	-104.890846838796	26.661396986870	
0.004310344828	0.042323615585	0.137619649394	0.438116550816	17.356942752209	56.437909264351	179.671887343054	120.457679333092	-108.731856848875	10.070718668464	
0.005172413793	0.027120571087	0.111182790012	0.466576614897	11.122164145638	45.596135741365	191.343378451528	133.253659032058	-107.355951637784	3.944969214843	
0.006034482759	0.034193043255	0.134036222213	0.503446408958	14.022589660838	54.968343406727	206.463705388667	139.855228994452	-127.192039526448	16.712007172524	
0.006896551724	0.051215659868	0.125823416603	0.522462820169	21.003575995831	51.600266392533	214.262348207542	143.513808851841	-123.267350322014	16.270611695425	
0.007758620690	0.053058523328	0.119378240070	0.544182330288	21.759335519886	48.957095232045	223.169533676672	152.589924318157	-132.250660144677	13.979410837768	
0.008620689655	0.048027992652	0.122689708716	0.562487069731	19.696311561310	50.315130714652	230.676319432699	156.845947821789	-140.998367120560	17.326182786177	
0.009482758621	0.043452402658	0.124053587279	0.585407832225	17.819859077525	50.874458215911	240.076139295287	161.129286100874	-145.832099182749	17.061315778131	
0.010344827586	0.043793211290	0.127313621358	0.610279550162	17.959624923385	52.211400348366	250.276047276355	166.810355887324	-153.184548111977	18.556473587786	
0.011206896552	0.047192762427	0.127748336835	0.628037040840	19.353783093630	52.389677453087	257.558405951549	170.674047661078	-159.322235727481	19.405356110451	
0.012068965517	0.046987550112	0.125083394021	0.645548388605	19.269625387250	51.296782641770	264.739821255387	174.406451255585	-164.844590416924	19.734437510774	
0.012931034483	0.045391534268	0.119884182659	0.661306807709	18.615098233703	49.164582622560	271.202359355373	178.226940294454	-170.074131669791	19.487305854675	
0.013793103448	0.045934399391	0.120722101697	0.675412493122	18.837727579932	49.508213774398	276.987110275590	181.664636897647	-175.871998485643	20.703170273974	
0.014655172414	0.043672204556	0.122642386571	0.689832244941	17.909999981341	50.295723871658	282.900660036504	184.511736450580	-181.447549485812	21.894087910764	
0.015517241379	0.040385176904	0.124009332098	0.699379366997	16.561987766794	50.856309136679	286.815941107743	186.771049792290	-183.526603115633	22.642935191681	
0.016379310345	0.040785196233	0.124605723492	0.694403702731	16.726035958053	51.100889641987	284.775417900439	186.792815602687	-177.500333202425	22.520930898962	
0.017241379310	0.042656405843	0.122454121226	0.680841309510	17.493420257143	50.218516129314	279.213471467869	185.047968596252	-166.113388811440	20.950902391700	
0.018103448276	0.047495434407	0.121363272584	0.667603377819	19.477909072830	49.771158379564	273.784586923217	183.559166113656	-155.359885410167	19.645992606538	
0.018965517241	0.050117617222	0.121592905809	0.658252771012	20.553267980015	49.865331116788	269.949896885572	182.953440540164	-148.512763600004	19.489980659183	
0.019827586207	0.048874977427	0.119188686364	0.653939243657	20.043660578015	48.879359132069	268.180916463552	183.279925635393	-145.079424176662	18.353619511857	
0.020689655172	0.046016962485	0.115839055022	0.653277079443	18.871586759321	47.505673102370	267.909362481083	183.907802439052	-143.514913058999	17.154606087138	
0.021551724138	0.044128544971	0.114691911426	0.652364365301	18.097145487526	47.035228754727	267.535057807532	184.148997793090	-141.313126982609	16.887650549306	
0.022413793103	0.043677612553	0.113075012168	0.650811907937	17.912217804611	46.372137299330	266.898394015553	184.262763768746	-139.003777595534	16.344073862445	
0.023275862069	0.043327579404	0.111107823170	0.650918781989	17.768668978640	45.565391789881	266.942223135240	184.762264838277	-137.451836378630	15.733846497196	
0.024137931034	0.042787194220	0.111096697879	0.650973233710	17.547056657407	45.560829300812	266.964553822009	185.217613281144	-136.180811215541	15.782045112055	
0.025000000000	0.042415002454	0.110904755940	0.651353253409	17.394420567686	45.482113784460	267.120400151854	185.700155292636	-135.365787881503	15.790635870265	
0.025862068966	0.042269036842	0.110714286427	0.652338067900	17.334559973587	45.404002111314	267.524273226201	186.272887274813	-135.025531550534	15.739796453276	
0.026724137931	0.042232534301	0.110728545562	0.653085144943	17.319590257465	45.409849791835	267.830650015643	186.729795111943	-134.429803497329	15.755474875778	
0.027586206897	0.042089169647	0.110496269544	0.653567297778	17.260796318082	45.314593243414	268.028381212303	187.157221411834	-133.781897956866	15.664693283238	
0.028448275862	0.041965845382	0.110583938673	0.654506025357	17.210220955169	45.350546410991	268.413354013553	187.645685473268	-133.536790387092	15.755772126344	
0.029310344828	0.041655035894	0.110331317206	0.654793690703	17.082757778516	45.246946180407	268.531325762201	188.055901142421	-133.329118827118	15.786400048445	
0.030172413793	0.041304437443	0.110137482445	0.656401854147	16.938977121984	45.167454416583	269.190834654769	188.596702540799	-133.443343302948	15.878376814323	
0.031034482759	0.041008646694	0.110473884531	0.658004104804	16.817673140279	45.305413134536	269.847918708982	189.021339922713	-133.546991490083	16.030185432056	
0.031896551724	0.040805975163	0.110450304666	0.659324441316	16.734557411126	45.295743016297	270.389389586364	189.424804299661	-133.603769882742	16.119338871807	
0.032758620690	0.040648355910	0.110383627851	0.660477772705	16.669917651445	45.268398810582	270.862371551673	189.815694726170	-133.583425827484	16.180253645493	
0.033620689655	0.040542477951	0.110425877906	0.661479302097	16.626497030333	45.285725585858	271.273099417918	190.191663517817	-133.581922054596	16.274673989546	
0.034482758621	0.040476421341	0.110448031938	0.662347414154	16.599407170891	45.294810968947	271.629112746900	190.545064516202	-133.606783697192	16.343585130624	
0.035344827586	0.040453006636	0.110496804170	0.663247435176	16.589804784909	45.314812493509	271.998211963784	190.871610720051	-133.714879032790	16.391434084507	
0.036206896552	0.040372488470	0.110552435881	0.664327745293	16.556784231441	45.337627095161	272.441247857124	191.203205752470	-133.938780858864	16.475452310831	
0.037068965517	0.040222928999	0.110591343106	0.665554761668	16.495449793469	45.353582973828	272.944448084295	191.537816925896	-134.244379456799	16.565981350656	
0.037931034483	0.040067977869	0.110575449187	0.666879037364	16.431904232663	45.347064867316	273.487534423431	191.873454768611	-134.588175226089	16.645688770638	
0.038793103448	0.039916960431	0.110545655802	0.668234251630	16.369971881540	45.334846580159	274.043308690584	192.204569936761	-134.925983118261	16.730414833821	
0.039655172414	0.039801065395	0.110457061469	0.669442833482	16.322443250677	45.298513985667	274.538948907793	192.498948293754	-135.203693646637	16.766270581467	
0.040517241379	0.039701730845	0.110474726184	0.670537151409	16.281706085673	45.305758297091	274.987729413465	192.776105575090	-135.454619073877	16.877599401673	
0.041379310345	0.039668367905	0.110344357501	0.671393185618	16.268023922181	45.252294013806	275.338789609115	193.016725925753	-135.632594187777	16.873190996311	
0.042241379310	0.039728051590	0.110302968568	0.672190093372	16.292500240728	45.235320385286	275.665602006217	193.262734436238	-135.814634287054	16.907286386908	
0.043103448276	0.039752773118	0.110242517811	0.672966351844	16.302638555533	45.210529489550	275.983946119263	193.493972437764	-136.013621602985	16.936393152267	
0.043965517241	0.039651231095	0.110181134492	0.673023846416	16.260996104913	45.185356149920	276.007524680983	193.612139209305	-136.103420752605	16.978410095098	
0.044827586207	0.039409968115	0.109739025161	0.674169500204	16.162053997406	45.004046820771	276.477358057618	193.906497602637	-136.420643721970	17.005287154136	
0.045689655172	0.039182134394	0.110167798972	0.675196463394	16.068619237488	45.179887244501	276.898516340980	194.108813530084	-136.699850000703	17.140333562007	
0.046551724138	0.039054121984	0.110312617270	0.676322289396	16.016121263621	45.239277324264	277.360218329466	194.300460914847	-137.037262544901	17.219203294682	
0.047413793103	0.038955581442	0.110623687597	0.677121208302	15.975709722057	45.366847471001	277.687855501124	194.500079952135	-137.288821787782	17.384149975155	
0.048275862069	0.038905879039	0.110805012407	0.677985207874	15.955326733668	45.441208895505	278.042182297410	194.681498205640	-137.540648950992	17.444113630612	
0.049137931034	0.038919919180	0.110983985332	0.678780377496	15.961084604823	45.514605810539	278.368281885326	194.866595315239	-137.776630048282	17.495032080531	
0.050000000000	0.038971935834	0.111172227015	0.679549791064	15.982416669023	45.591803849227	278.683818898688	195.036255153494	-138.012603628454	17.553831589516	
0.050862068966	0.038959313357	0.111265102736	0.680334610801	15.977240182770	45.629892243851	279.005673991937	195.213955089990	-138.259595893630	17.595674616191	
0.051724137931	0.038869749153	0.111320352103	0.681129783390	15.940509843643	45.652550045811	279.331774796802	195.402397135473	-138.514718911878	17.651844450019	
0.052586206897	0.038784986828	0.111340930355	0.681866968874	15.905748757763	45.660989200708	279.634095051606	195.570288826867	-138.743651652507	17.704396860531	
0.053448275862	0.038719082080	0.111368463526	0.682543211735	15.878721177309	45.672280572407	279.911422696473	195.718177901335	-138.961857198126	17.763816197753	
0.054310344828	0.038645964052	0.111326306213	0.683151592906	15.848735425537	45.654991830184	280.160920217237	195.857352539093	-139.160585646109	17.789635731216	
0.055172413793	0.038593817783	0.111256488993	0.683729959192	15.827350206106	45.626359742381	280.398108613702	195.997330078092	-139.346116814467	17.799878521411	
0.056034482759	0.038611399778	0.111096792220	0.684304399822	15.834560593831	45.560867989802	280.633687095928	196.132397269364	-139.524672766379	17.760591694697	
0.056896551724	0.038707256459	0.110974668034	0.684859246495	15.873871482058	45.510784780520	280.861230083567	196.264738567890	-139.689291968985	17.733769176031	
0.057758620690	0.038777658953	0.110819883695	0.685417155057	15.902743591734	45.447307620820	281.090028754008	196.401355687144	-139.852604031409	17.691865136559	
0.058620689655	0.038741550588	0.110317230397	0.685938774644	15.887935527269	45.241169170546	281.303945291959	196.518199903977	-140.005858219340	17.484415335803	
0.059482758621	0.038726449803	0.109525442871	0.686401540927	15.881742685214	44.916456582139	281.493726050714	196.635778907751	-140.136715585120	17.149351671951	
0.060344827586	0.038783732296	0.109145146763	0.686546427645	15.905234273452	44.760496897044	281.553144189608	196.747435267847	-140.124268315655	17.045057513165	
0.061206896552	0.038798385701	0.109261326454	0.686547145671	15.911243644769	44.808142265003	281.553438652306	196.817385715619	-140.058115534102	17.165172411667	
0.062068965517	0.038866332357	0.109166363787	0.686712520028	15.939108613053	44.769198012359	281.621258785573	196.880148951473	-140.122792004759	17.147146614886	
0.062931034483	0.038996251996	0.109206278923	0.686787269363	15.992388743074	44.785567236101	281.651913537525	196.944950826498	-140.138460614628	17.171564611215	
0.063793103448	0.039124380650	0.109141075447	0.687012974540	16.044934388985	44.758827247263	281.744475379859	197.032330075728	-140.171035761301	17.119686598356	
0.064655172414	0.039194158985	0.108961543676	0.687333963486	16.073550530209	44.685201149586	281.876113158744	197.132588362921	-140.195619385783	17.030556472599	
0.065517241379	0.039180696643	0.108799559341	0.687650131238	16.068029614732	44.618771266251	282.005773763304	197.233376669558	-140.249541000591	16.988181740393	
0.066379310345	0.039090876779	0.108690907892	0.687944481295	16.031194429025	44.574213235212	282.126486916192	197.327706424582	-140.339286700489	16.989872849997	
0.067241379310	0.038970659052	0.108558582925	0.688217316729	15.981893059792	44.519946679017	282.238376908269	197.409592834553	-140.439986865172	16.978152228125	
0.068103448276	0.038850411490	0.108501303399	0.688487323354	15.932579455160	44.496456307445	282.349106803799	197.475571978643	-140.548378757104	16.993311686160	
0.068965517241	0.038740677861	0.108463495142	0.688787203935	15.887577621187	44.480951116176	282.472088028706	197.533825972072	-140.669258876622	17.001431779233	
0.069827586207	0.038683037676	0.108436948306	0.689106066405	15.863939343364	44.470064241077	282.602853738455	197.591551536838	-140.789238300659	16.995123789487	
0.070689655172	0.038701499404	0.108529732352	0.689422316307	15.871510510144	44.508115039634	282.732548032503	197.650169468503	-140.900947221412	17.021578374292	
0.071551724138	0.038741986791	0.108497069269	0.689716336770	15.888114414134	44.494719887634	282.853126018717	197.709756896603	-140.990778901052	16.958844086329	
0.072413793103	0.038777602179	0.108687426173	0.690009340682	15.902720308459	44.572785380173	282.973287117041	197.774079919408	-141.088580876681	17.021304429901	
0.073275862069	0.038754317563	0.108898548131	0.690273448992	15.893171272164	44.659366634768	283.081598109728	197.827806867204	-141.177505065425	17.092127872349	
0.074137931034	0.038678688663	0.109104808874	0.690500684786	15.862155810022	44.743954301682	283.174787659123	197.877726370205	-141.256536884130	17.173314186865	
0.075000000000	0.038627090875	0.109317177445	0.690715440077	15.840995523062	44.831046793343	283.262858946196	197.923259509590	-141.334640753322	17.270148116707	
0.075862068966	0.038617499321	0.109480890849	0.690898202229	15.837062020522	44.898185768496	283.337809825466	197.958282550661	-141.404178053690	17.342045046727	
0.076724137931	0.038638395302	0.109526505115	0.691077680459	15.845631475946	44.916892209251	283.411413966552	197.991152966213	-141.467673200220	17.367070620808	
0.077586206897	0.038725489770	0.109497880981	0.691263591776	15.881348974974	44.905153433065	283.487656320376	198.030078021121	-141.527700458598	17.360968998333	
0.078448275862	0.038875980312	0.109375911800	0.691475337194	15.943065245802	44.855133791398	283.574493256478	198.077720331198	-141.587848895248	17.309909946214	
0.079310344828	0.038996047162	0.109167136925	0.691708711368	15.992304740518	44.769515077000	283.670200159822	198.134981986504	-141.653374850509	17.236536555438	
0.080172413793	0.039017872858	0.108983710269	0.691936837197	16.001255473067	44.694291683720	283.763754713077	198.191993562205	-141.724063481474	17.202003699338	
0.081034482759	0.038941116393	0.108751141879	0.692154103392	15.969777595950	44.598915233134	283.852855723517	198.247102581641	-141.793662028416	17.151452104211	
0.081896551724	0.038842145077	0.108604764433	0.692353067463	15.929189393639	44.538885745646	283.934451020373	198.298707376219	-141.862327114198	17.147924113081	
0.082758620690	0.038750470119	0.108476015843	0.692511347356	15.891593432799	44.486085863688	283.999361709392	198.336431186603	-141.917870633614	17.129977072143	
0.083620689655	0.038645671047	0.108383287497	0.692642769264	15.848615263989	44.448057907741	284.053257920905	198.365704805749	-141.963720337517	17.110537851075	
0.084482758621	0.038592797457	0.108357487648	0.692768964243	15.826931769705	44.437477372610	284.105010565055	198.393248077460	-142.006067166743	17.099480469674	
0.085344827586	0.038634547961	0.108398366571	0.692890224713	15.844053679114	44.454241845860	284.154739564051	198.420680049965	-142.040555489712	17.086524112777	
0.086206896552	0.038691909378	0.108451224216	0.693022296136	15.867577633942	44.475918801381	284.208902142206	198.452670296901	-142.073714656335	17.067984043988	
0.087068965517	0.038680322147	0.108572147588	0.693139172467	15.862825702869	44.525509555938	284.256833202795	198.481965550834	-142.109013206096	17.095420188517	
0.087931034483	0.038610867142	0.108778432794	0.693255295187	15.834342159416	44.610107255626	284.304455206941	198.508425690489	-142.150472516537	17.171432579326	
0.088793103448	0.038530215968	0.108984006055	0.693365806522	15.801267059586	44.694412985688	284.349775978461	198.532210745506	-142.192554718318	17.250784234264	
0.089655172414	0.038467226075	0.109185623031	0.693447792568	15.775434863009	44.777096241109	284.383398510426	198.546781461830	-142.226613078340	17.329939354475	
0.090517241379	0.038436333856	0.109395319454	0.693526723684	15.762765943370	44.863092883123	284.415768213352	198.556590094194	-142.259215754773	17.409170613805	
0.091379310345	0.038442356360	0.109535786068	0.693610560349	15.765235776268	44.920698334346	284.450149685113	198.566704312348	-142.288206022351	17.451883942394	
0.092241379310	0.038524971219	0.109611095904	0.693698539895	15.799116184741	44.951582947801	284.486230155097	198.581533855459	-142.312243223854	17.459402417138	
0.093103448276	0.038659555601	0.109612623772	0.693822943541	15.854309328553	44.952209527581	284.537248172664	198.609442667179	-142.343603116333	17.434646802289	
0.093965517241	0.038744295443	0.109535406283	0.693952520499	15.889061193825	44.920542584091	284.590387768601	198.641547456320	-142.379024460778	17.397092208500	
0.094827586207	0.038752874188	0.109487962999	0.694094003670	15.892579343168	44.901086061838	284.648410110614	198.675366108629	-142.425160973847	17.402745738632	
0.095689655172	0.038723231078	0.109426223044	0.694262492967	15.880422683910	44.875766465655	284.717507682780	198.712961092403	-142.479471224797	17.410411491851	
0.096551724138	0.038689449423	0.109406919283	0.694422621457	15.866568804986	44.867849980364	284.783176482489	198.746776936564	-142.534055035227	17.443162717410	
0.097413793103	0.038636352988	0.109321426286	0.694529985228	15.844793921851	44.832789245973	284.827206436020	198.766317656160	-142.569932788431	17.429279122376	
0.098275862069	0.038597746934	0.109287693199	0.694629896328	15.828961553338	44.818955284747	284.868180044472	198.788109725623	-142.605220269867	17.435723552041	
0.099137931034	0.038601988854	0.109126694085	0.694714604897	15.830701167785	44.752929441294	284.902919084605	198.808356341790	-142.626532505589	17.365958191210	
0.100000000000	0.038677617104	0.109023506148	0.694817001992	15.861716362944	44.710611999967	284.944912201116	198.836716179543	-142.653444276135	17.322284164545	
0.100862068966	0.038753237782	0.108870684170	0.694916648692	15.892728453172	44.647939605790	284.985777378544	198.865415272912	-142.673014327292	17.250816457938	
0.101724137931	0.038750466259	0.108788963444	0.695003507656	15.891591849726	44.614425882173	285.021398296963	198.893643565599	-142.698303285664	17.226680483865	
0.102586206897	0.038670557030	0.108802506659	0.695104619932	15.858821022170	44.619979963612	285.062864508546	198.921285265769	-142.733460201676	17.259721551755	
0.103448275862	0.038573868924	0.108813788532	0.695161795489	15.819169165808	44.624606666917	285.086312242336	198.938919419427	-142.757116811452	17.279577272785	
0.104310344828	0.038495197696	0.108873389510	0.695205589392	15.786906043182	44.649049067608	285.104272150724	198.949482526555	-142.776394078410	17.316126746585	
0.105172413793	0.038431944403	0.108954268464	0.695227458684	15.760965825661	44.682217580050	285.113240762091	198.951733183106	-142.790065296644	17.348868215972	
0.106034482759	0.038436732859	0.109043682548	0.695249846461	15.762929574938	44.718886355337	285.122422003973	198.953413583869	-142.798487699806	17.369560282125	
0.106896551724	0.038522296317	0.109135684937	0.695284866403	15.798019205386	44.756616595804	285.136783705249	198.959681467295	-142.804847143262	17.372591471994	
0.107758620690	0.038624217058	0.109198145696	0.695337820814	15.839816968893	44.782231794413	285.158500344530	198.973525580550	-142.813298642700	17.359138594225	
0.108620689655	0.038662798117	0.109278375401	0.695393252480	15.855639086821	44.815134049501	285.181232907475	198.988993745376	-142.827771296684	17.373117577212	
0.109482758621	0.038618187601	0.109394190351	0.695462858401	15.837344284774	44.862629836990	285.209778341616	199.004972816447	-142.853488322502	17.421664702557	
0.110344827586	0.038541136500	0.109493311387	0.695528311564	15.805745577012	44.903279439662	285.236620726874	199.019611882452	-142.879809834041	17.472040311414	
0.111206896552	0.038472325770	0.109571353932	0.695577007855	15.777526251198	44.935284738737	285.256591107986	199.028877696173	-142.901847934092	17.513459881021	
0.112068965517	0.038425544963	0.109650950217	0.695613035510	15.758341411335	44.967927228124	285.271366073134	199.030853592205	-142.919051212914	17.549135517081	
0.112931034483	0.038423010431	0.109714830292	0.695647261223	15.757301998084	44.994124489115	285.285402060911	199.031975100803	-142.931214496018	17.568256662270	
0.113793103448	0.038481527076	0.109737851872	0.695688653378	15.781299712787	45.003565654226	285.302377011160	199.037616046640	-142.939327614840	17.556294795851	
0.114655172414	0.038577539698	0.109723493302	0.695741142966	15.820674552541	44.997677195251	285.323903025765	199.049824723034	-142.945699139327	17.522519134547	
0.115517241379	0.038644824329	0.109702224677	0.695799055404	15.848268024466	44.988954917773	285.347652955119	199.066775206529	-142.955935908250	17.497615752133	
0.116379310345	0.038626668769	0.109728128369	0.695861545678	15.840822417263	44.999578039201	285.373280257507	199.083568870561	-142.974916779595	17.514344978155	
0.117241379310	0.038551256862	0.109766578153	0.695929949660	15.809895944298	45.015346321103	285.401332775992	199.100379861292	-142.999796040951	17.547645383096	
0.118103448276	0.038471989712	0.109794712614	0.695981694700	15.777388433599	45.026884282002	285.422553451162	199.111636993482	-143.019669055275	17.575316935933	
0.118965517241	0.038419787665	0.109850743443	0.696016010812	15.755980339749	45.049862562294	285.436626511358	199.115111666898	-143.035457928122	17.608953998396	
0.119827586207	0.038396987095	0.109890814817	0.696049545544	15.746629810620	45.066295858974	285.450379126872	199.116264409549	-143.048259560958	17.626389917721	
0.120689655172	0.038429601364	0.109891885928	0.696082781185	15.760004943945	45.066735122285	285.464009085567	199.119650323567	-143.055046808243	17.615654235476	
0.121551724138	0.038539209046	0.109870793283	0.696132955710	15.804955127026	45.058085014906	285.484585691282	199.130553452426	-143.061351916060	17.583192555151	
0.122413793103	0.038641408400	0.109811204667	0.696199718749	15.846867149623	45.033647683759	285.511965257729	199.149165226024	-143.072910685321	17.542702463392	
0.123275862069	0.038653720750	0.109748856671	0.696259814980	15.851916452437	45.008078729699	285.536610761826	199.166953656320	-143.089361695550	17.526297139878	
0.124137931034	0.038600475672	0.109709238239	0.696338434204	15.830080610954	44.991831184302	285.568852557503	199.188273050170	-143.116979798319	17.538287411473	
0.125000000000	0.038534262494	0.109638817130	0.696408421181	15.802926542557	44.962951441020	285.597554263397	199.206502504628	-143.143660633285	17.542297645090	
0.125862068966	0.038476220591	0.109544876744	0.696446307691	15.779123519901	44.924426426396	285.613091545882	199.215276687203	-143.160015337989	17.535493421408	
0.126724137931	0.038441211728	0.109453154177	0.696478029406	15.764766361930	44.886810940937	285.626100642426	199.220567716384	-143.173907357162	17.524711977502	
0.127586206897	0.038460382949	0.109330827149	0.696509579384	15.772628492417	44.836644545812	285.639039309028	199.226815438174	-143.183275296097	17.487696654408	
0.128448275862	0.038548214893	0.109182311404	0.696532465244	15.808648430911	44.775738140919	285.648424815606	199.234614933722	-143.183727299033	17.423419790681	
0.129310344828	0.038656560532	0.109032273859	0.696499526031	15.853081048835	44.714207644346	285.634916422389	199.241490307731	-143.175434058654	17.356945028582	
0.130172413793	0.038557752536	0.108691646450	0.695821826814	15.812559824305	44.574516118373	285.356991525264	199.174249254752	-143.067159059500	17.299804929980	
0.131034482759	0.038457499491	0.108407633841	0.696368186171	15.771445984366	44.458042359750	285.581053858912	199.290713347857	-143.194910188548	17.263614869892	
0.131896551724	0.038292278171	0.108738026659	0.696678563795	15.703688611845	44.593536672812	285.708339927825	199.285571586833	-143.251048933721	17.345518351122	
0.132758620690	0.038187352842	0.108747968217	0.696725547245	15.660658664823	44.597613712557	285.727607872013	199.288543382474	-143.295638084597	17.372429504909	
0.133620689655	0.038130208785	0.108776417459	0.696658614524	15.637223849472	44.609280765504	285.700158718817	199.291038416554	-143.274060707901	17.393443005354	
0.134482758621	0.038103358573	0.108835847786	0.696623205629	15.626212559689	44.633653181779	285.685637507325	199.283104774022	-143.273342190050	17.413861665609	
0.135344827586	0.038160548681	0.108837918464	0.696523661961	15.649666260663	44.634502368081	285.644814583159	199.268222373969	-143.236989612630	17.385837354773	
0.136206896552	0.038260827537	0.108873867734	0.696528226212	15.690790685982	44.649245187650	285.646686385536	199.269648835716	-143.235549266864	17.371834467596	
0.137068965517	0.038333053057	0.108877401304	0.696546381446	15.720410419339	44.650694307016	285.654131859100	199.275856320568	-143.234366079566	17.349596473139	
0.137931034483	0.038305989967	0.108920462861	0.696538548516	15.709311828335	44.668353879947	285.650919569382	199.281587406730	-143.235787626491	17.365856939059	
0.138793103448	0.038224984357	0.109004666355	0.696557351778	15.676091373945	44.702885788710	285.658630799751	199.288208961280	-143.246715040657	17.415997572822	
0.139655172414	0.038145770066	0.109028509966	0.696580560505	15.643605540978	44.712664069124	285.668148713868	199.290443489603	-143.260216279910	17.433037562050	
0.140517241379	0.038087870189	0.109104681552	0.696582974003	15.619860763141	44.743902087226	285.669138491216	199.286164983573	-143.267513628410	17.477671140499	
0.141379310345	0.038063613410	0.109124804692	0.696573536893	15.609913041989	44.752154599894	285.665268325776	199.277616967653	-143.267634419579	17.485503746939	
0.142241379310	0.038101375015	0.109107672638	0.696580011959	15.625399101347	44.745128733408	285.667923754919	199.275108205137	-143.266696489088	17.466865233152	
0.143103448276	0.038214967763	0.109103268299	0.696593018243	15.671983562193	44.743322510859	285.673257640527	199.277547074668	-143.262246644264	17.445467447048	
0.143965517241	0.038312154495	0.109011111520	0.696614021610	15.711839905234	44.705528955135	285.681871135176	199.286430800377	-143.258514995313	17.385236028797	
0.144827586207	0.038325694544	0.109007208710	0.696634685090	15.717392688474	44.703928410228	285.690345242176	199.296276393963	-143.262932479188	17.394426721221	
0.145689655172	0.038266183513	0.108974723013	0.696649467300	15.692987175231	44.690606004174	285.696407436095	199.303860750399	-143.268451893607	17.398443345619	
0.146551724138	0.038193084314	0.108955923369	0.696665263822	15.663009145153	44.682896257933	285.702885600265	199.311527513304	-143.277905041917	17.416330842503	
0.147413793103	0.038138478789	0.108965693292	0.696645190259	15.640615383461	44.686902909753	285.694653418617	199.307413007068	-143.273957936579	17.443833106856	
0.148275862069	0.038093175569	0.108912098406	0.696610630866	15.622036502771	44.664923611419	285.680480588834	199.298147772889	-143.264339099984	17.427134343172	
0.149137931034	0.038112729236	0.108945591908	0.696593102052	15.630055474536	44.678659318973	285.673292010645	199.293173373534	-143.257175137143	17.447648053815	
0.150000000000	0.038201696725	0.108873135779	0.696572804645	15.666541100719	44.648945012356	285.664968030704	199.288320427277	-143.243963896565	17.388732260645	
0.150862068966	0.038315653793	0.108858529653	0.696615552975	15.713274969589	44.642955030260	285.682499149093	199.300671147391	-143.254764794246	17.363367146807	
0.151724137931	0.038365847236	0.108855781441	0.696658591832	15.733859333751	44.641827986732	285.700149412641	199.311113948192	-143.271915406805	17.352445630537	
0.152586206897	0.038322235676	0.108883546190	0.696724613165	15.715974204275	44.653214328682	285.727224805096	199.325308611675	-143.305822534303	17.368997837820	
0.153448275862	0.038252975874	0.108980030217	0.696786021435	15.687570713706	44.692782492198	285.752408377113	199.336891832383	-143.336250154319	17.426278259997	
0.154310344828	0.038186707255	0.109012783159	0.696819284748	15.660393909111	44.706214495439	285.766049683782	199.340759080388	-143.359271588194	17.439800488293	
0.155172413793	0.038139285809	0.109152033349	0.696840184369	15.640946343045	44.763321090216	285.774620632405	199.337866101598	-143.374644266835	17.507329941775	
0.156034482759	0.038126561613	0.109175198301	0.696847867543	15.635728141452	44.772821052450	285.777771507064	199.332317201010	-143.382557980567	17.493449336584	
0.156896551724	0.038194522412	0.109297432405	0.696873584397	15.663598910149	44.822949339498	285.788318005947	199.333213938405	-143.389699118481	17.528155654162	
0.157758620690	0.038299800456	0.109273753445	0.696900361956	15.706773505785	44.813238582153	285.799299500675	199.338071867628	-143.391258489934	17.469281890340	
0.158620689655	0.038369826126	0.109361462814	0.696952810491	15.735491079560	44.849208252407	285.820808679532	199.352447523817	-143.404336740916	17.495054893566	
0.159482758621	0.038341684429	0.109368940302	0.696989605041	15.723950150980	44.852274775451	285.835898148641	199.360627444801	-143.417690147918	17.485992830938	
0.160344827586	0.038271152708	0.109487934024	0.697045889843	15.695025045210	44.901074179268	285.858980583095	199.374673524143	-143.441999021989	17.557537189971	
0.161206896552	0.038192800023	0.109480232504	0.697075163606	15.662892557582	44.897915780739	285.870985773031	199.379346096897	-143.456111355652	17.557274476751	
0.162068965517	0.038135609280	0.109573210031	0.697088705382	15.639438596072	44.936045926179	285.876539264247	199.379148956934	-143.468028026444	17.616037191440	
0.162931034483	0.038107430016	0.109550399435	0.697092343970	15.627882261024	44.926691285693	285.878031451497	199.373379007432	-143.471836568335	17.598471874783	
0.163793103448	0.038142769349	0.109567807586	0.697096535268	15.642374945088	44.933830379794	285.879750305630	199.372372343969	-143.471226574509	17.602309253569	
0.164655172414	0.038250515623	0.109528189839	0.697120050584	15.686561763172	44.917583115941	285.889393952023	199.377225554693	-143.472653805701	17.561021372609	
0.165517241379	0.038330634750	0.109423439097	0.697139301616	15.719418670214	44.874624767036	285.897288813123	199.387100609131	-143.467183189184	17.498164632086	
0.166379310345	0.038343955721	0.109425431404	0.697181498205	15.724881608974	44.875441813541	285.914593662220	199.400632812523	-143.483291772458	17.511236194265	
0.167241379310	0.038275432864	0.109395527889	0.697223605600	15.696780340005	44.863178362228	285.931861932621	199.412696010070	-143.499144453813	17.517727572178	
0.168103448276	0.038188005004	0.109356592876	0.697244163017	15.660926116774	44.847211087655	285.940292542951	199.420177836562	-143.511135304933	17.523382015058	
0.168965517241	0.038124469695	0.109368163635	0.697264320188	15.634870244664	44.851956263714	285.948559012419	199.423024096697	-143.524128490606	17.554815780387	
0.169827586207	0.038087269034	0.109357621687	0.697250791418	15.619614228832	44.847633003659	285.943010854924	199.415254082596	-143.524599019154	17.553828319945	
0.170689655172	0.038093943548	0.109340584970	0.697253505701	15.622351451426	44.840646234912	285.944123984018	199.412690557797	-143.524850372211	17.546632208528	
0.171551724138	0.038172653286	0.109316259396	0.697250356359	15.654630367184	44.830670300874	285.942832436799	199.411720251165	-143.518366851566	17.514530801459	
0.172413793103	0.038277337372	0.109272004504	0.697270487497	15.697561380352	44.812521340472	285.951088229808	199.420064562166	-143.515974987480	17.472311514784	
0.173275862069	0.038310057213	0.109247581237	0.697289799633	15.710979808660	44.802505342579	285.959008149498	199.428973951692	-143.518755829251	17.456879005532	
0.174137931034	0.038256094763	0.109275058236	0.697314982934	15.688849772284	44.813773677727	285.969335837704	199.437156044894	-143.530101246834	17.480854347597	
0.175000000000	0.038178420799	0.109308698348	0.697339629434	15.656995628306	44.827569510237	285.979443383916	199.444491962716	-143.543024593025	17.511579581404	
0.175862068966	0.038109386643	0.109343052767	0.697338014929	15.628684674986	44.841658280164	285.978781274252	199.443364825343	-143.548386674008	17.539680103529	
0.176724137931	0.038057046732	0.109386077876	0.697318240563	15.607220042928	44.859302905789	285.970671793693	199.434479856229	-143.547966707623	17.564959683661	
0.177586206897	0.038051455524	0.109416116901	0.697301300039	15.604927084760	44.871621929827	285.963724473581	199.425927410233	-143.544833073746	17.573299835532	
0.178448275862	0.038121622829	0.109422140929	0.697283814969	15.633702743075	44.874092387475	285.956553834891	199.419642915110	-143.535312373622	17.555709170800	
0.179310344828	0.038236122672	0.109399345011	0.697285147201	15.680659204473	44.864743766442	285.957100184219	199.421972516933	-143.526868971775	17.518762392328	
0.180172413793	0.038308873179	0.109375448489	0.697298676078	15.710494235622	44.854943787215	285.962648385382	199.429341137211	-143.524889514936	17.496180709143	
0.181034482759	0.038288843786	0.109376638958	0.697310436724	15.702280168123	44.855431999289	285.967471434227	199.434513065016	-143.529417986611	17.505105668905	
0.181896551724	0.038226667524	0.109395421090	0.697330603827	15.676781642135	44.863134563746	285.975741976386	199.441002828709	-143.539859265918	17.533412549763	
0.182758620690	0.038162521638	0.109395372844	0.697335743801	15.650475371717	44.863114778385	285.977849883147	199.442920744023	-143.546869402668	17.554924349309	
0.183620689655	0.038108182418	0.109381170174	0.697314264352	15.628190821497	44.857290253863	285.969041147121	199.435085202426	-143.544928681327	17.564921285805	
0.184482758621	0.038102459589	0.109384295911	0.697297500906	15.625843885732	44.858572120858	285.962166446668	199.426749507111	-143.542229927071	17.573827452385	
0.185344827586	0.038156433849	0.109347850723	0.697288240976	15.647978765530	44.843625924974	285.958368943223	199.421552960250	-143.536234674825	17.551054888981	
0.186206896552	0.038255420843	0.109267923588	0.697282497994	15.688573397131	44.810847754170	285.956013742501	199.421659349516	-143.525744507394	17.499715921980	
0.187068965517	0.038352571574	0.109180035205	0.697300567499	15.728414976235	44.774804670201	285.963424058546	199.431190367070	-143.523089048503	17.452167251521	
0.187931034483	0.038363930949	0.109106964050	0.697321009041	15.733073463298	44.744838140786	285.971807148285	199.439836670506	-143.527982717206	17.431900080279	
0.188793103448	0.038301781201	0.109055814774	0.697347681863	15.707585810423	44.723861789113	285.982745690365	199.449004183144	-143.539677615276	17.437828613829	
0.189655172414	0.038236146162	0.109018213805	0.697372867552	15.680668837831	44.708441606754	285.993074358100	199.456716690060	-143.552061880474	17.451860823621	
0.190517241379	0.038171188490	0.108959389735	0.697368843589	15.654029653368	44.684317816604	285.991424128339	199.454471912748	-143.555549854396	17.449889627977	
0.191379310345	0.038129969947	0.108912451530	0.697352088297	15.637125901611	44.665068427707	285.984552772007	199.447543330037	-143.554317369146	17.448077407323	
0.192241379310	0.038149351458	0.108849208369	0.697343199373	15.645074271997	44.639132365698	285.980907418264	199.443347738127	-143.550769362749	17.424537953234	
0.193103448276	0.038233736719	0.108743821190	0.697331941514	15.679680723651	44.595913013902	285.976290562666	199.441198230636	-143.539759927356	17.366152663638	
0.193965517241	0.038340026163	0.108647666281	0.697345545016	15.723270094817	44.556479821884	285.981869368017	199.449843106180	-143.535412812538	17.314510357712	
0.194827586207	0.038371892928	0.108552516689	0.697360325243	15.736338676270	44.517458911404	285.987930748644	199.458676746964	-143.536517615252	17.278429918548	
0.195689655172	0.038313888087	0.108498329119	0.697378307684	15.712550852439	44.495236553008	285.995305359884	199.466929932478	-143.544973113412	17.278443553586	
0.196551724138	0.038242739872	0.108473342360	0.697403043782	15.683372922562	44.484989466680	286.005449649829	199.475282878555	-143.558278795047	17.296085388153	
0.197413793103	0.038173772995	0.108437688654	0.697400608605	15.655089560808	44.470367858215	286.004450982344	199.474280738529	-143.562800727850	17.302743379252	
0.198275862069	0.038120305535	0.108426387030	0.697380924777	15.633162519951	44.465733054652	285.996378631415	199.466458574565	-143.562048558042	17.313832229466	
0.199137931034	0.038120310229	0.108419676356	0.697371487037	15.633164444973	44.462981002881	285.992508207939	199.460323533625	-143.560849376250	17.312133792887	
0.200000000000	0.038188067555	0.108390366318	0.697357979101	15.660951769305	44.450960936812	285.986968594312	199.454996538892	-143.551809566745	17.281993740218	
0.200862068966	0.038305735352	0.108370437191	0.697370141040	15.709207410633	44.442787988882	285.991956213508	199.459827664798	-143.546731795874	17.248869676851	
0.201724137931	0.038371223537	0.108355912074	0.697395264053	15.736064158400	44.436831228557	286.002259177788	199.469122469066	-143.548508203440	17.227257776101	
0.202586206897	0.038341591324	0.108392822218	0.697416902302	15.723911968184	44.451968103265	286.011133037972	199.475778397805	-143.556735737782	17.247681145466	
0.203448275862	0.038275137382	0.108465750378	0.697454405884	15.696659162803	44.481875989809	286.026513281959	199.485212699318	-143.573048716167	17.289957581921	
0.204310344828	0.038203433788	0.108534358195	0.697475915598	15.667253471511	44.510012101112	286.035334429879	199.488611820759	-143.584863148087	17.328446739833	
0.205172413793	0.038145674610	0.108621023832	0.697471821787	15.643566394195	44.545553736047	286.033655555179	199.482700771523	-143.588739496183	17.366988185154	
0.206034482759	0.038127643838	0.108724692701	0.697474447715	15.636171962789	44.588068407663	286.034732450025	199.476764966737	-143.592071177101	17.401699393134	
0.206896551724	0.038166341822	0.108790131198	0.697474443330	15.652042031543	44.614904778873	286.034730651822	199.472009408567	-143.588683177311	17.402976346234	
0.207758620690	0.038267486605	0.108848914520	0.697486250518	15.693521573995	44.639011857815	286.039572787281	199.474130255837	-143.583728182088	17.390839101885	
0.208620689655	0.038358475106	0.108899418056	0.697519982435	15.730836018588	44.659723391337	286.053406268868	199.484504982615	-143.585776477335	17.379631928967	
0.209482758621	0.038350779217	0.108966972864	0.697547226592	15.727679929234	44.687427663153	286.064579115599	199.492667102230	-143.592969151472	17.397413064060	
0.210344827586	0.038280030952	0.109072888966	0.697585627251	15.698666019281	44.730863926496	286.080327251207	199.502675392178	-143.608650361994	17.447376703060	
0.211206896552	0.038200251676	0.109165490584	0.697618451135	15.665948485319	44.768839911324	286.093788348096	199.509963699225	-143.623681047418	17.492326881274	
0.212068965517	0.038125144879	0.109243551520	0.697616821477	15.635147137989	44.800852752815	286.093120024051	199.506392759178	-143.628272152018	17.529182651681	
0.212931034483	0.038082379423	0.109327494894	0.697610025816	15.617608996227	44.835277985862	286.090333119033	199.499865302627	-143.630289769995	17.560986751330	
0.213793103448	0.038095382649	0.109378781251	0.697607189141	15.622941627699	44.856310554758	286.089169796757	199.494834324488	-143.628687425947	17.566794556567	
0.214655172414	0.038179401225	0.109393685926	0.697600304574	15.657397701515	44.862422972228	286.086346431096	199.492361561567	-143.619649480690	17.542756084295	
0.215517241379	0.038283814802	0.109396479471	0.697623055608	15.700217778572	44.863568606612	286.095676645297	199.501195024728	-143.617876044020	17.516138812495	
0.216379310345	0.038308246646	0.109392514971	0.697640662503	15.710237294063	44.861942762746	286.102897244797	199.509043225338	-143.620273616715	17.505962717230	
0.217241379310	0.038249152528	0.109420024960	0.697663003992	15.686002756970	44.873224627175	286.112059504090	199.516968825004	-143.630702461914	17.529936657131	
0.218103448276	0.038176758861	0.109454143741	0.697689122325	15.656314066329	44.887216761765	286.122770649806	199.524750588112	-143.644210895256	17.562428348621	
0.218965517241	0.038107535574	0.109460288268	0.697685254487	15.627925550385	44.889736636723	286.121184446945	199.522966813808	-143.648539261551	17.580416780690	
0.219827586207	0.038058168790	0.109480284723	0.697665507224	15.607680199884	44.897937195804	286.113086081021	199.514715417758	-143.647922131577	17.600920078504	
0.220689655172	0.038063229713	0.109484368425	0.697652194908	15.609755687705	44.899611924943	286.107626691477	199.507710167758	-143.645039694870	17.601252778664	
0.221551724138	0.038133629453	0.109444771499	0.697632484263	15.638626667616	44.883373199336	286.099543343086	199.501684525919	-143.634056328299	17.568106053106	
0.222413793103	0.038253297890	0.109399553708	0.697636585801	15.687702772732	44.864829353272	286.101225386337	199.505913691716	-143.626449399256	17.528056450938	
0.223275862069	0.038320757565	0.109345629866	0.697650023399	15.715368030053	44.842715149899	286.106736154283	199.513795232333	-143.625007388655	17.497265235160	
0.224137931034	0.038292051762	0.109325283834	0.697658132795	15.703595761321	44.834371228726	286.110061822845	199.519023547776	-143.629125274320	17.502879829484	
0.225000000000	0.038228454457	0.109326283529	0.697679175594	15.677514464444	44.834781204235	286.118691488694	199.526740332646	-143.640328735585	17.526061752483	
0.225862068966	0.038162915096	0.109312483222	0.697681360947	15.650636729235	44.829121689458	286.119587703461	199.527663373079	-143.646114339531	17.542360434550	
0.226724137931	0.038111303255	0.109305230574	0.697656404686	15.629470678828	44.826147373529	286.109353124127	199.519256216769	-143.643497502345	17.555334658395	
0.227586206897	0.038099759931	0.109305983492	0.697637369861	15.624736754108	44.826456145743	286.101546929957	199.510864439991	-143.640206381631	17.562202758280	
0.228448275862	0.038147562603	0.109262833061	0.697615321649	15.644340661507	44.808760125485	286.092504943607	199.503542859610	-143.629825982378	17.533368914131	
0.229310344828	0.038256862077	0.109210288540	0.697606226029	15.689164448338	44.787211582715	286.088774823793	199.503366744520	-143.618418974155	17.491136662441	
0.230172413793	0.038352466152	0.109150376388	0.697618894647	15.728371742560	44.762641569712	286.093970232586	199.511150178450	-143.614249376593	17.451282589308	
0.231034482759	0.038348255052	0.109110254767	0.697624745041	15.726644767851	44.746187666088	286.096369483052	199.516313016992	-143.615062256818	17.441481541301	
0.231896551724	0.038284939848	0.109111222396	0.697643245111	15.700679160549	44.746584491490	286.103956373997	199.523601109126	-143.624626336211	17.463303201916	
0.232758620690	0.038213602856	0.109106385004	0.697656092617	15.671423812874	44.744600673750	286.109225144597	199.527908395339	-143.633403400125	17.482552763616	
0.233620689655	0.038147086751	0.109094449143	0.697636139109	15.644145514485	44.739705769455	286.101042197829	199.521396209234	-143.632334190918	17.494795250708	
0.234482758621	0.038114032331	0.109100450510	0.697614238874	15.630589874922	44.742166933807	286.092060897052	199.512454782793	-143.629172631848	17.505594828277	
0.235344827586	0.038135565318	0.109082280954	0.697597482951	15.639420567078	44.734715586997	286.085189281934	199.505190455617	-143.622801526845	17.492360978369	
0.236206896552	0.038226092880	0.109035718010	0.697579484343	15.676545980180	44.715620092764	286.077808040586	199.500952054122	-143.609719918255	17.450648399834	
0.237068965517	0.038334903891	0.108992144831	0.697592021882	15.721169447799	44.697750703405	286.082949693826	199.507981995930	-143.604495624022	17.412322265508	
0.237931034483	0.038360960745	0.108953715923	0.697602373031	15.731855380600	44.681990982791	286.087194706743	199.514262137639	-143.604513145575	17.393073831328	
0.238793103448	0.038302002225	0.108958615495	0.697619708233	15.707676452600	44.684000300549	286.094303884791	199.520954485363	-143.612944703733	17.411929809587	
0.239655172414	0.038231533595	0.108978579968	0.697641722489	15.678777220861	44.692187744043	286.103331945764	199.527551301268	-143.624646221525	17.439543281099	
0.240517241379	0.038162810323	0.108983344906	0.697637576954	15.650593761457	44.694141848151	286.101631859103	199.524948283151	-143.628519349005	17.457129076555	
0.241379310345	0.038112142807	0.109005209677	0.697617385033	15.629814979833	44.703108605227	286.093351138680	199.516005973824	-143.627078635748	17.476122020174	
0.242241379310	0.038117936076	0.109022518503	0.697608441216	15.632190803140	44.710206966499	286.089683273380	199.509385611412	-143.625004236770	17.478839079839	
0.243103448276	0.038188327089	0.109005786361	0.697596230111	15.661058204178	44.703345103874	286.084675491153	199.504107901217	-143.615626184142	17.451197374470	
0.243965517241	0.038299098407	0.108976628746	0.697606581057	15.706485594810	44.691387546574	286.088920421243	199.509031315693	-143.609502895696	17.413125616456	
0.244827586207	0.038358893044	0.108955419004	0.697630717370	15.731007415403	44.682689417424	286.098818738858	199.518334685782	-143.611451521916	17.392776151154	
0.245689655172	0.038322258275	0.108964120247	0.697650567444	15.715983472235	44.686257803027	286.106959267521	199.524909110518	-143.619127987307	17.404377360642	
0.246551724138	0.038252029991	0.109000432345	0.697684669315	15.687182806407	44.701149418353	286.120944467508	199.534353044398	-143.634357168180	17.437680962081	
0.247413793103	0.038179800988	0.109021370369	0.697700372403	15.657561644596	44.709736115773	286.127384314035	199.537098374759	-143.644237760763	17.461825714455	
0.248275862069	0.038118438936	0.109045371262	0.697690314843	15.632397026404	44.719578897949	286.123259702136	199.530735116881	-143.646387925536	17.482502416699	
0.249137931034	0.038101858683	0.109075408778	0.697686754633	15.625597453815	44.731897302941	286.121799657618	199.524912334602	-143.647856435946	17.495713917760	
0.250000000000	0.038146908636	0.109061448074	0.697680974326	15.644072469104	44.726172009010	286.119429150055	199.520343965282	-143.642451436459	17.473703641799	
0.250862068966	0.038252027300	0.109037203771	0.697689094233	15.687181702809	44.716229404479	286.122759129244	199.523203287732	-143.636487099541	17.438674048298	
0.251724137931	0.038338116297	0.109003485731	0.697717181938	15.722486857612	44.702401614086	286.134277915721	199.533797165872	-143.637606623973	17.406508501609	
0.252586206897	0.038323812833	0.108985316750	0.697737409195	15.716620997321	44.694950502629	286.142573127102	199.541471611529	-143.643573771220	17.403142617099	
0.253448275862	0.038255552942	0.109006828583	0.697770414989	15.688627570875	44.703772519697	286.156108825112	199.551517594135	-143.658259208226	17.431147888011	
0.254310344828	0.038179050326	0.109011191593	0.697795165942	15.657253797562	44.705561793202	286.166259207108	199.558070163597	-143.671318545286	17.452213722586	
0.255172413793	0.038111747575	0.109014599153	0.697786307518	15.629652894958	44.706959235715	286.162626361759	199.553605687030	-143.674176065797	17.469496007100	
0.256034482759	0.038077510818	0.109027042872	0.697776316870	15.615612378027	44.712062413112	286.158529190184	199.547150227287	-143.675377927613	17.481925146210	
0.256896551724	0.038098090645	0.109007644261	0.697767818336	15.624052178885	44.704107029872	286.155043935654	199.541755774750	-143.671779708811	17.467300045796	
0.257758620690	0.038192175284	0.108968147390	0.697758542899	15.662636351598	44.687909336808	286.151240073115	199.539781058136	-143.661987918042	17.429247323316	
0.258620689655	0.038298987879	0.108918841594	0.697777862451	15.706440267549	44.667688997200	286.159163034056	199.548469665606	-143.659527218335	17.388865140197	
0.259482758621	0.038319432890	0.108877018202	0.697790014532	15.714824779851	44.650537196581	286.164146610554	199.555524904736	-143.660841174239	17.370926657265	
0.260344827586	0.038262115038	0.108879672836	0.697810866437	15.691318690902	44.651625863550	286.172697990505	199.563448296947	-143.671448588862	17.390611240455	
0.261206896552	0.038190904762	0.108887722492	0.697832821225	15.662115309446	44.654927033033	286.181701663660	199.570213292413	-143.683624016332	17.415181888825	
0.262068965517	0.038122496796	0.108879865058	0.697822117547	15.634061157316	44.651704694072	286.177312078098	199.566831443950	-143.686081719952	17.429538079254	
0.262931034483	0.038080624880	0.108900583978	0.697802375321	15.616889456912	44.660201537025	286.169215778211	199.558357298513	-143.685317598169	17.449900470465	
0.263793103448	0.038085517503	0.108899319168	0.697785180644	15.618895925026	44.659682837340	286.162164229951	199.550341435118	-143.680898104161	17.446069025646	
0.264655172414	0.038160335273	0.108871985592	0.697763000472	15.649578741831	44.648473320015	286.153068126519	199.543860877272	-143.668792286458	17.416179106400	
0.265517241379	0.038277303644	0.108840012831	0.697767751169	15.697547548323	44.635361269396	286.155016390819	199.548197344090	-143.661419507062	17.378798285547	
0.266379310345	0.038332436659	0.108800512192	0.697775719227	15.720157634190	44.619162031265	286.158284096350	199.554357154542	-143.658868748307	17.352323719046	
0.267241379310	0.038299261864	0.108816144066	0.697783762493	15.706552629017	44.625572672966	286.161582645330	199.559051977599	-143.663583415794	17.370081431836	
0.268103448276	0.038231091324	0.108846268360	0.697804337065	15.678595845420	44.637926666187	286.170020290758	199.565707541749	-143.674905249635	17.400246541670	
0.268965517241	0.038158908965	0.108862784573	0.697799285568	15.648993812182	44.644699975868	286.167948668634	199.564091912232	-143.678519244160	17.423247436123	
0.269827586207	0.038105252041	0.108899184247	0.697773482201	15.626989072177	44.659627506137	286.157366690749	199.554675412532	-143.676203001910	17.449055358321	
0.270689655172	0.038093080534	0.108929233083	0.697753429201	15.621997529096	44.671950553688	286.149142942143	199.545054762213	-143.672223021899	17.459433924687	
0.271551724138	0.038143649179	0.108931057785	0.697727107326	15.642735763735	44.672698865248	286.138348323546	199.536156556032	-143.660382647493	17.443097351849	
0.272413793103	0.038255471483	0.108923251094	0.697722138161	15.688594164794	44.669497336359	286.136310465938	199.536294768318	-143.650347166711	17.411697403164	
0.273275862069	0.038337927700	0.108905247271	0.697731511647	15.722409513794	44.662113956354	286.140154538546	199.542183694821	-143.645595739509	17.384126373634	
0.274137931034	0.038327570058	0.108917796259	0.697733792656	15.718161838105	44.667260304759	286.141089981896	199.545684886808	-143.646208172397	17.390775354100	
0.275000000000	0.038263585345	0.108970112700	0.697756419918	15.691921664871	44.688715311872	286.150369437127	199.552668136743	-143.657536225806	17.427099558998	
0.275862068966	0.038185747237	0.109000846176	0.697761882045	15.660000205354	44.701319130855	286.152609459160	199.554083928997	-143.664180445689	17.454296043622	
0.276724137931	0.038125493983	0.109046269195	0.697741618586	15.635290305872	44.719947140681	286.144299401157	199.546444533645	-143.663328851187	17.483617478527	
0.277586206897	0.038094422963	0.109095839249	0.697722504454	15.622548060019	44.740275852638	286.136460682716	199.536752036228	-143.661021814027	17.504960453684	
0.278448275862	0.038117547348	0.109108916647	0.697700517762	15.632031385453	44.745638902409	286.127443926070	199.527684369176	-143.652549008258	17.496761213250	
0.279310344828	0.038217715545	0.109119572229	0.697688545610	15.673110429668	44.750008763649	286.122534138374	199.524301659772	-143.641311306298	17.473787304006	
0.280172413793	0.038321279643	0.109103638879	0.697701007213	15.715582134693	44.743474486036	286.127644650076	199.530380815444	-143.636103072020	17.439767870926	
0.281034482759	0.038336914914	0.109105145846	0.697707421646	15.721994169589	44.744092494440	286.130275213391	199.535227780476	-143.635451141971	17.435464900784	
0.281896551724	0.038280126195	0.109152053151	0.697728381264	15.698705078497	44.763329211108	286.138870766687	199.542155398054	-143.645692129849	17.466975630440	
0.282758620690	0.038203606354	0.109188226933	0.697747028953	15.667324240843	44.778164103264	286.146518196035	199.546996054550	-143.656264348562	17.496573329801	
0.283620689655	0.038136538593	0.109225395509	0.697735549474	15.639819707775	44.793406960476	286.141810454074	199.542590318207	-143.658104655509	17.524752499215	
0.284482758621	0.038092651399	0.109274019772	0.697719727159	15.621821540615	44.813347803275	286.135321712403	199.533998147711	-143.658029816326	17.549616056542	
0.285344827586	0.038092333513	0.109296470953	0.697702020793	15.621691175251	44.822555047221	286.128060319829	199.525049149537	-143.652806557236	17.551162461857	
0.286206896552	0.038171320417	0.109300990367	0.697685497189	15.654083756776	44.824408462155	286.121283978889	199.519584100041	-143.642188730454	17.529483191124	
0.287068965517	0.038281969485	0.109284184162	0.697697628005	15.699461012838	44.817516226166	286.126258834609	199.524703381881	-143.636705653896	17.494391369520	
0.287931034483	0.038329261271	0.109263698354	0.697706908588	15.718855405429	44.809114982935	286.130064807930	199.530790955462	-143.634652933242	17.474038344263	
0.288793103448	0.038293392403	0.109298009278	0.697726381078	15.704145558980	44.823185915421	286.138050488747	199.537622538104	-143.643135840905	17.497421974778	
0.289655172414	0.038217397077	0.109331152877	0.697751197481	15.672979825472	44.836778127455	286.148227712231	199.544513149693	-143.655597683661	17.526917400974	
0.290517241379	0.038144510186	0.109355363883	0.697750430609	15.643088863280	44.846707076774	286.147913217647	199.543826148695	-143.660783431267	17.552377015128	
0.291379310345	0.038091739531	0.109398079206	0.697736366202	15.621447582928	44.864224659104	286.142145394915	199.536516686410	-143.662184334091	17.579974914952	
0.292241379310	0.038074334664	0.109414972263	0.697719169472	15.614309835435	44.871152513026	286.135093004453	199.527458293442	-143.658864164351	17.584023019440	
0.293103448276	0.038130730420	0.109420376447	0.697702090195	15.637437772150	44.873368772438	286.128088781885	199.520941265966	-143.650173991998	17.570415830567	
0.293965517241	0.038242059564	0.109401958645	0.697707651780	15.683093927578	44.865815619441	286.130369591635	199.523365887977	-143.643389875028	17.534864266723	
0.294827586207	0.038315895670	0.109364040760	0.697719871937	15.713374163795	44.850265469915	286.135381085961	199.530206863883	-143.640127135265	17.502160367611	
0.295689655172	0.038307923177	0.109375624983	0.697732909709	15.710104639076	44.855016167386	286.140727884757	199.536413617708	-143.644701070296	17.512059386635	
0.296551724138	0.038240147488	0.109398573030	0.697761741566	15.682309784247	44.864427176759	286.152551848597	199.544807299916	-143.658154798640	17.537697419530	
0.297413793103	0.038162890627	0.109412616629	0.697769744173	15.650626694475	44.870186465975	286.155833722855	199.547186009596	-143.666062736857	17.562986730250	
0.298275862069	0.038107027938	0.109438025457	0.697758382744	15.627717368542	44.880606643173	286.151174393255	199.541957446998	-143.668380773358	17.586614267983	
0.299137931034	0.038074141460	0.109453486902	0.697742684301	15.614230602353	44.886947391806	286.144736451593	199.533155893289	-143.667205663318	17.597538479645	
0.300000000000	0.038104516028	0.109445025056	0.697724124330	15.626687232808	44.883477183115	286.137124995218	199.525838467391	-143.659955467832	17.584875984074	
0.300862068966	0.038208967606	0.109424298774	0.697720766342	15.669522894054	44.874977321076	286.135747881904	199.524941007508	-143.651608217861	17.552488559171	
0.301724137931	0.038307743313	0.109372652440	0.697733453273	15.710030876506	44.853797125603	286.140950800899	199.531642604520	-143.646798060847	17.509695787384	
0.302586206897	0.038324689225	0.109346806718	0.697743587344	15.716980406447	44.843197777922	286.145106790063	199.538275736993	-143.648120639961	17.500346639100	
0.303448275862	0.038269075079	0.109359443387	0.697770084785	15.694173008242	44.848380084037	286.155973408088	199.546712899810	-143.660200420810	17.522846261173	
0.304310344828	0.038191555187	0.109353626781	0.697785623188	15.662382049477	44.845994690213	286.162345717415	199.551726218531	-143.670065337716	17.540903557199	
0.305172413793	0.038131447626	0.109363132217	0.697778746112	15.637731898758	44.849892875734	286.159525424226	199.548938530066	-143.673695157506	17.563599269218	
0.306034482759	0.038087194741	0.109366287973	0.697763107002	15.619583761270	44.851187053289	286.153111814802	199.540860488503	-143.673498796361	17.574292335792	
0.306896551724	0.038090816166	0.109348043604	0.697743718402	15.621068909990	44.843705025745	286.145160536857	199.532581943584	-143.667905177292	17.565532959129	
0.307758620690	0.038177783182	0.109317558424	0.697732409435	15.656734141170	44.831203033012	286.140522722131	199.529110134025	-143.658749458792	17.534947261655	
0.308620689655	0.038285696959	0.109247055577	0.697741929686	15.700989652267	44.802289769039	286.144426983464	199.534377070201	-143.652358738097	17.483249928763	
0.309482758621	0.038335196735	0.109197185110	0.697752372106	15.721289543215	44.781837857537	286.148709426530	199.541621067661	-143.651186669605	17.459363512651	
0.310344827586	0.038297541645	0.109186419619	0.697774128823	15.705847165912	44.777422922424	286.157631870579	199.549538978756	-143.660471612070	17.469795956155	
0.311206896552	0.038219287164	0.109172831694	0.697794627377	15.673754951519	44.771850505388	286.166038341447	199.556098418734	-143.671539348319	17.486906737923	
0.312068965517	0.038152398056	0.109163743087	0.697794208961	15.646323683904	44.768123261656	286.165866748726	199.556369395769	-143.677005404240	17.504959793729	
0.312931034483	0.038100057447	0.109159065896	0.697779301577	15.624858765789	44.766205142706	286.159753220605	199.549141889878	-143.677829022988	17.517275727667	
0.313793103448	0.038084514781	0.109140778206	0.697758494517	15.618484708072	44.758705348916	286.151220231676	199.540145680537	-143.673225348822	17.513467390022	
0.314655172414	0.038146313504	0.109109378980	0.697743052922	15.643828405256	44.745828505571	286.144887623256	199.534802403667	-143.664845266187	17.488525832827	
0.315517241379	0.038254384756	0.109050700789	0.697746143311	15.688148497264	44.721764540271	286.146154993749	199.537158966632	-143.656849635623	17.441392740656	
0.316379310345	0.038328435095	0.108986213879	0.697754387495	15.718516590248	44.695318416048	286.149535938907	199.544009893728	-143.652644392778	17.403313911569	
0.317241379310	0.038318291464	0.108974640244	0.697769919014	15.714356680573	44.690572060710	286.155905425225	199.550938092805	-143.658172328577	17.407774118979	
0.318103448276	0.038244232991	0.108968804415	0.697791259304	15.683985251465	44.688178783295	286.164657092536	199.557993353572	-143.669091007280	17.425065789981	
0.318965517241	0.038170366822	0.108971247349	0.697796649294	15.653692686699	44.689180632155	286.166867530865	199.560273549534	-143.676329249291	17.448088420743	
0.319827586207	0.038113077615	0.108984014636	0.697783151233	15.630198345082	44.694416505033	286.161331967066	199.554382241712	-143.677803399653	17.467778651860	
0.320689655172	0.038078253100	0.108984592644	0.697759218612	15.615916788595	44.694653546257	286.151517183535	199.544071120130	-143.673870712681	17.472591154711	
0.321551724138	0.038114378956	0.108986285126	0.697740455056	15.630732025804	44.695347634269	286.143822236495	199.536876898768	-143.666350982732	17.464627378420	
0.322413793103	0.038215530011	0.108959762783	0.697732162379	15.672214140586	44.684470803894	286.140421404130	199.534842893766	-143.656168734400	17.427344893272	
0.323275862069	0.038309593009	0.108918933410	0.697737724732	15.710789438329	44.667726651324	286.142702528773	199.540085068706	-143.649256915436	17.389311067804	
0.324137931034	0.038326079501	0.108916284025	0.697745837126	15.717550559462	44.666640136420	286.146029427216	199.546007996624	-143.650371668293	17.387532197391	
0.325000000000	0.038263178728	0.108939804133	0.697765702338	15.691754911018	44.676285748602	286.154176163539	199.552369062014	-143.660301558416	17.411014826202	
0.325862068966	0.038187014772	0.108969478521	0.697774045158	15.660520022134	44.688455234538	286.157597559685	199.555604295188	-143.668102187708	17.441398974063	
0.326724137931	0.038127205956	0.109006925871	0.697763857669	15.635992387170	44.703812417744	286.153419663883	199.551289784787	-143.670658445005	17.469180505209	
0.327586206897	0.038078466733	0.109040601971	0.697738770416	15.616004399637	44.717623008344	286.143131364802	199.540380025488	-143.667381359721	17.487982560297	
0.328448275862	0.038088986190	0.109066594172	0.697715228833	15.620318435669	44.728282427200	286.133476945749	199.531045320835	-143.660537446766	17.491218548769	
0.329310344828	0.038175218799	0.109071396945	0.697700534584	15.655682485779	44.730252047865	286.127450824715	199.525895015436	-143.649893096365	17.468069981172	
0.330172413793	0.038281882722	0.109044796115	0.697700832217	15.699425431111	44.719343029662	286.127572884014	199.528744788496	-143.640650085057	17.428881685241	
0.331034482759	0.038331542927	0.109045878069	0.697709956105	15.719791114039	44.719786739854	286.131314596549	199.535002363437	-143.639378430393	17.419823911732	
0.331896551724	0.038286626611	0.109077073225	0.697725166849	15.701370903253	44.732579893951	286.137552532832	199.540399253297	-143.646651157665	17.441471989200	
0.332758620690	0.038209705748	0.109109980793	0.697738446588	15.669825606402	44.746075309202	286.142998562401	199.544916004666	-143.655567753196	17.471196798366	
0.333620689655	0.038146491556	0.109151691823	0.697736784036	15.643901424287	44.763181030364	286.142316748998	199.543867828079	-143.660606372188	17.503470140983	
0.334482758621	0.038091685519	0.109181729022	0.697713462431	15.621425432478	44.775499305636	286.132752543450	199.533867499434	-143.658475045647	17.522484969619	
0.335344827586	0.038081617766	0.109212380880	0.697690864248	15.617296640264	44.788069652514	286.123485013515	199.524057569885	-143.653351474811	17.533549873582	
0.336206896552	0.038147561148	0.109217731505	0.697675169987	15.644340064641	44.790263947749	286.117048786734	199.517863585233	-143.644388055936	17.516272856633	
0.337068965517	0.038253079998	0.109186050649	0.697673011952	15.687613415096	44.777271607766	286.116163775211	199.518669793577	-143.634565854559	17.475345404369	
0.337931034483	0.038330851290	0.109166333049	0.697683401522	15.719507473422	44.769185406823	286.120424544545	199.525609120987	-143.631284376608	17.452571603405	
0.338793103448	0.038315100706	0.109172560983	0.697698761369	15.713048148494	44.771739486622	286.126723628178	199.531680826370	-143.636632541912	17.459297101844	
0.339655172414	0.038240668694	0.109194062740	0.697717591326	15.682523530999	44.780557371562	286.134445806010	199.537798853861	-143.646872043677	17.486397414397	
0.340517241379	0.038172245524	0.109217651546	0.697727299998	15.654463143971	44.790231156518	286.138427338577	199.540673450694	-143.655320708305	17.514093404104	
0.341379310345	0.038111044540	0.109235789704	0.697713539340	15.629364579903	44.797669626874	286.132784083520	199.533963081049	-143.656473179184	17.533956580927	
0.342241379310	0.038082851245	0.109252074611	0.697691747038	15.617802490708	44.804348078073	286.123847046178	199.524191500381	-143.652911723440	17.543774559353	
0.343103448276	0.038123319387	0.109256485802	0.697680767980	15.634398502584	44.806157110408	286.119344527325	199.518442510279	-143.647528358017	17.534725074186	
0.343965517241	0.038221779866	0.109224328511	0.697674741147	15.674777210091	44.792969384049	286.116872919118	199.516869507988	-143.637678871219	17.495319140995	
0.344827586207	0.038317161455	0.109184469807	0.697686718684	15.713893263122	44.776623303200	286.121784914825	199.523895535834	-143.633053659052	17.458999003326	
0.345689655172	0.038331132430	0.109176093304	0.697703982085	15.719622768894	44.773188093830	286.128864647206	199.531356757067	-143.637002268904	17.455958439417	
0.346551724138	0.038264486306	0.109184776339	0.697726756464	15.692291149539	44.776749012296	286.138204435121	199.538584638945	-143.647848666276	17.474981973692	
0.347413793103	0.038191856591	0.109211237833	0.697745748043	15.662505655485	44.787600888181	286.145992893938	199.544189791214	-143.659198148682	17.506385682843	
0.348275862069	0.038128855440	0.109228313710	0.697741890829	15.636668841635	44.794603716759	286.144411047907	199.541019953923	-143.663413509924	17.526429179753	
0.349137931034	0.038079840503	0.109246591911	0.697722408989	15.616567783357	44.802099619122	286.136421532411	199.531674298607	-143.662049833530	17.541792754655	
0.350000000000	0.038096186094	0.109262114850	0.697711852708	15.623271121224	44.808465586703	286.132092394914	199.525412216050	-143.658994831315	17.542212599177	
0.350862068966	0.038178797221	0.109238457491	0.697702669926	15.657149998862	44.798763688174	286.128326529768	199.521597304816	-143.649806431503	17.508395197640	
0.351724137931	0.038287453290	0.109206514631	0.697713427258	15.701709924857	44.785663900286	286.132738118981	199.527270409799	-143.644128262949	17.471182230769	
0.352586206897	0.038331493774	0.109189567667	0.697732750502	15.719770956501	44.778713938821	286.140662593910	199.535785195467	-143.646339161610	17.456625309181	
0.353448275862	0.038278831934	0.109200675294	0.697753085661	15.698174301199	44.783269184288	286.149002056100	199.542400840518	-143.655479284325	17.473306097267	
0.354310344828	0.038205562908	0.109229630357	0.697776266636	15.668126624818	44.795143674549	286.158508589220	199.549535748061	-143.667901615295	17.504115298124	
0.355172413793	0.038138839744	0.109249679964	0.697781348694	15.640763411326	44.803366031841	286.160592744613	199.549653545933	-143.675127600760	17.527983491624	
0.356034482759	0.038082329605	0.109270472545	0.697761495728	15.617588565750	44.811893082901	286.152451030237	199.540713103451	-143.674246449238	17.546279438720	
0.356896551724	0.038075906541	0.109291600000	0.697748537911	15.614954463143	44.820557466232	286.147137020781	199.533348634762	-143.672394939091	17.554056524740	
0.357758620690	0.038139739360	0.109279672302	0.697736583518	15.641132344413	44.815665909389	286.142234516529	199.527942550067	-143.664293784921	17.530754117739	
0.358620689655	0.038246702767	0.109240795520	0.697737484502	15.684998108442	44.799722515559	286.142604010662	199.530194782480	-143.655800485838	17.489059709712	
0.359482758621	0.038322088422	0.109213501790	0.697755742251	15.715913815260	44.788529338473	286.150091525247	199.538902322302	-143.655434669028	17.465159709096	
0.360344827586	0.038297766733	0.109205301610	0.697769007669	15.705939474755	44.785166439405	286.155531682291	199.544628328214	-143.660451898942	17.468441787218	
0.361206896552	0.038226305698	0.109222529002	0.697790057970	15.676633256791	44.792231404373	286.164164424572	199.551754329615	-143.671939333171	17.495963753133	
0.362068965517	0.038157675468	0.109235094966	0.697801008253	15.648487954329	44.797384714419	286.168655142631	199.554818873852	-143.680846913496	17.520423473160	
0.362931034483	0.038094242107	0.109234844628	0.697781137860	15.622473891028	44.797282050829	286.160506281389	199.547082396343	-143.680384331488	17.534074041602	
0.363793103448	0.038073602947	0.109250472359	0.697760891701	15.614009757841	44.803690993340	286.152203318429	199.538093912760	-143.677363557650	17.546104314304	
0.364655172414	0.038113945266	0.109231215453	0.697745171229	15.630554169195	44.795793723534	286.145756342459	199.531601481175	-143.670381120398	17.527513511795	
0.365517241379	0.038213778371	0.109183723281	0.697732885918	15.671495791858	44.776317152564	286.140718128123	199.529446854226	-143.658563642292	17.485260484515	
0.366379310345	0.038312485498	0.109133845979	0.697742958938	15.711975650005	44.755862437796	286.144849080342	199.536678140021	-143.653740767341	17.447714405167	
0.367241379310	0.038320555648	0.109098359064	0.697751609562	15.715285223595	44.741309230721	286.148396706730	199.542396461896	-143.655136829687	17.436268104628	
0.368103448276	0.038257193878	0.109097640871	0.697766370380	15.689300520050	44.741014699198	286.154450128239	199.548696304693	-143.663704745219	17.456218984770	
0.368965517241	0.038187484799	0.109099772388	0.697779218645	15.660712780361	44.741888835564	286.159719210245	199.553279716655	-143.673147893351	17.479093796701	
0.369827586207	0.038122398974	0.109090810365	0.697762118196	15.634021040811	44.738213503924	286.152706304538	199.547530109987	-143.673128993282	17.492460668781	
0.370689655172	0.038082157484	0.109092511380	0.697734544466	15.617517978764	44.738911091263	286.141398299768	199.537336426168	-143.669313860232	17.503949436119	
0.371551724138	0.038101107886	0.109077689763	0.697715970148	15.625289551304	44.732832736514	286.133780959786	199.529627531929	-143.663175987154	17.494170822507	
0.372413793103	0.038187475864	0.109029570370	0.697692847338	15.660709116398	44.713098941739	286.124298279903	199.523662435800	-143.649362614601	17.453935991396	
0.373275862069	0.038301163788	0.108978044150	0.697698083068	15.707332609040	44.691968004564	286.126445456232	199.528909040339	-143.641907330428	17.412068333324	
0.374137931034	0.038339591183	0.108933574847	0.697705055043	15.723091709400	44.673731113976	286.129304667923	199.534933118074	-143.640180554311	17.390281213981	
0.375000000000	0.038287610986	0.108923957508	0.697713822840	15.701774595973	44.669787036971	286.132900347413	199.539827384864	-143.645767140314	17.402249851962	
0.375862068966	0.038218980029	0.108937097843	0.697731185962	15.673628995273	44.675175897311	286.140020975193	199.545976565100	-143.656107620451	17.429535987411	
0.376724137931	0.038150540082	0.108929388605	0.697721363407	15.645561727616	44.672014333515	286.135992738860	199.542935708003	-143.658244889073	17.443378146342	
0.377586206897	0.038098957003	0.108941963111	0.697694401894	15.624407472982	44.677171146732	286.124935804448	199.532952148251	-143.655049451123	17.461489806897	
0.378448275862	0.038096808375	0.108947389297	0.697675834771	15.623526319239	44.679396429135	286.117321415103	199.524416103229	-143.650733665572	17.462800974385	
0.379310344828	0.038160497533	0.108917159512	0.697653000935	15.649645284902	44.666999174563	286.107957243636	199.516933590426	-143.638642792258	17.432763599728	
0.380172413793	0.038274266201	0.108883292964	0.697652106355	15.696301890953	44.653110480686	286.107590375728	199.519212716356	-143.629338889455	17.394670959608	
0.381034482759	0.038343235129	0.108843689200	0.697665449287	15.724586093996	44.636868950646	286.113062321058	199.526548425070	-143.627160262319	17.364961812645	
0.381896551724	0.038315024594	0.108842495590	0.697672882927	15.713016934876	44.636379450639	286.116110861917	199.530923776458	-143.630427198842	17.373238151415	
0.382758620690	0.038247072619	0.108868824234	0.697695459945	15.685149784804	44.647176844845	286.125369711807	199.538227815505	-143.642096302838	17.402342947626	
0.383620689655	0.038173532556	0.108882533227	0.697702954467	15.654990956250	44.652798911851	286.128443220350	199.539801294037	-143.649475262068	17.425644061339	
0.384482758621	0.038114070697	0.108904317259	0.697682172030	15.630605608527	44.661732558050	286.119920329192	199.531578580677	-143.648415773019	17.446218405152	
0.385344827586	0.038095277261	0.108936961068	0.697668177005	15.622898408239	44.675119805769	286.114180960005	199.523295198367	-143.646922914495	17.461169420028	
0.386206896552	0.038133427343	0.108933610489	0.697652481888	15.638543782206	44.673745730776	286.107744382243	199.516174904797	-143.639266826228	17.445538217545	
0.387068965517	0.038236606986	0.108915291028	0.697647363088	15.680857821876	44.666232908028	286.105645159070	199.515507319088	-143.629447242455	17.411515455739	
0.387931034483	0.038332471895	0.108893786658	0.697666706841	15.720172084434	44.657413951290	286.113578044796	199.523696904299	-143.627287722975	17.381521251055	
0.388793103448	0.038333145468	0.108886896973	0.697679243464	15.720448317319	44.654588487003	286.118719322342	199.529561446524	-143.629963573280	17.377906935875	
0.389655172414	0.038270809530	0.108929284297	0.697707261753	15.694884307841	44.671971556657	286.130209640993	199.537969476541	-143.642809858068	17.411647257349	
0.390517241379	0.038196720195	0.108960418639	0.697728780265	15.664500222557	44.684739770984	286.139034397152	199.543295689956	-143.654516904667	17.440055797683	
0.391379310345	0.038129608371	0.108988694675	0.697719704322	15.636977619108	44.696335791879	286.135312346938	199.538565228111	-143.657153026439	17.464319119653	
0.392241379310	0.038094099121	0.109034983886	0.697708643098	15.622415252122	44.715319028000	286.130776131482	199.531057073365	-143.658185331066	17.487872470985	
0.393103448276	0.038108784438	0.109046258477	0.697699465148	15.628437710463	44.719942745392	286.127012248105	199.524503219662	-143.654594405199	17.482115156283	
0.393965517241	0.038199935764	0.109046394011	0.697691272285	15.665818929398	44.719998328013	286.123652349537	199.521374396050	-143.645385134487	17.457369111507	
0.394827586207	0.038310703788	0.109028949829	0.697712631040	15.711244969517	44.712844457226	286.132411589092	199.529425822934	-143.642875502880	17.423279477608	
0.395689655172	0.038340203770	0.109015797329	0.697729186983	15.723342931612	44.707450608262	286.139201192384	199.536734663835	-143.644488525401	17.410711596322	
0.396551724138	0.038290118612	0.109052553801	0.697754648614	15.702802975200	44.722524461757	286.149643024176	199.544943462779	-143.655727208526	17.437872488842	
0.397413793103	0.038217128123	0.109089280905	0.697785047320	15.672869527400	44.737586271361	286.162109553675	199.553014447297	-143.670198160731	17.469230524313	
0.398275862069	0.038147101903	0.109114996948	0.697783775334	15.644151728344	44.748132437643	286.161587911364	199.551422933062	-143.675178966889	17.493836568633	
0.399137931034	0.038097858689	0.109157466273	0.697772246395	15.623957053635	44.765549136214	286.156859885944	199.544500112549	-143.677175507514	17.519659510886	
0.400000000000	0.038093801742	0.109180535944	0.697763284146	15.622293296805	44.775010023279	286.153184461634	199.537520402379	-143.675569677509	17.524293206159	
0.400862068966	0.038160416846	0.109174716313	0.697748546200	15.649612194955	44.772623388806	286.147140420065	199.532121176473	-143.666275627414	17.501537698151	
0.401724137931	0.038275588505	0.109158650373	0.697761541319	15.696844168501	44.766034736318	286.152469727122	199.537369651674	-143.661440482874	17.468020883270	
0.402586206897	0.038335722984	0.109128127535	0.697777515129	15.721505358380	44.753517300383	286.159020597174	199.545231966060	-143.660452978069	17.441170178932	
0.403448275862	0.038307233313	0.109143874601	0.697792156937	15.709821725387	44.759975182389	286.165025212049	199.551530382012	-143.666818819096	17.456278607724	
0.404310344828	0.038237679655	0.109176786683	0.697821060323	15.681297724293	44.773472449099	286.176878510090	199.560127236696	-143.680613571601	17.487008442682	
0.405172413793	0.038160621830	0.109185598902	0.697825066788	15.649696259285	44.777086345873	286.178521563981	199.561223021864	-143.687344573272	17.507686987797	
0.406034482759	0.038106402294	0.109219242369	0.697808354568	15.627460791450	44.790883554072	286.171667871597	199.554214397954	-143.687859141526	17.533981970916	
0.406896551724	0.038084621501	0.109237950172	0.697792007118	15.618528474057	44.798555636158	286.164963771423	199.545694435640	-143.685793920517	17.542241608940	
0.407758620690	0.038124645565	0.109226507288	0.697770694619	15.634942369055	44.793862902135	286.156223501587	199.538118686420	-143.676443983018	17.524938689253	
0.408620689655	0.038232074712	0.109203575016	0.697765398083	15.678999133364	44.784458361971	286.154051388433	199.538210884701	-143.666867673283	17.490199259492	
0.409482758621	0.038321625437	0.109157535298	0.697776035056	15.715723945014	44.765577443392	286.158413618343	199.544881087476	-143.662212210029	17.451908940672	
0.410344827586	0.038321488823	0.109146406870	0.697780023065	15.715667919600	44.761013667609	286.160049103366	199.549708807839	-143.662797557348	17.451006873665	
0.411206896552	0.038258476532	0.109167150010	0.697801224233	15.689826537166	44.769520442941	286.168743716265	199.557081263249	-143.673846996170	17.477193230543	
0.412068965517	0.038180402359	0.109173576367	0.697807836432	15.657808267194	44.772155896298	286.171455383341	199.559613396467	-143.680936138484	17.499059797480	
0.412931034483	0.038118255923	0.109186617256	0.697786925925	15.632321972738	44.777503973483	286.162879970576	199.553141301405	-143.680336297693	17.520081978821	
0.413793103448	0.038083317031	0.109203569507	0.697764794386	15.617993510067	44.784456102900	286.153803811832	199.543440409347	-143.677544052307	17.533540142920	
0.414655172414	0.038099627360	0.109189708574	0.697737564274	15.624682386666	44.778771724843	286.142636725027	199.533800404334	-143.668291900114	17.521104521105	
0.415517241379	0.038197465415	0.109168234254	0.697719836775	15.664805837959	44.769965092305	286.135366665839	199.529398488419	-143.656002631774	17.490117110749	
0.416379310345	0.038303335923	0.109120157388	0.697725425056	15.708223403326	44.750248737435	286.137658423662	199.534361454244	-143.648409727310	17.447305832144	
0.417241379310	0.038331803622	0.109083137113	0.697724667458	15.719898025227	44.735066698466	286.137347732064	199.538635308901	-143.644941444999	17.429293803699	
0.418103448276	0.038283949045	0.109101117421	0.697740796897	15.700272831612	44.742440434700	286.143962425713	199.545088173932	-143.653193060499	17.452552914479	
0.418965517241	0.038207423366	0.109103822526	0.697751702567	15.668889599903	44.743549800079	286.148434848329	199.549066310700	-143.661345506348	17.472571568976	
0.419827586207	0.038142420969	0.109114558479	0.697737748965	15.642232074130	44.747952621443	286.142712466761	199.545128442920	-143.662322505583	17.495080581697	
0.420689655172	0.038095669228	0.109133423547	0.697715316952	15.623059154069	44.755689198263	286.133513083724	199.535733691138	-143.660410479332	17.512848106499	
0.421551724138	0.038092116021	0.109127664231	0.697690677189	15.621601981688	44.753327298915	286.123408300360	199.525590409856	-143.653329701678	17.507896193019	
0.422413793103	0.038168333356	0.109114535796	0.697668995331	15.652858761261	44.747943318904	286.114516555966	199.519057996112	-143.641489499873	17.484910352888	
0.423275862069	0.038281447612	0.109070348560	0.697673488496	15.699246992143	44.729822104357	286.116359206095	199.522377297632	-143.633416708598	17.440537618536	
0.424137931034	0.038338986516	0.109029879922	0.697679324511	15.722843734815	44.713225889115	286.118752559813	199.528130060556	-143.629272024012	17.414261958134	
0.425000000000	0.038313072140	0.109037665624	0.697692219860	15.712216232348	44.716418810462	286.124040950891	199.533987919149	-143.634928547687	17.427192035939	
0.425862068966	0.038239907691	0.109051631996	0.697715391148	15.682211443345	44.722146428928	286.133543511252	199.540853287809	-143.646376205268	17.451617254972	
0.426724137931	0.038167802242	0.109059603004	0.697714708207	15.652640950851	44.725415344713	286.133263436729	199.540842782106	-143.651355552427	17.473431455818	
0.427586206897	0.038116517598	0.109086913519	0.697701521168	15.631609084273	44.736615405126	286.127855423269	199.534088222436	-143.652485459719	17.496698780102	
0.428448275862	0.038092765265	0.109095843646	0.697683069529	15.621868237082	44.740277656046	286.120288394238	199.524707895390	-143.649096653668	17.501584998867	
0.429310344828	0.038140431620	0.109086445330	0.697666196941	15.641416240596	44.736423400252	286.113368934422	199.518231311819	-143.640634007235	17.484656373795	
0.430172413793	0.038249875239	0.109061907959	0.697669936212	15.686299141236	44.726360608452	286.114902412206	199.519754623693	-143.633236550023	17.448684748887	
0.431034482759	0.038334311896	0.109013464757	0.697683458491	15.720926670070	44.706494019152	286.120447907687	199.526878359562	-143.629395938559	17.409903146759	
0.431896551724	0.038334556436	0.109016131274	0.697700177456	15.721026956240	44.707587559616	286.127304366179	199.534089205555	-143.634127114183	17.415641427839	
0.432758620690	0.038267700238	0.109035390404	0.697730563167	15.693609184975	44.715485741563	286.139765566351	199.542807180561	-143.647565866158	17.439530493834	
0.433620689655	0.038188955470	0.109047108788	0.697745678806	15.661315903497	44.720291458628	286.145964499912	199.547029206532	-143.657339263110	17.463747612809	
0.434482758621	0.038130664459	0.109074110144	0.697740596847	15.637410721390	44.731364732235	286.143880385183	199.543423951175	-143.661548020784	17.489152319224	
0.435344827586	0.038091873856	0.109086821371	0.697728716487	15.621502669602	44.736577615062	286.139008241876	199.535480167997	-143.661516526626	17.498596296019	
0.436206896552	0.038113234329	0.109090731476	0.697716439756	15.630262613482	44.738181151510	286.133973546116	199.529092204056	-143.656886584871	17.493523330305	
0.437068965517	0.038211894546	0.109073413874	0.697716004352	15.670723233962	44.731079191413	286.133794986768	199.528264273190	-143.649614932118	17.461320926833	
0.437931034483	0.038311141693	0.109026933430	0.697732860985	15.711424554519	44.712017530969	286.140707903236	199.535512514232	-143.645683702346	17.419165527411	
0.438793103448	0.038339838690	0.109010437522	0.697749174697	15.723193212010	44.705252548193	286.147398167324	199.543556638443	-143.648160644318	17.409865096789	
0.439655172414	0.038285573199	0.109027529301	0.697780452859	15.700938898439	44.712261897913	286.160225362139	199.552875268654	-143.661302692407	17.431118333958	
0.440517241379	0.038206557244	0.109040137879	0.697801363362	15.668534402838	44.717432683984	286.168800773053	199.559074131728	-143.672851640732	17.455728391930	
0.441379310345	0.038143344598	0.109059823059	0.697803452315	15.642610854707	44.725505589449	286.169657454310	199.558624613854	-143.679334107737	17.480293820152	
0.442241379310	0.038092463160	0.109078456860	0.697791583719	15.621744343452	44.733147323535	286.164790135108	199.551145566678	-143.680703492702	17.496983044690	
0.443103448276	0.038090964567	0.109080337053	0.697775948807	15.621129769523	44.733918391921	286.158378247351	199.543526849964	-143.676817601362	17.494826769459	
0.443965517241	0.038169674540	0.109071116822	0.697768579451	15.653408781463	44.730137169214	286.155356069640	199.540178365394	-143.669599510524	17.472139899664	
0.444827586207	0.038276929083	0.109023338951	0.697777520481	15.697393940531	44.710543432583	286.159022791850	199.544746093886	-143.663094938046	17.426235073711	
0.445689655172	0.038333478306	0.108990312073	0.697791073798	15.720584814535	44.696999088011	286.164581016007	199.552710320453	-143.662371530827	17.404301058013	
0.446551724138	0.038302783270	0.109000563838	0.697811765417	15.707996759666	44.701203343603	286.173066662889	199.560181432000	-143.670917902433	17.418522748774	
0.447413793103	0.038224514487	0.109006313864	0.697833169062	15.675898680053	44.703561433177	286.181844311728	199.567067694653	-143.682403325472	17.439786439215	
0.448275862069	0.038157432845	0.109025822503	0.697836576805	15.648388454427	44.711561938819	286.183241829638	199.568176855591	-143.689146813472	17.467230060360	
0.449137931034	0.038101609478	0.109042741232	0.697821351159	15.625495254526	44.718500320786	286.176997781907	199.561019325399	-143.690091671857	17.485158096472	
0.450000000000	0.038078570609	0.109049364663	0.697798730780	15.616046999018	44.721216594167	286.167721149516	199.551284635618	-143.685682176391	17.490244706863	
0.450862068966	0.038132546891	0.109043924176	0.697781095202	15.638182708246	44.718985446847	286.160488787214	199.545114000590	-143.677290704484	17.474363793500	
0.451724137931	0.038238620344	0.109004828362	0.697777934089	15.681683501392	44.702952227889	286.159192412717	199.545379721591	-143.667836374404	17.432053361109	
0.452586206897	0.038323059878	0.108965217764	0.697783642914	15.716312210133	44.686707895431	286.161533605748	199.551423003404	-143.662221942836	17.399464781695	
0.453448275862	0.038320592614	0.108963917582	0.697794544347	15.715300383365	44.686174689871	286.166004290559	199.557416062687	-143.665766183458	17.403153121126	
0.454310344828	0.038248985008	0.108978602849	0.697811847728	15.685934057101	44.692197127423	286.173100418838	199.563368114421	-143.675290827100	17.426335091487	
0.455172413793	0.038175007356	0.108995770092	0.697816082527	15.655595772780	44.699237425236	286.174837112456	199.565722330926	-143.682230745894	17.453127841506	
0.456034482759	0.038116619819	0.109018282521	0.697800152423	15.631651005483	44.708469787336	286.168304166345	199.559343881616	-143.682926873693	17.475476291862	
0.456896551724	0.038078611120	0.109032785435	0.697771352056	15.616063612544	44.714417441956	286.156493116673	199.547964114195	-143.677775407980	17.485899020483	
0.457758620690	0.038108025986	0.109042758056	0.697750202651	15.628126668674	44.718507220576	286.147819731879	199.539857891919	-143.670297232990	17.481790047580	
0.458620689655	0.038204694768	0.109024050591	0.697735441145	15.667770600335	44.710835276757	286.141766028222	199.535777700937	-143.658220084689	17.448052446980	
0.459482758621	0.038305226031	0.108983460254	0.697736364917	15.708998537688	44.694189152590	286.142144867737	199.539868265270	-143.649547192825	17.407959182185	
0.460344827586	0.038334721723	0.108981932969	0.697743900004	15.721094740521	44.693562811917	286.145235012189	199.545630944981	-143.649436169351	17.404345244708	
0.461206896552	0.038274733965	0.108998879182	0.697757708106	15.696493721101	44.700512465152	286.150897723715	199.550782520444	-143.657092019046	17.424040765439	
0.462068965517	0.038200348144	0.109030417235	0.697767281714	15.665988046672	44.713446241454	286.154823866689	199.554422479801	-143.665091030966	17.455784849914	
0.462931034483	0.038138450957	0.109060863818	0.697758279738	15.640603969310	44.725932405495	286.151132150308	199.550829155662	-143.667774949662	17.481780234588	
0.463793103448	0.038087020404	0.109086130246	0.697731251148	15.619512265858	44.736294184008	286.140047707672	199.539589348043	-143.663978841412	17.498590232161	
0.464655172414	0.038093679857	0.109114908643	0.697708866994	15.622243311875	44.748096223982	286.130867951402	199.530289018197	-143.657744349434	17.505643365576	
0.465517241379	0.038172639510	0.109110633766	0.697692781942	15.654624717542	44.746343093911	286.124271461063	199.524399565493	-143.647068183565	17.480124420511	
0.466379310345	0.038279978008	0.109084376693	0.697692246315	15.698644306801	44.735575050774	286.124051800194	199.526676556747	-143.637334419831	17.442311738989	
0.467241379310	0.038338068620	0.109074223145	0.697702767892	15.722467305115	44.731411074293	286.128366705578	199.533465982180	-143.635662671741	17.426555787683	
0.468103448276	0.038300742064	0.109096974748	0.697717989109	15.707159659869	44.740741521602	286.134608936793	199.538824101257	-143.642160960288	17.443529598596	
0.468965517241	0.038225161220	0.109129646733	0.697734337446	15.676163905792	44.754140324199	286.141313400551	199.544223728976	-143.651948540682	17.473756710184	
0.469827586207	0.038160657913	0.109168658769	0.697739221655	15.649711056865	44.770139186215	286.143316417874	199.544763057523	-143.658713789378	17.504902406311	
0.470689655172	0.038100290795	0.109200124739	0.697719424909	15.624954461783	44.783043401328	286.135197759491	199.535776556889	-143.657813978081	17.526394068483	
0.471551724138	0.038083815117	0.109230253537	0.697699510829	15.618197775195	44.795399241200	286.127030982213	199.526439999734	-143.653851450491	17.537625591544	
0.472413793103	0.038140730502	0.109242142939	0.697687082462	15.641538812233	44.800275092954	286.121934100532	199.520516174610	-143.646416819889	17.525063366692	
0.473275862069	0.038244895288	0.109214597930	0.697684878525	15.684256860106	44.788978866385	286.121030264340	199.520816668153	-143.636870139560	17.484881633738	
0.474137931034	0.038329781884	0.109200672196	0.697699976120	15.719068909404	44.783267913802	286.127221798284	199.528520162767	-143.634330289816	17.461959488440	
0.475000000000	0.038321013263	0.109208933091	0.697716474198	15.715472891931	44.786655712083	286.133987670775	199.534929718379	-143.639396090658	17.466869635113	
0.475862068966	0.038248105433	0.109236535904	0.697739425386	15.685573342514	44.797975643926	286.143399968330	199.541971424999	-143.650760249894	17.494551274001	
0.476724137931	0.038177095184	0.109270634324	0.697755267702	15.656451992383	44.811959428609	286.149896912470	199.546343789062	-143.661297049322	17.526708122739	
0.477586206897	0.038114269868	0.109290288737	0.697744765121	15.630687288752	44.820019716442	286.145589797063	199.540611116654	-143.663357853427	17.545522073235	
0.478448275862	0.038080271341	0.109320980333	0.697726579939	15.616744470582	44.832606360374	286.138132041816	199.531539577576	-143.661610559652	17.563182657730	
0.479310344828	0.038112578809	0.109329814133	0.697717854600	15.629993784289	44.836229107307	286.134553774724	199.526014739999	-143.657540315267	17.555932189904	
0.480172413793	0.038205401369	0.109304642262	0.697710681249	15.668060377899	44.825906106472	286.131611978781	199.523639517193	-143.647734152047	17.520038883343	
0.481034482759	0.038309476881	0.109272352624	0.697724555140	15.710741814004	44.812664104755	286.137301670408	199.530955259284	-143.643455844306	17.484660338205	
0.481896551724	0.038331689305	0.109258351973	0.697743021371	15.719851143720	44.806922428545	286.144874683927	199.538845226352	-143.646983217663	17.476417105056	
0.482758620690	0.038268789182	0.109270752356	0.697763902138	15.694055761684	44.812007833536	286.153437900270	199.545859530070	-143.657166630976	17.497231040468	
0.483620689655	0.038197163021	0.109293977819	0.697786572007	15.664681825758	44.821532611568	286.162734828684	199.552701021905	-143.669656949400	17.526443918067	
0.484482758621	0.038131308355	0.109305641316	0.697784125676	15.637674783834	44.826315819288	286.161731586902	199.550315784241	-143.674418922729	17.546609094362	
0.485344827586	0.038082639634	0.109318612294	0.697763513114	15.617715709069	44.831635225909	286.153278361489	199.541240442150	-143.672951805319	17.560963033025	
0.486206896552	0.038092164317	0.109329335923	0.697753089684	15.621621787766	44.836032993412	286.149003705736	199.534858984824	-143.670584769107	17.562624200413	
0.487068965517	0.038169577393	0.109297991443	0.697739475156	15.653368941296	44.823178601394	286.143420378845	199.530066247512	-143.660537978895	17.528399634040	
0.487931034483	0.038279478342	0.109254450791	0.697747048794	15.698439393239	44.805322551141	286.146526332759	199.535103843310	-143.653947317161	17.487668264325	
0.488793103448	0.038334269449	0.109221267392	0.697763945378	15.720909262686	44.791714017026	286.153455633019	199.543524531883	-143.654603671196	17.466296205028	
0.489655172414	0.038290547503	0.109211956899	0.697778986747	15.702978863727	44.787895777727	286.159624108672	199.549574927836	-143.661606171285	17.474395938155	
0.490517241379	0.038219984725	0.109230381793	0.697801086315	15.674041021682	44.795451839038	286.168687156123	199.556834355494	-143.673616334721	17.503649063294	
0.491379310345	0.038152364685	0.109233334658	0.697805411851	15.646309998697	44.796662811062	286.170461061053	199.557587027961	-143.680472438878	17.522432253531	
0.492241379310	0.038091917150	0.109237646008	0.697783095107	15.621520424629	44.798430898400	286.161308949569	199.548724478411	-143.679094102775	17.537863671155	
0.493103448276	0.038081952551	0.109246373457	0.697765872740	15.617433935802	44.802010031020	286.154246045556	199.540705732933	-143.676161724278	17.543449658357	
0.493965517241	0.038137662248	0.109218600335	0.697749264829	15.640280519217	44.790620255417	286.147435130256	199.534285928049	-143.667320527383	17.517335297702	
0.494827586207	0.038245705738	0.109173904127	0.697744453770	15.684589226270	44.772290311031	286.145462112019	199.535061291746	-143.657217449665	17.475441685412	
0.495689655172	0.038328267693	0.109130621890	0.697759153767	15.718447938624	44.754540236846	286.151490590175	199.543154873249	-143.655024543556	17.443671700797	
0.496551724138	0.038313094604	0.109112062825	0.697767658360	15.712225444562	44.746929152019	286.154978329492	199.548081303593	-143.657822268490	17.442427969206	
0.497413793103	0.038244100481	0.109122536875	0.697786734840	15.683930909282	44.751224566780	286.162801606572	199.555135102210	-143.668451757586	17.466894488701	
0.498275862069	0.038172372983	0.109129287000	0.697797374779	15.654515414857	44.753992797533	286.167165052683	199.558253766412	-143.677245236771	17.490026239107	
0.499137931034	0.038109164669	0.109129986832	0.697776032310	15.628593643278	44.754279798933	286.158412491984	199.550583685534	-143.676092898313	17.504514044671	
0.500000000000	0.038081487788	0.109146523487	0.697755385353	15.617243336393	44.761061492317	286.149945161195	199.541345327763	-143.673562072040	17.518082201444	
0.500862068966	0.038113062983	0.109134116018	0.697738019428	15.630192344689	44.755973180838	286.142823383986	199.533995892541	-143.666316511509	17.503496920914	
