dbx_v3_0_0_0										
Time	Cx	Cy	Cz	Fx	Fy	Fz	Mx	My	Mz	
0.000000000000	0.000000000000	0.000000000000	0.000000000000	0.000000000000	0.000000000000	0.000000000000	0.000000000000	0.000000000000	0.000000000000	
0.000862068966	2.039447528956	-0.132614356232	12.031223416067	836.377445534014	-54.385148395156	4934.004804982996	2323.723064217449	-3626.825855876743	-25.243487019611	
0.001724137931	-0.108525157037	0.005614453672	2.501093104324	-44.506167640977	2.302487489328	1025.698299140725	389.832885360786	-604.609072888891	143.852207824372	
0.002586206897	-0.344214684420	0.252207606024	2.499245833697	-141.162444428393	103.430340950404	1024.940733444162	679.255066672414	-720.147909180869	114.485217406171	
0.003448275862	-0.353207656826	0.263106331513	2.642491117077	-144.850462473088	107.899908347926	1083.685625135470	742.182768398486	-782.649975841398	180.160960806412	
0.004310344828	-0.318474808720	0.225572872377	2.741090142609	-130.606521228102	92.507436500357	1124.121086178524	701.654653757637	-809.507415182348	175.399087349058	
0.005172413793	-0.345362800481	0.170356594399	2.871847735001	-141.633286832579	69.863240524702	1177.744775710092	732.030753266244	-828.667683184734	163.512268474380	
0.006034482759	-0.327324194195	0.226051845727	3.117307496458	-134.235654271677	92.703863474211	1278.407825557714	754.531581925643	-913.758285812582	186.931736593291	
0.006896551724	-0.324848390842	0.208153922317	3.133188416670	-133.220327299760	85.363924961653	1284.920591044943	768.408544720641	-896.443257758245	186.945855322293	
0.007758620690	-0.337898341215	0.167660344351	3.078675587898	-138.572112036874	68.757508361737	1262.564879593608	782.755210948456	-880.749018924841	175.756338803755	
0.008620689655	-0.348479092749	0.187600637743	3.096446420492	-142.911278312876	76.935022817697	1269.852698161784	784.486057671147	-885.854989487042	189.165352158077	
0.009482758621	-0.356967342944	0.188730103465	3.179248026147	-146.392309775921	77.398216718193	1303.809637205509	797.427353863292	-904.110059647918	188.984715580077	
0.010344827586	-0.363733607688	0.179540943489	3.236643941506	-149.167154993642	73.629742149295	1327.347702485750	812.878555744251	-919.697754898690	189.546455479466	
0.011206896552	-0.363891062235	0.178353587634	3.270879295809	-149.231727104346	73.142807505140	1341.387621518992	821.732817555647	-928.077226763555	191.597284568629	
0.012068965517	-0.368113991861	0.176935607352	3.300180620789	-150.963550572732	72.561293781573	1353.404095093224	829.890247946537	-931.761101233973	193.854410140385	
0.012931034483	-0.371004755284	0.162144805503	3.298700182614	-152.149052672074	66.495585842762	1352.796967387466	834.466579021466	-923.470102779807	190.788273074636	
0.013793103448	-0.372052999360	0.157084537020	3.279872026734	-152.578937575036	64.420369703077	1345.075540532471	836.205040020337	-908.938518863629	189.959407593203	
0.014655172414	-0.375952498267	0.157564463861	3.260156233199	-154.178122103271	64.617187703963	1336.990093469421	836.438215839808	-891.473171154886	191.187709083461	
0.015517241379	-0.380078889452	0.154766260370	3.212547570018	-155.870355156616	63.469644433101	1317.465780374346	831.869276667376	-854.021485253077	189.864619679214	
0.016379310345	-0.383387919070	0.150510226971	3.157768268191	-157.227388225268	61.724245107137	1295.000788321466	826.054869990684	-811.324985756388	187.697735588352	
0.017241379310	-0.389809852015	0.147297952215	3.093459258650	-159.861022969799	60.406891207904	1268.627663069985	819.318165167895	-764.669867484270	187.687738166869	
0.018103448276	-0.401152602118	0.141781848914	3.039977932546	-164.512684864457	58.144737206469	1246.694970870088	815.272744754795	-728.962080721538	187.359687842800	
0.018965517241	-0.417326682282	0.138911302640	3.024880414391	-171.145675249863	56.967526160076	1240.503478571794	816.512352881338	-719.404514828709	188.008786378447	
0.019827586207	-0.423396141655	0.136391940561	3.007192967193	-173.634760580137	55.934335754270	1233.249856355272	816.714822816099	-708.056636430812	187.440267241066	
0.020689655172	-0.428948944551	0.128577649277	3.031997916822	-175.911965085674	52.729694845328	1243.422366367079	820.424757784327	-719.509630775206	182.501644648077	
0.021551724138	-0.438145983573	0.132249052340	3.040919322001	-179.683670851627	54.235337266782	1247.081034692063	823.533382888901	-719.383834227571	185.101165821076	
0.022413793103	-0.443014914732	0.128762926443	3.031768004052	-181.680419553109	52.805677012577	1243.328079138744	823.178474530740	-708.632529295185	182.573899435828	
0.023275862069	-0.447877146615	0.125508605765	3.039971426824	-183.674420881298	51.471080080094	1246.692302873445	824.643814706139	-708.177241397465	180.228481382427	
0.024137931034	-0.451917788051	0.124235442409	3.025761675427	-185.331487961693	50.948955779416	1240.864883728404	824.392922138309	-694.440403381105	178.762976422289	
0.025000000000	-0.450242572771	0.122747994170	3.027271489269	-184.644482164124	50.338953246302	1241.484058395611	826.059905025670	-689.801441929324	176.038929017234	
0.025862068966	-0.451395563085	0.123156424219	3.050161185714	-185.117323499825	50.506450412078	1250.871123063654	830.267140603486	-699.266503374592	174.543216686630	
0.026724137931	-0.448996340470	0.122439913110	3.081411100344	-184.133402288940	50.212609201391	1263.686713266513	836.085581977494	-714.804740165195	172.348273150987	
0.027586206897	-0.444120050069	0.126216276818	3.114305906878	-182.133635562242	51.761295983708	1277.176873650630	840.736185471941	-732.702902912401	172.439255374032	
0.028448275862	-0.438903928903	0.127668538826	3.138519539188	-179.994504236683	52.356868643452	1287.106884425871	843.461170960390	-747.474975065784	170.188421560384	
0.029310344828	-0.432857516444	0.134593829212	3.164284846429	-177.514870445839	55.196930277898	1297.673237101066	845.973113663383	-765.263501678966	170.731490158364	
0.030172413793	-0.429991217686	0.137114871641	3.168407239972	-176.339401305668	56.230809794983	1299.363830721449	844.283866913147	-775.061791560232	169.380664388361	
0.031034482759	-0.426856049335	0.139565525621	3.162165518216	-175.053668743411	57.235823009046	1296.804100586780	840.543216287185	-781.189887341779	169.077721381947	
0.031896551724	-0.425300199200	0.143215743710	3.168994048354	-174.415614592687	58.732777472389	1299.604480842629	838.847881876140	-793.074998898545	169.583448448555	
0.032758620690	-0.426835733625	0.146694519585	3.176862995866	-175.045337270781	60.159423482360	1302.831536271048	839.045258923050	-801.599489286881	171.137315506306	
0.033620689655	-0.429349980297	0.149045818316	3.173811668029	-176.076429847885	61.123691107700	1301.580186704533	836.453296946657	-805.696505041712	172.614646164411	
0.034482758621	-0.433876953506	0.150913795875	3.171294711339	-177.932941591880	61.889748717397	1300.547982748534	833.035225022563	-809.512016106613	174.154545395805	
0.035344827586	-0.435916375119	0.154597115652	3.169452963660	-178.769308409223	63.400278183285	1299.792682012865	829.978933911583	-811.881044470305	176.174345010229	
0.036206896552	-0.437586453901	0.159271851226	3.159194881316	-179.454207729378	65.317387274112	1295.585842373441	825.037846297381	-811.736016511316	178.960481980305	
0.037068965517	-0.442019714776	0.161339642927	3.139769867640	-181.272288044387	66.165388664579	1287.619644132475	817.815980977622	-808.923602101147	180.953774178513	
0.037931034483	-0.445069372297	0.162231621171	3.121272621770	-182.522952614273	66.531188948789	1280.033923475383	811.825699063972	-805.436167476530	182.341327819869	
0.038793103448	-0.447506021356	0.161756269878	3.109319865907	-183.522222410179	66.336247380186	1275.132098214275	808.840192451710	-802.515878135962	183.529982019830	
0.039655172414	-0.450162497802	0.164701289598	3.103301526554	-184.611643418636	67.543999987608	1272.663977204554	806.569186161921	-802.178543133349	185.510754310806	
0.040517241379	-0.455033871270	0.166249562608	3.098519197872	-186.609393711310	68.178946759450	1270.702744179412	805.490321161292	-801.597472933016	187.253849997072	
0.041379310345	-0.462425229910	0.165949480403	3.101362106368	-189.640589939929	68.055883045114	1271.868620973092	806.968496371615	-802.126716962626	189.294387270021	
0.042241379310	-0.468555321826	0.164673050324	3.106031771295	-192.154540676499	67.532419060855	1273.783650591554	808.464372072011	-803.105536284026	190.683085890998	
0.043103448276	-0.474327095875	0.165131732092	3.113118335021	-194.521545253328	67.720524457027	1276.689850423708	809.658779848258	-804.446214328387	192.878049837911	
0.043965517241	-0.487257114167	0.166075189787	3.121812305064	-199.824145843051	68.107436464275	1280.255247597707	811.631174698439	-806.502749241804	196.980741122013	
0.044827586207	-0.497944734211	0.167089383891	3.120463214290	-204.207138895919	68.523357473277	1279.701985462307	811.885123055523	-805.716283014784	199.934590590471	
0.045689655172	-0.500987643870	0.168374939176	3.126859343607	-205.455036167863	69.050563704275	1282.325038138752	813.304703281945	-807.521366226125	201.468078788725	
0.046551724138	-0.500436739822	0.169379049371	3.140645619200	-205.229110413915	69.462349302082	1287.978789853411	816.839680584952	-811.135703331657	202.374233409233	
0.047413793103	-0.499652599651	0.169402400978	3.163934143488	-204.907534524518	69.471925796368	1297.529413822564	822.115031227402	-818.285361226724	203.145388641682	
0.048275862069	-0.499414611085	0.168845230064	3.181093662473	-204.809935411956	69.243430000893	1304.566532675626	825.264472530419	-823.840633434605	203.468235528746	
0.049137931034	-0.499011890368	0.166883532750	3.197903824678	-204.644779643394	68.438937918926	1311.460380310232	828.894951553990	-828.858687974653	203.286485843669	
0.050000000000	-0.497985173621	0.169915265228	3.208948223040	-204.223723098288	69.682251428770	1315.989688153882	831.581825842149	-832.534141926150	204.494674097931	
0.050862068966	-0.496332661866	0.172116699481	3.213169070109	-203.546028016205	70.585059631060	1317.720657565629	832.612723247770	-835.027463906629	204.733200838416	
0.051724137931	-0.493877036043	0.172723470064	3.224177808842	-202.538975849487	70.833896251060	1322.235341395163	835.309807389293	-839.652024343703	204.270939554648	
0.052586206897	-0.489210598638	0.169713041931	3.227314104484	-200.625269837894	69.599319653220	1323.521536259483	836.247055752384	-842.773123701995	202.030392292023	
0.053448275862	-0.483638218875	0.168063641821	3.224011447401	-198.340036859278	68.922900656958	1322.167116567109	836.290007971202	-843.372566485408	199.479544472819	
0.054310344828	-0.476350517909	0.166933355834	3.234318010462	-195.351350643416	68.459370365974	1326.393838148609	837.734015676976	-850.009005414356	197.507341815472	
0.055172413793	-0.471499119682	0.172635878733	3.231857877038	-193.361792197311	70.797975045858	1325.384937414929	836.488810103568	-852.412334019388	197.974118605231	
0.056034482759	-0.465854047786	0.177845901079	3.234799886667	-191.046748174248	72.934605245327	1326.591455583715	836.827835830351	-856.308946925875	197.876804532088	
0.056896551724	-0.461864188887	0.180537182106	3.240316997316	-189.410507012532	74.038299612783	1328.854022698337	837.876008602968	-861.188193014840	197.972772850156	
0.057758620690	-0.459070362946	0.183125341107	3.244240242776	-188.264758974944	75.099703636872	1330.462945688537	838.142727442575	-864.706738627984	198.663494148879	
0.058620689655	-0.455844565598	0.183956851677	3.250202952366	-186.941859460730	75.440706127267	1332.908252932039	840.088071217034	-867.580363332194	199.051397555453	
0.059482758621	-0.453688062292	0.182291865156	3.253898571335	-186.057477440089	74.757895143585	1334.423826296154	841.236750058326	-869.314523803281	198.656561877914	
0.060344827586	-0.450532424060	0.180360117869	3.260043584404	-184.763350179735	73.965685568283	1336.943896197765	842.724693708603	-870.779216915192	198.334571595685	
0.061206896552	-0.448206217813	0.175072341895	3.260816841462	-183.809372981940	71.797168605290	1337.261008922512	844.217740384508	-867.185325362723	196.002571732727	
0.062068965517	-0.447166837078	0.172054671986	3.250698492694	-183.383122935216	70.559622155077	1333.111474023639	841.746824752851	-859.409388497222	194.704269809958	
0.062931034483	-0.446553398698	0.171189489778	3.234296462135	-183.131551851727	70.204810925489	1326.385001179699	837.703186124758	-849.031541021269	194.328866480466	
0.063793103448	-0.447440151228	0.173907559778	3.213988659856	-183.495209070235	71.319491451051	1318.056771326421	832.620495723125	-839.334724832218	195.496988080489	
0.064655172414	-0.444764687482	0.178367797837	3.191208933369	-182.398001369560	73.148635109546	1308.714805338919	827.157135075913	-828.705500397563	196.296342310476	
0.065517241379	-0.443078920466	0.176296243023	3.163932848792	-181.706668305076	72.299090465909	1297.528882867974	821.418233104524	-816.979954990690	194.816879331924	
0.066379310345	-0.441756006648	0.177613253233	3.137185707538	-181.164141339264	72.839196362042	1286.559880057173	814.890258078557	-806.278787179868	194.835850408470	
0.067241379310	-0.443987428817	0.174584067840	3.116802450880	-182.079247586046	71.596927411896	1278.200706362585	810.215405339802	-798.694775932599	193.835962102164	
0.068103448276	-0.442934153116	0.173250289416	3.107712105946	-181.647299213650	71.049944871141	1274.472755843121	808.636818980135	-794.184373225725	193.255761080028	
0.068965517241	-0.439356207450	0.171395539359	3.104782644716	-180.179983671694	70.289311859989	1273.271383772839	809.327976030747	-791.941826402021	191.774174684836	
0.069827586207	-0.433744226123	0.169742457172	3.101296019633	-177.878510091260	69.611382843691	1271.841518802455	810.369441304615	-788.784035898250	189.240444240539	
0.070689655172	-0.430963676853	0.169988712659	3.103011471887	-176.738206816533	69.712372220992	1272.545025783787	812.006123165775	-788.922524030455	189.005715524779	
0.071551724138	-0.430047853896	0.168959753299	3.100719831242	-176.362627815527	69.290395980367	1271.605223939339	813.230268269082	-786.092617612177	188.235406502069	
0.072413793103	-0.428734099824	0.171263575305	3.093093063100	-175.823857261902	70.235193400690	1268.477486272483	811.946682100137	-782.725142917138	188.500878505790	
0.073275862069	-0.426232279466	0.169709867811	3.079895171867	-174.797860715837	69.598017946795	1263.065030987740	808.246780641410	-778.410243621630	186.041237853325	
0.074137931034	-0.424737720117	0.167814885902	3.075790413142	-174.184941916603	68.820885852862	1261.381669406627	808.099227020851	-775.863335519402	184.033285544593	
0.075000000000	-0.421882121842	0.167360736553	3.087558215868	-173.013861044773	68.634639201870	1266.207645384981	810.973155949956	-780.974382625178	182.725454674580	
0.075862068966	-0.420919028986	0.170049743919	3.097062726053	-172.618896658048	69.737401140919	1270.105445076726	812.016577474499	-784.499151839273	182.717635599244	
0.076724137931	-0.421898976289	0.178449844814	3.105616818287	-173.020773053552	73.182282575287	1273.613478359858	811.882853084593	-789.508110106971	186.651284328193	
0.077586206897	-0.423595213103	0.183140878446	3.101818433195	-173.716399782449	75.106075499660	1272.055760607708	809.773303651654	-790.107476238803	189.102689854359	
0.078448275862	-0.421475401583	0.184127772074	3.092025410975	-172.847065063645	75.510800583367	1268.039642128761	806.571192311298	-789.013379611367	189.878971522904	
0.079310344828	-0.423675191836	0.179838145232	3.081070192410	-173.749199061522	73.751624586034	1263.546906920353	803.438193430238	-787.118894260322	190.072621435492	
0.080172413793	-0.425782544409	0.169528361313	3.070443435501	-174.613424366078	69.523582130473	1259.188873839482	801.704753085863	-785.516602969415	187.204443246948	
0.081034482759	-0.425886643296	0.160066541688	3.060244166328	-174.656115320399	65.643289838111	1255.006153482349	799.938708960616	-782.964626178037	183.774970697475	
0.081896551724	-0.425789083034	0.160802693867	3.045548085489	-174.616105856349	65.945185851707	1248.979290629787	795.929764457825	-777.182242362928	183.565946661175	
0.082758620690	-0.428019270629	0.168073976514	3.031690258228	-175.530705803945	68.927138914714	1243.296195575822	792.648663957967	-768.632506997151	186.486051617048	
0.083620689655	-0.427310934693	0.171750490736	3.033173515193	-175.240217231913	70.434877422325	1243.904479267114	792.840676963148	-764.372427439426	187.106579334159	
0.084482758621	-0.426490341678	0.176159897188	3.035384199310	-174.903692030984	72.243175038041	1244.811080838717	794.059946443401	-760.264946206159	187.407602580585	
0.085344827586	-0.427853940083	0.179702865840	3.039557275688	-175.462903745886	73.696146506517	1246.522459489640	795.749111898676	-759.300434764163	188.616767547979	
0.086206896552	-0.437393451311	0.173522341769	3.047892954879	-179.375057365529	71.161513543061	1249.940921582914	798.540111718536	-764.299040682142	188.597966559166	
0.087068965517	-0.440894164033	0.168183257664	3.057120200093	-180.810699676847	68.971955115096	1253.725014908061	800.813860824818	-770.694792019432	188.054932651215	
0.087931034483	-0.442504070466	0.163826637313	3.061451577880	-181.470922316206	67.185305079293	1255.501312968118	801.376657119145	-776.435388811134	187.356182878628	
0.088793103448	-0.440505979608	0.165062829227	3.062346754589	-180.651505241710	67.692267391572	1255.868424942582	801.001411900676	-780.197405109527	187.615244055002	
0.089655172414	-0.436804153146	0.164976400598	3.059971069511	-179.133386184038	67.656823010382	1254.894156475602	799.898971395350	-780.343356223394	187.052476217642	
0.090517241379	-0.434286631357	0.163224622130	3.057938222913	-178.100950481265	66.938418648692	1254.060486071896	799.205449390630	-779.252991270161	185.883464155223	
0.091379310345	-0.430772861412	0.161717896229	3.059812241200	-176.659953403004	66.320510346290	1254.829020984081	799.962742171519	-778.054633112699	184.163523296409	
0.092241379310	-0.428940388089	0.164939942295	3.060089903032	-175.908456080878	67.641871459992	1254.942890103332	799.447221170580	-776.458376711652	184.320014911328	
0.093103448276	-0.428819326734	0.163590250386	3.065370432774	-175.858808818270	67.088362799041	1257.108435386485	800.933692934507	-777.620352840623	183.604742108056	
0.093965517241	-0.428701103055	0.164019503437	3.072417915181	-175.810325286562	67.264399478268	1259.998607969785	802.480589456795	-779.671887875322	184.022925682144	
0.094827586207	-0.434008340571	0.168293857317	3.073855369572	-177.986823427995	69.017312033409	1260.588108025349	802.134379838050	-781.327914922422	186.834272783730	
0.095689655172	-0.438185035573	0.172743550045	3.073576718624	-179.699686076792	70.842131051564	1260.473833269719	800.830432258658	-782.610568578196	190.222512738309	
0.096551724138	-0.438416172051	0.175909743159	3.067277244535	-179.794475148044	72.140586869078	1257.890418902961	798.531873283170	-780.824134466612	191.737612445362	
0.097413793103	-0.438324564343	0.176984385361	3.056234381545	-179.756906826375	72.581297643452	1253.361740715445	795.597856256048	-777.803348627777	191.811511194456	
0.098275862069	-0.435296278627	0.175551906853	3.055203030639	-178.515006833729	71.993838197844	1252.938783701695	794.763265964354	-779.701021685462	190.459782043344	
0.099137931034	-0.430138507968	0.171461565433	3.057277990753	-176.399805051058	70.316389153410	1253.789724858646	795.994801839140	-781.936826746582	187.613675997399	
0.100000000000	-0.427887071611	0.165693248556	3.057159352735	-175.476490985921	67.950802362995	1253.741071406750	796.621232555044	-782.271291271584	184.665988822978	
0.100862068966	-0.425438263484	0.159677760663	3.057572451477	-174.472234756170	65.483850736876	1253.910483203665	796.726128817909	-782.426621590905	181.359814178025	
0.101724137931	-0.423962120051	0.157828843630	3.058656421353	-173.866868324373	64.725609849024	1254.355019256998	797.750289742790	-781.474171493234	180.336527867739	
0.102586206897	-0.424493677442	0.158340713100	3.062179261234	-174.084860013975	64.935527522357	1255.799735916396	798.681381021122	-781.825556772467	180.660490932966	
0.103448275862	-0.424214309330	0.163237897649	3.061084990300	-173.970291149553	66.943862939004	1255.350975398921	798.537860299382	-779.869127720704	182.326069298931	
0.104310344828	-0.424166613595	0.168664345662	3.055484322137	-173.950731128018	69.169249306312	1253.054141347134	797.564299224943	-776.227877616863	184.517101638938	
0.105172413793	-0.425323600185	0.171193571748	3.044028550399	-174.425211336582	70.206484941574	1248.356129279289	795.163297033206	-771.241213762187	185.410143230360	
0.106034482759	-0.426132299642	0.173686122096	3.022856445374	-174.756858989384	71.228679856003	1239.673448863950	790.320718983539	-762.054645338389	186.421062130256	
0.106896551724	-0.428341760739	0.173383015944	3.002017151127	-175.662959000461	71.104376021210	1231.127254151119	784.768403407894	-754.141785383690	186.727365276235	
0.107758620690	-0.432318316862	0.169948641279	2.984221722996	-177.293744693524	69.695938947763	1223.829348953245	781.334870883955	-746.444470703161	185.745747403275	
0.108620689655	-0.433632310994	0.167384021638	2.979711300724	-177.832613696163	68.644188415201	1221.979624748922	780.817118229079	-744.246116741489	184.909817682463	
0.109482758621	-0.433998563818	0.163595506235	2.989305518416	-177.982813981701	67.090518222874	1225.914213489867	783.589466686809	-748.346853044000	183.126416107477	
0.110344827586	-0.430490348347	0.162938922050	3.003633400081	-176.544094793241	66.821253043872	1231.790077858238	787.236382201711	-753.592022990098	182.351595754211	
0.111206896552	-0.428503521164	0.163894873905	3.015562118698	-175.729296951977	67.213288906085	1236.682045444403	789.350259412879	-758.585814906952	182.268996874483	
0.112068965517	-0.429174775053	0.163400140180	3.021852285624	-176.004578176067	67.010398602114	1239.261642943862	791.058587959429	-760.480833807536	182.109882302899	
0.112931034483	-0.427253493888	0.165742549158	3.026571801581	-175.216660757220	67.971020540220	1241.197116469689	792.239809628326	-762.569823867437	183.216950815706	
0.113793103448	-0.427289279254	0.169857533022	3.027441301511	-175.231336336297	69.658575450696	1241.553698397247	792.362391410314	-763.895963503163	184.665469784105	
0.114655172414	-0.428164469685	0.171941145798	3.023511026236	-175.590251937749	70.513065064446	1239.941892480084	791.683584074167	-764.244902352108	185.955192770786	
0.115517241379	-0.429174095966	0.173190383446	3.015739912298	-176.004299682772	71.025377432545	1236.754958600795	789.435297814174	-762.661475229863	186.856792248496	
0.116379310345	-0.428614284912	0.174517492512	3.003298016411	-175.774721165734	71.569624869359	1231.652537012968	786.719730538275	-757.249044265525	187.112352566943	
0.117241379310	-0.428763234926	0.172994936426	2.996916483311	-175.835805567415	70.945224608210	1229.035470245242	784.885219450608	-753.924162404083	186.792081349429	
0.118103448276	-0.431272823823	0.168523224115	2.996401855327	-176.864987991153	69.111375358892	1228.824421305169	784.823261073042	-752.932919120927	185.650308079455	
0.118965517241	-0.430190283010	0.166953233867	3.005900962935	-176.421037996162	68.467522347687	1232.720005400049	787.011658245559	-755.616449635833	185.204802583679	
0.119827586207	-0.427551967642	0.164430915268	3.015012194982	-175.339064845765	67.433119472830	1236.456521724711	788.912000277713	-757.625071964613	183.380590205564	
0.120689655172	-0.422175122321	0.163985582198	3.024406554828	-173.134020543053	67.250488377870	1240.309148761774	791.305524753871	-759.708036065858	181.752524499586	
0.121551724138	-0.417269337703	0.165518599016	3.039470213545	-171.122158237826	67.879178585237	1246.486755304350	795.111282565176	-765.662195381560	181.125118409331	
0.122413793103	-0.417754362098	0.163136376456	3.046874821694	-171.321066745564	66.902229097275	1249.523385156605	797.409898677138	-769.055240477054	179.624730987135	
0.123275862069	-0.421369999632	0.160741121599	3.045994681497	-172.803839722785	65.919935063831	1249.162439656009	797.614782534552	-770.590740916508	179.846461793021	
0.124137931034	-0.420679888237	0.160483551897	3.039944946946	-172.520825035152	65.814305727411	1246.681443475356	796.061549946135	-770.474541954376	179.702224271214	
0.125000000000	-0.419884471630	0.163324773869	3.023012838125	-172.194624679296	66.979490877516	1239.737585532274	791.646240666104	-765.449502570556	181.348382111390	
0.125862068966	-0.416584248451	0.167213421269	3.007068218004	-170.841203130907	68.574225202659	1233.198696711787	787.161367019025	-760.170187047746	182.397880378510	
0.126724137931	-0.415553189987	0.169401819604	2.992701693430	-170.418366047708	69.471687374751	1227.306984886023	784.103150344732	-753.051021677025	182.703147258579	
0.127586206897	-0.412881441829	0.171274113200	2.983441418183	-169.322682109833	70.239514991507	1223.509345944300	782.147149202331	-746.808541642195	181.976969087826	
0.128448275862	-0.412466527316	0.171107895747	2.980041174803	-169.152525665416	70.171349212937	1222.114906111023	781.145537818992	-743.674788752959	181.265447041993	
0.129310344828	-0.415421726430	0.170509825005	2.984088877878	-170.364452842296	69.926080397319	1223.774869169621	782.289405492269	-744.143623474530	181.956051051134	
0.130172413793	-0.420565602270	0.166167880793	2.997385216615	-172.473956359179	68.145449046381	1229.227697776413	785.708934270874	-750.136734671725	181.876616249532	
0.131034482759	-0.421234566221	0.161727032673	3.004413012384	-172.748298479898	66.324257202100	1232.109796869012	788.107963267555	-752.313487705340	180.475300503832	
0.131896551724	-0.418259054376	0.161267517731	3.011170521002	-171.528041052062	66.135810121481	1234.881051199426	789.741607605044	-754.491251622609	180.440376664974	
0.132758620690	-0.416490045241	0.160361627306	3.011246163685	-170.802570393998	65.764304451801	1234.912072263952	789.909398301636	-753.343079136115	179.435913181276	
0.133620689655	-0.413747775579	0.159414587841	3.006584365821	-169.677965586574	65.375923560943	1233.000268928157	788.986947541778	-750.035340241179	178.359804700295	
0.134482758621	-0.413423696273	0.159227303222	2.997640095608	-169.545060661330	65.299118137210	1229.332223652946	787.061764536063	-745.581701969920	178.110094841931	
0.135344827586	-0.413230551343	0.161136725414	2.986775465865	-169.465851924215	66.082172191356	1224.876638921401	784.907022364950	-741.042013405984	178.505113473335	
0.136206896552	-0.412841281743	0.163741887344	2.978257901917	-169.306212458597	67.150549116577	1221.383585888041	782.983427626980	-738.931741262373	179.120807435453	
0.137068965517	-0.413448446771	0.165806248751	2.970905127400	-169.555210840399	67.997143743753	1218.368213008383	781.537209956290	-738.281600557807	179.618811262029	
0.137931034483	-0.415708710717	0.168882629191	2.963206970591	-170.482145100208	69.258767383031	1215.211198848592	779.878160479344	-735.575242919043	181.142300049477	
0.138793103448	-0.420954193985	0.172284546692	2.961839105495	-172.633317824201	70.653893773360	1214.650237363559	778.997087239080	-734.927431667154	183.878351395030	
0.139655172414	-0.425098395432	0.173285591401	2.968499078238	-174.332854866001	71.064422215529	1217.381492230828	780.100938807850	-735.760357699243	186.181163194933	
0.140517241379	-0.428756294929	0.171298773889	2.985565707400	-175.832959474541	70.249628340183	1224.380516966387	783.552759271526	-740.676107820756	186.822166347355	
0.141379310345	-0.429978103162	0.169545312816	3.000301219047	-176.334023039250	69.530533941991	1230.423550393495	787.056659366548	-744.859668399320	186.551245138681	
0.142241379310	-0.427394416701	0.166829930786	3.013303253571	-175.274453203853	68.416955753120	1235.755684840457	790.485043823860	-749.829953441776	185.089655807127	
0.143103448276	-0.422009377274	0.165666304651	3.026500606808	-173.066048498139	67.939752667427	1241.167919493063	794.022714989588	-755.721339425525	183.126988082984	
0.143965517241	-0.415704574725	0.165861711585	3.032881695729	-170.480448929799	68.019889052294	1243.784804103060	796.607494695553	-759.559850865177	180.984084157707	
0.144827586207	-0.411776199024	0.160064271793	3.038049497423	-168.869422028251	65.642358954136	1245.904119612993	798.616524401124	-763.132619831107	177.417336244248	
0.145689655172	-0.408764616477	0.156306511328	3.033671919906	-167.634372005150	64.101301361681	1244.108875043355	798.676559931637	-761.896971205420	175.147021013093	
0.146551724138	-0.405759435588	0.155232085000	3.026239634946	-166.401947301920	63.660679117062	1241.060894930588	796.863378838795	-759.671683783761	174.055814277034	
0.147413793103	-0.406732842816	0.157424612425	3.013483836168	-166.801141612644	64.559834628999	1235.829741764487	793.289632866317	-754.890594472393	174.634899775138	
0.148275862069	-0.407741575470	0.159616440084	3.001609228690	-167.214822881241	65.458703167029	1230.959965156976	789.948067909549	-749.744300562787	175.606060955776	
0.149137931034	-0.408844041614	0.159109328960	2.994732783658	-167.666944254341	65.250736891539	1228.139935002263	788.001976918480	-745.562066177423	176.016755797047	
0.150000000000	-0.411849694138	0.166169958228	2.996483582728	-168.899562374849	68.146301002599	1228.857937712889	787.548390749839	-744.521095605461	179.615923540142	
0.150862068966	-0.417622473899	0.172867052483	3.003227030332	-171.266979394370	70.892779402338	1231.623425621391	787.388029142199	-746.041838935940	184.107009372066	
0.151724137931	-0.422345149249	0.177245044751	3.008555418782	-173.203748587551	72.688194061271	1233.808597761017	788.379269304172	-748.042120440668	186.905736755170	
0.152586206897	-0.421789207423	0.181633564572	3.013505443244	-172.975756840815	74.487926069668	1235.838602826764	790.043845018007	-750.345565244463	188.403191292171	
0.153448275862	-0.421979776749	0.183073582667	3.021118411449	-173.053909322658	75.078477500477	1238.960681139394	792.401317228794	-754.004219162158	189.328266184475	
0.154310344828	-0.429334983223	0.176669568287	3.024286659139	-176.070279547885	72.452191159493	1240.259979538692	794.629018048178	-755.769329654751	188.963843446243	
0.155172413793	-0.433040083534	0.169239717638	3.031331838691	-177.589741210599	69.405209357385	1243.149207720972	796.646235127846	-759.864464369291	187.028718857211	
0.156034482759	-0.431754708199	0.159993374721	3.027757921343	-177.062608777119	65.613284064358	1241.683544192312	796.519683774999	-759.492782819909	182.804469238048	
0.156896551724	-0.427059871806	0.155218604698	3.023631976921	-175.137256340283	63.655150845246	1239.991494356684	795.669816650808	-758.624263796552	179.460602192172	
0.157758620690	-0.422727919657	0.155670398968	3.016894986804	-173.360722734396	63.840431678584	1237.228654663845	793.873636301299	-756.078746651720	177.533103831515	
0.158620689655	-0.422528069575	0.158512078112	3.010224361893	-173.278764214260	65.005804314974	1234.493031342328	792.039435844793	-753.101024349997	178.082722416049	
0.159482758621	-0.422682998896	0.158236972067	3.008465004447	-173.342300730185	64.892983323884	1233.771518841647	791.119256120320	-751.842334461309	178.123260394124	
0.160344827586	-0.421153939580	0.159548881159	3.011601019692	-172.715233493892	65.430997251373	1235.057598715038	791.308862416600	-751.267405158687	178.482907157159	
0.161206896552	-0.421066263473	0.162024790442	3.016502734786	-172.679277521892	66.446367665487	1237.067792108413	791.513379347911	-752.090763622194	179.755107245178	
0.162068965517	-0.421920295279	0.162844326972	3.022996075683	-173.029515971329	66.782459601628	1239.730711254699	792.458747268353	-753.750581648705	180.441276961022	
0.162931034483	-0.422897398310	0.164180165215	3.030419568597	-173.430225931078	67.330286874302	1242.775085749324	794.299563792390	-757.084279620650	181.628267507502	
0.163793103448	-0.422791292438	0.163878764249	3.034321435281	-173.386711912237	67.206682336142	1244.375241303116	795.246997804111	-758.369348549429	181.608714035764	
0.164655172414	-0.417862045954	0.163714478765	3.033000682651	-171.365227895701	67.139308857924	1243.833600640535	794.911018890554	-757.121261165906	180.446440032785	
0.165517241379	-0.411326796458	0.161398153150	3.033590262565	-168.685122032873	66.189383707718	1244.075387367231	794.886950754926	-756.922522006821	177.467283491086	
0.166379310345	-0.406269621988	0.159110901472	3.022054785556	-166.611174748147	65.251381778860	1239.344688167210	791.759945076567	-753.280992277079	174.262235891831	
0.167241379310	-0.400850142259	0.153948488182	3.008593746039	-164.388646074200	63.134276053312	1233.824315769503	788.542130426002	-750.002840655858	170.788620044991	
0.168103448276	-0.398521059477	0.150924155084	3.001639012017	-163.433489209304	61.893997029184	1230.972179299610	787.188648034847	-749.662753056130	168.843265827195	
0.168965517241	-0.397237172306	0.152756109330	2.998572799749	-162.906967071969	62.645281478245	1229.714725627762	786.819491264298	-749.909332852061	169.078702947913	
0.169827586207	-0.400114640364	0.156167587424	2.999602266606	-164.087016742155	64.044328667606	1230.136909992678	786.323340003133	-751.162854203854	171.309713804915	
0.170689655172	-0.404613732746	0.163774900325	3.002809298663	-165.932094558632	67.164087740238	1231.452113861222	786.722861871926	-751.895742688668	175.146316719425	
0.171551724138	-0.411628057962	0.171750549848	3.002676676464	-168.808669377404	70.434901663830	1231.397725496354	786.459561561238	-751.123621119339	180.424610915266	
0.172413793103	-0.417745660727	0.176805751918	3.007078516658	-171.317498313288	72.508040067301	1233.202920190035	787.362027800303	-751.415934100271	184.527942654531	
0.173275862069	-0.420048298772	0.181502472315	3.013498633635	-172.261810191100	74.434165134236	1235.835810205958	789.072546617292	-752.288746589461	187.846233125408	
0.174137931034	-0.423424777213	0.180007460285	3.019720325269	-173.646504022696	73.821060690506	1238.387325987467	790.957598164084	-755.012452222177	188.442176006229	
0.175000000000	-0.428104425458	0.171652118208	3.016311839010	-175.565627800170	70.394534847894	1236.989505749646	790.953106885266	-753.774835309788	186.160153249364	
0.175862068966	-0.430321458739	0.165706942762	3.012083613408	-176.474833163519	67.956418356830	1235.255510401250	789.872571456954	-753.943252124661	184.787683655100	
0.176724137931	-0.430561790217	0.156794477500	3.006183302228	-176.573393104498	64.301416291997	1232.835792746152	788.968416011592	-753.353974073285	180.762643242395	
0.177586206897	-0.429498899552	0.155032886897	3.000626235273	-176.137501635682	63.578987973927	1230.556839549907	787.523347037108	-752.158941883286	179.584408797166	
0.178448275862	-0.429856307925	0.158683425521	2.995972675928	-176.284074811509	65.076073888516	1228.648414830961	785.720629462749	-750.414339336215	181.116851703080	
0.179310344828	-0.430143032731	0.163466676053	2.987997181464	-176.401660656654	67.037684964152	1225.377664496920	783.590650404794	-745.605228611491	182.878224722980	
0.180172413793	-0.427630805888	0.164560786023	2.989143956178	-175.371396410968	67.486379470289	1225.847956814766	783.863537172936	-744.402464172876	182.604833922151	
0.181034482759	-0.429232321851	0.163727676222	2.990569821877	-176.028178118290	67.144721135477	1226.432704347519	785.108812440292	-743.039076944494	182.045627766867	
0.181896551724	-0.432693681592	0.161947887202	2.999315995114	-177.447681771883	66.414829646187	1230.019510051944	787.953795095253	-745.642348282986	181.897837437290	
0.182758620690	-0.433940226445	0.160076320566	3.012081229703	-177.958889824689	65.647300155860	1235.254532843769	790.624630883742	-751.201052259545	181.190590218315	
0.183620689655	-0.433164101281	0.160159873771	3.019397859269	-177.640600889585	65.681565325740	1238.255082678551	792.075135659533	-755.392966917839	181.309418667885	
0.184482758621	-0.431845738174	0.158868335363	3.021458226040	-177.099940170512	65.151905415752	1239.100039105583	791.850095697970	-758.401500144765	180.855185206998	
0.185344827586	-0.429493313692	0.159105224648	3.015812437487	-176.135210874180	65.249053713327	1236.784701181392	789.903300851800	-758.162562612212	180.173925342032	
0.186206896552	-0.425455455617	0.161470138957	3.006761994952	-174.479285250310	66.218905087642	1233.073114636300	786.992456596688	-756.316547601886	180.029484071755	
0.187068965517	-0.422402737864	0.164244871750	3.003064955252	-173.227365678934	67.356823025020	1231.556958629788	785.711162008976	-756.223397406072	180.213849114013	
0.187931034483	-0.421946009063	0.167656629525	3.000815609290	-173.040061194460	68.755984911702	1230.634501835450	785.382512037642	-756.181368475540	181.446450611429	
0.188793103448	-0.421344336039	0.167845968668	3.010271562182	-172.793315083196	68.833632895632	1234.512388181088	787.326010486506	-761.501685595409	181.546376744176	
0.189655172414	-0.422194536901	0.165516884821	3.021020442126	-173.141982462470	67.878475594095	1238.920503919414	789.898128918657	-764.966198593295	181.079260439518	
0.190517241379	-0.423198495801	0.165295933006	3.031069306059	-173.553706014435	67.787863253053	1243.041543086719	792.236581055593	-767.014638198556	182.006013501637	
0.191379310345	-0.425399335212	0.164537118471	3.038223988969	-174.456270271843	67.476673407120	1245.975678597222	793.015401512661	-767.793936246390	182.328292128167	
0.192241379310	-0.424863973136	0.163939754632	3.036013214946	-174.236718280669	67.231694492654	1245.069040155103	792.675825410203	-764.712147757476	182.114915105957	
0.193103448276	-0.423368402122	0.165101284085	3.035777909168	-173.623384597578	67.708037729234	1244.972541253979	792.580582041573	-764.523554382671	181.942019558898	
0.193965517241	-0.420801481693	0.165523460705	3.027754672249	-172.570690512078	67.881172363981	1241.682211738861	791.277459956979	-761.829531704848	180.674112180783	
0.194827586207	-0.421998413696	0.164445644242	3.027099296143	-173.061552334842	67.439159825141	1241.413441993363	791.219397892700	-764.130615242771	180.750271922119	
0.195689655172	-0.425191063146	0.162048118619	3.031269574702	-174.370857895968	66.455934550763	1243.123673258620	792.234168141812	-767.866401692097	180.739335751247	
0.196551724138	-0.425196829321	0.162636173878	3.030789276172	-174.373222604326	66.697096016367	1242.926702828398	792.094255860440	-768.260745005875	181.374298842277	
0.197413793103	-0.424220181200	0.161784196060	3.026683022551	-173.972699203325	66.347699907761	1241.242728190415	790.631597114035	-766.195653365928	181.150366361599	
0.198275862069	-0.427177475987	0.162036102651	3.017985383336	-175.185485815778	66.451006802213	1237.675826288902	788.988988087844	-760.485019826549	182.414274266825	
0.199137931034	-0.428289436374	0.164749401896	3.011893856091	-175.641500778070	67.563730841268	1235.177690924257	787.728124017491	-755.603426738763	184.032680726863	
0.200000000000	-0.428578292686	0.165256637019	3.003034607660	-175.759960753314	67.771747968494	1231.544513082388	786.288037736572	-749.782192784876	183.719743271559	
0.200862068966	-0.425406869423	0.165988858923	2.998580939531	-174.459360051624	68.072032176291	1229.718063752207	786.372142237741	-745.850454495838	183.212506158321	
0.201724137931	-0.420638412459	0.165237095910	2.998575675491	-172.503815818038	67.763734159713	1229.715904969496	787.369936265782	-744.654164779146	181.325835260603	
0.202586206897	-0.419118590846	0.163184497813	2.998080072131	-171.880536964536	66.921963666135	1229.512658028220	788.058590539878	-744.134985082431	180.017758911840	
0.203448275862	-0.420911816230	0.161301181576	2.999805467147	-172.615938706412	66.149615664428	1230.220242535939	788.610502602270	-747.202441316533	179.952349444403	
0.204310344828	-0.420835140777	0.159859489957	3.001280136448	-172.584494102636	65.558377921629	1230.825004426284	788.757034529005	-750.097428106148	179.089192501240	
0.205172413793	-0.417915827254	0.157696697034	3.000014798330	-171.387283606945	64.671416529158	1230.306089255540	787.888276059840	-751.672843356998	177.732380987766	
0.206034482759	-0.415743242332	0.155571142374	2.997958571414	-170.496306515873	63.799726548484	1229.462830583389	786.098829607377	-752.025695475128	176.074998988204	
0.206896551724	-0.413589655566	0.155182450886	2.994743643911	-169.613120568499	63.640324166710	1228.144388792334	785.175645712931	-749.944000669526	174.725544675797	
0.207758620690	-0.413843305491	0.158942438206	2.996759570545	-169.717142404121	65.182294992104	1228.971120318757	784.951335414484	-749.950001909425	176.224146963162	
0.208620689655	-0.415919788180	0.162666423107	2.999907381061	-170.568707969096	66.709501225400	1230.262037432610	785.471805442712	-750.963040423825	178.509581749372	
0.209482758621	-0.416330430223	0.166331131171	3.007798494197	-170.737112273914	68.212398027460	1233.498182983499	787.594592661784	-754.845748772444	180.711029197440	
0.210344827586	-0.415124321485	0.167432632364	3.016740684028	-170.242487072250	68.664123674471	1237.165375094239	790.263355389389	-758.045209816150	181.013767407514	
0.211206896552	-0.417637820730	0.168674575577	3.019617061797	-171.273273129791	69.173444594679	1238.344977637021	791.689847940475	-757.390361381073	183.087751691419	
0.212068965517	-0.426066195320	0.166742709144	3.022412541806	-174.729749606472	68.381186157136	1239.491404007751	792.363664068554	-757.761560161658	185.037409247474	
0.212931034483	-0.429580116922	0.163204747954	3.016308270266	-176.170808879395	66.930268249155	1236.988042207730	791.290841306719	-753.817842077279	184.104896314696	
0.213793103448	-0.428501342586	0.162089866279	3.008242980079	-175.728403516729	66.473055266632	1233.680466646790	788.898418308561	-750.070996116480	182.939549621190	
0.214655172414	-0.426949091036	0.159316610311	2.999777117816	-175.091825145504	65.335742975237	1230.208616475247	787.132958265259	-746.537253604695	180.408583976703	
0.215517241379	-0.422956576309	0.160715958370	2.992695743463	-173.454494829007	65.909615623466	1227.304544804498	785.661854063614	-744.030419102728	179.522961649647	
0.216379310345	-0.418684589800	0.162748787482	2.997318799855	-171.702553132286	66.743278856441	1229.200460262595	786.354207662384	-747.153663372858	179.182676353676	
0.217241379310	-0.417573481616	0.161671527771	3.000710056010	-171.246887658609	66.301494641295	1230.591214434605	787.258868912620	-749.741934677690	178.853097223746	
0.218103448276	-0.418003489160	0.161825977607	3.006802565612	-171.423233755282	66.364834520247	1233.089752664009	788.293371047244	-752.371592478162	179.393642885447	
0.218965517241	-0.416847877684	0.162040338558	3.013384639427	-170.949317481063	66.452743947910	1235.789061180523	790.000538522990	-754.639545388153	179.523648196121	
0.219827586207	-0.416976975717	0.161439845733	3.015091644960	-171.002260585448	66.206481836088	1236.489104161309	790.783038630915	-753.878669496689	179.801211452683	
0.220689655172	-0.418398241872	0.160548336844	3.018943608570	-171.585121845089	65.840874034697	1238.068794464111	792.299390405767	-753.724470914666	179.827644730241	
0.221551724138	-0.415991595544	0.161119284199	3.021003547980	-170.598156169888	66.075019548747	1238.913575629880	793.551316344965	-751.543304518753	179.196676115514	
0.222413793103	-0.414244645005	0.158906577196	3.022537931830	-169.881731741782	65.167588391659	1239.542826457412	793.959754814029	-751.071953250772	177.564746927014	
0.223275862069	-0.412520901820	0.156313275980	3.020051094293	-169.174824649953	64.104075545265	1238.522974366590	793.343296801107	-749.362088498991	175.357443058316	
0.224137931034	-0.410707217467	0.158999322077	3.016551835170	-168.431032684411	65.205623068124	1237.087928176417	791.503414728000	-749.244603527933	175.583454978219	
0.225000000000	-0.412935800426	0.159902253676	3.017426389567	-169.344974571108	65.575915323129	1237.446582940634	790.987242029159	-751.651299777334	176.045794327324	
0.225862068966	-0.416076839884	0.162785402757	3.018398579524	-170.633114873970	66.758294780791	1237.845278048512	790.663313876879	-754.103376633407	178.327499408914	
0.226724137931	-0.419327870245	0.166133299459	3.021191706552	-171.966362447271	68.131267241200	1238.990739461743	790.358067674044	-758.043980555492	181.069209560975	
0.227586206897	-0.422371719516	0.170123066500	3.017854539476	-173.214645053979	69.767470731779	1237.622167221215	788.892321521289	-758.984270815821	184.406441361202	
0.228448275862	-0.425010137554	0.172263200046	3.012938042540	-174.296660309476	70.645139513526	1235.605911794125	787.509825246176	-757.586202300248	186.690952665203	
0.229310344828	-0.426116001713	0.169171794010	3.010493403490	-174.750175208502	69.377353877189	1234.603365302970	788.115106306818	-755.268639999169	185.817708577983	
0.230172413793	-0.423809604031	0.165071721383	3.011729345186	-173.804321503325	67.695914064777	1235.110225000804	789.669922378732	-753.799718407812	183.820502406409	
0.231034482759	-0.421245209346	0.160704650817	3.017060706478	-172.752663225859	65.904978396258	1237.296616303237	791.634955246865	-754.409826239227	181.172891764818	
0.231896551724	-0.418456355050	0.157862566133	3.025568414758	-171.608954059919	64.739439447641	1240.785627526875	794.376797174604	-756.456373604853	179.219012220742	
0.232758620690	-0.418983058149	0.157083132421	3.024022611204	-171.824955004222	64.419793677014	1240.151693478691	793.835899460380	-754.179532090828	178.477680225902	
0.233620689655	-0.420124660103	0.156973626531	3.018040711517	-172.293125973649	64.374885310875	1237.698516376407	792.545076759186	-750.837764568384	178.059225889366	
0.234482758621	-0.419791337203	0.161183113203	3.013696413650	-172.156430249761	66.101195823978	1235.916919791353	791.884906183713	-748.176135926111	179.507291530631	
0.235344827586	-0.419403336414	0.164327638259	3.006380914615	-171.997311123590	67.390765570739	1232.916833587367	789.699901794721	-745.506398896908	180.093599140795	
0.236206896552	-0.418161955048	0.165532048880	2.993169825129	-171.488220617115	67.884694374444	1227.498965699056	786.683313059575	-739.825604504594	180.161282963935	
0.237068965517	-0.418877351353	0.165859317617	2.988313906789	-171.781604646682	68.018907285992	1225.507553554769	785.321646596526	-738.856325750509	181.079616244081	
0.237931034483	-0.422412796811	0.162798951542	2.990637521810	-173.231490853157	66.763851137776	1226.460468090857	785.935926195884	-740.717209697306	180.959936105012	
0.238793103448	-0.421593833267	0.159290933851	3.002051663679	-172.895633898093	65.325213058729	1231.141407749047	788.199373719227	-747.195333353637	179.762251688100	
0.239655172414	-0.420845559458	0.154194993282	3.009852463046	-172.588766803794	63.235367796537	1234.340515622642	790.249026625612	-750.657802240384	177.219663650015	
0.240517241379	-0.419144195867	0.152820777282	3.013779075997	-171.891037583739	62.671801805716	1235.950819620515	791.712837943129	-751.129835244634	175.877308096043	
0.241379310345	-0.417061344048	0.150508404409	3.018649882409	-171.036860038553	61.723497674438	1237.948337363291	793.007595916649	-751.981762967107	173.816070263920	
0.242241379310	-0.415496393080	0.153538323927	3.020284799588	-170.395073635833	62.966067689498	1238.618816909515	793.671225969431	-752.047901795246	174.721690167467	
0.243103448276	-0.414824480109	0.158525886352	3.019027379108	-170.119522121843	65.011467073978	1238.103148762225	792.940502656971	-752.165037725327	176.594549852925	
0.243965517241	-0.415546320016	0.162566027707	3.015361293692	-170.415548672462	66.668329071299	1236.599687108085	791.203329650499	-753.289055847046	178.534571827840	
0.244827586207	-0.417980748474	0.165090814928	3.006529877222	-171.413907799903	67.703744327836	1232.977923153634	788.380090416242	-751.972773134649	180.396111642806	
0.245689655172	-0.422035770156	0.167845735272	3.000115382330	-173.076872219317	68.833537179671	1230.347338754606	785.916590983486	-751.929230868432	182.679978012991	
0.246551724138	-0.425195999358	0.169997656081	2.995680790083	-174.372882236682	69.716039918023	1228.528712443813	784.239127131647	-751.220573934864	184.841222057691	
0.247413793103	-0.428055236653	0.169475288039	2.996786384368	-175.545455470636	69.501816780450	1228.982116667664	783.637933135639	-752.156350160629	185.930121393444	
0.248275862069	-0.428699776922	0.168466115051	3.002141401876	-175.809781439330	69.087954931465	1231.178209384073	785.275742202167	-753.177912404028	185.582098168983	
0.249137931034	-0.425453722694	0.167596664341	3.012709128593	-174.478574578477	68.731393189453	1235.512034183081	788.485354628997	-755.834971979759	184.373298443506	
0.250000000000	-0.424521620585	0.165486626388	3.021805773679	-174.096319497100	67.866066610317	1239.242568394867	791.914589355153	-757.766756170651	183.122058573075	
0.250862068966	-0.425564474470	0.162428637730	3.028822576259	-174.523993882391	66.611985440730	1242.120159180484	795.319079560246	-760.120946252728	182.005695982833	
0.251724137931	-0.425569846421	0.160638240599	3.031985101960	-174.526196919633	65.877743565279	1243.417110991974	796.498788853053	-761.474196031256	181.026052217722	
0.252586206897	-0.425861472493	0.158424851971	3.024676019329	-174.645792773592	64.970032873901	1240.419656155526	794.848265656711	-758.990777539103	180.418450275923	
0.253448275862	-0.423692395022	0.159081240717	3.015959520215	-173.756254088081	65.239217903125	1236.845019809130	792.069232820641	-755.559350665726	180.697980142172	
0.254310344828	-0.423743666807	0.161114013552	3.004480567759	-173.777280647639	66.072858056522	1232.137501328564	788.663699666321	-751.054011311055	181.526731836012	
0.255172413793	-0.424141695400	0.164316141668	2.993530369211	-173.940512176174	67.386050818565	1227.646824829701	785.590283714323	-745.984901941793	183.123745087166	
0.256034482759	-0.425560011312	0.164850892281	2.987379889216	-174.522163541461	67.605352048882	1225.124512941756	783.592821496096	-743.659752339427	183.657256605789	
0.256896551724	-0.423593839961	0.164866251743	2.985007426336	-173.715836657093	67.611650964018	1224.151565898200	782.643161088105	-742.845053196718	182.614593612040	
0.257758620690	-0.422459578052	0.165830342976	2.989122066193	-173.250675840357	68.007024785315	1225.838979731892	782.919078295255	-745.355558167631	182.641114636204	
0.258620689655	-0.423775909224	0.163549390021	2.995596413743	-173.790503262911	67.071605962834	1228.494109706221	784.926018377877	-748.537220059200	181.726366086982	
0.259482758621	-0.423967042333	0.165437583555	3.010994177488	-173.868886952149	67.845954144096	1234.808732723200	789.039580750016	-756.141790927157	182.760830788652	
0.260344827586	-0.423467601848	0.167650651009	3.026208136443	-173.664066405981	68.753533122028	1241.047977394209	792.636787326129	-763.066438750867	184.028241203844	
0.261206896552	-0.425416258162	0.167146113341	3.028224143315	-174.463210373812	68.546622221012	1241.874741826189	793.485300065030	-763.173475155231	184.799915924885	
0.262068965517	-0.425924781525	0.166810402243	3.027691186427	-174.671755808046	68.408947097516	1241.656176202757	793.270998109844	-761.875142895822	184.790649684326	
0.262931034483	-0.425198152553	0.165864887694	3.022432234146	-174.373765261962	68.021191574466	1239.499479836490	791.844750501113	-759.354934507770	183.600610372210	
0.263793103448	-0.422371740901	0.166146167610	3.016119394102	-173.214653824003	68.136544469850	1236.910584091327	789.666153660302	-757.363283537656	182.661197915534	
0.264655172414	-0.418679405538	0.164443741686	3.013155358305	-171.700427066373	67.438379587101	1235.695032990661	788.549593262802	-756.425121469731	180.274236975777	
0.265517241379	-0.414940423423	0.165395747473	3.014760162663	-170.167070475645	67.828797166653	1236.353163268992	788.570480733021	-757.592856526615	179.227532512463	
0.266379310345	-0.416572825811	0.164184543451	3.016488731181	-170.836518706061	67.332082389147	1237.062049229815	788.111619983363	-759.855625068626	179.228111836553	
0.267241379310	-0.419880305980	0.163217567776	3.018867378843	-172.192916345913	66.935525658098	1238.037532652411	788.822206185857	-762.250143220052	179.935365064415	
0.268103448276	-0.422911515801	0.164404071726	3.024551092362	-173.436015514155	67.422110936103	1240.368423605216	790.088162679818	-766.170427301769	181.639749456238	
0.268965517241	-0.427535789978	0.163039384623	3.034541965492	-175.332430385617	66.862452745663	1244.465680743909	793.137772723371	-770.831125224201	182.876426927174	
0.269827586207	-0.427896514028	0.161780250196	3.044571845968	-175.480363321229	66.346081708542	1248.578934795817	796.527372946127	-773.772912132075	183.418579414234	
0.270689655172	-0.425121594329	0.161073708983	3.051632195465	-174.342368733700	66.056329152636	1251.474384172597	798.228536126207	-774.815894978977	182.302850340592	
0.271551724138	-0.421774671351	0.159210518895	3.045225286482	-172.969795597599	65.292234884619	1248.846910754789	797.075712219748	-769.276520959094	180.039042076225	
0.272413793103	-0.418803733431	0.157547516669	3.030854656178	-171.751413936163	64.610237660506	1242.953515169131	793.855332306936	-761.362676406932	177.683125612204	
0.273275862069	-0.416482171089	0.157055348682	3.013673123621	-170.799341203855	64.408399565630	1235.907368550474	790.325162094062	-752.569630129935	175.983714716014	
0.274137931034	-0.415167451629	0.159826521836	3.002198893425	-170.260174744363	65.544857694781	1231.201786668976	788.171689646814	-746.725040042621	176.448177354138	
0.275000000000	-0.412187643114	0.158474425754	3.001260152051	-169.038155252307	64.990363082535	1230.816808824958	787.964413252798	-746.329667096946	174.654344684019	
0.275862068966	-0.411113617404	0.158076232990	2.998767595767	-168.597697301354	64.827064227206	1229.794611475917	787.617264996781	-744.381396344780	174.235695022586	
0.276724137931	-0.413809974619	0.161067851380	2.999025431598	-169.703473413376	66.053926949627	1229.900349951936	786.936914707525	-745.073666258067	176.892452713526	
0.277586206897	-0.419262950965	0.164090007167	2.995818009635	-171.939739050320	67.293313058170	1228.584986182991	785.712934587111	-744.437731364428	180.372503155767	
0.278448275862	-0.420188645167	0.166875673660	2.996434820013	-172.319366248576	68.435714905908	1228.837940123242	785.881548382096	-744.979381768901	182.723787665301	
0.279310344828	-0.419398845772	0.167803542878	2.996880267861	-171.995469511585	68.816234078770	1229.020618288872	785.959360346493	-745.234865917309	183.306376880750	
0.280172413793	-0.416899013957	0.164652404294	3.001244708272	-170.970288466922	67.523952124039	1230.810475330998	787.850887730420	-746.644343757526	181.211407973019	
0.281034482759	-0.413244768724	0.164350642887	3.008287108462	-169.471682472231	67.400199768851	1233.698563696993	790.149913834192	-749.904598200685	179.995223828033	
0.281896551724	-0.410135282197	0.163911826324	3.010935506536	-168.196482026178	67.220241093488	1234.784671765388	791.220085005809	-751.020719096599	178.239793368611	
0.282758620690	-0.408415746369	0.163804249231	3.012088304621	-167.491300371157	67.176123726848	1235.257434267614	791.177063305678	-751.766969778734	177.409392145550	
0.283620689655	-0.408637291669	0.162785562326	3.013778889215	-167.582156100368	66.758360220220	1235.950743021417	791.110476438730	-752.360658308375	176.434224404959	
0.284482758621	-0.410990876059	0.165651925319	3.012357614796	-168.547361074663	67.933855702973	1235.367878372556	790.056883291737	-752.248528173427	178.261251114006	
0.285344827586	-0.416357270608	0.167958405522	3.009585736988	-170.748119515788	68.879743250017	1234.231131264514	787.949075594899	-753.138426159025	180.622814088114	
0.286206896552	-0.421295093820	0.171072777115	3.000293357274	-172.773120848780	70.156947061784	1230.420326280458	784.913862411747	-751.578386276546	183.714249030583	
0.287068965517	-0.425382369858	0.175014571303	2.992071748049	-174.449312779761	71.773476885010	1227.048644280965	782.197876490704	-750.340905251912	187.219344821922	
0.287931034483	-0.429411889754	0.173671734876	2.988834813532	-176.101818916927	71.222779656962	1225.721177413690	781.998736970250	-749.563556796445	187.785403528482	
0.288793103448	-0.428230032643	0.166269224089	2.994156884260	-175.617139307287	68.187009932805	1227.903758655611	785.107050459821	-750.045037786616	184.672358202776	
0.289655172414	-0.423451867363	0.161633817059	3.013356639486	-173.657613693425	66.286029478363	1235.777578404346	790.725476833451	-755.726305759060	181.221829077960	
0.290517241379	-0.421611004387	0.157509702025	3.031485204872	-172.902675774724	64.594729874840	1243.212103193138	796.375019214954	-760.304651067722	178.801678156783	
0.291379310345	-0.418898762276	0.153106497104	3.057414598953	-171.790385266326	62.788975506633	1253.845747882429	803.052251491332	-769.445753745949	176.198181613162	
0.292241379310	-0.419244529354	0.151937844567	3.066308548563	-171.932184347506	62.309711093052	1257.493156678158	805.479173778198	-771.228638056602	175.126870573529	
0.293103448276	-0.418563962942	0.151228624802	3.067820793029	-171.653084057210	62.018860062892	1258.113328144145	805.896178536158	-770.831273937952	174.549686911972	
0.293965517241	-0.419626609570	0.154216511544	3.057329432123	-172.088875446675	63.244192435959	1253.810820964867	802.880873509191	-766.539742243977	175.682720482222	
0.294827586207	-0.418049278345	0.162944718865	3.041136049092	-171.442011900411	66.823630317930	1247.169914473356	798.300836655542	-760.369938459483	178.787809260649	
0.295689655172	-0.417584386071	0.171900376908	3.022238639936	-171.251359575630	70.496345742492	1239.420086849716	792.498679695145	-754.651751996872	182.587893135883	
0.296551724138	-0.420485275115	0.176109988824	3.004603070689	-172.441014192415	72.222707617849	1232.187739781026	787.633474559435	-748.784607629928	185.506765317925	
0.297413793103	-0.425921614112	0.178451096711	2.998627136359	-174.670456852117	73.182795978361	1229.737009071642	785.964833856340	-748.143932392407	189.000050593390	
0.298275862069	-0.430905425385	0.174942554997	3.003717602650	-176.714317889161	71.743942997460	1231.824609332485	787.376669280781	-751.287164473239	189.120665301898	
0.299137931034	-0.430691935550	0.166333875123	3.015747059554	-176.626765706235	68.213523322441	1236.757889690764	791.063680893318	-755.830578915112	185.713792074298	
0.300000000000	-0.424804352587	0.159368069394	3.032228261877	-174.212267892986	65.356846345234	1243.516830875807	795.517865865432	-762.365638019282	181.098115416672	
0.300862068966	-0.419976546428	0.155441035122	3.041214953213	-172.232384554440	63.746369563503	1247.202273053885	798.419626763215	-765.556987059299	177.331577820791	
0.301724137931	-0.417960369475	0.155105578221	3.051750264703	-171.405550372284	63.608798686278	1251.522804367883	800.877487872218	-770.433419494988	176.111147971481	
0.302586206897	-0.417672968945	0.156100114940	3.052100507028	-171.287687412840	64.016658201673	1251.666438747721	800.550249084235	-772.190081785651	176.052757631160	
0.303448275862	-0.415986992704	0.163764708922	3.048837195792	-170.596268545010	67.159908245971	1250.328154787535	798.971143370235	-771.912653592726	178.727848235349	
0.304310344828	-0.413350765535	0.168906289670	3.048271815937	-169.515151764985	69.268470545598	1250.096292505174	797.728833270048	-772.482150729115	179.869047820387	
0.305172413793	-0.410425884312	0.170831099981	3.039107462908	-168.315657955428	70.057835267174	1246.337991265649	794.991679506143	-769.007276668781	180.232953866608	
0.306034482759	-0.409768950912	0.173580916347	3.027035909684	-168.046249563715	71.185534977798	1241.387447206001	790.704011257789	-765.818739509868	181.874960612602	
0.306896551724	-0.413982167433	0.174879063973	3.011812047796	-169.774089687798	71.717905328138	1235.144141341796	786.001554227613	-761.134012917960	184.006573918427	
0.307758620690	-0.419665476816	0.172414655401	2.998058757850	-172.104814904479	70.707251355956	1229.503917041236	782.278825685567	-756.456947315730	185.335101025005	
0.308620689655	-0.420751986325	0.171529833136	2.991626424621	-172.550392461453	70.344385738815	1226.866017140134	780.813784339947	-753.559339597488	185.132542782337	
0.309482758621	-0.419544056397	0.167846115643	2.988163964434	-172.055020389569	68.833693169936	1225.446062193702	781.275277886931	-750.012169233046	182.723328104241	
0.310344827586	-0.417246526419	0.165067892827	2.992493853324	-171.112803330234	67.694343974207	1227.221749657324	783.280562716565	-750.085460479826	180.816968214089	
0.311206896552	-0.417821235356	0.164369077523	3.000946810209	-171.348491469025	67.407759813074	1230.688307333238	786.313204003869	-752.749843114323	180.309725814869	
0.312068965517	-0.418901819560	0.165757219351	3.007030939919	-171.791639058524	67.977036786481	1233.183408969098	788.312297093982	-755.046098745252	180.723614016287	
0.312931034483	-0.420963908864	0.168020924958	3.009491292878	-172.637301896323	68.905382471254	1234.192399734362	788.922069682957	-756.337405805714	181.997558652599	
0.313793103448	-0.422285379772	0.170742124119	3.006398406998	-173.179237124497	70.021346265736	1232.924007213766	788.315263764940	-754.528109938149	183.618937850961	
0.314655172414	-0.422324308007	0.174288164678	3.000876378637	-173.195201593789	71.475577523189	1230.659423345419	786.294653366069	-751.576951948256	184.991009979896	
0.315517241379	-0.421065766002	0.175705227463	2.994886115555	-172.679073509022	72.056714980791	1228.202816414456	784.796118932337	-747.938532832743	185.134990230159	
0.316379310345	-0.422228052161	0.171840907436	2.989680943979	-173.155727070739	70.471957311500	1226.068175515767	783.785870437901	-746.600796080200	184.158831247014	
0.317241379310	-0.421875621220	0.169520688340	2.986130986489	-173.011195139645	69.520435444536	1224.612337924864	783.111427761676	-747.155295919645	183.143640546688	
0.318103448276	-0.417910361833	0.167848985411	2.985615701963	-171.385042238069	68.834870061848	1224.401019737081	783.160086398276	-748.758711064777	182.358985526993	
0.318965517241	-0.414624945195	0.161876788387	2.986901358300	-170.037692852391	66.385672021404	1224.928267409742	783.637250301984	-749.734425597599	179.741233666798	
0.319827586207	-0.411748731153	0.156692196982	2.988254339832	-168.858157454028	64.259471050903	1225.483125145314	784.393824838050	-748.848165227697	176.672676335058	
0.320689655172	-0.410501769589	0.155328821495	2.993245012370	-168.346778508148	63.700350754370	1227.529799987015	785.397897239812	-749.955620364939	175.467167013540	
0.321551724138	-0.411231644387	0.155586742220	2.998579418260	-168.646100167784	63.806124045369	1229.717439878901	786.295059920566	-751.851854246656	175.014882003513	
0.322413793103	-0.413400786242	0.159014736763	3.000089594311	-169.535665257201	65.211944630816	1230.336763087768	786.875770175237	-751.931987348403	176.640902840221	
0.323275862069	-0.413459530726	0.163675667680	3.003774298388	-169.559756370473	67.123392431868	1231.847860255084	787.294688164828	-753.264949391071	178.109159712406	
0.324137931034	-0.414383755172	0.167278967398	2.999178781679	-169.938780822158	68.601105670910	1229.963238821320	786.112462666124	-750.298170413715	179.766827127570	
0.325000000000	-0.416402373749	0.170593026985	2.995426841124	-170.766616314537	69.960201530011	1228.424567974148	784.737793775610	-747.653416656427	182.082595189590	
0.325862068966	-0.422114466453	0.170584355270	2.985884985876	-173.109145571189	69.956645259501	1224.511453071846	782.410439039173	-743.059635110557	183.772829172263	
0.326724137931	-0.424513484543	0.169939788084	2.978052817130	-174.092982906291	69.692308252432	1221.299480615439	780.385614615875	-740.617813601861	184.836812991111	
0.327586206897	-0.424982990241	0.167300531824	2.972595613175	-174.285527196451	68.609949242150	1219.061481236594	778.846615851314	-739.696157646362	184.274970106536	
0.328448275862	-0.422893222747	0.163814812637	2.970596710444	-173.428513532510	67.180455779585	1218.241731212899	778.844876329317	-739.673583180078	182.238706858018	
0.329310344828	-0.417913322081	0.161018997932	2.978030354794	-171.386256235765	66.033892149916	1221.290268811588	780.463574259520	-743.990261948986	179.511032276804	
0.330172413793	-0.416388885179	0.159756923397	2.988616279177	-170.761084651547	65.516315374466	1225.631556473034	783.342291813410	-749.660509117025	178.538532353504	
0.331034482759	-0.418009563923	0.161510136973	3.001389598871	-171.425725015477	66.235308273993	1230.869894966842	786.382744961586	-757.018400229154	179.153098660966	
0.331896551724	-0.417974961957	0.155874289614	3.011250018018	-171.411534749253	63.924047233917	1234.913652926074	789.561023357708	-761.367193835948	176.719522645660	
0.332758620690	-0.414882772884	0.157462132708	3.017037485107	-170.143427989070	64.575221697308	1237.287093218622	791.375169589815	-761.945391969812	177.030771869938	
0.333620689655	-0.412913064068	0.161053246477	3.022143456844	-169.335650390280	66.047937478536	1239.381052263065	792.143608129443	-762.249464165113	177.860371070344	
0.334482758621	-0.413461157709	0.163444038573	3.016545627462	-169.560423596158	67.028401333358	1237.085382395338	790.674914496426	-757.743307146630	178.557812888349	
0.335344827586	-0.414523706725	0.166226085706	3.009280548521	-169.996174955012	68.169318881798	1234.105973471952	788.641153892418	-753.707175497246	179.882407271316	
0.336206896552	-0.416516650031	0.168168876716	2.999625461687	-170.813481018220	68.966057488301	1230.146422295427	786.342519740971	-749.554562769325	181.274035037514	
0.337068965517	-0.415492442434	0.170666805145	2.993102663822	-170.393453476008	69.990457953796	1227.471422846591	784.300080722418	-747.369435234053	182.291239264526	
0.337931034483	-0.415828813169	0.168428728698	2.991482108256	-170.531399116648	69.072622787809	1226.806832998058	783.132549397485	-747.848365561506	181.254248973551	
0.338793103448	-0.418810749853	0.163955746208	2.989112970289	-171.754291370877	67.238252638008	1225.835249501650	782.652731124161	-747.462280646724	180.379840704314	
0.339655172414	-0.419643085717	0.160863481765	3.000874324893	-172.095632314610	65.970114968781	1230.658581104789	784.801403708385	-753.936199898350	179.681025886496	
0.340517241379	-0.422289598334	0.156830331874	3.008896115647	-173.180967156834	64.316120171176	1233.948317547842	787.000960813711	-756.761173448238	178.511351189710	
0.341379310345	-0.423153084667	0.155231549545	3.018765571850	-173.535082907829	63.660459526952	1237.995781603743	790.119545661561	-760.093655192043	178.186078742007	
0.342241379310	-0.421372220923	0.155111592935	3.030613912384	-172.804750674391	63.611265320369	1242.854786137664	793.514824135202	-764.781841733194	177.440180167674	
0.343103448276	-0.420314258986	0.155392969214	3.037026028395	-172.370880476582	63.726657734279	1245.484394957398	795.649318701652	-766.843272802173	177.169926029642	
0.343965517241	-0.421092437930	0.157745780949	3.038500289867	-172.690011667070	64.691545843117	1246.088989597397	795.867264435086	-766.887835410870	178.616511940209	
0.344827586207	-0.420457663056	0.161170464531	3.034291361133	-172.429690486652	66.096008603267	1244.362907894896	794.730963164437	-764.246954449977	180.007131287044	
0.345689655172	-0.419376321465	0.165176617380	3.023695282450	-171.986232292826	67.738931913951	1240.017455954558	791.470471865758	-758.898123591812	181.519008712797	
0.346551724138	-0.417374894534	0.169507453466	3.018672818569	-171.165447094807	69.515007822422	1237.957743482876	789.473616111094	-755.839020791196	182.741492293599	
0.347413793103	-0.417719487112	0.171621183886	3.009191189523	-171.306764513468	70.381848681944	1234.069327346161	787.204347641637	-752.170547724258	183.470243002181	
0.348275862069	-0.420400727753	0.173380340407	3.006350612886	-172.406341318635	71.103278783444	1232.904406848020	785.562812019821	-754.320949647291	184.727873802586	
0.349137931034	-0.422685160048	0.174631736259	3.007287133721	-173.343187018332	71.616476231005	1233.288474048724	785.617696545111	-758.069410118147	186.029351464325	
0.350000000000	-0.423915781391	0.173140725643	3.011983533684	-173.847864839749	71.005012767090	1235.214467705859	786.825677077324	-762.494686400020	186.444857161167	
0.350862068966	-0.424730119251	0.169719083131	3.017863147313	-174.181824801420	69.601797149458	1237.625697295022	788.466719683153	-765.243813168990	185.227256925706	
0.351724137931	-0.421497455816	0.169148815985	3.023377757268	-172.856109504799	69.367930589140	1239.887238875087	790.441389953977	-766.178202761756	184.383536315153	
0.352586206897	-0.420274233834	0.167352192984	3.028883373331	-172.354466161780	68.631135483943	1242.145092060200	792.923549679847	-767.401147561005	183.107641554951	
0.353448275862	-0.419536377126	0.168082530553	3.029342963941	-172.051871120655	68.930646926005	1242.333570172758	794.376377939395	-766.469634537932	182.883293085128	
0.354310344828	-0.417576309237	0.167951539820	3.029374424211	-171.248047265999	68.876927625739	1242.346472029570	794.413331349091	-766.159935617789	182.268880983932	
0.355172413793	-0.417326272274	0.165283247263	3.021865922919	-171.145507105740	67.782660829734	1239.267235598356	792.420301587374	-762.740981839273	180.495754968570	
0.356034482759	-0.416292429996	0.167303952277	3.014190301949	-170.721528380321	68.611351969958	1236.119463386452	789.889995650422	-759.064833001590	180.596445249204	
0.356896551724	-0.415361714002	0.168549438531	3.012553663604	-170.339841744929	69.122125891265	1235.448277989978	788.444956897273	-758.045738724930	180.407052231408	
0.357758620690	-0.417377424434	0.167600685465	3.008203860235	-171.166484606849	68.733042252186	1233.664423598400	787.328698136613	-756.510792991971	180.739470196693	
0.358620689655	-0.421935649073	0.169356400520	3.006278696764	-173.035812562377	69.453061008304	1232.874914046013	786.153616190787	-757.531967107946	182.907880268933	
0.359482758621	-0.423278405245	0.170633475363	3.008373273648	-173.586476877735	69.976789410290	1233.733900040224	786.551101484752	-760.105162969836	183.773792892827	
0.360344827586	-0.423300578117	0.168051515882	3.015669013055	-173.595569972527	68.917927809350	1236.725882820818	789.342154789879	-763.325568385111	183.635847964479	
0.361206896552	-0.424296355047	0.161938926880	3.022398812763	-174.003938098710	66.411155017974	1239.485773727117	791.831085396578	-765.030691381155	181.528388267667	
0.362068965517	-0.422867120934	0.158342458625	3.025128593619	-173.417809179080	64.936243361991	1240.605256874949	793.002120460930	-764.288451470657	179.633165298470	
0.362931034483	-0.422003999868	0.155072477156	3.021628171338	-173.063843224137	63.595223939156	1239.169733673526	792.124543428407	-761.652688472195	177.990912376679	
0.363793103448	-0.423408071900	0.153015715637	3.014685919369	-173.639653173848	62.751746026262	1236.322716093612	791.144781124390	-758.053466683197	177.074565245363	
0.364655172414	-0.422100907929	0.155836769052	3.006405962256	-173.103585220589	63.908660051145	1232.927105624942	789.011491638215	-755.092436437465	177.998088546408	
0.365517241379	-0.421455745182	0.165136698158	3.000460623493	-172.839003973358	67.722561040739	1230.488922158015	786.528526006260	-753.318060364005	181.122005107759	
0.366379310345	-0.422151100942	0.172136263845	2.995097514565	-173.124169375592	70.593082977004	1228.289511150073	785.029973674787	-749.875506152350	184.284105953301	
0.367241379310	-0.424597495271	0.176509063505	2.993631924935	-174.127435706530	72.386368147322	1227.688472832552	783.976776732220	-747.733445183440	186.864824744037	
0.368103448276	-0.428679061422	0.179174004194	2.991859142833	-175.801286012639	73.479260342127	1226.961454880420	782.754893921284	-746.189366271512	188.866852489048	
0.368965517241	-0.435804990890	0.178226701828	2.997611962787	-178.723629736232	73.090771635322	1229.320686382955	783.943761903512	-750.005752293582	191.071484386190	
0.369827586207	-0.439453552418	0.173003511981	3.007520061894	-180.219904843870	70.948741443335	1233.383997894171	787.213970840286	-755.335336041741	190.030555692504	
0.370689655172	-0.436385667984	0.166577684593	3.021446692020	-178.961765416256	68.313509587662	1239.095309003834	791.918342521165	-761.709606732366	186.984738639202	
0.371551724138	-0.430417180438	0.159543174042	3.037449688009	-176.514088632984	65.428656762534	1245.658137768042	796.510020460435	-768.390333886676	182.592618506002	
0.372413793103	-0.424919043702	0.155262845810	3.041745671397	-174.259302720306	63.673294125388	1247.419920584950	798.095531895825	-768.957252962565	179.003765501903	
0.373275862069	-0.420494302366	0.153923112012	3.038342308679	-172.444716267935	63.123869285803	1246.024201511040	796.830650572254	-767.071666192214	177.394836252092	
0.374137931034	-0.416713420390	0.152376633038	3.024948089281	-170.894176543829	62.489658248283	1240.531232044416	793.782097904499	-760.943615553017	175.178344421732	
0.375000000000	-0.416732525480	0.159214091974	3.012957568001	-170.902011541693	65.293700204300	1235.613919185956	790.707685059074	-756.929002536280	177.490333968132	
0.375862068966	-0.414329238502	0.159661003255	3.006772972162	-169.916423535291	65.476978523802	1233.077616390224	789.532757869259	-755.048576572994	177.054645028547	
0.376724137931	-0.410520209285	0.162644225108	2.999091051123	-168.354340627545	66.700397825969	1229.927260519741	787.560259894845	-751.568566103843	177.996232702907	
0.377586206897	-0.412797726475	0.167005600129	2.998821324752	-169.288350442669	68.488997751704	1229.816645732983	786.275104600929	-750.263703675477	180.649801794289	
0.378448275862	-0.418916936427	0.169220241736	2.998960421452	-171.797838485679	69.397222289903	1229.873689290684	785.456015718655	-749.149839896460	183.204102517600	
0.379310344828	-0.419609782014	0.171571487141	3.003810726021	-172.081974465820	70.361468046567	1231.862799227407	786.115718238533	-750.064816423749	184.745591466178	
0.380172413793	-0.420091666887	0.169906431894	3.009395671592	-172.279595455613	69.678628878683	1234.153185444165	787.882247400648	-751.316166428273	184.348416738155	
0.381034482759	-0.416781565308	0.168879054152	3.015894965232	-170.922122775400	69.257301259679	1236.818545810323	790.220081322268	-751.866043177826	182.811574162721	
0.381896551724	-0.412769135011	0.167294802750	3.023647185134	-169.276625083007	68.607599748592	1239.997731245066	792.033747559847	-753.986790905881	180.927080574711	
0.382758620690	-0.414836149362	0.163635799211	3.028252787665	-170.124307682626	67.107042372515	1241.886488874422	793.740037532734	-756.030298982830	179.581303178371	
0.383620689655	-0.414813865253	0.163673027576	3.030346504370	-170.115168969127	67.122309725357	1242.745122109393	793.878779648075	-759.097661238158	179.289835756335	
0.384482758621	-0.414468142949	0.160347978007	3.021803483825	-169.973388249916	65.758706874160	1239.241629325640	791.752943884172	-758.044569811375	178.081350176668	
0.385344827586	-0.413666791292	0.157279219581	3.006935150065	-169.644753930239	64.500209022930	1233.144125549047	788.594500279486	-754.451428200077	176.868016454292	
0.386206896552	-0.413719795292	0.156431236160	2.995540991432	-169.666490870852	64.152451015908	1228.471381016262	786.145470756867	-751.841781691322	176.388886675241	
0.387068965517	-0.415108625838	0.156871534250	2.981385986430	-170.236050287207	64.333017265797	1222.666413368239	783.389083167211	-745.623118648965	176.932812758392	
0.387931034483	-0.416255496885	0.160065501661	2.980282705094	-170.706382111490	65.642863322787	1222.213957684795	782.868432338594	-744.229157447393	178.639348367425	
0.388793103448	-0.417533137188	0.162866996318	2.988657976356	-171.230342408534	66.791756300762	1225.648656486375	784.827233293096	-744.993693695172	179.577637465368	
0.389655172414	-0.419042599247	0.165827026781	3.002438304250	-171.849372809255	68.005664813697	1231.299969049920	788.051322977538	-748.279978179631	180.981407674032	
0.390517241379	-0.422950067915	0.165362941279	3.021944955655	-173.451825736592	67.815343346289	1239.299646923846	792.652209825634	-754.275203618463	181.925884640863	
0.391379310345	-0.427752352462	0.165974967643	3.034138331351	-175.421242662124	68.066335362478	1244.300150380228	796.044547814952	-758.214452579344	183.931543245027	
0.392241379310	-0.428593869885	0.169227540790	3.045541591504	-175.766348963036	69.400215632041	1248.976627446641	798.199206827572	-763.719663549039	186.111228789502	
0.393103448276	-0.425592933009	0.169752720967	3.044370175329	-174.535664729566	69.615592026358	1248.496229665351	797.962928975423	-764.527892869521	186.214836428560	
0.393965517241	-0.423080218686	0.165976976805	3.032400595921	-173.505200568491	68.067159319530	1243.587505068403	795.685074273150	-760.641775619239	184.217927031360	
0.394827586207	-0.421486418000	0.162370006699	3.014832345147	-172.851582896249	66.587940854788	1236.382765306166	791.555672856091	-755.263144347282	182.342586563493	
0.395689655172	-0.420229387539	0.163534787731	2.991594939746	-172.336074695760	67.065617563903	1226.853105192574	786.290958324577	-746.342964824820	182.164026192672	
0.396551724138	-0.418404905975	0.165324800877	2.978171742315	-171.587854793954	67.799701967210	1221.348251834925	783.383151855920	-740.395051760044	181.970732370306	
0.397413793103	-0.417426730400	0.167210879825	2.971940791118	-171.186704983764	68.573182956536	1218.792938706200	782.250209904636	-736.523044275637	181.588438599758	
0.398275862069	-0.418095870527	0.166596735902	2.982866174656	-171.461119354441	68.321322529628	1223.273438569642	784.776362794668	-739.908034251973	181.790071814677	
0.399137931034	-0.422103318012	0.164752766966	3.000848968086	-173.104573595353	67.565110856332	1230.648182277896	789.086566625747	-746.906115099484	182.155683053228	
0.400000000000	-0.427141290106	0.166271259422	3.020387514112	-175.170645985441	68.187844622832	1238.660940136556	793.562423486651	-755.136402869097	184.363400964876	
0.400862068966	-0.427369133734	0.166864853413	3.038726407173	-175.264084658977	68.431277522863	1246.181720305816	797.278040560946	-762.942730168542	185.201291092050	
0.401724137931	-0.425941254297	0.171360932491	3.044110477038	-174.678511292349	70.275119583369	1248.389727394552	798.410440627832	-765.423785999704	186.998867588653	
0.402586206897	-0.423278463706	0.173379645093	3.039316841931	-173.586500852685	71.102993634981	1246.423857604167	797.470209650383	-763.863394254610	186.968687582492	
0.403448275862	-0.420412614482	0.172263888415	3.030551638500	-172.411216066362	70.645421813720	1242.829247617639	795.726749777706	-761.397947167327	185.250261518167	
0.404310344828	-0.416182873115	0.172504851676	3.018017008163	-170.676599102956	70.744240848919	1237.688795630907	792.982382745122	-757.981597335398	183.888507738106	
0.405172413793	-0.413496430783	0.172334721490	3.006529079435	-169.574889084247	70.674470458480	1232.977595981099	790.359815588540	-755.614856708697	182.935120899715	
0.406034482759	-0.412813500132	0.167343768493	2.997004982776	-169.294819219559	68.627680600206	1229.071763876135	788.566745684813	-752.234985795091	180.405583352563	
0.406896551724	-0.412606738466	0.164375255098	2.990250984088	-169.210026258892	67.410293236569	1226.301948968187	786.322959870384	-749.101570735767	178.998327175215	
0.407758620690	-0.411604577294	0.158366292258	2.985307879410	-168.799039955483	64.946017534928	1224.274781706259	785.325360062981	-745.320482963377	176.232926772838	
0.408620689655	-0.410432274880	0.154551804818	2.984401117060	-168.318278727655	63.381696210091	1223.902918460129	784.715357088634	-742.177952756356	174.689961015018	
0.409482758621	-0.412423595743	0.155629093249	2.986307624959	-169.134919427063	63.823492202679	1224.684777362373	784.707784825746	-739.814431179506	175.654026637186	
0.410344827586	-0.414113080597	0.159337064233	2.989873389656	-169.827777176999	65.344131128511	1226.147097488966	785.650606234480	-738.348830949478	178.018514960092	
0.411206896552	-0.412256610716	0.165629602595	2.999336862320	-169.066438866457	67.924701153697	1230.028067693061	787.758864142678	-741.101941589674	179.789056722608	
0.412068965517	-0.409665750165	0.168100150707	3.005590795824	-168.003926936790	68.937872951347	1232.592805865629	789.875108881189	-743.421547261272	179.697652109953	
0.412931034483	-0.411047862727	0.170710910655	3.006911233922	-168.570731307914	70.008545623890	1233.134317538636	790.353123356918	-745.471850720372	181.068116481388	
0.413793103448	-0.417057822465	0.168649701229	3.008232477060	-171.035415837330	69.163243624372	1233.676159358643	790.634326551264	-749.130775818905	181.547163451632	
0.414655172414	-0.420068795248	0.168471081806	3.005804814558	-172.270215796021	69.089991797714	1232.680574950159	789.386490502927	-751.629676232939	182.892785073104	
0.415517241379	-0.419422956766	0.169535590659	2.997435624394	-172.005357430129	69.526546885701	1229.248370006773	786.135221773083	-751.583534702663	183.805462022132	
0.416379310345	-0.418817402243	0.170702304077	2.990335965605	-171.757019516019	70.005016066126	1226.336799888782	784.428326520230	-748.631484417594	183.985237200041	
0.417241379310	-0.416806867470	0.164467661264	2.991754770761	-170.932499192088	67.448189006175	1226.918651893150	785.513551618294	-747.239371318446	180.438527018500	
0.418103448276	-0.415816350876	0.158023130318	2.996383920759	-170.526288330000	64.805286820995	1228.817066338829	787.536150240795	-745.667548839925	176.830920946676	
0.418965517241	-0.414680918847	0.158215176224	3.011505983549	-170.060647647201	64.884044848687	1235.018624392234	791.659455026500	-748.175886936664	176.013021778356	
0.419827586207	-0.417033093940	0.158220425519	3.027923318686	-171.025274669036	64.886197584490	1241.751373643842	796.116942661052	-753.318491797795	176.019668341352	
0.420689655172	-0.420718143252	0.159162124993	3.039471719167	-172.536513416775	65.272388545160	1246.487372759901	799.420613046067	-757.785573272482	177.727921321220	
0.421551724138	-0.422982065893	0.166013202555	3.039086638371	-173.464948107652	68.082015500024	1246.329451122594	798.676239514167	-758.500067776223	181.528418070372	
0.422413793103	-0.422403947005	0.170704212617	3.034080001704	-173.227861547398	70.005798758257	1244.276229391452	796.590006773597	-757.973798245495	183.919634281666	
0.423275862069	-0.425618852758	0.170436593883	3.024465477980	-174.546294418940	69.896048313798	1240.333313146686	793.603338744898	-756.156276876669	185.812658431990	
0.424137931034	-0.431237771293	0.169316112883	3.009640574755	-176.850612948254	69.436539048094	1234.253620232975	789.317353279977	-753.485591188915	187.171770805178	
0.425000000000	-0.430794307569	0.170070489697	2.998399157657	-176.668748471941	69.745908984790	1229.643515004638	786.434819228963	-750.624754286813	186.889935205005	
0.425862068966	-0.430703885985	0.168477122107	2.993884792456	-176.631666579988	69.092468925283	1227.792173804872	785.078769608747	-750.068575331453	185.734078154403	
0.426724137931	-0.429030375541	0.163513002620	2.994979958841	-175.945359935484	67.056683489463	1228.241301546875	785.778614129312	-750.493308671682	182.731465469961	
0.427586206897	-0.426880705749	0.161875277981	3.006009519618	-175.063780338984	66.385052604138	1232.764524496748	788.694035426364	-754.205685956219	180.999112919158	
0.428448275862	-0.426241255814	0.161172790380	3.020347175601	-174.801541916204	66.096962433874	1238.644397312838	791.504815580664	-758.482799628672	180.042129878245	
0.429310344828	-0.426238220753	0.159302613419	3.033438309660	-174.800297237679	65.330002849673	1244.013071479815	794.595761023903	-761.460074846537	179.440900051316	
0.430172413793	-0.424633606097	0.160283640778	3.048366552930	-174.142244756211	65.732322176370	1250.135144146723	797.733904691027	-765.966547086929	179.638704867479	
0.431034482759	-0.423347717888	0.163425816037	3.056609819827	-173.614901993060	67.020928271476	1253.515707957555	799.415208174794	-769.256462829816	180.918268896811	
0.431896551724	-0.421585806049	0.164204515920	3.054445234507	-172.892341935977	67.340273098848	1252.628011502797	798.231650719654	-770.318548687970	180.926686107318	
0.432758620690	-0.421509044581	0.164748722572	3.050025143331	-172.860862057484	67.563452250387	1250.815332081519	796.383379863682	-771.195475356105	181.550745919936	
0.433620689655	-0.418522620613	0.163604193395	3.039825699397	-171.636129567616	67.094080826975	1246.632540054640	793.209314823818	-769.469947960364	180.623540135143	
0.434482758621	-0.413630761996	0.160857210714	3.029565410883	-169.629978315350	65.967543210922	1242.424795665118	789.619820424563	-767.844003533241	178.120628838324	
0.435344827586	-0.410091836138	0.158222639313	3.019748726743	-168.178664797248	64.887105461514	1238.398973432223	787.982122118462	-765.052514841987	175.612380496382	
0.436206896552	-0.407518750477	0.157823573946	3.014204780510	-167.123442349847	64.723448751717	1236.125401044295	787.296606758705	-762.958877997469	174.176680516963	
0.437068965517	-0.409899318545	0.156673684286	3.012090859361	-168.099713330787	64.251878994146	1235.258481966802	787.269822085791	-761.779463726886	173.816180246719	
0.437931034483	-0.411780273986	0.159916561778	3.017674590973	-168.871093170128	65.581783075667	1237.548370338925	788.960572169679	-762.867485041542	175.353712428065	
0.438793103448	-0.414768990639	0.165963945139	3.026186206466	-170.096765889988	68.061815033450	1241.038983910644	790.909973643254	-763.795242172325	178.470738938385	
0.439655172414	-0.416155726660	0.174277970458	3.035777313790	-170.665466341532	71.471396873454	1244.972297089545	792.900239008017	-764.681643942831	182.886114740049	
0.440517241379	-0.419664404257	0.179194443092	3.041696725269	-172.104375047998	73.487642334173	1247.399847777301	794.096192321724	-765.361209714055	186.742326055120	
0.441379310345	-0.424332359587	0.178643750723	3.037784398626	-174.018703560545	73.261803389879	1245.795402594382	793.664407661914	-762.300718308681	188.484765465580	
0.442241379310	-0.427912227810	0.177618651586	3.026535723941	-175.486807543127	72.841410226623	1241.182321029489	791.531971495745	-757.698527098713	189.396566453045	
0.443103448276	-0.429006923277	0.177573743297	3.017969582527	-175.935742161722	72.822993337214	1237.669346376997	789.579093821791	-757.096016878646	189.791390410704	
0.443965517241	-0.426599790525	0.168965079467	3.006482205096	-174.948577003839	69.292580241944	1232.958372814125	788.797064310053	-754.846582294127	185.739294054313	
0.444827586207	-0.420952892989	0.160906759072	3.003881392409	-172.632784285798	65.987862992762	1231.891779513763	788.762201503052	-755.818705019548	180.657761623610	
0.445689655172	-0.418329271594	0.157523362893	3.006711419399	-171.556837133851	64.600332196817	1233.052373601486	789.416368049345	-757.274240954545	177.993443938239	
0.446551724138	-0.418122446864	0.155687793885	3.014864444598	-171.472018310598	63.847565333868	1236.395929291054	791.341019253196	-759.877706568279	176.641817116010	
0.447413793103	-0.418293302445	0.155745463090	3.026460428603	-171.542086185409	63.871215475358	1241.151442410648	793.697036514592	-762.432793804018	175.805971294498	
0.448275862069	-0.418063671427	0.158743611578	3.038449393539	-171.447914503480	65.100756190723	1246.068117012651	796.783005568018	-764.141784553932	177.246928451726	
0.449137931034	-0.418414267553	0.161159791820	3.049860255051	-171.591693977286	66.091631724632	1250.747711396656	799.455933074186	-766.288077413993	178.591656732279	
0.450000000000	-0.417294645486	0.163463282695	3.054306465572	-171.132536959748	67.036293347881	1252.571102361605	800.472794659180	-766.108499346771	179.383123250250	
0.450862068966	-0.418242142997	0.166542675149	3.043940189695	-171.521105695669	68.299152214630	1248.319892553771	797.706422012884	-761.594352392100	181.525052201432	
0.451724137931	-0.420205068472	0.164165258986	3.024992631039	-172.326101446353	67.324173829918	1240.549498619603	793.758000137205	-753.921185689738	181.298280045124	
0.452586206897	-0.418117636074	0.159178239210	3.006269052148	-171.470045405446	65.278996985429	1232.870958788974	789.917922928963	-746.249033023884	179.174665829727	
0.453448275862	-0.414334907862	0.157474781324	2.992749488552	-169.918748539992	64.580408894862	1227.326585665901	786.134255626765	-742.486501772476	177.031597565708	
0.454310344828	-0.412587653348	0.156214561766	2.984329410808	-169.202199451886	64.063592845685	1223.873511725662	784.085780671378	-741.334401638165	175.239904490582	
0.455172413793	-0.411648434707	0.158748613596	2.990009551179	-168.817025880880	65.102807518417	1226.202937330686	784.555281850868	-747.053208917301	175.727070292807	
0.456034482759	-0.414681650311	0.160781291606	3.001600518825	-170.060947620664	65.936408784153	1230.956393241376	786.367326771565	-754.626375350658	176.757619884466	
0.456896551724	-0.415487336571	0.165724618904	3.022042260791	-170.391359561611	67.963667342886	1239.339551760840	790.211641537534	-765.250846686619	179.500178114492	
0.457758620690	-0.417488284998	0.170289115518	3.041174945146	-171.211948525107	69.835567435121	1247.185865745316	793.658274190821	-773.801172948181	182.021401006649	
0.458620689655	-0.421535459913	0.174290829643	3.052813529934	-172.871694985278	71.476670425344	1251.958849446346	795.924938980453	-777.725004861508	185.026309769511	
0.459482758621	-0.426097159124	0.177321282853	3.059942628580	-174.742447862945	72.719459307249	1254.882492849851	797.396475162794	-779.373556244399	188.304847167941	
0.460344827586	-0.429188572062	0.176418170768	3.056578162437	-176.010236329763	72.349093035050	1253.502725261463	797.781686358411	-776.053246362520	189.061062225470	
0.461206896552	-0.428682041120	0.179082568985	3.051463389908	-175.802507986966	73.441762761940	1251.405157012551	796.555232528983	-773.641969479756	190.575150617632	
0.462068965517	-0.427886672539	0.177939939785	3.043015761517	-175.476327326399	72.973170519371	1247.940784551829	794.479827209221	-771.247505461131	189.750650843424	
0.462931034483	-0.425556389597	0.175247175634	3.028323280103	-174.520678275922	71.868867922777	1241.915397823736	791.572099252862	-766.505514611501	187.885786442562	
0.463793103448	-0.424342248556	0.169879473063	3.012042490903	-174.022759026689	69.667573061910	1235.238646061838	787.687016722300	-761.455529648172	184.397078238941	
0.464655172414	-0.425052340762	0.164740822434	3.000564605613	-174.313967845192	67.560212403825	1230.531565225815	785.482097369872	-757.515999745398	181.554764432954	
0.465517241379	-0.425055268477	0.162617445353	2.999769652874	-174.315168501416	66.689415448252	1230.205555102276	785.707684101727	-757.717402184372	180.540927152328	
0.466379310345	-0.425506975404	0.162655910222	3.005911636982	-174.500413515003	66.705189891213	1232.724382826963	787.048894818178	-760.238194745084	180.561895907693	
0.467241379310	-0.425318495263	0.165291510627	3.008402622889	-174.423117808081	67.786049635315	1233.745936164414	787.895632327356	-758.626587021615	182.114425334722	
0.468103448276	-0.427236481203	0.168600922580	3.011581779564	-175.209683855035	69.143239499997	1235.049708338302	788.833856184958	-756.537727838047	184.810641224039	
0.468965517241	-0.428341018109	0.171273817955	3.012846857948	-175.662654447888	70.239393911423	1235.568516992527	789.900093465199	-753.016540064734	186.510321455477	
0.469827586207	-0.427328120386	0.173262194671	3.014087025754	-175.247265084855	71.054827216139	1236.077109817911	790.674632582335	-750.762692952257	187.505293683672	
0.470689655172	-0.425748499337	0.171864387462	3.012136963537	-174.599462481908	70.481586470309	1235.277389289333	790.895955840993	-748.913512200544	186.271390013808	
0.471551724138	-0.422043705025	0.170947030383	3.004215717211	-173.080126308965	70.105378326038	1232.028886117358	789.709572950585	-746.747620921824	185.054658461700	
0.472413793103	-0.418138542735	0.166400104161	2.995625100171	-171.478619227225	68.240683851270	1228.505874010638	787.246908547158	-745.289349116247	181.843249873995	
0.473275862069	-0.417059450077	0.160480227198	2.982769322998	-171.036083320863	65.812942268467	1223.233719704178	784.305363850512	-742.313483082736	178.571499380694	
0.474137931034	-0.416227911228	0.159220543126	2.980357862277	-170.695069233307	65.296345821729	1222.244779646217	783.301043228032	-743.749759372058	177.437742673403	
0.475000000000	-0.414817930571	0.159633152152	2.982089234252	-170.116836156375	65.465556786336	1222.954815304808	783.070637805061	-746.154389462347	176.438584352092	
0.475862068966	-0.414312649378	0.161922313517	2.987847206441	-169.909620335529	66.404341877754	1225.316159738926	783.998040694732	-748.489834737489	177.211152008399	
0.476724137931	-0.415489317838	0.163992888429	2.998871985720	-170.392172078833	67.253484663269	1229.837421796311	786.253872695917	-751.971797771352	178.237309719876	
0.477586206897	-0.414918328399	0.166465609058	3.008993935017	-170.158009306293	68.267547409922	1233.988433271906	788.730115173541	-754.393126853767	179.360417924572	
0.478448275862	-0.415913375039	0.167057863579	3.021288452296	-170.566077940132	68.510430993066	1239.030414892108	791.863040575082	-757.830365365029	180.532747535934	
0.479310344828	-0.420296483153	0.167310421679	3.025064413485	-172.363590607472	68.614005071787	1240.578936601486	793.135456227546	-759.249078452579	182.397689779576	
0.480172413793	-0.421558620076	0.170593748700	3.021039744669	-172.881192968092	69.960497505271	1238.928419892488	791.977597722505	-758.159269174451	184.843713276120	
0.481034482759	-0.421481659696	0.167671770064	3.006749598167	-172.849631515775	68.762194046616	1233.068030714363	788.552651564038	-752.962661263721	183.894237428614	
0.481896551724	-0.419736878495	0.164362569970	2.988073544672	-172.134096733239	67.405091065681	1225.408981048719	784.387488008250	-745.381904077290	182.030136674849	
0.482758620690	-0.417657627220	0.161598286564	2.970464764268	-171.281395771408	66.271458421887	1218.187620085197	780.205506144531	-738.452573006429	179.341316463527	
0.483620689655	-0.415891882821	0.163668723259	2.956854609349	-170.557263981435	67.120544524592	1212.606095459901	777.046882074812	-732.902485416371	179.074173340159	
0.484482758621	-0.415847229311	0.165686927968	2.956077958781	-170.538951576366	67.948210289472	1212.287591056923	777.058350386250	-733.145267692448	179.839097227488	
0.485344827586	-0.416035761946	0.162596226759	2.966802495887	-170.616268811572	66.680713702632	1216.685723796932	779.843583540040	-737.820616852951	177.766663608914	
0.486206896552	-0.416604686934	0.162194058830	2.979740944646	-170.849584952747	66.515784632519	1221.991781721318	782.583436062275	-742.807334032810	178.204432705696	
0.487068965517	-0.418099202096	0.162998491632	2.996257390228	-171.462485630934	66.845682529956	1228.765176167403	785.553897021672	-749.298052185479	179.889593077470	
0.487931034483	-0.423190148551	0.163855450221	3.008038833958	-173.550282806823	67.197121253338	1233.596746321282	788.358979436974	-753.217511105685	182.271044819716	
0.488793103448	-0.426321926230	0.166030897542	3.014328037987	-174.834624854617	68.089272214234	1236.175948936470	789.665978291988	-754.749179636449	184.560391262983	
0.489655172414	-0.425276223045	0.167024609072	3.013173992013	-174.405781971196	68.496793319390	1235.702674674426	789.692727054988	-753.563476673574	185.003770941450	
0.490517241379	-0.421175562714	0.165351549798	3.005928304906	-172.724101141472	67.810671699955	1232.731218342499	788.607605507354	-750.238835520073	183.170650688390	
0.491379310345	-0.417584776520	0.163252035976	2.989605659921	-171.251519698844	66.949661067149	1226.037301522783	784.834762485966	-744.505402901032	180.546913899281	
0.492241379310	-0.411877419470	0.160200411547	2.971406479030	-168.910932533812	65.698189868119	1218.573817315561	780.694745745437	-738.644663789580	177.022101689277	
0.493103448276	-0.407772466299	0.158809604475	2.961127127191	-167.227491210395	65.127819878267	1214.358255056022	778.077207187439	-736.109998947813	174.841566298060	
0.493965517241	-0.408608998498	0.158096496849	2.959092676273	-167.570553070724	64.835374435957	1213.523926720597	777.353615382237	-736.403018320079	174.161918314509	
0.494827586207	-0.409609857154	0.161513541832	2.966731913283	-167.981005212591	66.236704606700	1216.656777870874	778.260692668036	-740.396482646622	176.662520327935	
0.495689655172	-0.412272874834	0.164962777425	2.978502215605	-169.073108781125	67.651236147073	1221.483778933243	780.500647711854	-744.803632343422	179.471799311905	
0.496551724138	-0.414840216059	0.168161081933	2.994118199742	-170.125975435040	68.962860847742	1227.887894134279	783.787274009753	-750.645485960974	182.144083908385	
0.497413793103	-0.417898838189	0.173419332761	3.013260064330	-171.380316391374	71.119269547888	1235.737972932523	787.453609520137	-758.216596042144	185.400492451198	
0.498275862069	-0.422025903587	0.175581117180	3.022450258014	-173.072825939206	72.005817352854	1239.506871425047	790.240498174268	-761.054546710961	187.516872790539	
0.499137931034	-0.422096410063	0.177268081712	3.025908317319	-173.101740645562	72.697641518975	1240.925021569387	791.486803360218	-763.083248292258	188.148755435935	
0.500000000000	-0.421309280114	0.177498931932	3.022216762975	-172.778938647910	72.792313195889	1239.411115107801	790.839133396686	-762.784498551674	187.244028916105	
0.500862068966	-0.419147266459	0.175378245343	3.017371170123	-171.892296833479	71.922619611080	1237.423937446199	790.256987745411	-761.997361129808	185.842942257443	
