dbx_v3_0_m5_0										
Time	Cx	Cy	Cz	Fx	Fy	Fz	Mx	My	Mz	
0.000000000000	0.000000000000	0.000000000000	0.000000000000	0.000000000000	0.000000000000	0.000000000000	0.000000000000	0.000000000000	0.000000000000	
0.000862068966	1.929256389459	-0.014739439948	11.269276035115	759.450896411039	-5.802173802329	4436.145363329832	2104.337459381492	-2987.935875542536	190.813264137705	
0.001724137931	0.002029788089	0.208692877548	2.641873186052	0.799025153826	82.151855914048	1039.972172860994	369.955532179669	-646.634799581945	264.979345357134	
0.002586206897	-0.324698870783	0.526598714387	2.114464450492	-127.817562158927	207.295343363948	832.357965032458	607.189025645548	-466.524033152386	255.465116855431	
0.003448275862	-0.365822141236	0.399740590493	2.333905599855	-144.005718787306	157.357700842759	918.740873236820	655.146331574765	-617.046932716868	258.769791606103	
0.004310344828	-0.325898267173	0.392524230422	2.576947441131	-128.289703999812	154.516983997471	1014.414183031674	651.857608068162	-683.855032267404	277.631811993850	
0.005172413793	-0.354855509110	0.334077755991	2.667083115361	-139.688709060439	131.509556036649	1049.896050017422	660.680118692631	-686.716272579188	271.037154990109	
0.006034482759	-0.380541497848	0.354183673291	2.879772627596	-149.799986793351	139.424241197086	1133.621179350377	686.215951190301	-745.935737831185	282.845662174795	
0.006896551724	-0.404665024838	0.319790307804	2.918243425602	-159.296202173156	125.885308584393	1148.765191411987	699.190566020012	-760.612684377907	284.200386524050	
0.007758620690	-0.421594679499	0.307733789023	2.910846922951	-165.960552996882	121.139265473660	1145.853561522194	720.769056510739	-755.311741479494	288.859002746019	
0.008620689655	-0.453227870039	0.326940776576	2.940056728960	-178.412944002851	128.700087350119	1157.351988314161	719.134272639287	-767.227616873357	300.954527696365	
0.009482758621	-0.486217882319	0.309990653092	3.064098648748	-191.399447266648	122.027678983485	1206.181033375647	739.915598860044	-800.530319155945	301.456066216267	
0.010344827586	-0.508711577410	0.290895548835	3.133338481813	-200.254080064034	114.510899915544	1233.437262032157	758.721232104827	-819.489755123590	303.619069350689	
0.011206896552	-0.527025445131	0.310072921970	3.157564958737	-207.463325726602	122.060064089745	1242.974003606490	765.736005116118	-828.960753185724	316.138550054862	
0.012068965517	-0.544969110954	0.325744879584	3.186988042284	-214.526841581016	128.229323045632	1254.556387003928	772.998626655570	-837.475711321217	325.694611839361	
0.012931034483	-0.561455303580	0.317932700617	3.229032214143	-221.016623777275	125.154062363838	1271.107056050251	782.865511498472	-848.722229697045	327.449609544389	
0.013793103448	-0.578460701287	0.313164096483	3.275156742487	-227.710790816345	123.276903524541	1289.263955562868	793.004445222457	-861.628261934032	330.488025223750	
0.014655172414	-0.596817345602	0.308526441911	3.320744377918	-234.936875465597	121.451292921062	1307.209507425507	802.127910830673	-876.012921549031	334.908005006164	
0.015517241379	-0.613529246233	0.303938472429	3.361972708946	-241.515507514778	119.645240830203	1323.439021101130	811.225315493736	-888.457207899241	338.074695346989	
0.016379310345	-0.629422386706	0.307923536106	3.397880846965	-247.771835001899	121.213959326354	1337.574243229117	819.185984052532	-899.622707511723	343.718357948867	
0.017241379310	-0.643117013456	0.315650338662	3.430202145878	-253.162718566145	124.255611622936	1350.297507781948	825.636648141479	-910.227506868870	350.306831604911	
0.018103448276	-0.654786543893	0.322350258351	3.460161543873	-257.756423891780	126.893031947711	1362.091011116661	831.876827698840	-920.144861531357	356.531975995888	
0.018965517241	-0.666479479568	0.326719171911	3.492088176378	-262.359342678776	128.612852774928	1374.658915417903	838.477169814494	-931.035775414655	362.162450917422	
0.019827586207	-0.677939380333	0.328800981339	3.524019917458	-266.870527380059	129.432356105404	1387.228830707559	845.019568943955	-941.548637112491	366.831930904249	
0.020689655172	-0.688711868236	0.329245958765	3.550162485200	-271.111112322025	129.607521265749	1397.519840557084	850.787094537741	-949.090373830090	370.014869236899	
0.021551724138	-0.695991496665	0.325255016626	3.567601193399	-273.976734727920	128.036488715668	1404.384580073485	855.982674616519	-951.302462954970	369.622519392143	
0.022413793103	-0.698717599545	0.316557743680	3.575040335459	-275.049863881253	124.612811193748	1407.312994947141	860.160224212815	-946.776196875144	365.313674486014	
0.023275862069	-0.697912308761	0.302151792284	3.570476311533	-274.732861532033	118.941915007320	1405.516369013558	863.834761465225	-933.881899109799	356.277176613842	
0.024137931034	-0.695324653955	0.286844445261	3.562382976855	-273.714232399784	112.916184844124	1402.330431514618	866.956578372559	-918.629943811683	346.402630011008	
0.025000000000	-0.693058857801	0.272152179232	3.552517793256	-272.822302778861	107.132581033468	1398.447006497283	869.479297110438	-902.413051753094	336.673095555507	
0.025862068966	-0.692379208167	0.258608534989	3.542435424142	-272.554759010649	101.801131663923	1394.478086501315	871.819031738621	-887.514005031347	327.946089282302	
0.026724137931	-0.690906650099	0.246413261542	3.534556972044	-271.975087199759	97.000467842648	1391.376737431943	874.149865016318	-874.595146694050	320.205995726429	
0.027586206897	-0.690207737050	0.235774484780	3.528756667422	-271.699960397311	92.812518229894	1389.093450167085	876.248812751203	-863.926577459450	313.622308806928	
0.028448275862	-0.689831336486	0.226542775252	3.526116531776	-271.551790487288	89.178459991630	1388.054161976271	878.489539562733	-855.380149511985	308.067756843977	
0.029310344828	-0.689992505208	0.219552586603	3.526851876871	-271.615234481347	86.426775422816	1388.343630236980	880.761342549289	-849.337734858531	303.940468153222	
0.030172413793	-0.690998637417	0.211934392822	3.526324313057	-272.011297965611	83.427876921190	1388.135954982274	882.832431795549	-842.879646173117	299.573976735620	
0.031034482759	-0.692146236001	0.206165504056	3.527795500312	-272.463049623878	81.156956493610	1388.715087173255	885.010901911973	-838.235277268632	296.339824071965	
0.031896551724	-0.693645557062	0.201233329702	3.530131983798	-273.053256674857	79.215408312266	1389.634842830209	887.042991060269	-834.487920281350	293.762085478453	
0.032758620690	-0.695253679552	0.197027979002	3.532439493237	-273.686293358214	77.559973930235	1390.543192866965	888.989572028527	-831.095403187590	291.541876087694	
0.033620689655	-0.697021621206	0.192869545511	3.534325480982	-274.382242782879	75.923008486086	1391.285611081193	890.759961986973	-827.778181856086	289.303191339556	
0.034482758621	-0.699367351698	0.189623531183	3.538010435071	-275.305638519646	74.645216428814	1392.736191574861	892.530567227671	-825.909980277516	287.830926651367	
0.035344827586	-0.701682496064	0.187138155479	3.542170394402	-276.216994041534	73.666849418274	1394.373757665085	894.466112790640	-824.642242438520	286.827522704431	
0.036206896552	-0.704009665018	0.184654540968	3.545363466347	-277.133083037392	72.689175700270	1395.630708977667	896.032817357412	-823.142902120700	285.794713125585	
0.037068965517	-0.706189028752	0.182648059714	3.549085877812	-277.990988575462	71.899325271461	1397.096034550410	897.454807712450	-822.269897836761	285.114673933034	
0.037931034483	-0.708412070843	0.180439078263	3.552267647909	-278.866088079082	71.029760732321	1398.348536895873	899.019415548043	-821.062142233143	284.241909488385	
0.038793103448	-0.710654887530	0.179889998802	3.556605462572	-279.748971843535	70.813615853236	1400.056115656262	900.447763809377	-820.890651638326	284.102433925175	
0.039655172414	-0.712536570647	0.179083174209	3.559659305559	-280.489695543087	70.496009720873	1401.258259553263	901.601634846638	-820.325896738282	283.915850282399	
0.040517241379	-0.714450131160	0.178615885084	3.563503381764	-281.242967764851	70.312061570371	1402.771478395243	902.974600433883	-820.187037692218	283.994777068848	
0.041379310345	-0.716430159417	0.178480267107	3.567129533358	-282.022404983758	70.258675615469	1404.198911313859	904.269384863459	-820.047655668302	283.903263671261	
0.042241379310	-0.718764509869	0.177302514870	3.569871426153	-282.941320972892	69.795053985275	1405.278256160102	905.141676256362	-819.790811580973	283.567802916619	
0.043103448276	-0.720953168085	0.176072480487	3.574019815730	-283.802885279773	69.310851512467	1406.911267822163	906.504347504438	-820.140693425206	283.626397725355	
0.043965517241	-0.722501933661	0.175187622879	3.578507215041	-284.412556141134	68.962527719053	1408.677730510826	907.812542554750	-820.544967608586	283.433533897386	
0.044827586207	-0.723918395384	0.173196741542	3.581508638538	-284.970145651397	68.178818190311	1409.859239499558	908.561797559901	-820.427431909776	282.979479440690	
0.045689655172	-0.726193296409	0.171753788385	3.587277637455	-285.865659400628	67.610800339455	1412.130203287942	910.091911879120	-821.635491331467	283.262467516755	
0.046551724138	-0.727615512649	0.171266969071	3.592512009079	-286.425514173753	67.419164138722	1414.190711286478	911.504991488280	-822.468837354580	283.362532436765	
0.047413793103	-0.729145223070	0.170479544687	3.596102721272	-287.027683982148	67.109194889812	1415.604193501015	912.123962295889	-822.969364170094	283.513385953335	
0.048275862069	-0.731432493543	0.169661779966	3.600962017851	-287.928066959145	66.787282180777	1417.517053379393	913.580644980294	-823.782142371575	283.873871339498	
0.049137931034	-0.733228489726	0.170250575007	3.605700434978	-288.635060036255	67.019061079811	1419.382329116827	914.933844010478	-824.644849687423	284.207010568700	
0.050000000000	-0.735378929432	0.170332129017	3.608318690416	-289.481579644001	67.051164778683	1420.413004174295	915.418970513573	-825.017825256985	284.559872304372	
0.050862068966	-0.737865259599	0.170176636364	3.611811852625	-290.460322378358	66.989955166614	1421.788085881997	916.599355572156	-825.682973161085	285.189265878723	
0.051724137931	-0.739251463428	0.170888160549	3.615071543560	-291.006000882561	67.270046337181	1423.071261729658	917.664185721982	-826.189545596370	285.540034909090	
0.052586206897	-0.740662888131	0.171288422881	3.616819157873	-291.561607572253	67.427609421402	1423.759209305455	917.951104389409	-826.412469733258	285.940978750799	
0.053448275862	-0.742704732156	0.171362916816	3.620116158471	-292.365378540040	67.456933924518	1425.057072084762	918.982038274205	-827.186970376003	286.624445567612	
0.054310344828	-0.744019482809	0.172050346280	3.623035325921	-292.882929534016	67.727540219055	1426.206201018178	919.937770618580	-827.686508149934	286.927730077964	
0.055172413793	-0.745278674040	0.172294430253	3.624716164170	-293.378609586587	67.823623763626	1426.867862226961	920.090658842853	-828.062299810390	287.286987986734	
0.056034482759	-0.746886416388	0.171965122789	3.627663258808	-294.011496627631	67.693992031032	1428.027984684934	921.069129010239	-828.659789818018	287.747231091589	
0.056896551724	-0.747913152919	0.172581908350	3.630815648091	-294.415670993961	67.936789385205	1429.268921285960	922.033613721929	-829.350386460903	288.068208449008	
0.057758620690	-0.749223917435	0.172551603131	3.632162906661	-294.931652847100	67.924859749770	1429.799269006552	922.094988866973	-829.675568661608	288.304881839512	
0.058620689655	-0.750923529241	0.171907491339	3.634926335082	-295.600704257797	67.671305436835	1430.887091342334	922.968702075755	-830.396031217400	288.701322797789	
0.059482758621	-0.751738551930	0.172274124362	3.638083859026	-295.921537567229	67.815630358889	1432.130049200488	923.862006327339	-831.162688550781	288.956252840577	
0.060344827586	-0.752546683445	0.172377919268	3.639740224139	-296.239658168870	67.856489176270	1432.782076570410	923.896653322084	-831.600493496453	289.229876485081	
0.061206896552	-0.753936680174	0.172050810500	3.642794991609	-296.786829746420	67.727722959353	1433.984584389693	924.789886759983	-832.369475262445	289.699760071583	
0.062068965517	-0.754864514165	0.172661887557	3.645808200357	-297.152071173184	67.968273163519	1435.170732636786	925.654762781285	-833.076590338329	289.974279804589	
0.062931034483	-0.755926362975	0.172835169660	3.647099721379	-297.570067471985	68.036485584063	1435.679139297269	925.623596757503	-833.489205876067	290.246354409567	
0.063793103448	-0.757366854847	0.172426768380	3.649766791766	-298.137116439556	67.875718606851	1436.729030336890	926.429161849575	-834.239021904556	290.694326443257	
0.064655172414	-0.758125886892	0.172988730504	3.652466196730	-298.435909057301	68.096934740475	1437.791649867563	927.213651290606	-834.930193778832	290.980202336913	
0.065517241379	-0.758984796962	0.173161090552	3.653420930884	-298.774018614009	68.164784194291	1438.167480531392	927.094021227192	-835.261076737288	291.243192101503	
0.066379310345	-0.760241340027	0.172857632752	3.655822942730	-299.268656217452	68.045328170184	1439.113031397026	927.819010692186	-835.992475940289	291.717722432855	
0.067241379310	-0.760872737852	0.173490505359	3.658395021222	-299.517205682956	68.294458182944	1440.125528920546	928.575208444251	-836.661860969429	291.983782620576	
0.068103448276	-0.761689088031	0.173782886546	3.659210015466	-299.838561557916	68.409553903560	1440.446351032479	928.419346836370	-836.965524745355	292.263703738895	
0.068965517241	-0.762986771692	0.173587543937	3.661391418840	-300.349394138248	68.332657374789	1441.305059474248	929.095994215021	-837.650129558912	292.737039762087	
0.069827586207	-0.763642899821	0.174374086424	3.663695051807	-300.607678676414	68.642279465453	1442.211883539402	929.785109035083	-838.292847478088	293.024996707336	
0.070689655172	-0.764419502554	0.174796934735	3.664210179692	-300.913387987769	68.808733509821	1442.414663395960	929.542854617358	-838.549494786523	293.298542394576	
0.071551724138	-0.765588294733	0.174689098053	3.666170476307	-301.373482494804	68.766283649070	1443.186333263071	930.163796894888	-839.154473338663	293.757442077763	
0.072413793103	-0.765989836443	0.175647444693	3.668454753190	-301.531549205585	69.143536366435	1444.085537814333	930.830458427039	-839.777662541774	294.068520024037	
0.073275862069	-0.766525995903	0.176211922437	3.668997734116	-301.742608132284	69.365742772509	1444.299282008053	930.590363477305	-840.014576421096	294.361494661712	
0.074137931034	-0.767706967075	0.176006279416	3.670671147597	-302.207496894453	69.284791490934	1444.958020460338	931.148304003134	-840.510815875204	294.775069748687	
0.075000000000	-0.768172211191	0.176673288396	3.672560584905	-302.390640028270	69.547359271426	1445.701796593676	931.767380046183	-841.010707950051	294.979376074293	
0.075862068966	-0.768599219660	0.177030513200	3.672876110982	-302.558731717140	69.687980652225	1445.826003289610	931.448317856975	-841.241274727012	295.239200294306	
0.076724137931	-0.769490402514	0.176635875009	3.674574242099	-302.909545440329	69.532631508753	1446.494471828190	932.011124358584	-841.742447417878	295.579388712569	
0.077586206897	-0.769795601909	0.177177354179	3.676482356776	-303.029687042748	69.745784536416	1447.245600299026	932.606868923468	-842.223671331705	295.726222555401	
0.078448275862	-0.770158795194	0.177453867561	3.676718769642	-303.172657913728	69.854633903215	1447.338664115693	932.286646226099	-842.399113999140	295.928479301154	
0.079310344828	-0.770981436780	0.177110748301	3.678263844610	-303.496490398114	69.719565163180	1447.946882170995	932.829762861166	-842.851689703359	296.278528762247	
0.080172413793	-0.771239076728	0.177596898051	3.679894022051	-303.597910245925	69.910937790138	1448.588600776139	933.397514041068	-843.243179652375	296.381321304573	
0.081034482759	-0.771679023357	0.177716791345	3.679792045759	-303.771095035560	69.958133730536	1448.548457855397	933.025456272162	-843.325017777840	296.513604381681	
0.081896551724	-0.772569875823	0.177272616350	3.681062743579	-304.121778701910	69.783284446705	1449.048667471702	933.515617577297	-843.726620411317	296.809284473292	
0.082758620690	-0.772674454247	0.177871430001	3.682630433300	-304.162945950424	70.019007166730	1449.665787814234	934.037394748586	-844.135322184037	296.936559184686	
0.083620689655	-0.772908730997	0.178208644433	3.682647764930	-304.255168886219	70.151751474041	1449.672610402333	933.658720205814	-844.249642668745	297.097561630487	
0.084482758621	-0.773742939219	0.177930050018	3.684118820526	-304.583554571626	70.042082909831	1450.251690765881	934.179116599500	-844.685555952992	297.399384339454	
0.085344827586	-0.774062166266	0.178506847907	3.685680296756	-304.709218152956	70.269139135444	1450.866365170638	934.696226602232	-845.069215391855	297.487167201627	
0.086206896552	-0.774432066332	0.178664071209	3.685563814649	-304.854829145128	70.331030016404	1450.820512042152	934.286024217573	-845.126497794191	297.584472209018	
0.087068965517	-0.775177806427	0.178237087253	3.687011679007	-305.148389392913	70.162947977017	1451.390463185324	934.791928935128	-845.550805813211	297.849413162653	
0.087931034483	-0.775317082534	0.178752090040	3.688691027437	-305.203215368559	70.365678588978	1452.051537927551	935.323526942371	-845.975799117700	297.929166146119	
0.088793103448	-0.775659668983	0.178929236201	3.688662840430	-305.338074367687	70.435412094182	1452.040442125219	934.910152536777	-846.089568629755	298.059512568051	
0.089655172414	-0.776489179478	0.178491136765	3.690078272668	-305.664610795060	70.262954451577	1452.597626379119	935.402703807390	-846.532501657037	298.347109600274	
0.090517241379	-0.776643491466	0.178936696338	3.691680239869	-305.725355638820	70.438348773675	1453.228240036075	935.918058172672	-846.941608183835	298.423464300089	
0.091379310345	-0.776961929513	0.178941429584	3.691525478364	-305.850708630387	70.440212013832	1453.167318240246	935.499393362764	-846.991757030586	298.496001426738	
0.092241379310	-0.777728428318	0.178365004306	3.692823146081	-306.152440534899	70.213302466572	1453.678144544415	935.995057942136	-847.377203162958	298.733598919404	
0.093103448276	-0.777844249220	0.178808612398	3.694266354800	-306.198033380199	70.387928589210	1454.246262997163	936.498320933043	-847.748293702687	298.810257469316	
0.093965517241	-0.778158277190	0.178888381061	3.693859263292	-306.321650347167	70.419329487159	1454.086011611078	936.042978749076	-847.746721749917	298.912230663638	
0.094827586207	-0.778963802477	0.178417828398	3.694924304349	-306.638745008233	70.234096646365	1454.505264536673	936.481233447180	-848.114405755547	299.191800946523	
0.095689655172	-0.779007875685	0.179020473144	3.696177425547	-306.656094406576	70.471327475375	1454.998555123726	936.908053864509	-848.473419314481	299.299070404024	
0.096551724138	-0.779171017556	0.179322391867	3.695833692237	-306.720315129410	70.590177642440	1454.863244663539	936.479019259714	-848.485774115769	299.442008354742	
0.097413793103	-0.779808626003	0.179192816652	3.696843724575	-306.971309403385	70.539170418458	1455.260843431977	936.935312476969	-848.787218491698	299.771930633225	
0.098275862069	-0.779929798905	0.179775544558	3.697851158232	-307.019009060954	70.768560992469	1455.657419230575	937.332265192838	-849.034622896222	299.840967090409	
0.099137931034	-0.780085380297	0.180138273620	3.697232702168	-307.080253604683	70.911349121848	1455.413964283863	936.813423404444	-848.953151354897	299.947638492781	
0.100000000000	-0.780712197989	0.179847858089	3.698169917202	-307.327000102777	70.797027180939	1455.782898553713	937.242160215019	-849.231872715891	300.197109048566	
0.100862068966	-0.780691284187	0.180587139509	3.699235841152	-307.318767394313	71.088044974059	1456.202499029564	937.656100596319	-849.480936171993	300.275157234179	
0.101724137931	-0.780800368385	0.180970129767	3.698617496722	-307.361708339041	71.238808914391	1455.959088027462	937.132042715020	-849.420871740833	300.389940243051	
0.102586206897	-0.781406165122	0.180744207792	3.699572773815	-307.600179947944	71.149874831779	1456.335132418668	937.533232080462	-849.719971457301	300.660363505593	
0.103448275862	-0.781326395722	0.181419192973	3.700633725246	-307.568778760063	71.415582440077	1456.752775464729	937.926095697554	-849.962013763191	300.709488173907	
0.104310344828	-0.781366681078	0.181721034843	3.699955728890	-307.584637072081	71.534402354336	1456.485882508709	937.386723319182	-849.855730127513	300.783737543691	
0.105172413793	-0.781903742082	0.181363149158	3.700796641252	-307.796050890942	71.393520817805	1456.816907275915	937.791114598802	-850.086728734442	300.999548043257	
0.106034482759	-0.781835356177	0.181830792416	3.701752220696	-307.769130810756	71.577608372972	1457.193070687659	938.184562200311	-850.271842653743	300.967269398462	
0.106896551724	-0.781937028287	0.181897732799	3.700988214347	-307.809153990187	71.603959424092	1456.892319937475	937.626291055795	-850.152947575234	300.969238078972	
0.107758620690	-0.782505805701	0.181396025379	3.701838263934	-308.033052959547	71.406462527313	1457.226941569114	938.021189557477	-850.427111306185	301.151456390908	
0.108620689655	-0.782436596753	0.181813502449	3.702868584672	-308.005808888629	71.570802185154	1457.632526856886	938.413619967422	-850.678368785156	301.132184409811	
0.109482758621	-0.782531458484	0.181875431496	3.702200947253	-308.043151165931	71.595180526287	1457.369711691791	937.854068778827	-850.616876910069	301.159056774975	
0.110344827586	-0.783079645695	0.181313356291	3.703079853561	-308.258944810940	71.373919878665	1457.715692758498	938.245443214706	-850.900166127832	301.333731707769	
0.111206896552	-0.782940386920	0.181662534520	3.704099693192	-308.204125657700	71.511373729022	1458.117152163527	938.636799003469	-851.123708033599	301.290045640571	
0.112068965517	-0.782899890913	0.181675911401	3.703424352776	-308.188184423179	71.516639532062	1457.851304716969	938.092626063344	-851.014512061563	301.294328533647	
0.112931034483	-0.783354149494	0.181118891794	3.704340842806	-308.367003106167	71.297369018292	1458.212080598843	938.502413340444	-851.266598436990	301.468618911912	
0.113793103448	-0.783256565664	0.181474813467	3.705397052457	-308.328589275814	71.437477422023	1458.627857045367	938.908139782023	-851.483796679671	301.414048929477	
0.114655172414	-0.783347210939	0.181485299507	3.704743690332	-308.364271746980	71.441605246873	1458.370661343244	938.363499063090	-851.398113821475	301.410765047325	
0.115517241379	-0.783939190920	0.180928985301	3.705661342620	-308.597304396254	71.222612413780	1458.731894747255	938.776253110062	-851.682823685781	301.587591247136	
0.116379310345	-0.783849606852	0.181323591735	3.706734850934	-308.562039668621	71.377949056559	1459.154480804758	939.180140065281	-851.932957315044	301.565480943853	
0.117241379310	-0.783927592974	0.181308801488	3.706049609126	-308.592738870094	71.372126882350	1458.884735679920	938.634301727838	-851.831591852277	301.562783075426	
0.118103448276	-0.784481720769	0.180703839042	3.706900508851	-308.810871023266	71.133983691782	1459.219691968089	939.041337609508	-852.081767336070	301.727971342277	
0.118965517241	-0.784358111454	0.181070256833	3.707860114953	-308.762212272993	71.278223888141	1459.597440471659	939.437058149608	-852.274322426503	301.690639793901	
0.119827586207	-0.784339267570	0.181115408102	3.707085180562	-308.754794386734	71.295997664436	1459.292387902937	938.890946495150	-852.121538936494	301.698593705072	
0.120689655172	-0.784895302557	0.180619287720	3.707888739874	-308.973677305224	71.100700102570	1459.608708659057	939.293363549914	-852.352852399197	301.884525018293	
0.121551724138	-0.784814704202	0.181131368944	3.708832981257	-308.941949799676	71.302280642422	1459.980408847996	939.683779893946	-852.550806059925	301.866068399714	
0.122413793103	-0.784890677505	0.181389277924	3.708099579154	-308.971856655585	71.403806394602	1459.691705445012	939.127283131224	-852.452066364560	301.925512986426	
0.123275862069	-0.785461388624	0.181111322316	3.708908878346	-309.196516826855	71.294389296817	1460.010285702381	939.521526052606	-852.701946770927	302.169860749279	
0.124137931034	-0.785357763749	0.181779906723	3.709822995804	-309.155724942222	71.557577243028	1460.370127622311	939.896400913296	-852.895461681825	302.197754586979	
0.125000000000	-0.785383333652	0.182060081186	3.708977633802	-309.165790523007	71.667867792436	1460.037351256374	939.318381037226	-852.747363283018	302.253475500564	
0.125862068966	-0.785883891893	0.181710540287	3.709648268689	-309.362835045729	71.530271177122	1460.301346373228	939.692695104975	-852.937626139886	302.460331990346	
0.126724137931	-0.785701068924	0.182266534748	3.710398812874	-309.290866867653	71.749138142953	1460.596797748708	940.049918279139	-853.060848344159	302.441117708752	
0.127586206897	-0.785688075316	0.182420777092	3.709440172731	-309.285751939742	71.809855571044	1460.219429494375	939.453799840024	-852.880892387594	302.457758530787	
0.128448275862	-0.786217355050	0.181909557511	3.710067768379	-309.494102665123	71.608614216605	1460.466482234638	939.817953924624	-853.072725863204	302.610554318167	
0.129310344828	-0.786069129667	0.182331708449	3.710879091699	-309.435753811027	71.774793740358	1460.785859288770	940.171156725072	-853.246365692410	302.551296160735	
0.130172413793	-0.786049764057	0.182429088434	3.710017165245	-309.428130547469	71.813127327191	1460.446562333723	939.579215750052	-853.116052362223	302.555996143549	
0.131034482759	-0.786483228603	0.181950931276	3.710735218588	-309.598763667844	71.624900980230	1460.729223704409	939.950217122882	-853.335399931100	302.735474274968	
0.131896551724	-0.786269989967	0.182378425384	3.711572722616	-309.514822376337	71.793183840599	1461.058906782223	940.308734766666	-853.497462691771	302.681060852399	
0.132758620690	-0.786227534414	0.182389389765	3.710656607753	-309.498109767323	71.797499964213	1460.698278585187	939.714581575679	-853.321319599430	302.648640639500	
0.133620689655	-0.786676693662	0.181765820182	3.711290659639	-309.674921100139	71.552032082643	1460.947872820462	940.082137997878	-853.489996557424	302.767538285314	
0.134482758621	-0.786438666017	0.182077273125	3.712084874751	-309.581221626237	71.674635391410	1461.260515236264	940.443111314940	-853.623862813945	302.672707446955	
0.135344827586	-0.786405227268	0.182020650263	3.711206622299	-309.568058478005	71.652345827649	1460.914791559676	939.852116055386	-853.464811248615	302.622238073363	
0.136206896552	-0.786916237429	0.181360784451	3.711908634330	-309.769217394509	71.392589951973	1461.191138275065	940.218665985894	-853.672648072527	302.731943569763	
0.137068965517	-0.786764428096	0.181712408545	3.712781079811	-309.709457719788	71.531006616094	1461.534576040282	940.571961322556	-853.864998268465	302.657077675769	
0.137931034483	-0.786722976968	0.181785818243	3.711928783904	-309.693140502343	71.559904310133	1461.199070145830	939.974590177921	-853.727416273319	302.653627184147	
0.138793103448	-0.787131366956	0.181334655127	3.712631972919	-309.853903034310	71.382304155624	1461.475880180447	940.339243313072	-853.932454483809	302.833960329347	
0.139655172414	-0.786870610110	0.181722846103	3.713215685957	-309.751256220992	71.535115355857	1461.705658550969	940.716960765381	-853.916121645975	302.705212737873	
0.140517241379	-0.786876187239	0.181974221924	3.712486953308	-309.753451655392	71.634069332982	1461.418793276675	940.103154482282	-853.889159820518	302.779595413698	
0.141379310345	-0.787375545476	0.181362910326	3.712864600664	-309.950023797310	71.393426801942	1461.567453985818	940.493974553983	-853.902952167930	302.844983652496	
0.142241379310	-0.787246091397	0.181927464115	3.713784490668	-309.899064258267	71.615663142841	1461.929568265883	940.827467536320	-854.172572834903	302.866090173250	
0.143103448276	-0.787240257273	0.181984606100	3.712702725706	-309.896767657894	71.638157059427	1461.503731982588	940.233226540775	-853.914777920679	302.819410362703	
0.143965517241	-0.787737609509	0.181608081191	3.713409228369	-310.092550138361	71.489938200993	1461.781846433223	940.570486445692	-854.169811220187	303.026576704197	
0.144827586207	-0.787592646797	0.182336542121	3.714378420146	-310.035485633364	71.776696513221	1462.163368333441	940.882408157349	-854.480591742858	303.097460243323	
0.145689655172	-0.787485024439	0.182469179157	3.713081163357	-309.993120141007	71.828909021727	1461.652703791154	940.319339910971	-854.066993320517	303.026834528109	
0.146551724138	-0.787899497268	0.182270924105	3.713875845147	-310.156277181105	71.750866011042	1461.965529914492	940.614994830377	-854.382401248062	303.305641402323	
0.147413793103	-0.787685133706	0.182783933100	3.714509370947	-310.071893062631	71.952811767642	1462.214917056434	940.968442299297	-854.447716597977	303.234248995899	
0.148275862069	-0.787577282830	0.182939401004	3.713490911472	-310.029437614589	72.014011636889	1461.814000949526	940.367407415050	-854.226574854642	303.222641418595	
0.149137931034	-0.788053261334	0.182540179698	3.714194082520	-310.216806335153	71.856858352374	1462.090803911201	940.666567953309	-854.497399996912	303.436644164117	
0.150000000000	-0.787779579435	0.182869051675	3.714700433191	-310.109071580819	71.986318656005	1462.290128621421	941.072129325273	-854.463282580140	303.302682159976	
0.150862068966	-0.787707716191	0.182956669271	3.713760946314	-310.080782647480	72.020809282506	1461.920300041589	940.389989450716	-854.318104345914	303.282994852035	
0.151724137931	-0.788239000498	0.182522861131	3.714573213683	-310.289922472476	71.850040906529	1462.240048720295	940.786013811523	-854.650388706045	303.506747800256	
0.152586206897	-0.787971595195	0.182876021631	3.715095250032	-310.184658496743	71.989062375766	1462.445548090497	941.082747661333	-854.653134657966	303.376646214087	
0.153448275862	-0.787913777040	0.182944358221	3.714142428637	-310.161898406821	72.015963043376	1462.070470383650	940.487622322105	-854.485790276431	303.364069628587	
0.154310344828	-0.788293996395	0.182369895052	3.714689266026	-310.311571581979	71.789825879178	1462.285732672038	940.840145443705	-854.623001999598	303.481264802102	
0.155172413793	-0.788088449590	0.182647961273	3.715342192930	-310.230658176143	71.899286520290	1462.542757049532	941.171520137119	-854.712215226632	303.354561338323	
0.156034482759	-0.788043560645	0.182536718626	3.714256969966	-310.212987663577	71.855495902795	1462.115559525738	940.575910915239	-854.463746409084	303.264675830584	
0.156896551724	-0.788549438853	0.181888032938	3.714936697700	-310.412126388914	71.600141078165	1462.383134037667	940.864155973107	-854.751474874106	303.416606423809	
0.157758620690	-0.788321890185	0.181987683403	3.715463460608	-310.322551959895	71.639368438296	1462.590494015552	941.265989613137	-854.741996217954	303.217678615219	
0.158620689655	-0.788256091026	0.181884405733	3.714551668026	-310.296650150861	71.598713230727	1462.231567282132	940.589353646509	-854.606815683020	303.151193867590	
0.159482758621	-0.788724437455	0.181360439103	3.715457808545	-310.481014508665	71.392454006192	1462.588269083757	940.970003903689	-854.979910708687	303.363865098383	
0.160344827586	-0.788351208577	0.181730468203	3.716118193990	-310.334093131374	71.538115792374	1462.848229512505	941.291170424856	-855.009581293759	303.252151240681	
0.161206896552	-0.788259428476	0.181857734133	3.715252251758	-310.297963936343	71.588213967409	1462.507351748163	940.700853295311	-854.862253293323	303.257688085473	
0.162068965517	-0.788630265616	0.181395400104	3.715848909943	-310.443943807098	71.406216388139	1462.742225970394	941.060634464182	-855.004056212134	303.407429855104	
0.162931034483	-0.788388545918	0.181898592678	3.716571136892	-310.348790958595	71.604297914878	1463.026530279024	941.418346640615	-855.108403129105	303.345776476392	
0.163793103448	-0.788364643966	0.182102469710	3.715588112458	-310.339381965925	71.684554015514	1462.639563159344	940.792269191356	-854.918060363086	303.351247982671	
0.164655172414	-0.788874093229	0.181693361037	3.716117938620	-310.539926435706	71.523508573078	1462.848128986037	941.180390557899	-855.082845011430	303.541849063584	
0.165517241379	-0.788712790799	0.182107979568	3.716643399465	-310.476429807920	71.686722968756	1463.054976407630	941.461194038937	-855.101655343215	303.416442159015	
0.166379310345	-0.788805253539	0.182433658734	3.715975703610	-310.512827723167	71.814926423345	1462.792138239227	940.861691979742	-855.182274316854	303.550097358349	
0.167241379310	-0.789132103203	0.181844171920	3.716165883335	-310.641491944039	71.582875208475	1462.867002401295	941.165387712470	-855.101651824612	303.592693041943	
0.168103448276	-0.788884621519	0.182432269172	3.716996277812	-310.544070892200	71.814379423156	1463.193886807707	941.517347689256	-855.302165663005	303.596640745650	
0.168965517241	-0.788693414816	0.182630194826	3.715954652096	-310.468802461112	71.892292766521	1462.783851320372	940.897175243481	-855.061009269800	303.582397427642	
0.169827586207	-0.789050518811	0.182200453058	3.716493051884	-310.609376285590	71.723125115768	1462.995792151144	941.229935116629	-855.193049670992	303.734567079334	
0.170689655172	-0.788759255806	0.182696179763	3.717139138106	-310.494720736652	71.918267706656	1463.250123697255	941.603337399891	-855.230855591026	303.646531923708	
0.171551724138	-0.788759249944	0.183100401108	3.716533372695	-310.494718429187	72.077389254450	1463.011664419821	940.936436969577	-855.329757219893	303.798943368977	
0.172413793103	-0.789147973026	0.182298931143	3.716481226778	-310.647739092679	71.761890968987	1462.991137203397	941.337793696050	-855.054018447227	303.715626174417	
0.173275862069	-0.789098998676	0.183017431851	3.717799181287	-310.628460362099	72.044728444271	1463.509949393796	941.613132670170	-855.621368100716	303.852516129193	
0.174137931034	-0.789021797950	0.182820566390	3.716378426938	-310.598070331824	71.967232445694	1462.950670093663	941.047445654935	-855.136709432682	303.653383098281	
0.175000000000	-0.789429637555	0.182374074121	3.717102842372	-310.758616205924	71.791470967696	1463.235835897994	941.335741581453	-855.432112298600	303.861711768970	
0.175862068966	-0.789154381826	0.182712628527	3.717748206504	-310.650261914033	71.924742754965	1463.489883193968	941.695343456418	-855.486273089825	303.752243623205	
0.176724137931	-0.788995117563	0.182814200652	3.716713764831	-310.587567609734	71.964726575526	1463.082675702069	941.079325254082	-855.270568753154	303.721993566527	
0.177586206897	-0.789403274864	0.182267520064	3.717236077446	-310.748238544635	71.749526011995	1463.288283824216	941.414557091830	-855.407237337221	303.848935878387	
0.178448275862	-0.789170892747	0.182656047225	3.717809292751	-310.656761430432	71.902469551500	1463.513929767206	941.750694055187	-855.435983384722	303.729841405476	
0.179310344828	-0.789126173470	0.182944299063	3.717033137758	-310.639157707352	72.015939755651	1463.208396708818	941.147611481022	-855.424372000111	303.824857967174	
0.180172413793	-0.789511962751	0.182270403064	3.717237768959	-310.791023481760	71.750660903587	1463.288949687495	941.450386443224	-855.339102990082	303.830972905734	
0.181034482759	-0.789440393867	0.182987725214	3.718462184993	-310.762850423377	72.033034440325	1463.770940499967	941.787025772728	-855.846820871935	303.961136207478	
0.181896551724	-0.789227801261	0.182901123075	3.716941243399	-310.679163441122	71.998943547822	1463.172222536105	941.150673085130	-855.296122547547	303.763615806713	
0.182758620690	-0.789639661918	0.182555393524	3.717662116658	-310.841292200555	71.862847268055	1463.455993965190	941.483456335775	-855.590680391776	304.001719894250	
0.183620689655	-0.789315549759	0.183040957597	3.718282518508	-310.713705597138	72.053989343635	1463.700214870258	941.817361480516	-855.646268592194	303.922901156261	
0.184482758621	-0.789184800160	0.183199498244	3.717187692662	-310.662236077259	72.116398796646	1463.269237176124	941.185967735793	-855.410354521647	303.893902006244	
0.185344827586	-0.789559825726	0.182665851765	3.717539696008	-310.809864719988	71.906329104019	1463.407803132271	941.530592547692	-855.434586015957	303.981000010219	
0.186206896552	-0.789432265294	0.183422104366	3.718657843119	-310.759650614272	72.204027595181	1463.847961231752	941.843312573068	-855.880181352511	304.104363351164	
0.187068965517	-0.789256975220	0.183284932357	3.717018001470	-310.690647756453	72.150029896520	1463.202438315774	941.235950631030	-855.248258338253	303.861794019988	
0.187931034483	-0.789863813636	0.183151975177	3.718242216482	-310.929529421797	72.097691363126	1463.684349995901	941.522910522466	-855.917908097900	304.264850902173	
0.188793103448	-0.789549165502	0.183235414945	3.718298605963	-310.805668327835	72.130537389619	1463.706547689645	941.897222157268	-855.576963597392	303.936032127104	
0.189655172414	-0.789479728702	0.183563142953	3.717660999641	-310.778334563150	72.259547370445	1463.455554251961	941.226554026981	-855.650402258311	304.049340456199	
0.190517241379	-0.789804823424	0.182925936388	3.717954799317	-310.906307951754	72.008711297246	1463.571208360202	941.592604824007	-855.623968540324	304.113029046845	
0.191379310345	-0.789509149801	0.183400328494	3.718683093487	-310.789916165039	72.195455533112	1463.857901027741	941.887853205905	-855.777500925600	304.060404154679	
0.192241379310	-0.789375744989	0.183439473081	3.717611176513	-310.737401421974	72.210864781873	1463.435941400577	941.278838732581	-855.533096295901	303.996701260468	
0.193103448276	-0.789724848889	0.182799250750	3.717875605738	-310.874826012673	71.958841553425	1463.540033843984	941.593854084723	-855.536848251729	304.055966321059	
0.193965517241	-0.789553409412	0.183418365509	3.718934909600	-310.807338941005	72.202555795799	1463.957028325454	941.919847116613	-855.941535339336	304.137958565586	
0.194827586207	-0.789348525563	0.183261781611	3.717412853961	-310.726686507187	72.140916615748	1463.357871818471	941.299017844711	-855.390593702782	303.919918779915	
0.195689655172	-0.789900428837	0.183001450244	3.718480485098	-310.943942978824	72.038437292028	1463.778144327883	941.575710925082	-855.980272899770	304.267298687700	
0.196551724138	-0.789557337226	0.183057155304	3.718523195395	-310.808885123033	72.060365563460	1463.794957216876	941.949748453880	-855.636033397033	303.933140214686	
0.197413793103	-0.789474727054	0.183308626983	3.717762000948	-310.776365666715	72.159357275149	1463.495313370684	941.297957518049	-855.643035938115	304.012548732981	
0.198275862069	-0.789821330446	0.182664795830	3.718112552304	-310.912805933361	71.905913435720	1463.633307751805	941.616567906812	-855.681915106191	304.084323362733	
0.199137931034	-0.789524140278	0.183019018162	3.718746172075	-310.795817159676	72.045352894835	1463.882731885179	941.954759133808	-855.766783093955	303.975986324777	
0.200000000000	-0.789357106382	0.182995402374	3.717572368739	-310.730064342606	72.036056550630	1463.420664738220	941.347480310327	-855.451674041140	303.869665786977	
0.200862068966	-0.789835836473	0.182615752401	3.718431733499	-310.918516224470	71.886607512190	1463.758953283373	941.614307925656	-855.878634165167	304.135568348823	
0.201724137931	-0.789485898879	0.182645294736	3.718477260639	-310.780763450444	71.898236839204	1463.776875021248	942.009267037735	-855.536840231674	303.800317705568	
0.202586206897	-0.789518078790	0.182992913738	3.718060638034	-310.793431057846	72.035076900474	1463.612871722964	941.318284186737	-855.778428985215	303.963677986795	
0.203448275862	-0.789917327039	0.182111883928	3.718149709855	-310.950594948649	71.688259917932	1463.647934804579	941.684140400484	-855.639994719480	303.907204720773	
0.204310344828	-0.789625063935	0.182511155018	3.718947104256	-310.835545710993	71.845432800328	1463.961828746404	941.970799456015	-855.826492108028	303.837329339748	
0.205172413793	-0.789505425117	0.182685405325	3.718167077849	-310.788449945103	71.914026354263	1463.654771707450	941.385364381891	-855.767755424064	303.886338878841	
0.206034482759	-0.789759777913	0.182068795191	3.718447615362	-310.888575806882	71.671298056333	1463.765205171509	941.672744171145	-855.747625381156	303.943861752638	
0.206896551724	-0.789495878006	0.182541016680	3.719251331196	-310.784691729238	71.857187829731	1464.081587542292	942.047599110078	-855.906215605482	303.891243278416	
0.207758620690	-0.789354189988	0.182682991211	3.718114758676	-310.728916305533	71.913076039270	1463.634176288811	941.423699505801	-855.608203115021	303.825091037131	
0.208620689655	-0.789848749348	0.182397620646	3.718864227494	-310.923599371829	71.800740046485	1463.929204346880	941.762307696387	-855.938620174442	304.093083158696	
0.209482758621	-0.789560697919	0.182812186624	3.719322681500	-310.810208058455	71.963933754308	1464.109674557035	942.101802328915	-855.845047602646	303.935768262801	
0.210344827586	-0.789648617155	0.183324676406	3.718857176979	-310.844817425587	72.165675123033	1463.926428914785	941.468807177089	-856.043955669773	304.135691283472	
0.211206896552	-0.789983682108	0.182611618412	3.718803087836	-310.976715591115	71.884980169275	1463.905136748343	941.810774809416	-855.774340698594	304.072174533452	
0.212068965517	-0.789843390963	0.183356897586	3.719949116203	-310.921490045951	72.178358975671	1464.356270291449	942.126135497647	-856.188668984778	304.174396658606	
0.212931034483	-0.789661268908	0.183453455555	3.718674274667	-310.849797782386	72.216368976438	1463.854429503232	941.559440164277	-855.779260117590	304.080068530018	
0.213793103448	-0.790057860661	0.183048508342	3.719248364262	-311.005915944751	72.056961690825	1464.080419609909	941.825228155269	-855.985981706975	304.266580881796	
0.214655172414	-0.789823645516	0.183457746428	3.719887784987	-310.913717259885	72.218058076579	1464.332127286525	942.207761199709	-856.039054680311	304.166614657201	
0.215517241379	-0.789781368841	0.183711534009	3.718984453403	-310.897075066017	72.317961441764	1463.976531220844	941.537254123093	-855.958898167613	304.210691928558	
0.216379310345	-0.790182030801	0.183068604523	3.719197644241	-311.054795463365	72.064872543340	1464.060453696862	941.909995081862	-855.914801183806	304.266848682727	
0.217241379310	-0.789965831889	0.183575905070	3.719988004577	-310.969688860511	72.264571171777	1464.371578682039	942.204048153946	-856.100846754447	304.231444488549	
0.218103448276	-0.789993980708	0.183843697295	3.719204047052	-310.980769630231	72.369987459132	1464.062974160716	941.592870843196	-856.102762746788	304.312280645569	
0.218965517241	-0.790317042341	0.183152670008	3.719272760464	-311.107942694708	72.097964882974	1464.090023164020	941.892162353845	-855.959588608713	304.307804485304	
0.219827586207	-0.790180603596	0.183848593460	3.720405232461	-311.054233644910	72.371914831967	1464.535820248235	942.208087790494	-856.402362034958	304.422039313483	
0.220689655172	-0.789919436263	0.183758147804	3.718776058454	-310.951425243468	72.336310941069	1463.894496644619	941.623306096686	-855.783884026515	304.206866220344	
0.221551724138	-0.790315143183	0.183388552356	3.719425259132	-311.107195091943	72.190819861811	1464.150054194878	941.893794708811	-856.075021524661	304.435861429167	
0.222413793103	-0.790026937548	0.183755290805	3.719909073886	-310.993743075430	72.335186284403	1464.340507651674	942.262444030645	-856.040858323231	304.293273401180	
0.223275862069	-0.789979575509	0.184178584227	3.719221531766	-310.975099030454	72.501815546928	1464.069857010080	941.575916652239	-856.127345458084	304.435954440133	
0.224137931034	-0.790285892772	0.183394894520	3.719079144258	-311.095680680867	72.193316451522	1464.013806232982	941.940633614467	-855.821554725588	304.358985850336	
0.225000000000	-0.790141086675	0.184212201105	3.720384177692	-311.038677827105	72.515048815434	1464.527532047918	942.216420266553	-856.383903848179	304.524280801776	
0.225862068966	-0.789989937526	0.184141541031	3.718920109658	-310.979178033400	72.487233509371	1463.951202334987	941.636284766291	-855.878743805100	304.332445063134	
0.226724137931	-0.790369108934	0.183657424813	3.719396610842	-311.128438685042	72.296661381426	1464.138776808402	941.897096956595	-856.035038733003	304.475242331258	
0.227586206897	-0.790192488677	0.184238141417	3.720397871758	-311.058912201685	72.525260207307	1464.532922710771	942.246776232156	-856.376989969348	304.528749958587	
0.228448275862	-0.789929964194	0.184166536038	3.718918829386	-310.955569558825	72.497072782485	1463.950698356500	941.604156933474	-855.876175199894	304.345983944582	
0.229310344828	-0.790336765768	0.183619780041	3.719446393477	-311.115706812681	72.281842534130	1464.158373720079	941.919259211528	-856.076642639487	304.496555937057	
0.230172413793	-0.790082144866	0.184003300416	3.720083386968	-311.015475410932	72.432815154607	1464.409125916935	942.234077826071	-856.170094725969	304.392516375365	
0.231034482759	-0.789971910813	0.184130146535	3.719008618703	-310.972081826276	72.482748071300	1463.986043880162	941.647381543731	-855.960810066113	304.366082629198	
0.231896551724	-0.790331460307	0.183526540180	3.719348206429	-311.113618320242	72.245138705662	1464.119722433518	941.905300888896	-856.002414047540	304.440569095136	
0.232758620690	-0.790231728737	0.184128205922	3.720460068889	-311.074359033190	72.481984149849	1464.557406582837	942.250988038418	-856.434592201245	304.514965919785	
0.233620689655	-0.789976975322	0.183946264023	3.718860970730	-310.974075467963	72.410362804661	1463.927922323267	941.628118154283	-855.822272114179	304.253172233605	
0.234482758621	-0.790473583751	0.183644717991	3.719869872028	-311.169565149066	72.291659346927	1464.325075858267	941.889532661920	-856.354979989525	304.580629749400	
0.235344827586	-0.790043726260	0.183734705816	3.719993286956	-311.000351944179	72.327083013196	1464.373658088151	942.278693476352	-856.050283779193	304.284393783494	
0.236206896552	-0.789883234707	0.183928355252	3.719173570497	-310.937174517619	72.403313024996	1464.050977078717	941.624589807665	-856.001992555420	304.318362920285	
0.237068965517	-0.790236261710	0.183188609063	3.719429429171	-311.076143435922	72.112112275731	1464.151695728723	941.946316799667	-855.986883628275	304.344730566771	
0.237931034483	-0.790071316970	0.183761278694	3.720504498000	-311.011213014569	72.337543414210	1464.574896082395	942.242328652511	-856.408307557408	304.407947464694	
0.238793103448	-0.789860585763	0.183471202152	3.718807617826	-310.928258770946	72.223354915989	1463.906919976958	941.682284110415	-855.724529939147	304.110219903416	
0.239655172414	-0.790391185374	0.183200302740	3.719903463543	-311.137129065754	72.116715486342	1464.338299142810	941.909920043141	-856.344343325231	304.470150113584	
0.240517241379	-0.790122055690	0.183225400270	3.720095900987	-311.031186288331	72.126595117367	1464.414052054664	942.311070950077	-856.115525759643	304.172161826477	
0.241379310345	-0.789999245095	0.183289804662	3.719108055521	-310.982841953748	72.151947876908	1464.025187138316	941.627908889977	-855.961066964082	304.128131656717	
0.242241379310	-0.790432834171	0.182687149997	3.719671671988	-311.153524095452	71.914713143497	1464.247054502864	941.959999132566	-856.186189610291	304.291948468588	
0.243103448276	-0.790044077733	0.182893907608	3.720103408934	-311.000490301159	71.996103182713	1464.417007554762	942.272426763938	-856.124966311806	304.100650927088	
0.243965517241	-0.789916804509	0.182892124852	3.719068262880	-310.950389254825	71.995401401330	1464.009522783316	941.663654817975	-855.923620841359	304.032581374178	
0.244827586207	-0.790254905513	0.182145432337	3.719298798138	-311.083482560491	71.701466233838	1464.100272882307	941.956474649672	-855.913538523216	304.052623727272	
0.245689655172	-0.790101197642	0.182677937961	3.720388853244	-311.022975527483	71.911086829505	1464.529372577001	942.294921404470	-856.325840140527	304.107576822199	
0.246551724138	-0.789862180482	0.182520986865	3.718918468975	-310.928886531568	71.849303102215	1463.950556480996	941.678048234628	-855.786501637917	303.885965968340	
0.247413793103	-0.790405215030	0.182211511994	3.719991553443	-311.142651833328	71.727478460800	1464.372975691498	941.934649822392	-856.383897456251	304.227143938257	
0.248275862069	-0.790048145838	0.182207954589	3.720072173084	-311.002091708866	71.726078089824	1464.404711576377	942.329770415379	-856.036645524406	303.874952457166	
0.249137931034	-0.789988535402	0.182522639183	3.719481692685	-310.978626088116	71.849953536564	1464.172269237179	941.656001686587	-856.142826993605	303.988958258844	
0.250000000000	-0.790295139833	0.181810136996	3.719656271464	-311.099320782366	71.569477376246	1464.240992093969	942.010383820247	-856.060122156901	304.016338950866	
0.250862068966	-0.789998581999	0.182304136049	3.720467593096	-310.982580926200	71.763939877738	1464.560368483589	942.323801304091	-856.250001892895	303.981881658472	
0.251724137931	-0.789879240205	0.182356807799	3.719285799799	-310.935602083861	71.784674087954	1464.095156091954	941.739663574637	-855.919063589149	303.882630402063	
0.252586206897	-0.790387911319	0.182107869789	3.720136785998	-311.135840235504	71.686679754244	1464.430146420700	941.989300245334	-856.366014069547	304.192230558817	
0.253448275862	-0.790096656107	0.182255303832	3.720215262275	-311.021187754336	71.744717097864	1464.461038571369	942.399462938598	-856.032282922693	303.896499487281	
0.254310344828	-0.790085128721	0.182774688766	3.719726176819	-311.016650003991	71.949172739676	1464.268510304678	941.723272110297	-856.211762646898	304.086941417125	
0.255172413793	-0.790522115125	0.182177843283	3.719969916056	-311.188669502205	71.714224787925	1464.364458144286	942.058818036547	-856.207798064500	304.158743228436	
0.256034482759	-0.790246797942	0.182648906872	3.720621069035	-311.080291019103	71.899658754785	1464.620784216789	942.358697581781	-856.279252568733	304.066103278591	
0.256896551724	-0.790182630812	0.182994030221	3.719833962487	-311.055031657390	72.035516403548	1464.310940083868	941.774458268802	-856.233034493571	304.157721621569	
0.257758620690	-0.790455252541	0.182453879339	3.720008595917	-311.162349076713	71.822886255538	1464.379684453781	942.029752652723	-856.183319027894	304.232661843290	
0.258620689655	-0.790228496153	0.182947663236	3.720736979406	-311.073086528086	72.017264061041	1464.666412281488	942.396144965962	-856.321323974823	304.182319129735	
0.259482758621	-0.790069831030	0.183110823130	3.719515868886	-311.010628074950	72.081491878686	1464.185722682973	941.787700715932	-855.994610511394	304.115235678287	
0.260344827586	-0.790609511340	0.182887974146	3.720345114699	-311.223072982457	71.993767478030	1464.512154918429	942.020007353653	-856.454739399243	304.442071775022	
0.261206896552	-0.790263197664	0.183096182647	3.720381975356	-311.086746762132	72.075728659224	1464.526665099537	942.423549355890	-856.101937553388	304.162915131375	
0.262068965517	-0.790285496764	0.183750752931	3.720036397222	-311.095524792677	72.333399952584	1464.390628424646	941.729874901958	-856.428605531481	304.442208223479	
0.262931034483	-0.790620393409	0.182947075399	3.719777305625	-311.227356703775	72.017032659285	1464.288637135831	942.068657949325	-856.076940424873	304.338056436817	
0.263793103448	-0.790434605028	0.183704288536	3.720842198908	-311.154221192542	72.315109264560	1464.707831890465	942.347119172980	-856.481296171845	304.440026522206	
0.264655172414	-0.790254093898	0.183792468536	3.719457057482	-311.083163068773	72.349821281339	1464.162571600865	941.775639486893	-856.030903862704	304.324232032003	
0.265517241379	-0.790591541748	0.183419953444	3.719919453164	-311.215999260630	72.203180885760	1464.344593449773	942.011213171645	-856.213235498299	304.515918609149	
0.266379310345	-0.790349398041	0.183851911484	3.720526318339	-311.120679501091	72.373220970612	1464.583485648762	942.367241993134	-856.277265049273	304.421002396810	
0.267241379310	-0.790174734321	0.183991169621	3.719264816053	-311.051923207342	72.428039872732	1464.086895849951	941.735579621023	-855.938329457746	304.335077257606	
0.268103448276	-0.790652608863	0.183727825526	3.720074147433	-311.240038302814	72.324374590155	1464.405488778220	942.003450108430	-856.364430038976	304.643334631217	
0.268965517241	-0.790277384780	0.184003551723	3.720323793249	-311.092331513778	72.432914081636	1464.503761739387	942.356902023549	-856.151259286005	304.417809427424	
0.269827586207	-0.790283782471	0.184519303420	3.719879939194	-311.094849961751	72.635939501339	1464.329038793455	941.687564244406	-856.394599725856	304.625449403704	
0.270689655172	-0.790574803864	0.183656385808	3.719639630902	-311.209410400491	72.296252377486	1464.234441544055	942.011789603186	-856.046110052693	304.503707664042	
0.271551724138	-0.790389584649	0.184329732164	3.720745685118	-311.136498941025	72.561314863179	1464.669839280966	942.305948711946	-856.469160491240	304.592594951277	
0.272413793103	-0.790166008266	0.184352037661	3.719391417155	-311.048488199856	72.570095411779	1464.136732316040	941.736019207993	-856.030372404512	304.462420671256	
0.273275862069	-0.790510444421	0.183878335087	3.719860287180	-311.184075334946	72.383622609865	1464.321302787035	941.970817977046	-856.213831755251	304.627621332936	
0.274137931034	-0.790252733919	0.184193470390	3.720393114512	-311.082627713653	72.507675478203	1464.531050023185	942.357089025763	-856.206344003795	304.479950742137	
0.275000000000	-0.790200402889	0.184602219764	3.719731175036	-311.062027627712	72.668579482509	1464.270477850797	941.683550962419	-856.298311550206	304.612528402404	
0.275862068966	-0.790516941010	0.183727030398	3.719495488042	-311.186632714318	72.324061588195	1464.177699773086	942.017525070622	-855.963267934249	304.504095587914	
0.276724137931	-0.790352447082	0.184455287266	3.720744713896	-311.121879754655	72.610739571616	1464.669456959949	942.317237457336	-856.467105241977	304.630464238138	
0.277586206897	-0.790228574860	0.184475576852	3.719491864629	-311.073117511074	72.618726557824	1464.176273418133	941.734525850449	-856.109266724838	304.512120839937	
0.278448275862	-0.790580085060	0.183877588635	3.719824279473	-311.211489340733	72.383328769640	1464.307128369946	941.959955247380	-856.176378755103	304.592854351126	
0.279310344828	-0.790375336154	0.184381010940	3.720766864900	-311.130890027233	72.581500729978	1464.678176692385	942.354028469814	-856.452367068408	304.608647901907	
0.280172413793	-0.790099484466	0.184404679481	3.719442856130	-311.022301136396	72.590817840220	1464.156981245042	941.693558650837	-856.049944981140	304.479506920834	
0.281034482759	-0.790501360418	0.183793087152	3.719869045606	-311.180499421360	72.350064799204	1464.324750537641	941.988803438712	-856.193334199942	304.596795099934	
0.281896551724	-0.790199975095	0.184073818055	3.720366363777	-311.061859226556	72.460574390993	1464.520519608406	942.347516801635	-856.172133997971	304.433276214311	
0.282758620690	-0.790183985427	0.184395477933	3.719674222416	-311.055564901034	72.587195654962	1464.248058477941	941.711760300182	-856.247058521758	304.546195550356	
0.283620689655	-0.790481813137	0.183573337598	3.719582702179	-311.172804643067	72.263560487642	1464.212031578476	941.989482329589	-856.015159712442	304.484313597412	
0.284482758621	-0.790411384981	0.184256932547	3.720876784072	-311.145080631832	72.532657327235	1464.721446324253	942.323549320811	-856.586707239600	304.629841536375	
0.285344827586	-0.790179231376	0.183974019095	3.719111701694	-311.053693471201	72.421288575796	1464.026622452568	941.722753397156	-855.862819229164	304.299143602953	
0.286206896552	-0.790693688994	0.183674240389	3.720113649451	-311.256209477320	72.303280825327	1464.421038729394	941.945794634722	-856.431324137484	304.638057280975	
0.287068965517	-0.790305235003	0.183733350598	3.720251146974	-311.103294741467	72.326549532136	1464.475164566648	942.357753002132	-856.132606525841	304.340500665432	
0.287931034483	-0.790129729203	0.183959129732	3.719420667786	-311.034206963301	72.415427384865	1464.148246813618	941.693737968926	-856.078751865925	304.376834959683	
0.288793103448	-0.790498221792	0.183267814357	3.719741680274	-311.179263902854	72.143291403559	1464.274613232921	941.983954172906	-856.132158451153	304.441420009239	
0.289655172414	-0.790231438423	0.183566440463	3.720322589929	-311.074244751304	72.260845433533	1464.503288053237	942.325640804640	-856.177582981084	304.303173240640	
0.290517241379	-0.790144578629	0.183832542154	3.719577259168	-311.040052433100	72.365596242874	1464.209888939562	941.730291793050	-856.167061013529	304.374028552360	
0.291379310345	-0.790454564677	0.183099925306	3.719682937318	-311.162078299436	72.077201955280	1464.251489095169	941.985585752429	-856.068375252672	304.377734948252	
0.292241379310	-0.790363177209	0.183743614580	3.720940430995	-311.126103664399	72.330589943928	1464.746500906736	942.325612062756	-856.590602508511	304.492136380747	
0.293103448276	-0.790124228849	0.183549253498	3.719302305918	-311.032041751329	72.254079792928	1464.101653718230	941.740676601694	-855.932451464014	304.209343445595	
0.293965517241	-0.790626010056	0.183240376591	3.720215264876	-311.229567694515	72.132490539605	1464.461039595036	941.966915570161	-856.433328955602	304.527905434998	
0.294827586207	-0.790264227592	0.183392190893	3.720454299333	-311.087152192777	72.192252170123	1464.555135399898	942.387086990619	-856.200902113847	304.277724038706	
0.295689655172	-0.790123810333	0.183640891680	3.719588815358	-311.031877002751	72.290153121233	1464.214438028580	941.728914758563	-856.124689463978	304.311094324013	
0.296551724138	-0.790517662120	0.182917799529	3.719766321403	-311.186916578808	72.005508226441	1464.284313202089	942.031777492904	-856.083340268246	304.335800536026	
0.297413793103	-0.790386545285	0.183568824243	3.720909024495	-311.135302496709	72.261783807407	1464.734137752318	942.352362853351	-856.543596875712	304.438459768503	
0.298275862069	-0.790168151826	0.183365610367	3.719216040853	-311.049332011516	72.181788758276	1464.067695514868	941.771493753969	-855.860702107844	304.155253845361	
0.299137931034	-0.790687993216	0.183147481739	3.720281243987	-311.253967336843	72.095922523458	1464.487012242098	941.995184782709	-856.466673044628	304.527786725891	
0.300000000000	-0.790400887012	0.183272418393	3.720543419761	-311.140948111090	72.145103780059	1464.590217615642	942.403154229112	-856.264182390485	304.267844230898	
0.300862068966	-0.790268550074	0.183518345361	3.719690579351	-311.088853735657	72.241912818940	1464.254497377818	941.718153286517	-856.184504270256	304.288855202732	
0.301724137931	-0.790643045401	0.182922118258	3.720058242754	-311.236273650230	72.007208291993	1464.399227908518	942.043589151078	-856.275462096103	304.413496623849	
0.302586206897	-0.790297868762	0.183323662069	3.720686628774	-311.100395024017	72.165275829594	1464.646591778348	942.361235684879	-856.345898951720	304.322019549306	
0.303448275862	-0.790162812136	0.183430072276	3.719613080201	-311.047230044937	72.207164159119	1464.223989872752	941.762349410351	-856.109595833746	304.265241490062	
0.304310344828	-0.790535386795	0.182804388904	3.719838497189	-311.193893889186	71.960864185633	1464.312725167101	942.018346498920	-856.138827345755	304.336821532243	
0.305172413793	-0.790373314481	0.183344686204	3.720766439284	-311.130094196871	72.173551970915	1464.678009148914	942.397435014243	-856.437034654026	304.364928390468	
0.306034482759	-0.790160328287	0.183380122066	3.719398150289	-311.046252278750	72.187501281764	1464.139382811106	941.759610872645	-855.988795280944	304.215828667001	
0.306896551724	-0.790728065544	0.183090569141	3.720285263335	-311.269741790570	72.073518905108	1464.488594456482	942.004362001125	-856.500883493556	304.539953043794	
0.307758620690	-0.790379352604	0.183153958871	3.720324869486	-311.132471101271	72.098472243313	1464.504185399698	942.395399852153	-856.136034538745	304.201243392052	
0.308620689655	-0.790358395587	0.183662693619	3.719918897257	-311.124221381014	72.298735444561	1464.344374617235	941.723106118455	-856.385663578430	304.408742486335	
0.309482758621	-0.790592991943	0.182809032270	3.719699475632	-311.216570129262	71.962692044486	1464.257999394630	942.031274009821	-856.066314056135	304.318261844977	
0.310344827586	-0.790313724700	0.183366374675	3.720658763031	-311.106636706804	72.182089627579	1464.635622441155	942.367655147670	-856.362189243083	304.338375839152	
0.311206896552	-0.790124353140	0.183452696250	3.719511180459	-311.032090678537	72.216070076069	1464.183877086079	941.766820781575	-856.049192654207	304.244353714612	
0.312068965517	-0.790552178840	0.182995926544	3.720043460585	-311.200504069952	72.036262889919	1464.393408914489	941.985987703916	-856.302300630914	304.434578080650	
0.312931034483	-0.790258844441	0.183299018016	3.720541590515	-311.085033117654	72.155574709415	1464.589497533752	942.419786492638	-856.246536742478	304.281105423357	
0.313793103448	-0.790120085721	0.183551955656	3.719598984616	-311.030410811007	72.255143496061	1464.218441152345	941.745538874584	-856.098708041014	304.281174279394	
0.314655172414	-0.790644949362	0.183135837527	3.720267853860	-311.237023143619	72.091338784744	1464.481741224547	942.027407640987	-856.437441231990	304.515547557596	
0.315517241379	-0.790297383991	0.183329782172	3.720538409734	-311.100204193949	72.167685005378	1464.588245420809	942.387189359599	-856.225460162480	304.262259129779	
0.316379310345	-0.790285489744	0.183809888000	3.720057977753	-311.095522029260	72.356678445508	1464.399123591129	941.760329959784	-856.412961527819	304.451542949353	
0.317241379310	-0.790517604354	0.183028359722	3.719892913769	-311.186893839418	72.049030195749	1464.334146228879	942.031909821119	-856.140933200797	304.392934942544	
0.318103448276	-0.790294134038	0.183536475757	3.720765190641	-311.098924851457	72.249049840961	1464.677517621215	942.400458239093	-856.377890975876	304.380455537778	
0.318965517241	-0.790117224771	0.183609417579	3.719501063919	-311.029284599231	72.277763355615	1464.179894714526	941.796506428194	-855.993626535305	304.254084401711	
0.319827586207	-0.790641108036	0.183310259070	3.720287225582	-311.235511007391	72.159999745158	1464.489366894202	942.024536502322	-856.441742098395	304.559330809039	
0.320689655172	-0.790293552401	0.183459065105	3.720449489243	-311.098695890286	72.218577173101	1464.553241910058	942.418213636596	-856.145894782334	304.279372618433	
0.321551724138	-0.790303107164	0.184013233522	3.720102096319	-311.102457118663	72.436725317240	1464.416490844420	941.756139711539	-856.436363611917	304.506875599604	
0.322413793103	-0.790621232768	0.183102235432	3.719844789384	-311.227687117328	72.078111335287	1464.315202087067	942.061956405912	-856.101336692518	304.380922361529	
0.323275862069	-0.790437101411	0.183727099179	3.720986236412	-311.155203892755	72.324088664011	1464.764532188214	942.361866356777	-856.526107778808	304.457290521727	
0.324137931034	-0.790224273462	0.183737928239	3.719659504603	-311.071424267578	72.328351518528	1464.242264817518	941.804856869327	-856.091643827808	304.320580733652	
0.325000000000	-0.790554176761	0.183249839525	3.720102618679	-311.201290550793	72.136215619023	1464.416696471238	942.017669061905	-856.275022044917	304.488773521521	
0.325862068966	-0.790298410470	0.183566692627	3.720714600239	-311.100608267120	72.260944697876	1464.657602732486	942.412812062414	-856.311932177758	304.363405511848	
0.326724137931	-0.790200124367	0.183858494757	3.719821970290	-311.061917987564	72.375812473237	1464.306219361105	941.755573560237	-856.231593869018	304.398167629264	
0.327586206897	-0.790581534532	0.183162042629	3.719890299076	-311.212059924726	72.101654411067	1464.333116956349	942.071823736601	-856.145540194440	304.429051151512	
0.328448275862	-0.790344450331	0.183669232800	3.720693794937	-311.118731837363	72.301309590077	1464.649412734884	942.388969877909	-856.326601997211	304.395763725593	
0.329310344828	-0.790344340807	0.183999535032	3.719928737278	-311.118688723292	72.431332912980	1464.348248136827	941.786569775321	-856.327901114951	304.473185626085	
0.330172413793	-0.790638749306	0.183217089171	3.719836343668	-311.234582494431	72.123323457232	1464.311877434698	942.033390853322	-856.111455519551	304.416138621991	
0.331034482759	-0.790525578997	0.183928944571	3.721154113665	-311.190033053752	72.403545010090	1464.830616992132	942.381680112308	-856.654497639780	304.567966705939	
0.331896551724	-0.790202461401	0.183821953558	3.719497244989	-311.062837960035	72.361428046721	1464.178391394408	941.787874015268	-855.988620343779	304.312987937146	
0.332758620690	-0.790588808415	0.183370032630	3.720097945548	-311.214923285399	72.183529579917	1464.414856895098	942.030272353816	-856.274086913531	304.521364033164	
0.333620689655	-0.790310400303	0.183666472556	3.720681323469	-311.105328059396	72.300223021206	1464.644503347338	942.421643833954	-856.279735617098	304.376575076023	
0.334482758621	-0.790259578441	0.183983000619	3.719935544644	-311.085322056651	72.424824148928	1464.350927853400	941.747203732161	-856.308237381291	304.453361211089	
0.335344827586	-0.790589801829	0.183140649061	3.719830923772	-311.215314342286	72.093232842853	1464.309743895253	942.076945291733	-856.080407727453	304.400148297243	
0.336206896552	-0.790409987973	0.183681847945	3.720858460019	-311.144530700208	72.306275536441	1464.714233069484	942.379285255338	-856.433567965753	304.435309738835	
0.337068965517	-0.790345794786	0.183829957574	3.719892751318	-311.119261081490	72.364578823994	1464.334082280253	941.799781195000	-856.278926939179	304.411596673027	
0.337931034483	-0.790657206623	0.183047816757	3.719926832773	-311.241848208615	72.056689448652	1464.347498429543	942.026210349357	-856.164407010308	304.395099484275	
0.338793103448	-0.790540167218	0.183636061322	3.721124385321	-311.195775700386	72.288251652961	1464.818914442893	942.395883907855	-856.632007323899	304.499075452438	
0.339655172414	-0.790226380710	0.183515081100	3.719537574171	-311.072253784744	72.240627843706	1464.194266958561	941.784931452252	-856.025871687295	304.258465855151	
0.340517241379	-0.790651987242	0.182964332627	3.720049421788	-311.239793601962	72.023825959237	1464.395755539397	942.036800206204	-856.267363477845	304.427822940303	
0.341379310345	-0.790366070595	0.183196747004	3.720555859292	-311.127242644232	72.115315772568	1464.595114431393	942.422442652817	-856.228021822058	304.249204393992	
0.342241379310	-0.790339685163	0.183580935272	3.719952539504	-311.116856030890	72.266551308690	1464.357617872380	941.771759270602	-856.354543112340	304.383045652592	
0.343103448276	-0.790613132687	0.182700573424	3.719753528426	-311.224498524054	71.919997269346	1464.279277252496	942.049580279051	-856.055836174705	304.292444374906	
0.343965517241	-0.790501899805	0.183425294811	3.721167836323	-311.180711750863	72.205283512419	1464.836018910070	942.376951420261	-856.679397831855	304.468210755407	
0.344827586207	-0.790258087661	0.183227553311	3.719523486054	-311.084735211611	72.127442661106	1464.188721177742	941.807284603526	-856.021791372822	304.177621779597	
0.345689655172	-0.790672877901	0.182754512833	3.720133472494	-311.248017200299	71.941230492943	1464.428842061447	942.002204633219	-856.326911711274	304.384663871473	
0.346551724138	-0.790394008041	0.183088449490	3.720811006150	-311.138240207145	72.072684505314	1464.695552875408	942.426307897183	-856.401687706967	304.294410918589	
0.347413793103	-0.790153885851	0.183228028023	3.719685852463	-311.043716216693	72.127629531157	1464.252636640510	941.769363363542	-856.133805321814	304.228124365187	
0.348275862069	-0.790551458582	0.182541799165	3.719922992048	-311.200220540552	71.857495854814	1464.345986529740	942.050663703368	-856.171071294548	304.294716457800	
0.349137931034	-0.790380903686	0.183108743185	3.720948269365	-311.133081683850	72.080673109191	1464.749586477397	942.379035901488	-856.533546968045	304.339546601873	
0.350000000000	-0.790194734606	0.183003034429	3.719379237821	-311.059796310631	72.039060905766	1464.131937926599	941.824679235223	-855.949527889454	304.106565162192	
0.350862068966	-0.790631817070	0.182611076418	3.720042129676	-311.231853622971	71.884766813684	1464.392885002745	942.012658402980	-856.290417339524	304.345910751997	
0.351724137931	-0.790467453980	0.183002865747	3.720829013291	-311.167152167337	72.038994504095	1464.702641378103	942.420121575716	-856.465469892046	304.289743983726	
0.352586206897	-0.790220315227	0.183004014957	3.719483995406	-311.069866110258	72.039446889978	1464.173175702394	941.774855633984	-856.020719639921	304.110976310451	
0.353448275862	-0.790719162344	0.182643375111	3.720320673510	-311.266237050160	71.897481179437	1464.502533655556	942.018823351173	-856.480594421962	304.413299229559	
0.354310344828	-0.790279709052	0.182782568072	3.720518449442	-311.093246462557	71.952274424844	1464.580388060877	942.396361895842	-856.214599216882	304.145498975890	
0.355172413793	-0.790134071439	0.183036144201	3.719681782325	-311.035916282641	72.052094552278	1464.251034432747	941.785948606618	-856.134194910144	304.165191732793	
0.356034482759	-0.790475331706	0.182370816792	3.719871107085	-311.170253230704	71.790188721767	1464.325562037730	942.048859641428	-856.127574052106	304.217912613055	
0.356896551724	-0.790346804912	0.182993785488	3.721008266417	-311.119658717183	72.035420064366	1464.773204289370	942.367401774422	-856.568515519982	304.304056114878	
0.357758620690	-0.790105458972	0.182892763661	3.719376029609	-311.024652997942	71.995652868255	1464.130675015523	941.828123417756	-855.904635327973	304.047650802506	
0.358620689655	-0.790609557638	0.182719783876	3.720379991567	-311.223091207774	71.927559455150	1464.525884181631	941.996047743733	-856.506586102233	304.435123312425	
0.359482758621	-0.790334612623	0.182878301446	3.720652150537	-311.114859228010	71.989959824126	1464.633019435934	942.435341331609	-856.291237390448	304.180885649578	
0.360344827586	-0.790191028354	0.183158358644	3.719706098961	-311.058337345970	72.100204211875	1464.260606665136	941.768807269107	-856.138995199193	304.176601721648	
0.361206896552	-0.790634884207	0.182697892219	3.720192836244	-311.233060999854	71.918941814254	1464.452210574485	942.052326036516	-856.350611123629	304.375654143562	
0.362068965517	-0.790277692307	0.183060259653	3.720693103737	-311.092452571737	72.061587589073	1464.649140644586	942.398005454171	-856.307177559012	304.235179320331	
0.362931034483	-0.790179062366	0.183292327862	3.719702093755	-311.053626940412	72.152941133463	1464.259030017583	941.802668379453	-856.123359641738	304.215396364008	
0.363793103448	-0.790540997025	0.182681123465	3.719849708631	-311.196102353491	71.912340801746	1464.317138546170	942.043378612958	-856.106547935514	304.273947557640	
0.364655172414	-0.790422722199	0.183348741427	3.720986636743	-311.149543522320	72.175148307642	1464.764689778308	942.408431203245	-856.535609871193	304.378285666346	
0.365517241379	-0.790159599030	0.183400029896	3.719532181964	-311.045965206904	72.195337990141	1464.192144318816	941.801913733656	-855.995398402903	304.198687868618	
0.366379310345	-0.790681853438	0.183195185868	3.720486078836	-311.251550416163	72.114701232090	1464.567645386688	942.003780277430	-856.563261206066	304.568084191404	
0.367241379310	-0.790317655096	0.183263848834	3.720539569346	-311.108183905288	72.141730377156	1464.588701901365	942.428663016949	-856.182081295547	304.233094921650	
0.368103448276	-0.790261496483	0.183804597482	3.720079934425	-311.086077092876	72.354595835433	1464.407766824740	941.757094703576	-856.379177484245	304.422694276087	
0.368965517241	-0.790535565121	0.183013012462	3.719910701435	-311.193964087133	72.042988754080	1464.341148335559	942.056572701898	-856.118733155231	304.375791762651	
0.369827586207	-0.790279595361	0.183581150269	3.720845856185	-311.093201708012	72.266635942018	1464.709271575769	942.402249921566	-856.393687617601	304.397256322779	
0.370689655172	-0.790139065026	0.183687569880	3.719641366024	-311.037882005953	72.308527973498	1464.235124574073	941.820477870637	-856.045671892563	304.289454831118	
0.371551724138	-0.790639051679	0.183396674948	3.720381467767	-311.234701523208	72.194017316152	1464.526465287334	942.015108324587	-856.477457157737	304.590533406188	
0.372413793103	-0.790344903212	0.183497089973	3.720503940766	-311.118910113516	72.233545644923	1464.574676727136	942.453485992681	-856.155025227916	304.295406157947	
0.373275862069	-0.790283432711	0.184029551848	3.720027413819	-311.094712279173	72.443149018935	1464.387092112144	941.789408191232	-856.328940330810	304.472606662835	
0.374137931034	-0.790686086813	0.183331473825	3.720161670903	-311.253216882485	72.168350923996	1464.439942352021	942.074419902187	-856.293990286734	304.514645507729	
0.375000000000	-0.790400824178	0.183651782808	3.720796684778	-311.140923376530	72.294440408740	1464.689915273866	942.413956329706	-856.327986759008	304.376988502284	
0.375862068966	-0.790343140184	0.184003562039	3.720163398196	-311.118216098474	72.432918142212	1464.440622300083	941.828929587818	-856.377400749813	304.483394698463	
0.376724137931	-0.790565301811	0.183221912284	3.720098929387	-311.205669921485	72.125222073210	1464.415244183083	942.050147799335	-856.198888391522	304.459009295722	
0.377586206897	-0.790361745634	0.183607413108	3.720974363081	-311.125540125416	72.276974296763	1464.759858256787	942.448903964968	-856.412914082341	304.411833352645	
0.378448275862	-0.790175067756	0.183683643380	3.719804871000	-311.052054464055	72.306982308481	1464.299488233296	941.859442714252	-856.089511441526	304.304429643286	
0.379310344828	-0.790698782366	0.183304609463	3.720579901284	-311.258214480856	72.157775780040	1464.604578550589	942.047372195969	-856.546054658306	304.595077311365	
0.380172413793	-0.790356866420	0.183365994185	3.720712279953	-311.123619424988	72.181939847890	1464.656689353149	942.490014669556	-856.215479364069	304.293837113805	
0.381034482759	-0.790342773358	0.183953508960	3.720437320705	-311.118071697692	72.413214770661	1464.548451770833	941.822078999080	-856.551743679945	304.544371781112	
0.381896551724	-0.790658237036	0.182981737675	3.720104527717	-311.242253830495	72.030677448361	1464.417447962916	942.117583738735	-856.179006611195	304.396624225878	
0.382758620690	-0.790481699333	0.183530543803	3.721159150183	-311.172759844247	72.246714729800	1464.832599614900	942.443205986156	-856.533737035760	304.434282284500	
0.383620689655	-0.790315748331	0.183657590405	3.720035345925	-311.107433308044	72.296726566822	1464.390214582142	941.893584823208	-856.234040286851	304.365355831571	
0.384482758621	-0.790623583317	0.183066282855	3.720296834848	-311.228612409644	72.063958619919	1464.493149577404	942.085227669385	-856.305032929692	304.469005796651	
0.385344827586	-0.790425668183	0.183399711338	3.721021806423	-311.150703207458	72.195212589875	1464.778534306688	942.487876838847	-856.417089114085	304.373506748813	
0.386206896552	-0.790249207100	0.183504385385	3.719820095127	-311.081239382922	72.236417480685	1464.305481203816	941.878621615422	-856.089109143476	304.264756490574	
0.387068965517	-0.790747158984	0.183118450116	3.720536722526	-311.277257914550	72.084494238334	1464.587581252004	942.099028419656	-856.497662796740	304.542378116799	
0.387931034483	-0.790395455520	0.183288019144	3.720839116154	-311.138810006677	72.151245008458	1464.706618365877	942.488044717317	-856.293751943985	304.304266835310	
0.388793103448	-0.790374267899	0.183778535203	3.720420784747	-311.130469509291	72.344336431341	1464.541942398391	941.837602694805	-856.533963385487	304.491688337336	
0.389655172414	-0.790644707035	0.182805585413	3.720062993381	-311.236927751575	71.961335190904	1464.401097990671	942.111810130857	-856.151291798439	304.338124721895	
0.390517241379	-0.790476049385	0.183391537170	3.721202503349	-311.170535744770	72.191994832451	1464.849665569053	942.439470353205	-856.576610590031	304.413607717001	
0.391379310345	-0.790228779092	0.183423599754	3.719864563215	-311.073197906907	72.204616253814	1464.322986046273	941.886069359054	-856.133778396106	304.268432020672	
0.392241379310	-0.790574491242	0.182886064203	3.720226898378	-311.209287336712	71.993015629628	1464.465619117936	942.068976090781	-856.297529271934	304.415485566527	
0.393103448276	-0.790340914913	0.183142046412	3.720769665515	-311.117340121705	72.093782909449	1464.679279153251	942.483597488900	-856.281316165252	304.255045593534	
0.393965517241	-0.790286468277	0.183629110060	3.720184303196	-311.095907228181	72.285515291776	1464.448851543985	941.833020478194	-856.414385967372	304.405792937682	
0.394827586207	-0.790585666908	0.182714909965	3.719816443944	-311.213686632748	71.925640842048	1464.304043917316	942.094084782791	-856.040940301183	304.277986558926	
0.395689655172	-0.790450742290	0.183507683767	3.721243775376	-311.160573618515	72.237715887209	1464.865912283628	942.432886479371	-856.651218197792	304.466882612893	
0.396551724138	-0.790239174547	0.183467778621	3.719753423737	-311.077290072904	72.222007244676	1464.279236041861	941.868449558756	-856.102283993404	304.249595231526	
0.397413793103	-0.790611243396	0.182946471423	3.720149169549	-311.223754805489	72.016794904329	1464.435021199639	942.034986012085	-856.266777395240	304.386389286680	
0.398275862069	-0.790401076384	0.183431760684	3.721075360003	-311.141022657005	72.207828800384	1464.799615648824	942.463250359406	-856.505123771243	304.390142615716	
0.399137931034	-0.790103664836	0.183567904221	3.719808810597	-311.023946737315	72.261421641427	1464.301039053702	941.814225776399	-856.122978752759	304.277814693257	
0.400000000000	-0.790510365357	0.182979776808	3.720150916069	-311.184044211592	72.029905553862	1464.435708716490	942.059661902274	-856.252825064652	304.399878329066	
0.400862068966	-0.790233870526	0.183292436337	3.720703065661	-311.075202147663	72.152983834810	1464.653062151175	942.444703742157	-856.251676270116	304.256300716321	
0.401724137931	-0.790199529107	0.183734629837	3.720069229484	-311.061683663707	72.327053104086	1464.403552829745	941.825774762043	-856.341908667554	304.387097471886	
0.402586206897	-0.790477800486	0.182959963944	3.719897177923	-311.171225065058	72.022106229145	1464.335824811253	942.052515916484	-856.096265164304	304.340156296046	
0.403448275862	-0.790402279520	0.183709148301	3.721254402266	-311.141496271022	72.317022309068	1464.870095554154	942.415495664411	-856.681823919292	304.515858984649	
0.404310344828	-0.790129057668	0.183560787348	3.719508011377	-311.033942613853	72.258620087627	1464.182629578256	941.837311156526	-855.937333925956	304.196345172884	
0.405172413793	-0.790650797306	0.183385276568	3.720517496630	-311.239325184182	72.189530349100	1464.580012987172	942.013104836490	-856.552893568197	304.589701488825	
0.406034482759	-0.790273527140	0.183468537228	3.720605564627	-311.090812955704	72.222305870125	1464.614680913758	942.445724983696	-856.191632890743	304.281444795733	
0.406896551724	-0.790100426112	0.183870268381	3.719863039346	-311.022671815145	72.380447154761	1464.322386176056	941.817006980997	-856.174329100296	304.359140354403	
0.407758620690	-0.790472342871	0.183235981963	3.720077438661	-311.169076677151	72.130760596000	1464.406784368690	942.054664238937	-856.197480682924	304.431994436531	
0.408620689655	-0.790278062591	0.183658001965	3.720842482777	-311.092598333747	72.296888577198	1464.707943635465	942.411983389445	-856.353624473171	304.368905442400	
0.409482758621	-0.790140956782	0.183926887151	3.719903026803	-311.038626694663	72.402735107582	1464.338127220276	941.859914644225	-856.176510860458	304.369852210615	
0.410344827586	-0.790478250266	0.183316886595	3.720092023540	-311.171402120459	72.162608667452	1464.412525699421	942.041260148860	-856.189009772429	304.447721775985	
0.411206896552	-0.790396831178	0.183919736460	3.721296664691	-311.139351533771	72.399920241570	1464.886732138371	942.431579201730	-856.644659151213	304.540942706201	
0.412068965517	-0.790129566596	0.183826475682	3.719733087812	-311.034142953066	72.363208178687	1464.271230814111	941.848072269287	-856.017130271271	304.279277184892	
0.412931034483	-0.790655061331	0.183549066536	3.720660999515	-311.241003715549	72.254006195154	1464.636502831950	942.035390829188	-856.571751579559	304.633602539925	
0.413793103448	-0.790271138928	0.183608209934	3.720782868790	-311.089872837100	72.277287966968	1464.684476616730	942.476651897045	-856.233697857859	304.331487419214	
0.414655172414	-0.790149850356	0.183950047395	3.720038700953	-311.042127645945	72.411852127357	1464.391535287598	941.850885164450	-856.221425634121	304.395557274216	
0.415517241379	-0.790540861170	0.183212214533	3.720129668951	-311.196048874301	72.121404558242	1464.427344798392	942.102179800205	-856.162013015871	304.416128343100	
0.416379310345	-0.790447123035	0.183851842954	3.721343830060	-311.159148900214	72.373193993931	1464.905298764405	942.452638840973	-856.647358158155	304.532402920892	
0.417241379310	-0.790211789717	0.183733545452	3.719724887804	-311.066510047166	72.326626236226	1464.268002884604	941.897334640565	-855.982916509009	304.265801615703	
0.418103448276	-0.790719979870	0.183498245165	3.720703120413	-311.266558868771	72.234000385611	1464.653083704427	942.071849711123	-856.568798322951	304.636749586616	
0.418965517241	-0.790441882625	0.183601424664	3.721024422118	-311.157086015238	72.274616948573	1464.779563973577	942.515852462784	-856.372064742378	304.381972216506	
0.419827586207	-0.790306032662	0.183876414380	3.720208853713	-311.103608739379	72.382866524622	1464.458515843702	941.854682181609	-856.290541970008	304.396071360027	
0.420689655172	-0.790692602581	0.183218023459	3.720492161747	-311.255781811592	72.123691239047	1464.570039921696	942.135366323691	-856.363698753703	304.503961654282	
0.421551724138	-0.790365892514	0.183560142184	3.721186382056	-311.127172542817	72.258366119142	1464.843319429246	942.487982296770	-856.449424500287	304.411488435835	
0.422413793103	-0.790246660614	0.183679113271	3.720173132871	-311.080236959791	72.305199033049	1464.444454350391	941.909969893961	-856.233365410815	304.350566728627	
0.423275862069	-0.790631065909	0.182985349188	3.720342144580	-311.231557928754	72.032099118695	1464.510985732502	942.121606166789	-856.262105983004	304.410769599946	
0.424137931034	-0.790501791098	0.183462597864	3.721346206932	-311.180668958312	72.219967842052	1464.906234418814	942.533506622396	-856.586056739371	304.441061232340	
0.425000000000	-0.790274239470	0.183508991002	3.720030299921	-311.091093364111	72.238230479754	1464.388228224904	941.915591442996	-856.149358916861	304.288559724145	
0.425862068966	-0.790830233649	0.183143260651	3.720835066929	-311.309960218703	72.094260894009	1464.705024389951	942.115956847498	-856.642800185479	304.596770964360	
0.426724137931	-0.790492862252	0.183131195960	3.720916354300	-311.177154122030	72.089511633881	1464.737023126433	942.540082771028	-856.281473754166	304.251095857912	
0.427586206897	-0.790456190578	0.183624522604	3.720509769642	-311.162718334425	72.283709442114	1464.576971261850	941.884262717232	-856.512366676739	304.435201045630	
0.428448275862	-0.790700699012	0.182707581326	3.720218802039	-311.258968967891	71.922755926539	1464.462431997642	942.158388372389	-856.190637835811	304.335869108510	
0.429310344828	-0.790442397543	0.183192838041	3.721192675519	-311.157288712431	72.113777010890	1464.845796848219	942.509241250442	-856.483512849604	304.344576420290	
0.430172413793	-0.790283122664	0.183302417134	3.720090322040	-311.094590229147	72.156912770629	1464.411855904613	941.924855469636	-856.199667386725	304.252782679415	
0.431034482759	-0.790692751490	0.182693445335	3.720359504842	-311.255840429240	71.917191300521	1464.517819591913	942.103902630871	-856.322216518362	304.363712800903	
0.431896551724	-0.790472198942	0.183090446753	3.721163980173	-311.169020019652	72.073470727075	1464.834500938492	942.544151956421	-856.481401948080	304.317062428701	
0.432758620690	-0.790257665504	0.183251858421	3.720020323268	-311.084569029835	72.137010356575	1464.384300919988	941.895261089672	-856.176334636145	304.230948993508	
0.433620689655	-0.790779285204	0.182847438665	3.720708121945	-311.289904386352	71.977810704270	1464.655052555176	942.102994834837	-856.588426655897	304.498519988552	
0.434482758621	-0.790416509278	0.182918154880	3.720871983804	-311.147097808898	72.005648110245	1464.719556701026	942.510545095098	-856.284449190698	304.192021331792	
0.435344827586	-0.790382856628	0.183451964129	3.720454400105	-311.133850458709	72.215781877105	1464.555175068873	941.872468039263	-856.513371500958	304.390037696569	
0.436206896552	-0.790598515075	0.182566123267	3.720108843536	-311.218744307671	71.867071026521	1464.419146883076	942.113194639357	-856.164375920961	304.284503318438	
0.437068965517	-0.790398241497	0.183074293185	3.721067682867	-311.139906705405	72.067111882635	1464.796593547802	942.492458580198	-856.457301098874	304.296492441881	
0.437931034483	-0.790215645506	0.183170983080	3.719813804139	-311.068027876798	72.105173815360	1464.303004759297	941.899462192812	-856.070744988838	304.159894312776	
0.438793103448	-0.790723838719	0.182856915224	3.720510445031	-311.268077902766	71.981541147518	1464.577237128202	942.077782689545	-856.509419653753	304.462962716425	
0.439655172414	-0.790381759426	0.182986715852	3.720697070086	-311.133418545680	72.032637105205	1464.650701995916	942.489025208399	-856.218990698570	304.187910279073	
0.440517241379	-0.790347008152	0.183611992635	3.720371138766	-311.119738722271	72.278777025308	1464.522399280772	941.842189915712	-856.506520382219	304.420228954161	
0.441379310345	-0.790626944661	0.182687525854	3.719990894287	-311.229935601131	71.914861099472	1464.372716215065	942.093580449614	-856.135363287493	304.284815036146	
0.442241379310	-0.790432699826	0.183262131117	3.721060250626	-311.153471210498	72.141054198807	1464.793667849430	942.421431669648	-856.492901055065	304.330384041370	
0.443103448276	-0.790225470609	0.183454260340	3.719940644870	-311.071895524047	72.216685779560	1464.352935555137	941.872201183968	-856.194746432438	304.273013879179	
0.443965517241	-0.790509062680	0.182894120017	3.720138100236	-311.183531413168	71.996186797100	1464.430663769879	942.030298434867	-856.253646608515	304.382984057341	
0.444827586207	-0.790289446205	0.183244319573	3.720818474779	-311.097079488388	72.134042692333	1464.698492897856	942.454195998187	-856.328240156570	304.284636992394	
0.445689655172	-0.790173407201	0.183619276436	3.719953740944	-311.051400787406	72.281644290385	1464.358090818612	941.806569571656	-856.253555064237	304.325633599861	
0.446551724138	-0.790548296558	0.182933323389	3.719924797658	-311.198975811582	72.011619186762	1464.346697307247	942.070812559087	-856.150659897880	304.356198733579	
0.447413793103	-0.790309159362	0.183464484396	3.720770379897	-311.104839563578	72.220710474498	1464.679560369587	942.412461012110	-856.339758077902	304.341080919237	
0.448275862069	-0.790270544545	0.183888596101	3.720031690036	-311.089638858217	72.387661853580	1464.388775443330	941.824079723288	-856.340133084585	304.430008397092	
0.449137931034	-0.790533309193	0.183099585385	3.719804449169	-311.193076041857	72.077068145471	1464.299322179642	942.017469048837	-856.071298181898	304.355151659932	
0.450000000000	-0.790440568045	0.183829905137	3.721154255627	-311.156568531611	72.364558182349	1464.830672875194	942.409650604798	-856.617177007360	304.521619784351	
0.450862068966	-0.790094728100	0.183849959574	3.719588565824	-311.020428795127	72.372452602035	1464.214339799487	941.808592934163	-855.997514480482	304.297760277034	
0.451724137931	-0.790495214850	0.183374258831	3.720041828651	-311.178080221227	72.185193221913	1464.392766504328	942.017814924688	-856.224779777337	304.481967293185	
0.452586206897	-0.790237102956	0.183726428293	3.720708440888	-311.076474592245	72.323824569751	1464.655178107002	942.433664915022	-856.267992880142	304.370309577150	
0.453448275862	-0.790180047154	0.184151273354	3.720023929881	-311.054014601578	72.491064634150	1464.385720661834	941.775332102275	-856.313015701860	304.465395587759	
0.454310344828	-0.790491973482	0.183362134795	3.719862256961	-311.176804258227	72.180420600933	1464.322078190440	942.060749303462	-856.079052901482	304.428431451491	
0.455172413793	-0.790310243810	0.183956188592	3.720954935917	-311.105266455829	72.414269606768	1464.752210762455	942.391590351334	-856.443512351289	304.489914363458	
0.456034482759	-0.790217843455	0.184224960286	3.720050954800	-311.068893098414	72.520071461222	1464.396359008894	941.836988466365	-856.293209081972	304.485316594772	
0.456896551724	-0.790525068032	0.183475028631	3.720014681951	-311.189831912903	72.224861207578	1464.382080218242	942.023091623389	-856.158092194754	304.473587050182	
0.457758620690	-0.790433480979	0.184103591150	3.721282848618	-311.153778711353	72.472294556269	1464.881293447483	942.427669249702	-856.639691374271	304.598852640910	
0.458620689655	-0.790123750932	0.184091489135	3.719765267869	-311.031853619782	72.467530603398	1464.283898478964	941.842016118583	-856.048807613957	304.376716095178	
0.459482758621	-0.790585327111	0.183576378337	3.720233791057	-311.213552871846	72.264757473254	1464.468332417944	942.054187134685	-856.293342072064	304.559434343648	
0.460344827586	-0.790353829137	0.183840929575	3.720824882349	-311.122423799858	72.368897947221	1464.701015234797	942.472634455838	-856.283554114215	304.406723874709	
0.461206896552	-0.790342553409	0.184313861522	3.720289157244	-311.117985114645	72.555067391981	1464.490127292069	941.843577382418	-856.429719503728	304.558502125147	
0.462068965517	-0.790621717175	0.183437815733	3.720028106551	-311.227877803896	72.210212367392	1464.387364805994	942.080504975953	-856.119680274557	304.473534902240	
0.462931034483	-0.790531602622	0.184158871784	3.721498889779	-311.192404251234	72.494055752487	1464.966337951898	942.439871933023	-856.752330583180	304.663704247156	
0.463793103448	-0.790279286648	0.184008899496	3.719892541331	-311.093080183239	72.435019230004	1464.333999619153	941.892512539468	-856.093341338085	304.374936235607	
0.464655172414	-0.790708355032	0.183501438419	3.720423447380	-311.261982756702	72.235257408910	1464.542990542519	942.047388264193	-856.380449096995	304.573237722186	
0.465517241379	-0.790465196610	0.183799083206	3.721150443820	-311.166263554683	72.352425143338	1464.829172359379	942.502189200241	-856.466849491311	304.487506235082	
0.466379310345	-0.790246080841	0.183967292478	3.720071736546	-311.080008732597	72.418640646411	1464.404539733405	941.864997231117	-856.214743971997	304.422520830266	
0.467241379310	-0.790676094764	0.183259461312	3.720279280334	-311.249283516980	72.140003231259	1464.486239250798	942.100260331677	-856.276745400104	304.499289514301	
0.468103448276	-0.790525329625	0.183704831272	3.721211652111	-311.189934888613	72.315322912498	1464.853266975051	942.461274751120	-856.555654982036	304.493958577570	
0.468965517241	-0.790368578078	0.183765477186	3.719929879115	-311.128229713925	72.339196148791	1464.348697620557	941.921555982075	-856.158623615108	304.361423739063	
0.469827586207	-0.790742721784	0.183214984843	3.720272151004	-311.275511212762	72.122495089596	1464.483432793273	942.070760545959	-856.309206588999	304.506050739885	
0.470689655172	-0.790633076006	0.183689740930	3.721300296297	-311.232349202238	72.309382606050	1464.888161718396	942.488377177196	-856.642218419544	304.536670633915	
0.471551724138	-0.790345240145	0.183640703695	3.719804944415	-311.119042747150	72.290079121146	1464.299517133017	941.878984218733	-856.071651466825	304.294088822961	
0.472413793103	-0.790850237694	0.183281471432	3.720600726792	-311.317834801712	72.148667504615	1464.612776502358	942.070173610800	-856.554717155644	304.608822386117	
0.473275862069	-0.790445394172	0.183377698249	3.720819712910	-311.158468334138	72.186547147394	1464.698980287485	942.476228063154	-856.291462607789	304.339501638094	
0.474137931034	-0.790316509138	0.183653156665	3.719980747063	-311.107732799488	72.294981226791	1464.368721765115	941.875338326986	-856.212147282774	304.352866798681	
0.475000000000	-0.790673203526	0.182956095785	3.720111511180	-311.248145382435	72.020583530145	1464.420197000002	942.086985509892	-856.219290300261	304.408046494616	
0.475862068966	-0.790545747897	0.183483038490	3.721175167380	-311.197972532216	72.228014285170	1464.838904777472	942.424648421695	-856.604435312632	304.460077959368	
0.476724137931	-0.790287179229	0.183464454266	3.719677609743	-311.096187094038	72.220698613771	1464.249391897729	941.902132645412	-856.029266181903	304.246533551767	
0.477586206897	-0.790718671987	0.183127663399	3.720367391633	-311.266044021278	72.088121042933	1464.520924223565	942.013472398748	-856.455826563873	304.537767017414	
0.478448275862	-0.790482105338	0.183375393242	3.720917679481	-311.172919667885	72.185639782237	1464.737544783579	942.472003839110	-856.431694875767	304.383667633591	
0.479310344828	-0.790256307411	0.183549502929	3.719754605096	-311.084034416907	72.254177981273	1464.279701083262	941.829572671220	-856.110833422358	304.281366538360	
0.480172413793	-0.790718175169	0.183128401330	3.720329307292	-311.265848449144	72.088411529155	1464.505932339893	942.043825279871	-856.441095493041	304.531967611461	
0.481034482759	-0.790352990885	0.183354412170	3.720696404747	-311.122093822655	72.177380593026	1464.650440085429	942.431090887499	-856.288231946983	304.325497157932	
0.481896551724	-0.790244223662	0.183658024221	3.719816078347	-311.079277654824	72.296897338201	1464.303900000213	941.843406320847	-856.174113929810	304.332144120919	
0.482758620690	-0.790590829500	0.182989703928	3.719876995567	-311.215718884556	72.033813360305	1464.327880035970	942.036581769689	-856.134264799199	304.369127110912	
0.483620689655	-0.790477111660	0.183619910060	3.721056724230	-311.170953908867	72.281893716255	1464.792279685456	942.426307589105	-856.576563964537	304.474730761557	
0.484482758621	-0.790176100110	0.183690662007	3.719639155807	-311.052460849616	72.309745187654	1464.234254523121	941.833901832850	-856.035901455665	304.286313028741	
0.485344827586	-0.790670048621	0.183426127587	3.720508054454	-311.246903455349	72.205611334029	1464.576296078692	941.994324016323	-856.577806451610	304.634767604591	
0.486206896552	-0.790309544675	0.183421279506	3.720582733594	-311.104991241574	72.203702889367	1464.605693487965	942.442949905159	-856.191400335343	304.284491737339	
0.487068965517	-0.790230750576	0.183915676288	3.720091440536	-311.073973980527	72.398321956739	1464.412296200070	941.790233720154	-856.344125818421	304.429535332653	
0.487931034483	-0.790517285941	0.183108174005	3.719961989584	-311.186768496263	72.080449052006	1464.361337892227	942.048533508042	-856.154696564193	304.406212123341	
0.488793103448	-0.790287212808	0.183556559777	3.720857634026	-311.096200312439	72.256955906245	1464.713907917605	942.408089641416	-856.388551805931	304.387236137391	
0.489655172414	-0.790151232974	0.183663982451	3.719700374830	-311.042671912999	72.299242792739	1464.258353363711	941.846810164377	-856.061868579162	304.273997039540	
0.490517241379	-0.790644126647	0.183308205641	3.720361838727	-311.236699282044	72.159191414085	1464.518738324463	941.991614179854	-856.485405411356	304.559600050269	
0.491379310345	-0.790361392044	0.183348858646	3.720507353594	-311.125400934678	72.175194450898	1464.576020185443	942.451175491482	-856.167228488520	304.260093315345	
0.492241379310	-0.790258169710	0.183905635696	3.720049850397	-311.084767510104	72.394369482012	1464.395924261117	941.802137155050	-856.335870255632	304.432942360554	
0.493103448276	-0.790624383244	0.183166502476	3.720073450655	-311.228927300521	72.103410027835	1464.405214491625	942.039234724439	-856.266966766237	304.459305732786	
0.493965517241	-0.790348190068	0.183460734570	3.720724359283	-311.120203982859	72.219234357036	1464.661444375756	942.404577807057	-856.295780521580	304.319975884275	
0.494827586207	-0.790271465722	0.183867518355	3.720107984416	-311.090001479262	72.379364608339	1464.418808690917	941.835431655284	-856.340934223026	304.425243803090	
0.495689655172	-0.790498178635	0.183081794424	3.719948606413	-311.179246914034	72.070064741893	1464.356069612896	942.009282708843	-856.144009054217	304.394988213858	
0.496551724138	-0.790329759588	0.183477911257	3.720867366298	-311.112948833036	72.225995952305	1464.717739022075	942.431672999853	-856.374229911598	304.362013701155	
0.497413793103	-0.790139522005	0.183633281905	3.719734100031	-311.038061895434	72.287157536891	1464.271629273487	941.855504877824	-856.062153796687	304.264656594921	
0.498275862069	-0.790657600687	0.183261367670	3.720425275845	-311.242003331942	72.140753668085	1464.543710316940	941.994822101295	-856.504102697656	304.555679146867	
0.499137931034	-0.790325607879	0.183339731743	3.720610842790	-311.111314514789	72.171601649739	1464.616758660333	942.460673474949	-856.191709998732	304.274348181228	
0.500000000000	-0.790268103675	0.183934154385	3.720250564628	-311.088678011166	72.405595851280	1464.474935326291	941.807269249320	-856.447542658936	304.486451521671	
0.500862068966	-0.790596219386	0.183060419864	3.720026727821	-311.217840610857	72.061650656109	1464.386822069408	942.060883618717	-856.193457766237	304.410215914670	
