dbx_v3_0_0_5										
Time	Cx	Cy	Cz	Fx	Fy	Fz	Mx	My	Mz	
0.000000000000	0.000000000000	0.000000000000	0.000000000000	0.000000000000	0.000000000000	0.000000000000	0.000000000000	0.000000000000	0.000000000000	
0.000862068966	3.790382832937	-0.135464587152	1.572256389086	1492.084852983776	-53.325657991345	618.918997515752	-16.567360430815	-380.858924060818	-97.085291772090	
0.001724137931	0.640820261529	-0.085734903773	1.018228039650	252.259005978125	-33.749559590816	400.825642634985	-10.816655573197	-174.086573624159	-61.378263013432	
0.002586206897	0.095101496375	-0.092506299789	0.518205391450	37.436720376595	-36.415120794951	203.991641318641	-11.702597564269	20.938994969708	-65.589143119833	
0.003448275862	0.076279040729	-0.096573571622	0.737810039594	30.027257480035	-38.016203050312	290.439048766206	-12.024290868343	-140.202573366969	-68.119217319724	
0.004310344828	0.152321031146	-0.103113293086	0.849098685852	59.961200063529	-40.590565527638	334.247843473497	-13.113505532384	-152.106165791411	-72.497623906395	
0.005172413793	0.181549740755	-0.104868488631	0.879882857244	71.467086619621	-41.281498555116	346.366037827654	-13.667416686429	-140.060581467529	-73.774719249080	
0.006034482759	0.181583636129	-0.106646628020	0.912511809195	71.480429539667	-41.981463430937	359.210430365415	-13.428286570466	-151.000405132092	-74.730646979379	
0.006896551724	0.201821488714	-0.106431021994	0.984510754264	79.447063684416	-41.896590081973	387.552827453741	-13.577624865063	-167.720164850588	-75.017654308932	
0.007758620690	0.217349144456	-0.107561356526	1.023832306791	85.559528033456	-42.341546464606	403.031763357420	-13.867596903479	-173.650491466831	-75.822260940806	
0.008620689655	0.207852151409	-0.109014622399	1.037126375070	81.821035089911	-42.913624824821	408.264975618054	-14.055209834864	-176.940260495035	-76.703610250654	
0.009482758621	0.197173751207	-0.109579918007	1.090627310577	77.617481017013	-43.136153538002	429.325628066280	-14.155827115346	-188.516391541479	-77.067679812179	
0.010344827586	0.199767696035	-0.110041961319	1.121363068128	78.638587843836	-43.318036967258	441.424764303452	-14.229799861019	-195.987773754980	-77.347871624631	
0.011206896552	0.204945894510	-0.110517095742	1.141793464819	80.676986562467	-43.505073714313	449.467193468632	-14.283132919989	-201.339692625761	-77.813827722594	
0.012068965517	0.209976591460	-0.110635119397	1.174809620186	82.657321280564	-43.551533746180	462.464008697776	-14.419504772582	-208.388380713090	-78.008598671884	
0.012931034483	0.210727158916	-0.111040484509	1.205202621234	82.952782288731	-43.711105792266	474.428218778574	-14.475655499590	-215.185484876386	-78.211164031474	
0.013793103448	0.206766316796	-0.111249766779	1.225392646784	81.393596107896	-43.793489794019	482.376025803149	-14.484267269637	-220.245395504464	-78.393704254083	
0.014655172414	0.202743469605	-0.111313054985	1.244754165798	79.810001620638	-43.818403206824	489.997691087125	-14.517466330545	-225.113634110278	-78.507587815789	
0.015517241379	0.201401648682	-0.111481018157	1.265925538206	79.281793583861	-43.884521938436	498.331805470617	-14.606264552040	-230.653390220383	-78.640273957280	
0.016379310345	0.201273046074	-0.111781066220	1.283790654325	79.231169145133	-44.002635910016	505.364411498182	-14.672044180189	-235.837489073039	-78.810238105850	
0.017241379310	0.203146180233	-0.111970651997	1.300913831727	79.968528728349	-44.077266383528	512.104953222602	-14.696046009639	-240.872180323562	-78.920881854153	
0.018103448276	0.205604528294	-0.112026664797	1.318302615482	80.936257864554	-44.099315831816	518.950050933565	-14.733540314391	-245.931936110670	-78.973812064787	
0.018965517241	0.206007320630	-0.112061491841	1.333214768809	81.094817136733	-44.113025503800	524.820222651017	-14.788922925885	-250.557343495247	-79.002248272217	
0.019827586207	0.204221567305	-0.111654445854	1.348577151205	80.391855033826	-43.952791781094	530.867627118764	-14.734878650587	-255.204132587532	-78.819633734603	
0.020689655172	0.202051177047	-0.111645322015	1.361805645231	79.537480536257	-43.949200180531	536.075026063610	-14.789168699171	-259.257552707059	-78.941522537478	
0.021551724138	0.201700399689	-0.111527983056	1.372939443147	79.399396969082	-43.903009679225	540.457847524733	-14.815794205945	-262.257156234563	-78.766223325519	
0.022413793103	0.202879420282	-0.110869727199	1.377283908915	79.863518627953	-43.643887148083	542.168047220183	-14.650640802835	-260.537629821340	-78.229298447701	
0.023275862069	0.204181802120	-0.110515088004	1.370590827144	80.376201462031	-43.504283367767	539.533314431917	-14.564119597761	-252.224364931287	-77.900258599559	
0.024137931034	0.205219242459	-0.111785917046	1.358359474060	80.784590029623	-44.004545438645	534.718440190061	-14.963719996551	-239.657101136766	-78.323323874237	
0.025000000000	0.203643966055	-0.110806453031	1.348092217933	80.164482202772	-43.618979260640	530.676733053008	-14.708307381347	-228.776746376375	-77.401120548273	
0.025862068966	0.203084168967	-0.110586126445	1.344109825826	79.944117982807	-43.532247662549	529.109063716120	-14.660338886504	-223.029722157371	-77.173769705629	
0.026724137931	0.203628231452	-0.110305292607	1.341810041573	80.158288273620	-43.421697374005	528.203753250059	-14.614381666334	-218.610140087144	-76.961817947762	
0.027586206897	0.203448079090	-0.110204588034	1.340065306877	80.087371265410	-43.382055001326	527.516938137692	-14.568591534204	-214.900920241472	-76.867435937260	
0.028448275862	0.202515106002	-0.110098987690	1.338906860669	79.720106249041	-43.340485407827	527.060915589076	-14.540343153704	-211.907741944924	-76.796325731334	
0.029310344828	0.201530612780	-0.109982716574	1.336105174381	79.332560323058	-43.294715263198	525.958031300593	-14.547834370848	-208.529220016019	-76.788982390250	
0.030172413793	0.200713074239	-0.110154830343	1.336818507762	79.010736136014	-43.362467877951	526.238835108344	-14.557967661988	-206.267371720351	-76.873909676450	
0.031034482759	0.199844472163	-0.110184172315	1.337704771400	78.668810779810	-43.374018349920	526.587712941976	-14.559038063700	-204.279785858283	-76.916324815241	
0.031896551724	0.199094012652	-0.110231269907	1.337430458008	78.373392264350	-43.392558325307	526.479729428096	-14.566687520547	-202.212085201204	-76.965538479972	
0.032758620690	0.198551551827	-0.110384161875	1.337548161301	78.159852467449	-43.452744274900	526.526063349453	-14.578739009976	-200.520578322880	-77.059634494295	
0.033620689655	0.198234117943	-0.110603133519	1.338105179917	78.034894564588	-43.538942499820	526.745333823112	-14.605530388119	-199.237654384886	-77.193647551450	
0.034482758621	0.197985953205	-0.110813869882	1.338620022880	77.937204472830	-43.621898905359	526.948001843910	-14.644630984152	-197.962170494392	-77.333218908709	
0.035344827586	0.197687342996	-0.111009173729	1.339144215837	77.819656512578	-43.698780298364	527.154350491660	-14.665002647111	-196.795533931696	-77.461439547361	
0.036206896552	0.197406183171	-0.111204451458	1.339644143942	77.708977899230	-43.775651410110	527.351147276067	-14.693415804625	-195.748336406152	-77.591190772570	
0.037068965517	0.197175947471	-0.111386078638	1.340153348550	77.618345576523	-43.847148980347	527.551595757419	-14.723062322036	-194.816672694743	-77.718975876420	
0.037931034483	0.196960869672	-0.111545484182	1.340658837546	77.533680164043	-43.909899000468	527.750581587438	-14.749314397395	-194.005552177874	-77.837666641372	
0.038793103448	0.196741821885	-0.111690494466	1.341094518707	77.447451965119	-43.966982323453	527.922087551320	-14.768915462830	-193.288988990067	-77.942096888123	
0.039655172414	0.196617015474	-0.111871563449	1.341609618536	77.398321899956	-44.038260159582	528.124856687220	-14.807696772877	-192.713102347911	-78.058907478365	
0.040517241379	0.196474625914	-0.112005400823	1.342019113295	77.342270225386	-44.090945264997	528.286054369521	-14.769182981034	-192.255635637955	-78.170663449790	
0.041379310345	0.196078455929	-0.111923825801	1.341921867309	77.186317842682	-44.058833243483	528.247773470544	-14.887525064939	-191.798735653679	-78.238193164294	
0.042241379310	0.195845065944	-0.112593046369	1.343907135643	77.094443835023	-44.322272035257	529.029274691147	-14.860923903584	-191.782451035212	-78.409358583331	
0.043103448276	0.195543153866	-0.112382223777	1.346005255674	76.975596093621	-44.239281685650	529.855200001322	-14.861833246545	-191.847012407404	-78.443965434707	
0.043965517241	0.195395425777	-0.112428555047	1.347394611703	76.917442906082	-44.257519997859	530.402120240701	-14.893682048723	-191.875488408648	-78.493557903389	
0.044827586207	0.195224638042	-0.112607030443	1.348760451982	76.850212284834	-44.327776868167	530.939783501213	-14.903218899334	-191.862619280363	-78.592247101187	
0.045689655172	0.195043628924	-0.112705262001	1.350103535857	76.778958014349	-44.366445738033	531.468488699075	-14.914458779773	-191.911418090891	-78.650411679132	
0.046551724138	0.194926671372	-0.112796300538	1.351313672222	76.732917653836	-44.402283073629	531.944859087157	-14.927578359960	-191.945137923122	-78.720654863734	
0.047413793103	0.194779827082	-0.112887576056	1.352539219823	76.675112373938	-44.438213696919	532.427296110563	-14.931502304275	-191.992579124251	-78.790750663817	
0.048275862069	0.194648953531	-0.112969408200	1.353550127190	76.623593978033	-44.470426934631	532.825239969152	-14.933465170257	-192.019420361997	-78.843596433859	
0.049137931034	0.194516089375	-0.113023504458	1.354462260395	76.571291980343	-44.491721935889	533.184301362032	-14.956971573723	-192.062932164425	-78.883541897105	
0.050000000000	0.194381427148	-0.113076853637	1.355296080429	76.518282171514	-44.512722849201	533.512534761548	-14.960498549611	-192.097671109088	-78.927388625309	
0.050862068966	0.194276765657	-0.113165275972	1.356051998212	76.477082157713	-44.547530316711	533.810101926475	-14.968066071535	-192.130259592688	-78.978551921244	
0.051724137931	0.194224546090	-0.113229440584	1.356809158765	76.456525916277	-44.572788727073	534.108158308145	-14.975612411757	-192.200909571039	-79.024110724132	
0.052586206897	0.194192970525	-0.113224770679	1.357570074388	76.444096189570	-44.570950418053	534.407692873960	-14.972721532107	-192.290214810970	-79.045961932450	
0.053448275862	0.194172177451	-0.113283580669	1.358338701991	76.435910992504	-44.594100980945	534.710263261695	-14.982563178267	-192.396453090307	-79.082802612544	
0.054310344828	0.194144443075	-0.113355308987	1.359155230341	76.424993350337	-44.622336845624	535.031689786851	-14.992484372050	-192.533940552386	-79.127144998875	
0.055172413793	0.194110711478	-0.113388337977	1.360052362980	76.411714901435	-44.635338713190	535.384846204329	-14.994643936996	-192.714801267887	-79.147996082153	
0.056034482759	0.194082721755	-0.113422028156	1.360992839123	76.400696742205	-44.648600857813	535.755064799468	-15.001701417694	-192.915408372463	-79.175818686820	
0.056896551724	0.194043577646	-0.113437472760	1.361943966358	76.385287657224	-44.654680629003	536.129476198769	-15.006585561748	-193.122858034860	-79.197855363791	
0.057758620690	0.194012419471	-0.113470892177	1.362892032076	76.373022236226	-44.667836188232	536.502682431633	-15.008106197517	-193.331743788174	-79.215486851189	
0.058620689655	0.194005044509	-0.113531387734	1.363830396887	76.370119081029	-44.691650274668	536.872069900553	-15.012033288576	-193.544350794029	-79.253625359679	
0.059482758621	0.194007264959	-0.113572342481	1.364737619447	76.370993161507	-44.707772117824	537.229198216761	-15.013700035792	-193.749572107136	-79.275871027034	
0.060344827586	0.193978875902	-0.113588755273	1.365577382128	76.359817804575	-44.714233015971	537.559770940347	-15.014103910861	-193.940205355048	-79.289806226962	
0.061206896552	0.193966312779	-0.113619464437	1.366376803641	76.354872328981	-44.726321683916	537.874463356324	-15.014003767806	-194.131397172566	-79.312260378003	
0.062068965517	0.193978228664	-0.113678803171	1.367182265244	76.359563019164	-44.749680386729	538.191533454698	-15.020974307482	-194.336312502794	-79.335295688571	
0.062931034483	0.193955379802	-0.113711785819	1.367943120757	76.350568560795	-44.762664011715	538.491044358170	-15.022997359077	-194.535407691050	-79.353445688072	
0.063793103448	0.193904909451	-0.113708599054	1.368728761249	76.330700898178	-44.761409541203	538.800311872625	-15.023259619861	-194.745430497042	-79.363468689837	
0.064655172414	0.193811074624	-0.113725978513	1.369533873440	76.293762802612	-44.768250968164	539.117244424734	-15.029825710608	-194.964582493781	-79.379743739216	
0.065517241379	0.193708003352	-0.113770464421	1.370304446403	76.253188778791	-44.785762853581	539.420580604035	-15.030194334090	-195.167254731385	-79.402787981627	
0.066379310345	0.193596602989	-0.113806864519	1.371047492602	76.209336006485	-44.800091758342	539.713080867717	-15.030219937298	-195.364407035004	-79.420566676288	
0.067241379310	0.193465523554	-0.113807381390	1.371718365540	76.157736564539	-44.800295224572	539.977170115235	-15.032522145598	-195.547448021350	-79.427788589595	
0.068103448276	0.193328652264	-0.113807323089	1.372116042383	76.103857157738	-44.800272274343	540.133715672661	-15.007589337153	-195.679757963998	-79.439803605122	
0.068965517241	0.193071550905	-0.113492338339	1.372095181533	76.002649163758	-44.676278473470	540.125503795276	-14.958715126156	-195.753925244459	-79.425232839733	
0.069827586207	0.192945838396	-0.113620075688	1.372644647276	75.953162412872	-44.726562302886	540.341801079327	-15.116356888979	-195.924246641365	-79.451960417210	
0.070689655172	0.192682637730	-0.114532861781	1.373345448347	75.849553425580	-45.085880704945	540.617671541312	-15.073118367152	-196.120850845590	-79.602797637470	
0.071551724138	0.192656724649	-0.114105664009	1.374057718976	75.839352736814	-44.917714228647	540.898056996666	-15.000652931390	-196.314632352248	-79.536484964374	
0.072413793103	0.192647591792	-0.113668686957	1.374821323248	75.835757586167	-44.745698137111	541.198649949637	-15.042354063356	-196.495837833130	-79.441365790132	
0.073275862069	0.192741338145	-0.113848239818	1.375091322651	75.872660853785	-44.816379151961	541.304935260925	-15.041825317730	-196.590839724905	-79.481425255317	
0.074137931034	0.192806924906	-0.113974251409	1.375396266045	75.898479093651	-44.865983636365	541.424976280163	-15.029675091174	-196.670972949852	-79.515701044553	
0.075000000000	0.192885204505	-0.113950732657	1.375737379495	75.929293871331	-44.856725475626	541.559255648600	-15.031978562753	-196.763051968164	-79.508891085679	
0.075862068966	0.192948123508	-0.113907434431	1.376041437844	75.954061947406	-44.839681121215	541.678948269573	-15.036094551231	-196.846396710411	-79.502040941028	
0.076724137931	0.192964835324	-0.113942196692	1.376394397561	75.960640557012	-44.853365291292	541.817890923033	-15.033536413023	-196.941448951452	-79.516128499167	
0.077586206897	0.192930607348	-0.113956730176	1.376704913654	75.947166708372	-44.859086399934	541.940125636409	-15.038937250221	-197.029215915360	-79.520806208310	
0.078448275862	0.192871756505	-0.113966298902	1.377013815949	75.924000063597	-44.862853130415	542.061725077762	-15.044605679137	-197.120788294561	-79.527777029977	
0.079310344828	0.192812093979	-0.113993984790	1.377302575465	75.900513899979	-44.873751684918	542.175395310977	-15.044883818616	-197.201907249438	-79.543457747273	
0.080172413793	0.192738767721	-0.113996714274	1.377594057266	75.871649006027	-44.874826146923	542.290137171701	-15.035555337717	-197.286776329995	-79.542802135169	
0.081034482759	0.192648338577	-0.113986619688	1.377873120077	75.836051558009	-44.870852411440	542.399990295397	-15.039147174542	-197.368576804945	-79.542369775937	
0.081896551724	0.192542769491	-0.114011385783	1.378118955975	75.794494269066	-44.880601589022	542.496763638636	-15.043829156407	-197.439092045846	-79.555558187707	
0.082758620690	0.192468037277	-0.114015059083	1.378354466556	75.765075920438	-44.882047584151	542.589472419251	-15.042187757398	-197.503962003421	-79.557803929761	
0.083620689655	0.192436264816	-0.113999783555	1.378594803822	75.752568685716	-44.876034370060	542.684081225589	-15.042189291491	-197.576218135912	-79.553438172436	
0.084482758621	0.192422681853	-0.113985176816	1.378825088976	75.747221749997	-44.870284424366	542.774733015871	-15.044535280918	-197.645677866404	-79.553681252739	
0.085344827586	0.192409545499	-0.113994146844	1.379057625186	75.742050621756	-44.873815477582	542.866270934872	-15.045512133625	-197.714609224692	-79.558094968596	
0.086206896552	0.192415273081	-0.114008808427	1.379296248763	75.744305285372	-44.879587012177	542.960205146855	-15.045875333009	-197.782830905633	-79.562388985125	
0.087068965517	0.192442635044	-0.114016054539	1.379553715174	75.755076327033	-44.882439445322	543.061556843617	-15.045798473145	-197.856146653937	-79.565364860260	
0.087931034483	0.192484766180	-0.114021240397	1.379830503190	75.771661255829	-44.884480859367	543.170514493707	-15.046004655323	-197.935480312336	-79.570103519912	
0.088793103448	0.192508829896	-0.114009952675	1.380088315959	75.781133941642	-44.880037445724	543.272002534738	-15.044983666829	-198.001718703426	-79.565098628930	
0.089655172414	0.192522098258	-0.114018368617	1.380345214105	75.786357034944	-44.883350382708	543.373130534036	-15.047998143998	-198.071018943827	-79.569790207130	
0.090517241379	0.192537111762	-0.114042744194	1.380586803141	75.792267103382	-44.892945832945	543.468232099197	-15.047656493816	-198.135372880492	-79.579413556449	
0.091379310345	0.192535391006	-0.114028486866	1.380800816079	75.791589727125	-44.887333433213	543.552478329077	-15.045811600999	-198.188914022147	-79.569842388964	
0.092241379310	0.192524591189	-0.114019304622	1.380984101388	75.787338377659	-44.883718841078	543.624628622487	-15.045683022985	-198.229384274267	-79.570428333281	
0.093103448276	0.192530625626	-0.114040022055	1.381167859902	75.789713834810	-44.891874262236	543.696965192897	-15.048616269162	-198.281422230536	-79.584272223607	
0.093965517241	0.192533243525	-0.114047045655	1.381337916402	75.790744371120	-44.894639103767	543.763907963448	-15.046054836148	-198.334752927314	-79.584623805872	
0.094827586207	0.192513472922	-0.114046288201	1.381492434690	75.782961669615	-44.894340931783	543.824734114215	-15.044971456057	-198.389714809014	-79.588152987144	
0.095689655172	0.192504493320	-0.114045038612	1.381627217582	75.779426847816	-44.893849030806	543.877791422710	-15.043595012527	-198.437913107009	-79.589957953876	
0.096551724138	0.192496533818	-0.114070014046	1.381791053985	75.776293588550	-44.903680614877	543.942285650834	-15.050315873741	-198.498893102349	-79.599893920955	
0.097413793103	0.192488740923	-0.114086742341	1.381991779713	75.773225913927	-44.910265710796	544.021301368058	-15.052629519494	-198.562432191332	-79.602033080269	
0.098275862069	0.192478500198	-0.114082358013	1.382211842473	75.769194650952	-44.908539819312	544.107929111497	-15.056535969581	-198.633757022045	-79.604032152838	
0.099137931034	0.192467488656	-0.114093272783	1.382383859611	75.764859955464	-44.912836420343	544.175643687227	-15.054371313905	-198.689993231274	-79.612412406395	
0.100000000000	0.192444075804	-0.114089094095	1.382490803248	75.755643482238	-44.911191479300	544.217742068295	-15.052222226688	-198.716661740954	-79.612263399469	
0.100862068966	0.192425794616	-0.114083913901	1.382637253165	75.748447089525	-44.909152295049	544.275392103506	-15.045997677712	-198.766411371345	-79.608924275584	
0.101724137931	0.192436189281	-0.114094907695	1.382780434081	75.752538951083	-44.913480003741	544.331755295516	-15.051004942501	-198.809896400850	-79.617343865258	
0.102586206897	0.192420268649	-0.114102039652	1.382899432322	75.746271791713	-44.916287500189	544.378598973537	-15.052242961708	-198.852774966617	-79.616494724328	
0.103448275862	0.192397663445	-0.114077802069	1.382966302784	75.737373249457	-44.906746371131	544.404922542569	-15.055633262202	-198.886011249956	-79.605997321420	
0.104310344828	0.192380485308	-0.114074030956	1.383069452159	75.730611072852	-44.905261871858	544.445527311395	-15.053595568364	-198.932348960298	-79.610037483173	
0.105172413793	0.192367579574	-0.114071714031	1.383206070571	75.725530728317	-44.904349814021	544.499307173050	-15.050701743289	-198.973978610046	-79.609982526665	
0.106034482759	0.192375550574	-0.114088011182	1.383412239277	75.728668513755	-44.910765190324	544.580465519610	-15.047423135037	-199.032968936926	-79.615934205595	
0.106896551724	0.192386731708	-0.114080414479	1.383586707490	75.733069969225	-44.907774747081	544.649144961250	-15.049450767250	-199.090582016655	-79.611449017168	
0.107758620690	0.192377012028	-0.114064980704	1.383726907451	75.729243815604	-44.901699238963	544.704334700180	-15.047904132299	-199.128079909218	-79.604713545681	
0.108620689655	0.192381309873	-0.114088072024	1.383868167391	75.730935662782	-44.910789140799	544.759941699904	-15.050018775511	-199.173055387362	-79.616717438372	
0.109482758621	0.192405629285	-0.114098348821	1.384012045929	75.740509003589	-44.914834603724	544.816579511038	-15.049470081627	-199.214518391314	-79.617835187771	
0.110344827586	0.192415921502	-0.114097658342	1.384178739005	75.744560536637	-44.914562796412	544.882198268819	-15.050714963974	-199.263050402000	-79.616913463560	
0.111206896552	0.192422803262	-0.114088862106	1.384326882270	75.747269542641	-44.911100156836	544.940514890502	-15.048971560644	-199.302873939169	-79.614293983697	
0.112068965517	0.192422784001	-0.114087430089	1.384461472832	75.747261960381	-44.910536443106	544.993496488314	-15.050387066113	-199.339592464801	-79.615367685503	
0.112931034483	0.192425920929	-0.114110412793	1.384591382058	75.748496812826	-44.919583588392	545.044635277803	-15.052844226307	-199.378758189976	-79.625838948461	
0.113793103448	0.192423165317	-0.114096253339	1.384733441301	75.747412065391	-44.914009716803	545.100556923134	-15.051488961282	-199.422640273749	-79.617969426447	
0.114655172414	0.192401047685	-0.114086454922	1.384838302214	75.738705456108	-44.910152568318	545.141835439612	-15.052298616140	-199.448481777650	-79.617266365323	
0.115517241379	0.192387725886	-0.114105794102	1.384951311730	75.733461327375	-44.917765439978	545.186321654702	-15.054716076400	-199.482191429994	-79.626740596634	
0.116379310345	0.192386660564	-0.114115717516	1.385056279832	75.733041963441	-44.921671793440	545.227642366187	-15.051061887493	-199.514520951722	-79.626875699000	
0.117241379310	0.192371052555	-0.114115805027	1.385147662768	75.726897867950	-44.921706242430	545.263615274810	-15.050145479195	-199.539523772887	-79.625543331179	
0.118103448276	0.192365699958	-0.114101961114	1.385240707493	75.724790817067	-44.916256583692	545.300242346628	-15.052862933763	-199.569131762068	-79.624220691976	
0.118965517241	0.192363794143	-0.114091384394	1.385320073127	75.724040592826	-44.912093056066	545.331484642112	-15.051621103767	-199.593001528799	-79.623199330699	
0.119827586207	0.192363935172	-0.114101895418	1.385394668347	75.724096108746	-44.916230722101	545.360849063010	-15.053105684316	-199.614985125222	-79.626639605748	
0.120689655172	0.192357562594	-0.114111397617	1.385445622272	75.721587542311	-44.919971264529	545.380907084563	-15.053991196888	-199.627085905393	-79.632182485956	
0.121551724138	0.192364409155	-0.114116576499	1.385511269583	75.724282692104	-44.922009932262	545.406749159792	-15.052604246699	-199.647117379463	-79.633511055470	
0.122413793103	0.192368328868	-0.114117262475	1.385561993628	75.725825687947	-44.922279967034	545.426716688909	-15.052786641604	-199.659926021674	-79.632100048614	
0.123275862069	0.192363114814	-0.114118808595	1.385609998274	75.723773174879	-44.922888597115	545.445613725864	-15.054891157238	-199.674948325386	-79.633066405818	
0.124137931034	0.192350841586	-0.114112560122	1.385645683096	75.718941816454	-44.920428884927	545.459661062308	-15.057030640611	-199.687541022329	-79.628807228275	
0.125000000000	0.192347633638	-0.114112766386	1.385699558266	75.717679007137	-44.920510080807	545.480869032303	-15.057220954385	-199.707312390022	-79.631965033191	
0.125862068966	0.192345218399	-0.114105275441	1.385763539671	75.716728247740	-44.917561268973	545.506055323421	-15.053116009422	-199.727995579252	-79.633226355783	
0.126724137931	0.192332608231	-0.114103647109	1.385846845364	75.711764253097	-44.916920275842	545.538848623528	-15.050900447867	-199.751400180383	-79.632262086325	
0.127586206897	0.192311269550	-0.114110641103	1.385925090424	75.703364277640	-44.919673462619	545.569649805023	-15.051169265560	-199.772183227580	-79.634536082505	
0.128448275862	0.192290903508	-0.114119570584	1.385997331996	75.695347181738	-44.923188554371	545.598087712194	-15.051857441312	-199.794210419099	-79.636565473164	
0.129310344828	0.192268249798	-0.114123155230	1.386059409136	75.686429545037	-44.924599650742	545.622524388896	-15.053468681491	-199.813856619833	-79.636738324659	
0.130172413793	0.192245562009	-0.114126602516	1.386113452810	75.677498493027	-44.925956675469	545.643798690300	-15.054550135715	-199.830436041087	-79.638571442466	
0.131034482759	0.192227571910	-0.114127489110	1.386161729036	75.670416687494	-44.926305683486	545.662802635091	-15.053151757668	-199.843856127232	-79.638517474529	
0.131896551724	0.192223625380	-0.114132465681	1.386226464733	75.668863135099	-44.928264711577	545.688285853466	-15.053487269794	-199.866448203360	-79.640188970760	
0.132758620690	0.192217454722	-0.114125060507	1.386276645150	75.666434054614	-44.925349663571	545.708039383279	-15.051569272615	-199.878383155071	-79.636214848302	
0.133620689655	0.192209090269	-0.114124750222	1.386331649159	75.663141386275	-44.925227519651	545.729691720572	-15.052960874933	-199.895206561991	-79.638360386171	
0.134482758621	0.192211726911	-0.114121781471	1.386380038738	75.664179300656	-44.924058870393	545.748740286766	-15.053217453247	-199.908827577270	-79.636683027493	
0.135344827586	0.192216728698	-0.114121099427	1.386434695199	75.666148254958	-44.923790383645	545.770255812209	-15.053608905032	-199.925188514156	-79.636535672202	
0.136206896552	0.192222084525	-0.114126311776	1.386470400895	75.668256577331	-44.925842225796	545.784311365261	-15.053614659008	-199.932615757243	-79.637813439726	
0.137068965517	0.192231350095	-0.114126269558	1.386517630088	75.671903970588	-44.925825606718	545.802903145234	-15.054156593954	-199.946201108978	-79.636389991703	
0.137931034483	0.192248418431	-0.114120545374	1.386551272337	75.678622923963	-44.923572280575	545.816146422402	-15.053031804930	-199.956577531281	-79.635628189621	
0.138793103448	0.192257260360	-0.114121387700	1.386584831829	75.682103550735	-44.923903862469	545.829357122215	-15.053707824040	-199.966889063374	-79.637451734768	
0.139655172414	0.192265601459	-0.114121329382	1.386603871054	75.685387025799	-44.923880905547	545.836851916237	-15.053553637255	-199.971321140749	-79.637159011040	
0.140517241379	0.192275142177	-0.114124547342	1.386629931925	75.689142731122	-44.925147656240	545.847110782756	-15.052627888380	-199.979820979974	-79.639740065508	
0.141379310345	0.192280852988	-0.114129050600	1.386641192166	75.691390792789	-44.926920364153	545.851543378743	-15.052903282790	-199.981066969765	-79.639728190121	
0.142241379310	0.192283621387	-0.114129773096	1.386650528591	75.692480573673	-44.927204774813	545.855218664000	-15.054766007595	-199.983140405398	-79.640789063699	
0.143103448276	0.192294049629	-0.114133533664	1.386660928487	75.696585652692	-44.928685123297	545.859312584764	-15.053696835780	-199.987853058701	-79.642270570845	
0.143965517241	0.192293637642	-0.114126755518	1.386669230264	75.696423473987	-44.926016904959	545.862580580825	-15.053658670207	-199.990268935569	-79.637521324429	
0.144827586207	0.192288482038	-0.114131540058	1.386680288873	75.694393969480	-44.927900340007	545.866933804075	-15.054823393559	-199.993898577847	-79.642628004551	
0.145689655172	0.192288691139	-0.114127058083	1.386719937382	75.694476282229	-44.926136009732	545.882541446182	-15.053732684829	-200.010367557646	-79.641037935093	
0.146551724138	0.192277478133	-0.114115325579	1.386730453483	75.690062280753	-44.921517507276	545.886681111431	-15.052913278811	-200.006788357944	-79.636240485952	
0.147413793103	0.192278879617	-0.114121985156	1.386784890946	75.690613974844	-44.924139050953	545.908110427894	-15.054103174062	-200.026472027198	-79.640991376669	
0.148275862069	0.192284571594	-0.114136812324	1.386829255595	75.692854622854	-44.929975768303	545.925574579755	-15.055105550083	-200.039166822568	-79.646679393132	
0.149137931034	0.192270434902	-0.114131850630	1.386887541567	75.687289711319	-44.928022596754	545.948518862606	-15.052766399095	-200.057276803010	-79.638515902206	
0.150000000000	0.192259411125	-0.114128530879	1.386929042601	75.682950199938	-44.926715776015	545.964855751828	-15.055023566110	-200.066504802189	-79.642150124859	
0.150862068966	0.192259480306	-0.114129447485	1.386999717572	75.682977433064	-44.927076598251	545.992676966014	-15.053553897530	-200.088889359007	-79.643274803690	
0.151724137931	0.192256452873	-0.114135933612	1.387036923733	75.681785683166	-44.929629863022	546.007323177897	-15.054485244681	-200.096229633170	-79.643307752408	
0.152586206897	0.192250246252	-0.114138599075	1.387112330522	75.679342446119	-44.930679123236	546.037007073157	-15.054057339928	-200.119437137436	-79.644432787657	
0.153448275862	0.192245602570	-0.114134993439	1.387155415549	75.677514459743	-44.929259764015	546.053967501706	-15.054606111570	-200.130625481544	-79.643742014535	
0.154310344828	0.192240111375	-0.114139583921	1.387200720015	75.675352849899	-44.931066807898	546.071801612213	-15.054744879356	-200.141774262691	-79.645535436904	
0.155172413793	0.192243594966	-0.114136318135	1.387255576166	75.676724166193	-44.929781230714	546.093395745743	-15.053904700296	-200.160238247032	-79.643235630658	
0.156034482759	0.192238500609	-0.114144170186	1.387285807344	75.674718771600	-44.932872191813	546.105296254194	-15.056341594108	-200.163890735884	-79.647279403850	
0.156896551724	0.192236510685	-0.114134576496	1.387332784049	75.673935437443	-44.929095634357	546.123788641942	-15.054104297264	-200.181375238073	-79.642481868605	
0.157758620690	0.192235141563	-0.114141163790	1.387354614781	75.673396482588	-44.931688723685	546.132382313616	-15.056186620780	-200.184673360177	-79.646865199922	
0.158620689655	0.192226520742	-0.114140498337	1.387383164361	75.670002894910	-44.931426768125	546.143620860406	-15.054762461343	-200.194152770790	-79.645600469505	
0.159482758621	0.192225170213	-0.114133558388	1.387396284075	75.669471258700	-44.928694856022	546.148785438086	-15.054646889426	-200.197736819632	-79.643902259991	
0.160344827586	0.192222046840	-0.114141163889	1.387416087929	75.668241742425	-44.931688762714	546.156581228897	-15.054534752010	-200.202145039884	-79.647191790375	
0.161206896552	0.192222370855	-0.114139087750	1.387436653991	75.668369291209	-44.930871490037	546.164677062554	-15.054320161929	-200.212396060488	-79.644226845569	
0.162068965517	0.192208683899	-0.114143534727	1.387441536009	75.662981418385	-44.932622043336	546.166598869767	-15.053597448347	-200.210210132914	-79.647921740629	
0.162931034483	0.192196090599	-0.114136394166	1.387471077633	75.658024063904	-44.929811160349	546.178227935185	-15.052181973916	-200.225752006447	-79.644589565783	
0.163793103448	0.192186163121	-0.114136138827	1.387474458640	75.654116110529	-44.929710645994	546.179558869323	-15.054831010645	-200.223342701540	-79.645174142041	
0.164655172414	0.192179481874	-0.114136402423	1.387521409785	75.651486036571	-44.929814410886	546.198041195557	-15.052084350263	-200.243359510845	-79.645905866096	
0.165517241379	0.192170512957	-0.114141853622	1.387529221769	75.647955420575	-44.931960276141	546.201116384221	-15.054526051982	-200.241998163135	-79.646687289134	
0.166379310345	0.192160505765	-0.114137379703	1.387582020678	75.644016087912	-44.930199116961	546.221900683860	-15.052508016829	-200.262697349152	-79.644276710413	
0.167241379310	0.192157347107	-0.114140931553	1.387603138010	75.642772681480	-44.931597303679	546.230213525218	-15.054729689706	-200.268595121278	-79.646975383792	
0.168103448276	0.192141354113	-0.114142067118	1.387638705699	75.636477036753	-44.932044318842	546.244214752287	-15.052793480428	-200.279956297926	-79.645252361498	
0.168965517241	0.192139894359	-0.114135972809	1.387668833728	75.635902404197	-44.929645293016	546.256074655770	-15.054427448034	-200.291045671054	-79.645061029691	
0.169827586207	0.192133391830	-0.114134091301	1.387702796237	75.633342682736	-44.928904636984	546.269444003302	-15.052889951919	-200.302027496245	-79.642586279088	
0.170689655172	0.192131638529	-0.114135495806	1.387722630153	75.632652495302	-44.929457520917	546.277251628007	-15.055039763047	-200.307106088155	-79.644285009606	
0.171551724138	0.192132144702	-0.114136206629	1.387749529395	75.632851750538	-44.929737336214	546.287840519222	-15.053351651201	-200.317153575407	-79.643965931112	
0.172413793103	0.192136767089	-0.114130166128	1.387765788785	75.634671354082	-44.927359492273	546.294241030639	-15.053887636392	-200.319607355608	-79.641474744755	
0.173275862069	0.192140941031	-0.114129607611	1.387778665094	75.636314427097	-44.927139631865	546.299309791940	-15.053159794312	-200.326632390545	-79.640301701128	
0.174137931034	0.192147997571	-0.114128348786	1.387787861708	75.639092235155	-44.926644095199	546.302930040835	-15.053611353405	-200.325635470367	-79.642322949535	
0.175000000000	0.192150076201	-0.114131710889	1.387793794529	75.639910488120	-44.927967587541	546.305265496631	-15.052368536030	-200.329973657348	-79.639821180789	
0.175862068966	0.192165326072	-0.114123902994	1.387795923644	75.645913602487	-44.924894008149	546.306103623330	-15.053918261845	-200.328362624613	-79.639870195329	
0.176724137931	0.192169869725	-0.114121943672	1.387799232873	75.647702212178	-44.924122721021	546.307406301746	-15.050680024799	-200.330794945363	-79.638564837025	
0.177586206897	0.192182134289	-0.114123920479	1.387791623531	75.652530160032	-44.924900891148	546.304410882933	-15.054823754031	-200.325186214179	-79.640062259481	
0.178448275862	0.192192315162	-0.114125937884	1.387795744287	75.656537862261	-44.925695043293	546.306033019265	-15.050696087144	-200.328204303263	-79.639741131703	
0.179310344828	0.192208961568	-0.114126109114	1.387793566285	75.663090722906	-44.925762448004	546.305175648269	-15.054313136115	-200.325098344182	-79.639854447312	
0.180172413793	0.192213550384	-0.114131991641	1.387790646093	75.664897111014	-44.928078105645	546.304026114114	-15.051638390598	-200.323693352690	-79.642286532130	
0.181034482759	0.192222975059	-0.114117865041	1.387790544662	75.668607136052	-44.922517166929	546.303986185809	-15.052956646936	-200.323201850929	-79.635899200455	
0.181896551724	0.192232656532	-0.114132446587	1.387789188456	75.672418249739	-44.928257195278	546.303452315121	-15.052829575875	-200.321937047269	-79.644611198353	
0.182758620690	0.192233085386	-0.114123672838	1.387779620107	75.672587068105	-44.924803407451	546.299685732989	-15.052681647727	-200.317479709615	-79.637892825862	
0.183620689655	0.192248738342	-0.114131336755	1.387791777132	75.678748856797	-44.927820309748	546.304471348056	-15.053092339715	-200.321958341179	-79.644592585537	
0.184482758621	0.192246715463	-0.114129809920	1.387780353973	75.677952550201	-44.927219270901	546.299974619485	-15.052316321745	-200.317349144203	-79.639978852224	
0.185344827586	0.192256532887	-0.114135209161	1.387789741093	75.681817181000	-44.929344682850	546.303669860959	-15.054603286718	-200.319427628387	-79.646372845829	
0.186206896552	0.192256868839	-0.114136969693	1.387787859725	75.681949428305	-44.930037716466	546.302929260185	-15.051453052485	-200.319361921799	-79.643579385390	
0.187068965517	0.192265703058	-0.114136532378	1.387797788551	75.685427020394	-44.929865567342	546.306837744116	-15.055468269376	-200.320508082703	-79.645232060355	
0.187931034483	0.192265185630	-0.114141785315	1.387801989365	75.685223334527	-44.931933387051	546.308491395181	-15.052270985122	-200.322785206261	-79.647353387710	
0.188793103448	0.192270876923	-0.114135508421	1.387817421303	75.687463713204	-44.929462486518	546.314566180416	-15.054721611931	-200.325591433386	-79.644742060017	
0.189655172414	0.192270048944	-0.114149022302	1.387823541444	75.687137778848	-44.934782228441	546.316975374682	-15.053819768984	-200.327134132003	-79.651573784039	
0.190517241379	0.192270175436	-0.114131039033	1.387842670811	75.687187572656	-44.927703111415	546.324505653585	-15.053745591785	-200.334073584474	-79.641993485240	
0.191379310345	0.192273865753	-0.114151507064	1.387860414775	75.688640266560	-44.935760355073	546.331490567810	-15.055117694420	-200.337579187381	-79.654607213618	
0.192241379310	0.192260528583	-0.114147253156	1.387862452990	75.683390087488	-44.934085803477	546.332292911569	-15.054718803273	-200.336152337101	-79.648521862083	
0.193103448276	0.192272407786	-0.114132724753	1.387908926971	75.688066337778	-44.928366695360	546.350587402151	-15.053546965804	-200.355565793995	-79.643758337376	
0.193965517241	0.192262077290	-0.114151586867	1.387908461955	75.683999736068	-44.935791769686	546.350404348742	-15.055009826653	-200.349382560986	-79.654263847651	
0.194827586207	0.192254941344	-0.114139253730	1.387939174543	75.681190669519	-44.930936828095	546.362494364032	-15.054586479391	-200.358344713638	-79.647671513013	
0.195689655172	0.192259912682	-0.114130230517	1.387964325382	75.683147637687	-44.927384838957	546.372394996402	-15.052870306382	-200.366028397760	-79.644636082042	
0.196551724138	0.192250413455	-0.114138189529	1.387990328065	75.679408265502	-44.930517905286	546.382630956743	-15.055415018462	-200.373942321015	-79.650116979319	
0.197413793103	0.192229475529	-0.114142060559	1.388005021730	75.671166047401	-44.932041736799	546.388415120411	-15.054085897561	-200.375339874984	-79.649516090295	
0.198275862069	0.192221770463	-0.114147688147	1.388035062110	75.668132946821	-44.934257038021	546.400240521306	-15.053951997330	-200.386967149343	-79.650586340893	
0.199137931034	0.192214293281	-0.114138968466	1.388051086195	75.665189552536	-44.930824533873	546.406548405119	-15.053263162643	-200.389537973300	-79.647872643739	
0.200000000000	0.192202750718	-0.114139380267	1.388079628479	75.660645820837	-44.930986639497	546.417784080237	-15.054839299079	-200.398299107697	-79.649125553420	
0.200862068966	0.192194221937	-0.114138295982	1.388096550978	75.657288464536	-44.930559810705	546.424445624825	-15.053164655921	-200.401956693297	-79.648074302737	
0.201724137931	0.192186605799	-0.114141683599	1.388127000644	75.654290370614	-44.931893346373	546.436432140962	-15.054135387992	-200.412287415222	-79.649143670773	
0.202586206897	0.192174266686	-0.114139593087	1.388134639725	75.649433076587	-44.931070416158	546.439439266479	-15.054105314322	-200.412308735643	-79.647864360855	
0.203448275862	0.192167514510	-0.114139695208	1.388162610770	75.646775081572	-44.931110616149	546.450450073096	-15.053728773974	-200.421912081898	-79.648499635356	
0.204310344828	0.192166044219	-0.114138804693	1.388178476428	75.646196301029	-44.930760064683	546.456695592200	-15.053265077689	-200.426175346537	-79.647469835831	
0.205172413793	0.192159974038	-0.114140134618	1.388199891883	75.643806773508	-44.931283589837	546.465125789690	-15.054578158774	-200.432675934452	-79.647734184673	
0.206034482759	0.192156703791	-0.114143207825	1.388214252603	75.642519439912	-44.932493358541	546.470778889655	-15.053072681111	-200.435644938256	-79.649125478594	
0.206896551724	0.192158119612	-0.114143187939	1.388244805388	75.643076778364	-44.932485530237	546.482805998856	-15.052748862508	-200.445504441847	-79.648235992932	
0.207758620690	0.192163040625	-0.114137604407	1.388257497327	75.645013935752	-44.930287571943	546.487802182770	-15.052764632732	-200.448372016406	-79.646718636832	
0.208620689655	0.192159525752	-0.114142173595	1.388280721177	75.643630305686	-44.932086233475	546.496944255223	-15.053847682721	-200.455342304582	-79.648512400336	
0.209482758621	0.192159666768	-0.114144505428	1.388293349902	75.643685816619	-44.933004160109	546.501915555120	-15.052392922028	-200.458584365859	-79.648503074454	
0.210344827586	0.192165441542	-0.114147708842	1.388321514602	75.645959057342	-44.934265184585	546.513002593964	-15.052936156829	-200.468549025608	-79.649794465115	
0.211206896552	0.192169511294	-0.114145225218	1.388332120999	75.647561115839	-44.933287505644	546.517177803889	-15.052035870097	-200.469887671352	-79.648484137450	
0.212068965517	0.192172396465	-0.114145531592	1.388354451503	75.648696863730	-44.933408109756	546.525968210601	-15.052466247254	-200.476331925635	-79.648943662082	
0.212931034483	0.192177266948	-0.114143665277	1.388360410586	75.650614130468	-44.932673434349	546.528314004678	-15.052258161353	-200.477550098187	-79.647881150316	
0.213793103448	0.192184360628	-0.114140516776	1.388378870801	75.653406558831	-44.931434026510	546.535580871581	-15.052845588433	-200.484320134091	-79.647504037113	
0.214655172414	0.192188047920	-0.114138728491	1.388383222005	75.654858061744	-44.930730067932	546.537293723908	-15.052008336666	-200.485022869526	-79.647515923129	
0.215517241379	0.192189082232	-0.114142789768	1.388398915327	75.655265218987	-44.932328790217	546.543471402499	-15.052633137761	-200.490882781211	-79.648780117222	
0.216379310345	0.192189200954	-0.114145871472	1.388399632434	75.655311953838	-44.933541903504	546.543753691844	-15.051523699714	-200.490657835401	-79.649096963329	
0.217241379310	0.192191385900	-0.114147123610	1.388409910134	75.656172058453	-44.934034807816	546.547799510444	-15.052054090577	-200.494408365086	-79.649290438051	
0.218103448276	0.192193691470	-0.114147886668	1.388406299619	75.657079646332	-44.934335185687	546.546378230394	-15.051423991389	-200.492767732605	-79.649954185200	
0.218965517241	0.192197474553	-0.114146387383	1.388412761621	75.658568857515	-44.933744991961	546.548921998589	-15.052105062667	-200.495838697108	-79.649210388196	
0.219827586207	0.192198508659	-0.114146228686	1.388403000898	75.658975933758	-44.933682520647	546.545079688288	-15.051556526132	-200.492397521723	-79.649894677098	
0.220689655172	0.192200454261	-0.114145301466	1.388405446739	75.659741820281	-44.933317520488	546.546042494171	-15.051938281050	-200.494265859064	-79.649082198292	
0.221551724138	0.192200741261	-0.114145272188	1.388393953001	75.659854797617	-44.933305995425	546.541517982310	-15.051640053350	-200.490332420480	-79.650123331532	
0.222413793103	0.192202143986	-0.114146496667	1.388395653422	75.660406980488	-44.933788011455	546.542187353283	-15.051868422498	-200.491770929803	-79.649408311995	
0.223275862069	0.192202301844	-0.114147248809	1.388385069273	75.660469121467	-44.934084092395	546.538020901229	-15.051991190314	-200.488475590823	-79.650963183889	
0.224137931034	0.192203380656	-0.114146791779	1.388383807489	75.660893795934	-44.933904182684	546.537524199800	-15.051590968161	-200.488277510346	-79.649494790085	
0.225000000000	0.192202907509	-0.114146457850	1.388375032139	75.660707541614	-44.933772731147	546.534069781653	-15.052187059594	-200.485427400841	-79.650708805192	
0.225862068966	0.192206286204	-0.114147682057	1.388374869644	75.662037565669	-44.934254640526	546.534005815339	-15.051671121235	-200.485702319081	-79.650559446490	
0.226724137931	0.192206443269	-0.114144469201	1.388370523876	75.662099394108	-44.932989899228	546.532295102944	-15.052219223839	-200.483825828950	-79.649506006032	
0.227586206897	0.192208910688	-0.114147482577	1.388369720831	75.663070693976	-44.934176115221	546.531978984138	-15.051769475547	-200.483441924278	-79.651192233047	
0.228448275862	0.192210309965	-0.114141734941	1.388372040192	75.663621519792	-44.931913557190	546.532892001064	-15.052241078856	-200.483808181332	-79.648573167205	
0.229310344828	0.192213138744	-0.114148072569	1.388372836205	75.664735068939	-44.934408365793	546.533205351780	-15.052274862737	-200.484235630649	-79.652486333650	
0.230172413793	0.192215656434	-0.114141745592	1.388378426119	75.665726158094	-44.931917749930	546.535405822613	-15.051823879185	-200.484371738125	-79.648449936934	
0.231034482759	0.192218027966	-0.114145434635	1.388381126944	75.666659712266	-44.933369942597	546.536469002745	-15.052709945416	-200.484964273965	-79.651426648545	
0.231896551724	0.192222465313	-0.114145480660	1.388397515041	75.668406474359	-44.933388060452	546.542920179844	-15.052456176780	-200.489412506014	-79.650452870534	
0.232758620690	0.192221616541	-0.114138600830	1.388397864225	75.668072355121	-44.930679814133	546.543057636098	-15.052134081483	-200.486652079516	-79.648002586080	
0.233620689655	0.192225006633	-0.114148057493	1.388413587093	75.669406865551	-44.934402431078	546.549246945772	-15.052576533260	-200.491730447556	-79.652673973799	
0.234482758621	0.192226597106	-0.114141264022	1.388427341034	75.670032955369	-44.931728180094	546.554661187246	-15.052202111347	-200.495332156413	-79.649295594084	
0.235344827586	0.192223228889	-0.114142131091	1.388433686491	75.668707056285	-44.932069501704	546.557159077283	-15.051627380053	-200.495055295375	-79.649605527151	
0.236206896552	0.192221902620	-0.114145131824	1.388450236748	75.668184970396	-44.933250740730	546.563674088934	-15.052392876220	-200.498143987155	-79.652051844348	
0.237068965517	0.192226090201	-0.114147157004	1.388463837376	75.669833412323	-44.934047953321	546.569027978268	-15.052136926579	-200.502518173685	-79.651956242751	
0.237931034483	0.192222248530	-0.114150423949	1.388482360270	75.668321137665	-44.935333986738	546.576319518959	-15.051946074773	-200.506126735840	-79.651815438328	
0.238793103448	0.192214449453	-0.114145569096	1.388495705945	75.665251029718	-44.933422873272	546.581573046023	-15.052075648201	-200.508514805816	-79.650975346025	
0.239655172414	0.192208139934	-0.114143928460	1.388513138655	75.662767286761	-44.932777036658	546.588435435445	-15.052494346127	-200.514032891808	-79.651011430731	
0.240517241379	0.192201011365	-0.114147173995	1.388529116308	75.659961124362	-44.934054641976	546.594725041042	-15.052615831605	-200.517458978885	-79.652586639619	
0.241379310345	0.192195019935	-0.114147934089	1.388540961933	75.657602596700	-44.934353852955	546.599388073465	-15.052088899785	-200.520234850606	-79.652382865108	
0.242241379310	0.192187368813	-0.114148564618	1.388557913375	75.654590731213	-44.934602060767	546.606061011425	-15.052509325009	-200.525364596429	-79.652096417960	
0.243103448276	0.192179166714	-0.114148678057	1.388574323930	75.651361973524	-44.934646716013	546.612521029338	-15.053303572088	-200.529876682051	-79.652473248941	
0.243965517241	0.192170799221	-0.114147183241	1.388587178123	75.648068108509	-44.934058281757	546.617581084505	-15.053164004577	-200.533332085618	-79.652233625569	
0.244827586207	0.192162473282	-0.114147067947	1.388598572127	75.644790601355	-44.934012896059	546.622066336204	-15.053156378659	-200.536430193343	-79.652228196945	
0.245689655172	0.192156422456	-0.114147308095	1.388608523691	75.642408692590	-44.934107430450	546.625983771316	-15.052980598947	-200.539773801429	-79.652373571477	
0.246551724138	0.192151354790	-0.114147986263	1.388617583023	75.640413804826	-44.934374391245	546.629549978827	-15.053116807339	-200.543332232670	-79.652676559650	
0.247413793103	0.192145558773	-0.114147077476	1.388626798101	75.638132201876	-44.934016647263	546.633177495630	-15.053079822755	-200.547299384623	-79.652599142197	
0.248275862069	0.192142340672	-0.114145929118	1.388635482284	75.636865395767	-44.933564595804	546.636596025758	-15.053316761165	-200.551420641157	-79.651987516268	
0.249137931034	0.192139625386	-0.114144927677	1.388641826302	75.635796523188	-44.933170378415	546.639093349700	-15.053153970073	-200.553797599770	-79.651575301755	
0.250000000000	0.192139924991	-0.114145287682	1.388649197995	75.635914462475	-44.933312094603	546.641995218109	-15.053498924912	-200.556542006182	-79.651930867634	
0.250862068966	0.192140062608	-0.114144642140	1.388655444736	75.635968635393	-44.933057976924	546.644454248730	-15.053830039501	-200.558117390553	-79.652048226009	
0.251724137931	0.192142753755	-0.114146589596	1.388659787047	75.637028005944	-44.933824593102	546.646163600245	-15.053724198285	-200.559815455940	-79.652708941001	
0.252586206897	0.192147432011	-0.114147803046	1.388659521383	75.638869602441	-44.934302267785	546.646059021293	-15.053009741635	-200.561015974499	-79.652959001148	
0.253448275862	0.192151086282	-0.114149641131	1.388658366416	75.640308106608	-44.935025830359	546.645604368321	-15.052780991297	-200.562512945836	-79.653168926444	
0.254310344828	0.192154384386	-0.114147686721	1.388658126465	75.641606405996	-44.934256476442	546.645509911784	-15.053459084036	-200.563911075861	-79.652865445146	
0.255172413793	0.192157641642	-0.114145471781	1.388661444550	75.642888625186	-44.933384564997	546.646816076327	-15.053645047232	-200.565786581162	-79.652160375050	
0.256034482759	0.192163036743	-0.114144550757	1.388665063773	75.645012407794	-44.933022003747	546.648240784259	-15.054211958097	-200.567414897415	-79.652284194191	
0.256896551724	0.192168453210	-0.114145218416	1.388669459975	75.647144601016	-44.933284827831	546.649971349910	-15.053765875431	-200.569113448602	-79.652316816680	
0.257758620690	0.192174036199	-0.114146574573	1.388670560507	75.649342345329	-44.933818679266	546.650404574256	-15.053717858539	-200.569919861433	-79.652866931633	
0.258620689655	0.192177844406	-0.114146670915	1.388669484330	75.650841446885	-44.933856604510	546.649980937183	-15.053107774973	-200.570259343239	-79.652812642530	
0.259482758621	0.192181495075	-0.114148080310	1.388667535382	75.652278533155	-44.934411413099	546.649213733278	-15.053484084616	-200.570511759491	-79.653298584985	
0.260344827586	0.192184376569	-0.114148141454	1.388666278825	75.653412833867	-44.934435482360	546.648719089500	-15.053383073082	-200.570665514662	-79.653340871519	
0.261206896552	0.192187489693	-0.114150422204	1.388666443720	75.654638315754	-44.935333299936	546.648784000462	-15.053684390880	-200.571287676449	-79.653934189786	
0.262068965517	0.192189801852	-0.114150594722	1.388665705667	75.655548497299	-44.935401211580	546.648493465775	-15.053456337326	-200.571247122103	-79.654009032025	
0.262931034483	0.192191091146	-0.114152571636	1.388664932471	75.656056028150	-44.936179424042	546.648189097119	-15.053489396229	-200.571473425644	-79.654350142523	
0.263793103448	0.192190935921	-0.114152271129	1.388662474980	75.655994924019	-44.936061129579	546.647221705373	-15.053412162708	-200.571002308345	-79.654414485039	
0.264655172414	0.192189944096	-0.114153271855	1.388661234826	75.655604492003	-44.936455065413	546.646733518331	-15.053333366392	-200.571252205285	-79.654463779350	
0.265517241379	0.192187694502	-0.114153051730	1.388658649702	75.654718938973	-44.936368413462	546.645715883922	-15.053386974432	-200.570704576200	-79.654485842500	
0.266379310345	0.192185694846	-0.114153281516	1.388658030920	75.653931773798	-44.936458868743	546.645472300239	-15.053248343990	-200.571184810357	-79.654409220711	
0.267241379310	0.192182331722	-0.114153317615	1.388656041238	75.652607879614	-44.936473078960	546.644689061685	-15.053317595195	-200.570710461664	-79.654388533360	
0.268103448276	0.192180060511	-0.114153066785	1.388655583066	75.651713816804	-44.936374339711	546.644508702048	-15.053216124973	-200.571155312296	-79.654332426711	
0.268965517241	0.192176558971	-0.114153447137	1.388654030513	75.650335434955	-44.936524065122	546.643897539364	-15.053295376037	-200.570793696844	-79.654249196001	
0.269827586207	0.192174033674	-0.114153183624	1.388653337827	75.649341351351	-44.936420333183	546.643624863661	-15.053215121196	-200.571033676086	-79.654289299826	
0.270689655172	0.192171098418	-0.114153629398	1.388651857403	75.648185887466	-44.936595812369	546.643042094308	-15.053297170916	-200.570794547561	-79.654216514381	
0.271551724138	0.192168336756	-0.114153614473	1.388650188857	75.647098758837	-44.936589937329	546.642385271042	-15.053225772814	-200.570488006421	-79.654308792468	
0.272413793103	0.192166547109	-0.114154026138	1.388648131396	75.646394264073	-44.936751989042	546.641575351219	-15.053335187376	-200.570255826773	-79.654296609445	
0.273275862069	0.192163772224	-0.114154196909	1.388645060360	75.645301929776	-44.936819213136	546.640366437332	-15.053205071124	-200.569311889195	-79.654342505128	
0.274137931034	0.192163095977	-0.114154502390	1.388641754160	75.645035725368	-44.936939465641	546.639064950956	-15.053388633823	-200.568796410549	-79.654463440811	
0.275000000000	0.192160812873	-0.114154420471	1.388636939876	75.644136980777	-44.936907218360	546.637169807115	-15.053197036054	-200.567213925625	-79.654298430213	
0.275862068966	0.192161550035	-0.114151892575	1.388635721366	75.644427164687	-44.935912111683	546.636690140748	-15.052811892839	-200.568757915443	-79.652634506195	
0.276724137931	0.192159551565	-0.114155749833	1.388624416252	75.643640466957	-44.937430521888	546.632239880571	-15.053936797363	-200.563361300174	-79.655202341816	
0.277586206897	0.192160325718	-0.114154515210	1.388617927947	75.643945212223	-44.936944512574	546.629685758139	-15.053135424011	-200.561861905853	-79.654276145233	
0.278448275862	0.192164857656	-0.114146049384	1.388616528877	75.645729210520	-44.933611938635	546.629135014025	-15.052624642389	-200.563328331978	-79.650270515162	
0.279310344828	0.192164190943	-0.114156184790	1.388603583131	75.645466758851	-44.937601742878	546.624038918907	-15.054192112221	-200.557343688968	-79.656630724737	
0.280172413793	0.192160315093	-0.114152283165	1.388595557870	75.643941029641	-44.936065867666	546.620879773705	-15.052851206496	-200.556819752596	-79.652607611539	
0.281034482759	0.192164312641	-0.114155968662	1.388588851654	75.645514665252	-44.937516664077	546.618239870522	-15.053789339344	-200.553704855115	-79.655053248544	
0.281896551724	0.192164565314	-0.114153201809	1.388577057348	75.645614129886	-44.936427491704	546.613597040041	-15.053027126926	-200.551640145250	-79.653236126886	
0.282758620690	0.192167621899	-0.114150188474	1.388572539991	75.646817355116	-44.935241292243	546.611818781460	-15.053982035840	-200.548643170464	-79.653640479014	
0.283620689655	0.192168087392	-0.114152904473	1.388566336214	75.647000596420	-44.936310445572	546.609376663526	-15.052905615064	-200.548588039955	-79.653286921017	
0.284482758621	0.192170721013	-0.114150292022	1.388556364868	75.648037322111	-44.935282053688	546.605451441476	-15.054170066825	-200.544008392855	-79.653498776370	
0.285344827586	0.192171813483	-0.114150764306	1.388558248870	75.648467372835	-44.935467968317	546.606193079096	-15.052777033725	-200.546054061075	-79.652539287823	
0.286206896552	0.192175453801	-0.114148757206	1.388548544296	75.649900384836	-44.934677873337	546.602372872212	-15.054021823879	-200.541992937669	-79.652798178255	
0.287068965517	0.192176289182	-0.114149861388	1.388555196345	75.650229232671	-44.935112534702	546.604991452300	-15.052780313960	-200.544346832430	-79.652838267592	
0.287931034483	0.192179097437	-0.114147451088	1.388549649843	75.651334702873	-44.934163719692	546.602808070700	-15.053550706763	-200.541814434089	-79.651968809158	
0.288793103448	0.192181731107	-0.114148792754	1.388559156693	75.652371447309	-44.934691866792	546.606550443853	-15.052861673966	-200.544511497730	-79.652787887692	
0.289655172414	0.192181887253	-0.114147046130	1.388556563993	75.652432914285	-44.934004307853	546.605529827179	-15.053509665064	-200.543420962012	-79.651502187481	
0.290517241379	0.192185082785	-0.114148215271	1.388568648446	75.653690835765	-44.934464540273	546.610286873950	-15.053010941659	-200.546365580348	-79.652577750395	
0.291379310345	0.192184269094	-0.114148976378	1.388566301608	75.653370526341	-44.934764150314	546.609363040895	-15.053628810646	-200.544761475204	-79.652022162407	
0.292241379310	0.192189771979	-0.114145350515	1.388584852012	75.655536738167	-44.933336828542	546.616665410529	-15.052732987757	-200.550040731327	-79.651474501326	
0.293103448276	0.192188626571	-0.114147708201	1.388585696299	75.655085848058	-44.934264932018	546.616997764277	-15.053659952487	-200.549072393412	-79.651727447949	
0.293965517241	0.192192615338	-0.114144305000	1.388604691409	75.656656026845	-44.932925261468	546.624475192713	-15.052909922542	-200.554261050744	-79.651286587531	
0.294827586207	0.192190498944	-0.114148488616	1.388608196847	75.655822907910	-44.934572142740	546.625855109145	-15.053722003335	-200.554127769782	-79.651819025191	
0.295689655172	0.192194647621	-0.114144425713	1.388628124218	75.657456035235	-44.932972780386	546.633699522060	-15.052850354266	-200.559623313020	-79.651142234551	
0.296551724138	0.192192761100	-0.114147709557	1.388633697964	75.656713406018	-44.934265465793	546.635893628042	-15.053710749395	-200.560067804112	-79.651614358913	
0.297413793103	0.192195749652	-0.114143825105	1.388653937140	75.657889849891	-44.932736350789	546.643860783307	-15.052891795055	-200.565499748285	-79.651061392057	
0.298275862069	0.192193189343	-0.114147627766	1.388659352170	75.656881983944	-44.934233269023	546.645992410731	-15.053734225998	-200.566120259184	-79.651607813822	
0.299137931034	0.192195368728	-0.114143755701	1.388678731248	75.657739899174	-44.932709029890	546.653620988173	-15.052928855699	-200.571368361805	-79.651031307314	
0.300000000000	0.192192296585	-0.114147537652	1.388683087738	75.656530549647	-44.934197795593	546.655335921060	-15.053795523242	-200.571920056489	-79.651610551155	
0.300862068966	0.192193694868	-0.114143273525	1.388700917770	75.657080983928	-44.932519221253	546.662354716373	-15.053033242004	-200.576863321097	-79.650946298569	
0.301724137931	0.192189898884	-0.114147726350	1.388704040455	75.655586694269	-44.934272076383	546.663583961824	-15.053821349537	-200.577236479465	-79.651859838490	
0.302586206897	0.192190184897	-0.114144264563	1.388720253783	75.655699283165	-44.932909343343	546.669966341103	-15.053092767210	-200.581790906126	-79.651616288044	
0.303448275862	0.192185868373	-0.114146856185	1.388723541935	75.654000082617	-44.933929535797	546.671260722785	-15.053451876169	-200.583029155806	-79.651329198536	
0.304310344828	0.192185196976	-0.114146118876	1.388734404706	75.653735787127	-44.933639294006	546.675536854366	-15.053671821862	-200.585285723052	-79.652779736609	
0.305172413793	0.192179524188	-0.114146702287	1.388737544598	75.651502693400	-44.933868953822	546.676772873236	-15.053239111591	-200.587963477716	-79.650987551257	
0.306034482759	0.192179635275	-0.114146075047	1.388744821670	75.651546422598	-44.933622040886	546.679637493857	-15.054088542606	-200.588758865844	-79.652902612882	
0.306896551724	0.192172854791	-0.114147343597	1.388746024040	75.648877284099	-44.934121405623	546.680110807254	-15.053206387592	-200.591490073524	-79.651375065200	
0.307758620690	0.192173347887	-0.114146033373	1.388750815687	75.649071391524	-44.933605635810	546.681997039811	-15.054254832653	-200.591336242613	-79.653142319637	
0.308620689655	0.192166768614	-0.114147610937	1.388753396096	75.646481459229	-44.934226644100	546.683012818378	-15.052843042672	-200.595345708372	-79.651513183810	
0.309482758621	0.192166775975	-0.114146558301	1.388752636859	75.646484357081	-44.933812273767	546.682713944623	-15.054488668827	-200.593602960501	-79.653134708060	
0.310344827586	0.192159894543	-0.114148942385	1.388753910295	75.643775480279	-44.934750768891	546.683215232647	-15.052883276245	-200.597010304438	-79.652198036361	
0.311206896552	0.192160575185	-0.114148036635	1.388748262277	75.644043414840	-44.934394220214	546.680991889458	-15.054508182587	-200.594288569869	-79.653267063375	
0.312068965517	0.192156547559	-0.114148687610	1.388750461592	75.642457939513	-44.934650476759	546.681857650453	-15.052804555122	-200.597779684521	-79.652448688022	
0.312931034483	0.192156661832	-0.114147535186	1.388741200882	75.642502922916	-44.934196824964	546.678212170283	-15.054305933701	-200.595015669336	-79.652622709673	
0.313793103448	0.192153409524	-0.114148554462	1.388741915794	75.641222651378	-44.934598063057	546.678493595310	-15.052899541957	-200.597510722289	-79.652438643982	
0.314655172414	0.192152757966	-0.114150594059	1.388725693359	75.640966165394	-44.935400950570	546.672107630937	-15.054295831497	-200.592364687223	-79.653349467697	
0.315517241379	0.192153454605	-0.114147328395	1.388729164771	75.641240397405	-44.934115421416	546.673474152970	-15.052588905226	-200.596170136484	-79.651724110621	
0.316379310345	0.192153963976	-0.114150093133	1.388708944445	75.641440911618	-44.935203761107	546.665514418190	-15.054173726842	-200.589501733431	-79.653109944847	
0.317241379310	0.192154482757	-0.114146916745	1.388709578673	75.641645129694	-44.933953375429	546.665764082171	-15.052759130444	-200.592239262531	-79.651551771980	
0.318103448276	0.192155059449	-0.114151129741	1.388686658932	75.641872144536	-44.935611821840	546.656741722123	-15.054009573166	-200.584715593501	-79.653131624443	
0.318965517241	0.192157308191	-0.114147602556	1.388685363443	75.642757362136	-44.934223345121	546.656231752676	-15.052755626613	-200.586947295895	-79.651396922680	
0.319827586207	0.192158803026	-0.114150547033	1.388661118037	75.643345804371	-44.935382438849	546.646687544671	-15.053874394960	-200.578617227976	-79.652786248926	
0.320689655172	0.192161756665	-0.114147435882	1.388658871747	75.644508504618	-44.934157733828	546.645803292221	-15.052764257248	-200.580446950005	-79.651187753621	
0.321551724138	0.192163344625	-0.114150413243	1.388633805112	75.645133605373	-44.935329772460	546.635935806990	-15.053752974944	-200.571683511420	-79.652550603180	
0.322413793103	0.192166794633	-0.114147829927	1.388631258528	75.646491701605	-44.934312849725	546.634933343648	-15.052765379284	-200.573140001309	-79.651143789760	
0.323275862069	0.192168539435	-0.114150433099	1.388606352210	75.647178543316	-44.935337588593	546.625128967497	-15.053646145214	-200.564149997236	-79.652435333395	
0.324137931034	0.192172275551	-0.114148173073	1.388604789054	75.648649266255	-44.934447928936	546.624513630505	-15.052742742783	-200.565598057819	-79.651149717661	
0.325000000000	0.192174099246	-0.114150388886	1.388581129220	75.649367164046	-44.935320184136	546.615199932771	-15.053633364730	-200.556802940562	-79.652337060964	
0.325862068966	0.192177550896	-0.114148871158	1.388580757330	75.650725906468	-44.934722730296	546.615053538313	-15.052861266366	-200.558121244916	-79.651471547924	
0.326724137931	0.192179418388	-0.114149554706	1.388561273008	75.651461045297	-44.934991809294	546.607383531762	-15.053425148867	-200.550921117319	-79.651848599282	
0.327586206897	0.192181736655	-0.114150906312	1.388561204692	75.652373631119	-44.935523869062	546.607356639070	-15.053133419690	-200.551095872690	-79.652544227051	
0.328448275862	0.192183396807	-0.114148721322	1.388547630083	75.653027150364	-44.934663747596	546.602012992032	-15.053115102566	-200.546524200791	-79.651033645731	
0.329310344828	0.192186538164	-0.114150796915	1.388549347673	75.654263746321	-44.935480804912	546.602689121603	-15.053483400549	-200.546294481157	-79.652852890342	
0.330172413793	0.192185938461	-0.114149434398	1.388539502238	75.654027673111	-44.934944449892	546.598813464466	-15.053017489013	-200.542931466810	-79.651381987918	
0.331034482759	0.192189099971	-0.114151233678	1.388545478373	75.655272201727	-44.935652736976	546.601165970935	-15.053537276981	-200.543272045180	-79.653402919976	
0.331896551724	0.192187519007	-0.114150128866	1.388541555771	75.654649855099	-44.935217827324	546.599621838067	-15.052754321876	-200.542421933591	-79.651397548932	
0.332758620690	0.192189559677	-0.114150640954	1.388549004587	75.655453165093	-44.935419411021	546.602554065591	-15.053848768335	-200.542435312335	-79.653386926498	
0.333620689655	0.192186118571	-0.114152192488	1.388548305845	75.654098573305	-44.936030172670	546.602279005708	-15.052951313477	-200.542296723699	-79.652344390484	
0.334482758621	0.192188436795	-0.114150175005	1.388558481606	75.655011142444	-44.935235989801	546.606284695741	-15.053806929751	-200.543313370104	-79.653175160841	
0.335344827586	0.192185439812	-0.114151399981	1.388564233244	75.653831379873	-44.935718201932	546.608548829000	-15.052950154476	-200.545162075196	-79.652356576907	
0.336206896552	0.192185559541	-0.114150039101	1.388573945793	75.653878510848	-44.935182491494	546.612372175604	-15.054000444474	-200.545837029146	-79.653519919015	
0.337068965517	0.192180605867	-0.114152299542	1.388584206912	75.651928496562	-44.936072314256	546.616411466770	-15.052985755834	-200.549104962094	-79.652795875980	
0.337931034483	0.192180055093	-0.114151338230	1.388593989122	75.651711683959	-44.935693893661	546.620262235537	-15.053987339953	-200.549932983725	-79.653850731341	
0.338793103448	0.192175408154	-0.114152013178	1.388607075312	75.649882415913	-44.935959586909	546.625413616673	-15.053028541733	-200.554085776427	-79.652801909139	
0.339655172414	0.192174312722	-0.114150733651	1.388617228869	75.649451198838	-44.935455901114	546.629410565908	-15.054089395286	-200.555000605147	-79.653804167662	
0.340517241379	0.192169360820	-0.114151496257	1.388631137528	75.647501881581	-44.935756101032	546.634885712129	-15.053118046569	-200.559700401565	-79.652751385538	
0.341379310345	0.192167872070	-0.114150490814	1.388641414397	75.646915835018	-44.935360308181	546.638931203060	-15.054148073924	-200.560811171600	-79.653802213120	
0.342241379310	0.192162787384	-0.114151331784	1.388655294427	75.644914247607	-44.935691356107	546.644395079463	-15.053089341453	-200.565621469764	-79.652775089138	
0.343103448276	0.192161418250	-0.114150107215	1.388665399063	75.644375287611	-44.935209304533	546.648372771163	-15.054146367966	-200.567000898655	-79.653649504397	
0.343965517241	0.192156344490	-0.114150940657	1.388678131522	75.642378001026	-44.935537388911	546.653384905826	-15.053099060581	-200.571520929205	-79.652639526829	
0.344827586207	0.192155441204	-0.114149815736	1.388687499977	75.642022422401	-44.935094563542	546.657072799779	-15.054173348528	-200.573228559040	-79.653507052208	
0.345689655172	0.192150582424	-0.114150507670	1.388698651913	75.640109763038	-44.935366943485	546.661462761324	-15.053014340225	-200.577200382768	-79.652486107662	
0.346551724138	0.192150638791	-0.114149439275	1.388707003275	75.640131951950	-44.934946369872	546.664750276311	-15.054147270326	-200.579117157060	-79.653274550712	
0.347413793103	0.192146134124	-0.114150058069	1.388716076940	75.638358688818	-44.935189958157	546.668322126247	-15.053040047436	-200.582646482459	-79.652243450429	
0.348275862069	0.192147564517	-0.114148755382	1.388722545977	75.638921763247	-44.934677155279	546.670868663637	-15.054081555318	-200.584147903990	-79.652990874156	
0.349137931034	0.192143382890	-0.114149619376	1.388729561739	75.637275665120	-44.935017266352	546.673630419706	-15.052925194762	-200.587451103455	-79.652049116487	
0.350000000000	0.192145472687	-0.114148304161	1.388734627054	75.638098314144	-44.934499532022	546.675624381509	-15.053992411383	-200.588677229468	-79.652735823627	
0.350862068966	0.192142148536	-0.114149370418	1.388738751008	75.636789761360	-44.934919264092	546.677247776981	-15.052909302012	-200.591283408006	-79.651824332464	
0.351724137931	0.192145330028	-0.114147840939	1.388740769653	75.638042156482	-44.934317184386	546.678042416634	-15.053974237420	-200.591794690908	-79.652456994269	
0.352586206897	0.192143047313	-0.114148672752	1.388741999082	75.637143565164	-44.934644627761	546.678526381604	-15.052898822663	-200.593779351044	-79.651519242294	
0.353448275862	0.192147049322	-0.114147281712	1.388740980924	75.638718956716	-44.934097044630	546.678125583859	-15.053989328113	-200.593570020605	-79.652222848475	
0.354310344828	0.192145417432	-0.114148244417	1.388739373457	75.638076563007	-44.934476013820	546.677492804142	-15.052857126594	-200.594838233171	-79.651311332310	
0.355172413793	0.192149934859	-0.114146756577	1.388735841174	75.639854848852	-44.933890325268	546.676102320346	-15.053876235183	-200.594142693217	-79.651889438215	
0.356034482759	0.192149041807	-0.114147646370	1.388730600373	75.639503298732	-44.934240592549	546.674039277928	-15.052890345177	-200.594275469137	-79.650936596952	
0.356896551724	0.192154491716	-0.114146100411	1.388723861334	75.641648656457	-44.933632025418	546.671386453967	-15.053874630559	-200.592732507986	-79.651652639238	
0.357758620690	0.192153871478	-0.114146983885	1.388716167704	75.641404499559	-44.933979805230	546.668357855280	-15.052872240813	-200.592347515877	-79.650634906166	
0.358620689655	0.192160050130	-0.114145574016	1.388706580983	75.643836727141	-44.933424809744	546.664584041200	-15.053768554189	-200.589739816491	-79.651502108261	
0.359482758621	0.192159644690	-0.114145893000	1.388697047608	75.643677125442	-44.933550377834	546.660831226342	-15.052627013655	-200.589239657493	-79.649905745050	
0.360344827586	0.192165965753	-0.114145494504	1.388684132654	75.646165413041	-44.933393509770	546.655747252318	-15.053942817407	-200.585094163349	-79.651655796506	
0.361206896552	0.192164984589	-0.114145936878	1.388673093402	75.645779177667	-44.933567650547	546.651401649110	-15.052487101054	-200.584507020337	-79.649809737118	
0.362068965517	0.192172187266	-0.114144282825	1.388658785288	75.648614512621	-44.932916532362	546.645769257567	-15.053851561345	-200.579908806297	-79.650762515000	
0.362931034483	0.192171843269	-0.114145618937	1.388645576989	75.648479098347	-44.933442492894	546.640569808241	-15.052388431207	-200.578152478093	-79.649885387724	
0.363793103448	0.192178182974	-0.114143665125	1.388629963467	75.650974723983	-44.932673374712	546.634423542626	-15.053884675991	-200.573170215328	-79.650502539022	
0.364655172414	0.192178687399	-0.114145017319	1.388618847393	75.651173291195	-44.933205666188	546.630047698421	-15.052191410543	-200.571664435416	-79.649941683262	
0.365517241379	0.192183423320	-0.114143455308	1.388601698798	75.653037587291	-44.932590780032	546.623297150846	-15.053821756545	-200.566815136482	-79.649847059046	
0.366379310345	0.192183818077	-0.114145215153	1.388590357827	75.653192983530	-44.933283543563	546.618832775592	-15.052555503919	-200.564080950986	-79.650211097863	
0.367241379310	0.192187573751	-0.114143981886	1.388572206333	75.654671405044	-44.932798067500	546.611687436918	-15.053714095605	-200.559260333077	-79.649634743958	
0.368103448276	0.192189991834	-0.114144484837	1.388565035940	75.655623283776	-44.932996054273	546.608864810522	-15.052671021705	-200.557210157816	-79.650311299742	
0.368965517241	0.192191995290	-0.114143086962	1.388549946553	75.656411944835	-44.932445780524	546.602924870614	-15.053287072981	-200.553810650176	-79.648943744721	
0.369827586207	0.192193901461	-0.114144887505	1.388544245723	75.657162309410	-44.933154564697	546.600680737968	-15.053063687231	-200.551016147201	-79.650690636001	
0.370689655172	0.192193946634	-0.114144556980	1.388531457988	75.657180091731	-44.933024453574	546.595646844020	-15.052995370634	-200.548287651211	-79.649101632595	
0.371551724138	0.192197780901	-0.114144972208	1.388529288725	75.658689451660	-44.933187908110	546.594792913395	-15.053310940256	-200.545895561681	-79.650888385667	
0.372413793103	0.192196912071	-0.114143974700	1.388522331491	75.658347436596	-44.932795238812	546.592054196826	-15.052664439942	-200.545313241331	-79.648720107320	
0.373275862069	0.192200051598	-0.114144958425	1.388521704346	75.659583311858	-44.933182482178	546.591807321090	-15.053779776642	-200.542557911691	-79.651026328987	
0.374137931034	0.192197333907	-0.114145596644	1.388519108638	75.658513492055	-44.933433717229	546.590785520241	-15.052537236840	-200.543000359062	-79.649242110391	
0.375000000000	0.192201407669	-0.114145732555	1.388521813162	75.660117129473	-44.933487218660	546.591850156608	-15.053870267366	-200.540982723891	-79.651203270747	
0.375862068966	0.192198747493	-0.114145838292	1.388526733959	75.659069950453	-44.933528842121	546.593787229141	-15.052389580467	-200.543512299707	-79.649508168153	
0.376724137931	0.192201531285	-0.114146068776	1.388530565286	75.660165790664	-44.933619572285	546.595295431501	-15.054029946279	-200.541415898518	-79.651306471559	
0.377586206897	0.192198178426	-0.114146704302	1.388541176446	75.658845937235	-44.933869747343	546.599472516781	-15.052473370365	-200.545378972247	-79.649900358270	
0.378448275862	0.192200502507	-0.114147918954	1.388546253442	75.659760812123	-44.934347895072	546.601471076808	-15.054063699537	-200.543670650880	-79.651943623800	
0.379310344828	0.192197071178	-0.114147334646	1.388562642925	75.658410068827	-44.934117882036	546.607922799781	-15.052501821972	-200.549113376259	-79.650205014230	
0.380172413793	0.192199012928	-0.114148843205	1.388569150919	75.659174439334	-44.934711726716	546.610484672739	-15.054048618142	-200.547688894476	-79.652350537264	
0.381034482759	0.192195184888	-0.114147955428	1.388588733306	75.657667530364	-44.934362252969	546.618193282572	-15.052658329219	-200.554007286597	-79.650608226471	
0.381896551724	0.192196216950	-0.114150001242	1.388596957700	75.658073801951	-44.935167588160	546.621430816737	-15.054042427221	-200.553098744466	-79.652870012230	
0.382758620690	0.192192168711	-0.114149229935	1.388618250300	75.656480212085	-44.934863963114	546.629812652442	-15.052771172031	-200.560039632873	-79.651151379265	
0.383620689655	0.192192554673	-0.114150849958	1.388627420534	75.656632145986	-44.935501685535	546.633422516813	-15.054055553102	-200.559369413885	-79.653326798692	
0.384482758621	0.192188397059	-0.114150243066	1.388649541269	75.654995500442	-44.935262782035	546.642130347782	-15.052878491878	-200.566816906708	-79.651608363084	
0.385344827586	0.192188235917	-0.114151567726	1.388658839076	75.654932067104	-44.935784234800	546.645790431296	-15.054040712837	-200.566331440422	-79.653712504874	
0.386206896552	0.192184048875	-0.114151158897	1.388680673119	75.653283837094	-44.935623299290	546.654385405750	-15.052965493632	-200.573859832333	-79.652098909515	
0.387068965517	0.192183524634	-0.114152231431	1.388689156279	75.653077469642	-44.936045502358	546.657724803137	-15.053988232570	-200.573282982683	-79.654213989051	
0.387931034483	0.192179015558	-0.114152023269	1.388710424582	75.651302470914	-44.935963559605	546.666097074292	-15.052942859917	-200.581059120547	-79.652497531360	
0.388793103448	0.192178676825	-0.114152781005	1.388716542630	75.651169128722	-44.936261842172	546.668505445120	-15.054019308629	-200.579876412551	-79.654583767456	
0.389655172414	0.192174222434	-0.114152632867	1.388735020822	75.649415656779	-44.936203527877	546.675779388586	-15.053103196204	-200.587213637335	-79.652866174205	
0.390517241379	0.192173904462	-0.114152806398	1.388738854947	75.649290487212	-44.936271838315	546.677288692366	-15.054053183300	-200.585749861695	-79.654805824245	
0.391379310345	0.192169714140	-0.114152944659	1.388755046314	75.647640966050	-44.936326264938	546.683662426984	-15.053161741841	-200.592720893310	-79.653123931205	
0.392241379310	0.192169745996	-0.114153019435	1.388755504983	75.647653506421	-44.936355700283	546.683842982046	-15.054121274446	-200.590548456353	-79.655046199329	
0.393103448276	0.192166040587	-0.114153007486	1.388768598666	75.646194871487	-44.936350996589	546.688997312452	-15.053132205293	-200.596893571102	-79.653315624215	
0.393965517241	0.192166672203	-0.114153134412	1.388765774018	75.646443507015	-44.936400961078	546.687885389510	-15.054132366708	-200.594087590191	-79.655216000362	
0.394827586207	0.192163676588	-0.114152976360	1.388775403190	75.645264283019	-44.936338743892	546.691675914569	-15.053150877173	-200.599682890414	-79.653431956953	
0.395689655172	0.192164986584	-0.114152988015	1.388769120435	75.645779962884	-44.936343332024	546.689202706893	-15.054155894114	-200.596100450038	-79.655278592474	
0.396551724138	0.192162746184	-0.114152753333	1.388775377953	75.644898029139	-44.936250949224	546.691665980196	-15.053176919967	-200.600948666698	-79.653454711870	
0.397413793103	0.192164812397	-0.114152921198	1.388765581917	75.645711394387	-44.936317029372	546.687809768940	-15.054228851857	-200.596407536741	-79.655422606343	
0.398275862069	0.192163448952	-0.114152216389	1.388769214421	75.645174673965	-44.936039580955	546.689239704710	-15.053062000250	-200.600834726351	-79.653297304917	
0.399137931034	0.192166231083	-0.114152393540	1.388756939733	75.646269860068	-44.936109316755	546.684407771461	-15.054285235024	-200.595848042328	-79.655253129578	
0.400000000000	0.192165125404	-0.114152778984	1.388756589921	75.645834609556	-44.936261046844	546.684270067966	-15.053099689688	-200.598775328753	-79.653708476492	
0.400862068966	0.192168634762	-0.114151839206	1.388742209843	75.647216068932	-44.935891103151	546.678609347975	-15.054216567933	-200.593291133370	-79.654898147014	
0.401724137931	0.192169619370	-0.114152105385	1.388740888754	75.647603660076	-44.935995884439	546.678089300820	-15.053036654063	-200.595973435916	-79.653810656978	
0.402586206897	0.192172215214	-0.114150557501	1.388724416772	75.648625514255	-44.935386559615	546.671605102256	-15.054167771856	-200.590380389847	-79.654185706500	
0.403448275862	0.192173406922	-0.114152562628	1.388720664707	75.649094630498	-44.936175878194	546.670128101556	-15.053265580511	-200.591554883030	-79.654250432542	
0.404310344828	0.192175576156	-0.114151038135	1.388701420065	75.649948549722	-44.935575761288	546.662552444644	-15.053976384177	-200.585526092163	-79.653974861929	
0.405172413793	0.192179113887	-0.114151581375	1.388698952913	75.651341178179	-44.935789607628	546.661581249754	-15.053317072606	-200.586522464986	-79.654328998840	
0.406034482759	0.192180213029	-0.114149805101	1.388679602239	75.651773855775	-44.935090377389	546.653963853917	-15.053672735677	-200.581223317969	-79.653207919248	
0.406896551724	0.192183421437	-0.114151134388	1.388675593714	75.653036845969	-44.935613651072	546.652385897249	-15.053730898453	-200.580742702528	-79.654472977503	
0.407758620690	0.192182867085	-0.114150748298	1.388655413293	75.652818625273	-44.935461666942	546.644441870919	-15.053481644382	-200.575469944834	-79.653145652844	
0.408620689655	0.192188209698	-0.114149947537	1.388652803254	75.654921745938	-44.935146447333	546.643414428560	-15.053793099494	-200.575056803281	-79.654118964090	
0.409482758621	0.192186608143	-0.114150387648	1.388634448887	75.654291293394	-44.935319697068	546.636189229177	-15.053414161541	-200.570207890719	-79.653100540445	
0.410344827586	0.192191297683	-0.114148368003	1.388632793207	75.656137331659	-44.934524663248	546.635537470309	-15.053875374210	-200.569960563983	-79.653520342724	
0.411206896552	0.192188588133	-0.114151093938	1.388616387338	75.655070716619	-44.935597728263	546.629079296992	-15.053391249119	-200.565188506252	-79.653315658595	
0.412068965517	0.192193136644	-0.114148543892	1.388615329169	75.656861238992	-44.934593902004	546.628662748675	-15.053771187100	-200.565175063788	-79.653436588205	
0.412931034483	0.192190245488	-0.114150593018	1.388603013839	75.655723135001	-44.935400540963	546.623814816884	-15.053350395145	-200.561266172695	-79.653055310914	
0.413793103448	0.192194260814	-0.114148076588	1.388603075611	75.657303768588	-44.934409947622	546.623839133602	-15.053803698147	-200.561374946960	-79.653232986953	
0.414655172414	0.192190933875	-0.114149914980	1.388593755723	75.655994118582	-44.935133631153	546.620170358043	-15.053409433409	-200.558113543957	-79.652841876458	
0.415517241379	0.192194160340	-0.114148013946	1.388596288538	75.657264217159	-44.934385288697	546.621167401153	-15.053773071702	-200.558761178628	-79.653142758692	
0.416379310345	0.192190669288	-0.114149924974	1.388589754660	75.655889963893	-44.935137565110	546.618595339001	-15.053432472186	-200.556185188913	-79.652769056260	
0.417241379310	0.192193315494	-0.114147778805	1.388594819081	75.656931643323	-44.934292725356	546.620588949023	-15.053739998440	-200.557245276997	-79.653026860561	
0.418103448276	0.192189892305	-0.114149988508	1.388591005188	75.655584104216	-44.935162575352	546.619087609598	-15.053486240167	-200.555396575535	-79.652702550331	
0.418965517241	0.192192175902	-0.114147573333	1.388598617799	75.656483042625	-44.934211841197	546.622084315047	-15.053714130815	-200.556983174439	-79.652919270817	
0.419827586207	0.192188805967	-0.114149999173	1.388597601793	75.655156467014	-44.935166773718	546.621684363988	-15.053535687776	-200.555891370852	-79.652670011242	
0.420689655172	0.192190760180	-0.114147303471	1.388607153709	75.655925743361	-44.934105610174	546.625444477526	-15.053741261127	-200.557796391286	-79.652830341837	
0.421551724138	0.192187468658	-0.114150068342	1.388608582885	75.654630035255	-44.935194002111	546.626007072821	-15.053577526655	-200.557458710599	-79.652655925523	
0.422413793103	0.192189117782	-0.114147282759	1.388619903582	75.655279213357	-44.934097457047	546.630463467368	-15.053756793779	-200.559748756100	-79.652820345976	
0.423275862069	0.192185819583	-0.114150232486	1.388623415318	75.653980876710	-44.935258617392	546.631845862520	-15.053584902081	-200.560034804295	-79.652715628330	
0.424137931034	0.192187358103	-0.114147370511	1.388636007907	75.654586515469	-44.934132000505	546.636802937629	-15.053806978698	-200.562584497992	-79.652858263598	
0.425000000000	0.192184077113	-0.114150436118	1.388641133003	75.653294952945	-44.935338776981	546.638820432261	-15.053589342649	-200.563417132846	-79.652781588912	
0.425862068966	0.192185553855	-0.114147605809	1.388654586014	75.653876272708	-44.934224625390	546.644116212453	-15.053862496650	-200.566223902085	-79.652962327477	
0.426724137931	0.192182131939	-0.114150637586	1.388660450364	75.652529234961	-44.935418084956	546.646424714772	-15.053586877641	-200.567297775696	-79.652899312003	
0.427586206897	0.192183651552	-0.114147937904	1.388674113821	75.653127430933	-44.934355354907	546.651803337201	-15.053936926106	-200.570259131014	-79.653106773370	
0.428448275862	0.192180011137	-0.114150897743	1.388680143797	75.651694380673	-44.935520496049	546.654177038004	-15.053570310038	-200.571486429223	-79.653035902964	
0.429310344828	0.192181560034	-0.114148419908	1.388693639756	75.652304104466	-44.934545095587	546.659489724679	-15.053996145262	-200.574583310429	-79.653317944693	
0.430172413793	0.192177630181	-0.114151155468	1.388699023944	75.650757117105	-44.935621949340	546.661609211368	-15.053558157943	-200.575680981810	-79.653190524665	
0.431034482759	0.192179311739	-0.114148917449	1.388711993190	75.651419062742	-44.934740952874	546.666714557413	-15.054040147469	-200.578937806263	-79.653480022753	
0.431896551724	0.192175087734	-0.114151420162	1.388716285267	75.649756282528	-44.935726146275	546.668404134076	-15.053518325660	-200.579856705897	-79.653294282015	
0.432758620690	0.192176944291	-0.114149604808	1.388727917179	75.650487116241	-44.935011531674	546.672983038046	-15.054092488406	-200.582852620715	-79.653801096066	
0.433620689655	0.192172449343	-0.114151918624	1.388731013006	75.648717679490	-44.935922365837	546.674201711142	-15.053432716177	-200.583615528681	-79.653604103909	
0.434482758621	0.192174244418	-0.114150395941	1.388741463648	75.649424310815	-44.935322961444	546.678315608079	-15.054035063870	-200.586522520961	-79.654042709143	
0.435344827586	0.192169876916	-0.114152447867	1.388741802174	75.647705042872	-44.936130702473	546.678448868744	-15.053479508922	-200.586454660898	-79.653828148418	
0.436206896552	0.192171492508	-0.114151023166	1.388750362006	75.648341021080	-44.935569868676	546.681818448274	-15.054143696098	-200.589357427075	-79.654244222476	
0.437068965517	0.192167317996	-0.114152671578	1.388748249789	75.646697723901	-44.936218766412	546.680986973724	-15.053554925889	-200.588646429912	-79.653930981154	
0.437931034483	0.192169380097	-0.114151920086	1.388754206657	75.647509470159	-44.935922941543	546.683331895711	-15.054214494607	-200.590853509975	-79.654696671061	
0.438793103448	0.192165056528	-0.114152283753	1.388752611372	75.645807496377	-44.936066099051	546.682703911642	-15.053144836862	-200.591281606754	-79.653527460638	
0.439655172414	0.192166770764	-0.114153192691	1.388756015988	75.646482305671	-44.936423902687	546.684044139073	-15.054341370801	-200.592060867234	-79.655359064131	
0.440517241379	0.192162252610	-0.114153490469	1.388751782327	75.644703733549	-44.936541122892	546.682377557896	-15.052956424054	-200.592059085242	-79.653783483067	
0.441379310345	0.192165425681	-0.114153446500	1.388752127316	75.645952813619	-44.936523814571	546.682513362996	-15.054475371843	-200.591641717096	-79.655434646413	
0.442241379310	0.192161775830	-0.114153144302	1.388747380704	75.644516049261	-44.936404854146	546.680644858299	-15.052799449212	-200.592251006284	-79.653754470287	
0.443103448276	0.192164258382	-0.114152929658	1.388744133805	75.645493306260	-44.936320359450	546.679366715730	-15.054722226933	-200.590886594368	-79.655126799310	
0.443965517241	0.192160317814	-0.114154657865	1.388738076236	75.643942100675	-44.937000668426	546.676982152655	-15.052833091300	-200.590863596751	-79.654369430536	
0.444827586207	0.192163244692	-0.114153595977	1.388731516334	75.645094266921	-44.936582656165	546.674399846062	-15.054600707267	-200.588748961355	-79.655071158190	
0.445689655172	0.192161377902	-0.114154161052	1.388728105349	75.644359404884	-44.936805098180	546.673057111365	-15.052672257496	-200.589466446793	-79.654464220651	
0.446551724138	0.192163434797	-0.114152841758	1.388718594208	75.645169101842	-44.936285757646	546.669313049171	-15.054465034926	-200.587003085960	-79.654426245442	
0.447413793103	0.192161730722	-0.114154517992	1.388714174968	75.644498292241	-44.936945607369	546.667573414388	-15.052896570649	-200.586676661425	-79.654858803833	
0.448275862069	0.192163263165	-0.114153900542	1.388701437530	75.645101538986	-44.936702548232	546.662559319698	-15.054288605441	-200.583595038216	-79.654375960159	
0.449137931034	0.192164228782	-0.114153796735	1.388699107530	75.645481654154	-44.936661684483	546.661642114816	-15.052907410411	-200.583620448305	-79.654919253919	
0.450000000000	0.192164910311	-0.114152866884	1.388686133367	75.645749937992	-44.936295648684	546.656534833387	-15.053963538747	-200.581083175624	-79.653614748256	
0.450862068966	0.192166248196	-0.114153262597	1.388682154807	75.646276596601	-44.936451421148	546.654968672688	-15.053326877780	-200.579729096596	-79.655003824930	
0.451724137931	0.192165649102	-0.114153982764	1.388668000240	75.646040763484	-44.936734915116	546.649396724956	-15.053775428652	-200.577070143616	-79.653693887724	
0.452586206897	0.192169382138	-0.114152570691	1.388665165939	75.647510273703	-44.936179052186	546.648281001816	-15.053414634576	-200.575641176768	-79.655013830324	
0.453448275862	0.192168408354	-0.114153001007	1.388653572751	75.647126943355	-44.936348446081	546.643717341222	-15.053411657367	-200.574338810456	-79.653086662958	
0.454310344828	0.192172205200	-0.114151119409	1.388648839814	75.648621572298	-44.935607754698	546.641854219808	-15.053830448020	-200.571691263101	-79.654515162900	
0.455172413793	0.192170089489	-0.114154191562	1.388637461651	75.647788722491	-44.936817108292	546.637375204170	-15.053486939271	-200.570139777416	-79.653605381795	
0.456034482759	0.192175274482	-0.114149912952	1.388633777781	75.649829795884	-44.935132832968	546.635925048158	-15.053669062214	-200.567940665862	-79.653919696135	
0.456896551724	0.192174195001	-0.114152685939	1.388626937625	75.649404857969	-44.936224419542	546.633232419260	-15.053317180295	-200.567593968462	-79.653231383411	
0.457758620690	0.192178003060	-0.114149471544	1.388621583557	75.650903900958	-44.934959072349	546.631124789677	-15.053824533073	-200.564604647302	-79.653941453936	
0.458620689655	0.192175736109	-0.114152879998	1.388617203799	75.650011515524	-44.936300810904	546.629400697181	-15.053325221170	-200.564735557126	-79.653275055023	
0.459482758621	0.192179905728	-0.114149859132	1.388611443378	75.651652886694	-44.935111646716	546.627133106345	-15.053820389309	-200.561694873158	-79.653806969076	
0.460344827586	0.192178288542	-0.114151678604	1.388609747183	75.651016281166	-44.935827882168	546.626465398875	-15.053399715573	-200.562425054939	-79.652949717499	
0.461206896552	0.192182260676	-0.114148857161	1.388605312450	75.652579912092	-44.934717220543	546.624719665632	-15.053873619166	-200.559536980513	-79.653624166604	
0.462068965517	0.192180249236	-0.114150957459	1.388604935095	75.651788108691	-44.935544002959	546.624571119867	-15.053342582864	-200.560604167409	-79.652773345523	
0.462931034483	0.192184001017	-0.114148115976	1.388602865723	75.653264997962	-44.934425452761	546.623756511231	-15.053808150315	-200.558508848720	-79.653206168876	
0.463793103448	0.192181277575	-0.114151327273	1.388602425870	75.652192914318	-44.935689580287	546.623583362988	-15.053641979881	-200.558708116178	-79.653250760491	
0.464655172414	0.192185206171	-0.114146630732	1.388603913596	75.653739406729	-44.933840786318	546.624169006536	-15.053523310839	-200.558341821911	-79.652462133225	
0.465517241379	0.192182352460	-0.114150863816	1.388603537308	75.652616043211	-44.935507140522	546.624020880454	-15.053911840156	-200.557717559803	-79.653400903810	
0.466379310345	0.192185546288	-0.114145733226	1.388608578194	75.653873293974	-44.933487483058	546.626005226320	-15.053300701284	-200.559476314763	-79.651848736713	
0.467241379310	0.192181737989	-0.114151839255	1.388605224137	75.652374156335	-44.935891122327	546.624684901278	-15.054310126374	-200.556380820213	-79.654093914112	
0.468103448276	0.192185259407	-0.114145409151	1.388615822025	75.653760363375	-44.933359910869	546.628856761454	-15.052870645911	-200.560957023981	-79.651416095156	
0.468965517241	0.192182531490	-0.114150347961	1.388611736521	75.652686518436	-44.935304074124	546.627248502225	-15.054430259759	-200.557047551692	-79.653831385768	
0.469827586207	0.192184132857	-0.114145074318	1.388625746222	75.653316896589	-44.933228103589	546.632763423480	-15.052890476442	-200.563003213479	-79.651138456933	
0.470689655172	0.192181298645	-0.114150971143	1.388618408874	75.652201208600	-44.935549389863	546.629875075019	-15.054603178671	-200.557338601925	-79.654291846377	
0.471551724138	0.192182587195	-0.114145681270	1.388636685998	75.652708446700	-44.933467030605	546.637069868015	-15.052728085197	-200.565098266350	-79.651192836160	
0.472413793103	0.192181416691	-0.114149264407	1.388630383443	75.652247677488	-44.934877532892	546.634588866253	-15.054449951167	-200.560126666406	-79.653633859380	
0.473275862069	0.192180492226	-0.114146540560	1.388647378301	75.651883761638	-44.933805289998	546.641278894935	-15.053078836078	-200.566703484639	-79.651558883381	
0.474137931034	0.192179930452	-0.114149234768	1.388642515564	75.651662619312	-44.934865865661	546.639364677929	-15.054252554871	-200.562828719538	-79.653581981038	
0.475000000000	0.192178803513	-0.114147462869	1.388659642716	75.651218999601	-44.934168357356	546.646106784018	-15.053062380399	-200.569049917716	-79.651820272078	
0.475862068966	0.192179653597	-0.114147556344	1.388658541871	75.651553634993	-44.934205153772	546.645673436130	-15.053957361504	-200.567306152188	-79.652750496951	
0.476724137931	0.192176323715	-0.114149282566	1.388670421116	75.650242826554	-44.934884681078	546.650349703042	-15.053526352887	-200.570575413741	-79.652732231689	
0.477586206897	0.192177953106	-0.114147886299	1.388673481344	75.650884236628	-44.934335040510	546.651554362524	-15.053598261212	-200.570996973149	-79.652733770641	
0.478448275862	0.192175723676	-0.114148808684	1.388683234093	75.650006621233	-44.934698137461	546.655393533655	-15.053437249351	-200.573790129834	-79.652300426216	
0.479310344828	0.192176944018	-0.114148123678	1.388687710345	75.650487008915	-44.934428484791	546.657155611199	-15.053860863802	-200.574711187232	-79.652935898234	
0.480172413793	0.192173215588	-0.114149557826	1.388693147961	75.649019311974	-44.934993037245	546.659296129616	-15.053448440040	-200.576158391408	-79.652444751906	
0.481034482759	0.192175639266	-0.114148828522	1.388700612746	75.649973393217	-44.934705946842	546.662234643548	-15.053784890594	-200.578327504743	-79.652936273226	
0.481896551724	0.192173019154	-0.114149285563	1.388703430987	75.648941985405	-44.934885861139	546.663344044552	-15.053297639920	-200.579063867393	-79.652291514170	
0.482758620690	0.192175358514	-0.114148243789	1.388712239586	75.649862875206	-44.934475766346	546.666811551194	-15.053831227473	-200.581652592082	-79.652868653170	
0.483620689655	0.192171875056	-0.114149995281	1.388712552302	75.648491611318	-44.935165241433	546.666934651829	-15.053240767615	-200.581775799259	-79.652463593109	
0.484482758621	0.192174428337	-0.114149047069	1.388720546659	75.649496710732	-44.934791977878	546.670081631715	-15.053844544902	-200.584396553042	-79.652997236967	
0.485344827586	0.192171084493	-0.114150489742	1.388719100358	75.648180405885	-44.935359886402	546.669512295112	-15.053229843434	-200.584013156632	-79.652528841172	
0.486206896552	0.192173748268	-0.114149836706	1.388725691388	75.649229001574	-44.935102818354	546.672106855166	-15.053926983427	-200.586248923782	-79.653352923966	
0.487068965517	0.192170705989	-0.114149893642	1.388724470443	75.648031407611	-44.935125231581	546.671626230045	-15.052923938261	-200.586724358832	-79.651989584368	
0.487931034483	0.192173108246	-0.114150854235	1.388727842912	75.648977056466	-44.935503369075	546.672953803026	-15.054171323264	-200.587459513599	-79.653837683412	
0.488793103448	0.192169574335	-0.114150575024	1.388725309911	75.647585932051	-44.935393457499	546.671956686722	-15.052740478457	-200.587952966858	-79.652070992650	
0.489655172414	0.192172936922	-0.114150906531	1.388727071091	75.648909614790	-44.935523955229	546.672649975549	-15.054329960904	-200.587878488789	-79.653874368572	
0.490517241379	0.192169866090	-0.114150295256	1.388724418701	75.647700781262	-44.935283326738	546.671605861642	-15.052532434305	-200.588948621059	-79.652066347019	
0.491379310345	0.192172275581	-0.114150541936	1.388722930403	75.648649277894	-44.935380432567	546.671019993031	-15.054501204438	-200.587922516672	-79.653596594469	
0.492241379310	0.192168681140	-0.114151950051	1.388718767737	75.647234325527	-44.935934737273	546.669381358780	-15.052598023278	-200.588307782407	-79.652734617452	
0.493103448276	0.192171365477	-0.114151237145	1.388713602487	75.648291015391	-44.935654101705	546.667348057368	-15.054448223892	-200.586402313708	-79.653593903635	
0.493965517241	0.192169499056	-0.114151556231	1.388711719945	75.647556298226	-44.935779709751	546.666606994288	-15.052526367383	-200.587391622402	-79.652947880448	
0.494827586207	0.192170863157	-0.114150543971	1.388703644747	75.648093276942	-44.935381233503	546.663428191310	-15.054355912399	-200.585297447433	-79.652992829794	
0.495689655172	0.192168865925	-0.114151905716	1.388700093253	75.647307066373	-44.935917284736	546.662030145036	-15.052887515823	-200.584932104282	-79.653348480915	
0.496551724138	0.192169660515	-0.114151394365	1.388688734238	75.647619856824	-44.935715991232	546.657558666759	-15.054225191882	-200.582386031447	-79.652936865141	
0.497413793103	0.192169681945	-0.114151399780	1.388686937972	75.647628292588	-44.935718122735	546.656851566334	-15.052910710807	-200.582209474871	-79.653581440262	
0.498275862069	0.192169518074	-0.114150485438	1.388675845010	75.647563784871	-44.935358192150	546.652484819865	-15.053761483442	-200.580458908005	-79.652261391132	
0.499137931034	0.192169571775	-0.114151515765	1.388671713113	75.647584924246	-44.935763780352	546.650858298149	-15.053338588484	-200.578577116047	-79.653871410074	
0.500000000000	0.192168348688	-0.114151566323	1.388659432105	75.647103455924	-44.935783682491	546.646023876975	-15.053536469196	-200.576816091835	-79.652339901512	
0.500862068966	0.192170662670	-0.114150879974	1.388655345572	75.648014355082	-44.935513501168	546.644415212678	-15.053490631987	-200.574442983438	-79.653909938758	
