dbx_v3_0_0_0										
Time	Cx	Cy	Cz	Fx	Fy	Fz	Mx	My	Mz	
0.000000000000	0.000000000000	0.000000000000	0.000000000000	0.000000000000	0.000000000000	0.000000000000	0.000000000000	0.000000000000	0.000000000000	
0.000862068966	3.872693198649	-2.869517319253	8.689493293699	1524.484035141106	-1129.584275689097	3420.615349630467	65.696707662551	-2291.849392466609	-842.312461518544	
0.001724137931	0.474096422323	-0.376476322461	2.124401161560	186.627855571137	-148.199744663568	836.269616235835	63.844682735269	-485.506418696730	-104.099634663199	
0.002586206897	-0.117682698042	-0.041925911920	1.634378862584	-46.325744171825	-16.504117445654	643.372546074724	13.098971024755	-280.678618073552	-38.616890824506	
0.003448275862	-0.143829119875	-0.171796036361	1.944621298511	-56.618272037046	-67.627436850575	765.499349395869	20.711690098668	-493.043833401003	-80.859515526542	
0.004310344828	-0.058767365265	-0.285042795645	2.179342079453	-23.133748411888	-112.206975611917	857.897085262617	12.600071421621	-545.663137412408	-109.694245844312	
0.005172413793	-0.043741011163	-0.279588547698	2.308045223089	-17.218630492763	-110.059913220917	908.561023168370	29.693032536419	-550.570435503219	-109.243999510253	
0.006034482759	-0.060205695313	-0.264382642134	2.448667452921	-23.699946425283	-104.074114944825	963.916904300371	22.585561556985	-592.139098128518	-107.502416715574	
0.006896551724	-0.053376404052	-0.283258477396	2.488003129406	-21.011598816615	-111.504579489817	979.401376665672	24.743128745037	-605.216833112185	-114.456968765089	
0.007758620690	-0.042495980122	-0.281568608572	2.533255955824	-16.728524551386	-110.839363343877	997.215132592024	28.091861776132	-611.535451185201	-114.612100635561	
0.008620689655	-0.062205791293	-0.287282713765	2.560760706827	-24.487283359555	-113.088718429782	1008.042366158997	24.363357139355	-621.500195377638	-117.073366730866	
0.009482758621	-0.080507733946	-0.291572677187	2.647350509810	-31.691835322417	-114.777460711165	1042.128405378432	25.627276507980	-643.963776239742	-119.175806824801	
0.010344827586	-0.082215629739	-0.295209828693	2.700468100752	-32.364147777149	-116.209223858873	1063.038122524268	28.111045196200	-658.407797253194	-120.454655087618	
0.011206896552	-0.082220278190	-0.294294883738	2.728383401273	-32.365977637820	-115.849056165559	1074.026968734449	26.849099689318	-667.229027606797	-120.789896026674	
0.012068965517	-0.081816457010	-0.292206463983	2.770769232591	-32.207013601717	-115.026950614696	1090.712133256162	26.629523912094	-678.155543505627	-120.987203580745	
0.012931034483	-0.086681515988	-0.300798645507	2.816124694565	-34.122142004945	-118.409259227457	1108.566291625788	27.746040815510	-690.050897437999	-123.027360174173	
0.013793103448	-0.095914450355	-0.295050186724	2.856983661297	-37.756682702644	-116.146380865522	1124.650406550411	28.397307738515	-701.833103741505	-121.333877862202	
0.014655172414	-0.102549063056	-0.288493548336	2.897364178491	-40.368395178323	-113.565362944887	1140.546180017641	28.431109964643	-714.113158013326	-119.853499868849	
0.015517241379	-0.107494771337	-0.292286312171	2.936595947904	-42.315271145744	-115.058382819985	1155.989749407576	28.557521705202	-725.634648850281	-120.743857126880	
0.016379310345	-0.113580922787	-0.297036131151	2.968973035751	-44.711082082696	-116.928147047095	1168.734976306800	28.913454419540	-735.331287164110	-121.774162797961	
0.017241379310	-0.116476276065	-0.294055891381	2.997119018653	-45.850836672510	-115.754976925502	1179.814630538651	29.196509257507	-744.408050888058	-120.509814954822	
0.018103448276	-0.119639871587	-0.288260984793	3.023368907701	-47.096184708006	-113.473814404814	1190.147888229211	29.451864065605	-752.734163005663	-118.403413151029	
0.018965517241	-0.123555259151	-0.285217117910	3.052030064805	-48.637475361838	-112.275597497406	1201.430340567152	29.570530622827	-762.003879359892	-117.310670824428	
0.019827586207	-0.127863499631	-0.283391806085	3.075551111374	-50.333412399625	-111.557064271857	1210.689390573192	29.759550782392	-768.470494071246	-115.986286907110	
0.020689655172	-0.131601631497	-0.283231837691	3.095640772114	-51.804926423314	-111.494092781390	1218.597677002943	29.794880902003	-773.636323423193	-115.439026411851	
0.021551724138	-0.133096908509	-0.281595796022	3.110852611236	-52.393541584822	-110.850065672212	1224.585811021859	30.299745933126	-775.970278056940	-113.647742334326	
0.022413793103	-0.131715979887	-0.278580565253	3.116981808708	-51.849939618554	-109.663121358711	1226.998567006928	30.964054867746	-772.566261963332	-111.032260415933	
0.023275862069	-0.128522515069	-0.279761825594	3.106892670287	-50.592833547223	-110.128123990984	1223.026981946645	31.007652642159	-758.313999081136	-111.573011576055	
0.024137931034	-0.124162542521	-0.282893904007	3.086727671073	-48.876532203055	-111.361065329695	1215.089038558413	30.844682334108	-737.179657550349	-113.765713113390	
0.025000000000	-0.119869329146	-0.289230936067	3.059667620205	-47.186510578608	-113.855635312724	1204.436861010979	30.436013631438	-711.686473290685	-117.872930398758	
0.025862068966	-0.115495350287	-0.291550712012	3.040520537471	-45.464695656080	-114.768814129566	1196.899620013848	30.470593727700	-692.282319968937	-118.998507064257	
0.026724137931	-0.112162346334	-0.292865181098	3.024967787697	-44.152660063452	-115.286254327748	1190.777286661388	30.334341498804	-675.891370594627	-119.598009986014	
0.027586206897	-0.109968489848	-0.293599328838	3.013371654667	-43.289049388304	-115.575251274034	1186.212473812290	30.198507454123	-662.535494446731	-119.652407806982	
0.028448275862	-0.108983409801	-0.293630989265	3.005809129873	-42.901273045477	-115.587714387692	1183.235489134569	30.071984493925	-652.188628056465	-119.231123313973	
0.029310344828	-0.108681831240	-0.294018581606	3.000069450139	-42.782556773067	-115.740289948384	1180.976066641910	29.894268586530	-643.565561613154	-119.107905740409	
0.030172413793	-0.108055872107	-0.294097413549	2.995912471599	-42.536148225756	-115.771322109485	1179.339673802755	29.904612451244	-636.362493016611	-118.724172201284	
0.031034482759	-0.107457530871	-0.294026506778	2.994262275838	-42.300611451934	-115.743409689120	1178.690074941282	29.976854509407	-630.871233071747	-118.308731056380	
0.031896551724	-0.106913353595	-0.293519654705	2.993525009173	-42.086396297980	-115.543887585483	1178.399850231138	30.005974811216	-626.127416830044	-117.794288858512	
0.032758620690	-0.106277973069	-0.292995288328	2.993107344457	-41.836279023596	-115.337470983598	1178.235436692863	30.024783252167	-622.107905306765	-117.341399789956	
0.033620689655	-0.106010855360	-0.293128684499	2.993783285063	-41.731128250408	-115.389982329619	1178.501520425591	30.057436165519	-619.137409857457	-117.129524038589	
0.034482758621	-0.106220966239	-0.292881140161	2.994405094808	-41.813838309161	-115.292536606017	1178.746295568321	30.039441518059	-616.138224417901	-116.857840800404	
0.035344827586	-0.106755590542	-0.292543937882	2.995253766907	-42.024292939157	-115.159797071872	1179.080374980117	29.834354875981	-613.405539905208	-116.723978033335	
0.036206896552	-0.106803885381	-0.292632836199	2.998824911036	-42.043304181970	-115.194791856765	1180.486154351577	29.504729429120	-612.741614280360	-116.572138655159	
0.037068965517	-0.106504779859	-0.292782373746	3.000782818309	-41.925561420304	-115.253657248784	1181.256883719444	29.157550578922	-610.961674149242	-116.220098007792	
0.037931034483	-0.106479707627	-0.293173451251	3.003456516502	-41.915691746701	-115.407604742675	1182.309383879011	28.918997515225	-609.986917986818	-116.259501371910	
0.038793103448	-0.106884778232	-0.293015235204	3.006287837060	-42.075147618524	-115.345323062738	1183.423932015991	28.931124305154	-609.708478403754	-116.097842349643	
0.039655172414	-0.107312837869	-0.292407094851	3.007113636287	-42.243653113155	-115.105928870690	1183.749007531139	29.068756815498	-608.636741687624	-115.923348530719	
0.040517241379	-0.107714471166	-0.291975590914	3.008407951819	-42.401755890061	-114.936067528974	1184.258514291420	29.137375510392	-607.971225276717	-115.817663041510	
0.041379310345	-0.107697276330	-0.292154706368	3.010725996479	-42.394987150147	-115.006576251383	1185.171011588737	29.150717891345	-607.813588908087	-115.872807032035	
0.042241379310	-0.107744477197	-0.292321550915	3.013724697890	-42.413567751285	-115.072254536536	1186.351449127424	29.211540180194	-607.860083000553	-115.812626555510	
0.043103448276	-0.107938670976	-0.292650661368	3.017476536776	-42.490012050110	-115.201808726926	1187.828358913541	29.180150954160	-608.271595404607	-115.895140863749	
0.043965517241	-0.108139084683	-0.292815188488	3.020597352392	-42.568904821048	-115.266574757998	1189.056866657271	29.153123534393	-608.320992610914	-115.941349902289	
0.044827586207	-0.108608357736	-0.292823916967	3.024608774353	-42.753633959066	-115.270010720121	1190.635961210815	29.120030344601	-608.968479350514	-115.931281333890	
0.045689655172	-0.108808329954	-0.292818225141	3.028270135483	-42.832352938000	-115.267770135245	1192.077254466848	29.140405775783	-609.496001321066	-115.950997918511	
0.046551724138	-0.109098617396	-0.292667555680	3.032213310149	-42.946624466263	-115.208459165516	1193.629483501683	29.194712198541	-610.516738220136	-115.865357218751	
0.047413793103	-0.109617930141	-0.292986455964	3.034326920836	-43.151051708125	-115.333994127144	1194.461505452150	29.204001647132	-610.501884477137	-116.068911643288	
0.048275862069	-0.109986974128	-0.292783257746	3.037202908220	-43.296325717048	-115.254005234850	1195.593636666202	29.238061679217	-611.143291869955	-115.924486058388	
0.049137931034	-0.110289897331	-0.292659043201	3.039952731441	-43.415571307557	-115.205108232003	1196.676103410761	29.244227329522	-611.771137539796	-115.845242905438	
0.050000000000	-0.110378852978	-0.292560022998	3.042426684354	-43.450588660480	-115.166128971159	1197.649973925674	29.235567719254	-612.361777484559	-115.797372445396	
0.050862068966	-0.110672040070	-0.292573608215	3.044969242575	-43.566001634658	-115.171476786143	1198.650850891122	29.156637245011	-612.955555164043	-115.835227447785	
0.051724137931	-0.111114082081	-0.292670831379	3.047744104445	-43.740011284731	-115.209748643402	1199.743174089158	29.093998456712	-613.643466333337	-115.860723122225	
0.052586206897	-0.111239849874	-0.292642672419	3.050061671892	-43.789519723295	-115.198663880539	1200.655483531991	29.069716178541	-614.085988074244	-115.804622340901	
0.053448275862	-0.111570974566	-0.292555428232	3.052621851734	-43.919866817849	-115.164320243204	1201.663297240704	29.020622040850	-614.717401351214	-115.810822212942	
0.054310344828	-0.111760150410	-0.292537840122	3.055182832934	-43.994335808730	-115.157396691251	1202.671426404230	28.968213597799	-615.293503769906	-115.816787413555	
0.055172413793	-0.111955506997	-0.292711856837	3.057491975129	-44.071237846194	-115.225898297467	1203.580419249617	28.884923790998	-615.784928851169	-115.960764608414	
0.056034482759	-0.111949058912	-0.292892855794	3.059533382944	-44.068699560294	-115.297148459986	1204.384018570222	28.811699180642	-616.146845263636	-116.051166330099	
0.056896551724	-0.111968003872	-0.292615199230	3.061159120992	-44.076157235566	-115.187849071209	1205.023989663449	28.836836357992	-616.326528102518	-115.783458846001	
0.057758620690	-0.112158947981	-0.293569621567	3.063843016519	-44.151322303171	-115.563557019437	1206.080503999360	28.708058035148	-617.351271426314	-116.406323534288	
0.058620689655	-0.112203534995	-0.293214885372	3.065417343227	-44.168873962458	-115.423915266699	1206.700237039987	28.787784250721	-617.514296541421	-116.079606546435	
0.059482758621	-0.112338546129	-0.293394566425	3.067513753261	-44.222021038132	-115.494646637302	1207.525487961080	28.788635102127	-618.078370192775	-116.197194432987	
0.060344827586	-0.112870756962	-0.293385798396	3.069089543533	-44.431525606617	-115.491195106094	1208.145797133222	28.802921125848	-618.397567569159	-116.206441964510	
0.061206896552	-0.113342191575	-0.293501104243	3.070650688990	-44.617105642329	-115.536585204092	1208.760341380021	28.785089944964	-618.802321602859	-116.313461554235	
0.062068965517	-0.113750004500	-0.293575066926	3.072090083009	-44.777641027346	-115.565700582774	1209.326958225183	28.736035848255	-619.163491554994	-116.370947332174	
0.062931034483	-0.113721042435	-0.293769343014	3.073741770571	-44.766240122550	-115.642177282383	1209.977144333644	28.716334571384	-619.552811483481	-116.429839463537	
0.063793103448	-0.113650639110	-0.293748622275	3.075355403648	-44.738525883421	-115.634020572364	1210.612350309988	28.679811047837	-619.963763171830	-116.422508117768	
0.064655172414	-0.113683774176	-0.293768614310	3.076962027891	-44.751569488350	-115.641890428428	1211.244797261692	28.638110810245	-620.401367211800	-116.462764349307	
0.065517241379	-0.114001570885	-0.293802432166	3.078649160103	-44.876670027894	-115.655202812998	1211.908936141275	28.591755451882	-620.940750475863	-116.546742062461	
0.066379310345	-0.114298905565	-0.293670006172	3.080173770748	-44.993715698645	-115.603073376769	1212.509098475426	28.577498544184	-621.406833012595	-116.525862288404	
0.067241379310	-0.114580172370	-0.293739649074	3.081539903707	-45.104436257277	-115.630488275399	1213.046876135131	28.547959303676	-621.756007176652	-116.623963984938	
0.068103448276	-0.114935935822	-0.293766367755	3.082986705180	-45.244482388981	-115.641006072884	1213.616408921306	28.538551785957	-622.232357649212	-116.651923367152	
0.068965517241	-0.115181478722	-0.293818463525	3.084118122614	-45.341140247490	-115.661513550679	1214.061790914570	28.534736022346	-622.543225165145	-116.686842643630	
0.069827586207	-0.115482582554	-0.293901456559	3.085224317738	-45.459669643457	-115.694183723578	1214.497244155753	28.537620472470	-622.876855534621	-116.740937208108	
0.070689655172	-0.115673949935	-0.293971151410	3.086368193381	-45.535001331641	-115.721619072105	1214.947530317349	28.528788045221	-623.214618947255	-116.771463181794	
0.071551724138	-0.115798910215	-0.294067204494	3.087388216018	-45.584191893064	-115.759430327622	1215.349061795961	28.531940556548	-623.468673887850	-116.808028476487	
0.072413793103	-0.116000248148	-0.294172287430	3.088367315594	-45.663448484757	-115.800796180864	1215.734483928833	28.533352434805	-623.740301946391	-116.863478491211	
0.073275862069	-0.116060101963	-0.294256779901	3.089210849623	-45.687009913731	-115.834056606337	1216.066540741538	28.528756621990	-623.962540419217	-116.902865122789	
0.074137931034	-0.115991404334	-0.294432511755	3.090207628319	-45.659967121101	-115.903233376099	1216.458922252388	28.520792376047	-624.232093898406	-116.963320966170	
0.075000000000	-0.115904517780	-0.294533481960	3.091166817228	-45.625764266120	-115.942980254385	1216.836506559730	28.545115037698	-624.467995081298	-117.005533872731	
0.075862068966	-0.115921334483	-0.294597248774	3.091913562659	-45.632384153941	-115.968082033744	1217.130462582021	28.547964648390	-624.652577381140	-117.025143185301	
0.076724137931	-0.116018609270	-0.294636106389	3.092747575931	-45.670676332740	-115.983378317287	1217.458771552829	28.562898720457	-624.894910737680	-117.045357663507	
0.077586206897	-0.116146803393	-0.294686356412	3.093590170123	-45.721139894829	-116.003159217622	1217.790458398816	28.571066960020	-625.145283523294	-117.068324119790	
0.078448275862	-0.116299248493	-0.294654087355	3.094390925601	-45.781149843804	-115.990456516876	1218.105675453154	28.581735148034	-625.382614813788	-117.064144241081	
0.079310344828	-0.116520014524	-0.294624794221	3.095097753885	-45.868054298314	-115.978925287305	1218.383918107640	28.597939739002	-625.593424502239	-117.073878777000	
0.080172413793	-0.116773610916	-0.294557913333	3.095694310683	-45.967882410587	-115.952597654225	1218.618752437881	28.617332859275	-625.758458450902	-117.062627418733	
0.081034482759	-0.117018948950	-0.294567684196	3.096230975833	-46.064459623396	-115.956443950179	1218.830010446653	28.611610154502	-625.858987510578	-117.074083692516	
0.081896551724	-0.117237435148	-0.294642965696	3.096882462164	-46.150466622689	-115.986078480672	1219.086467764682	28.603756072977	-626.048579228869	-117.126888938080	
0.082758620690	-0.117356879626	-0.294560997382	3.097407549454	-46.197485890946	-115.953811688786	1219.293168153420	28.600880322880	-626.161006375924	-117.078333866365	
0.083620689655	-0.117255571850	-0.294573029578	3.097934911248	-46.157606127550	-115.958548157491	1219.500763900079	28.596124687980	-626.286813135242	-117.103410992059	
0.084482758621	-0.117010372850	-0.294597943957	3.098441386612	-46.061083645184	-115.968355692056	1219.700137712455	28.585314002724	-626.413062878908	-117.115767061036	
0.085344827586	-0.116956584946	-0.294590666087	3.099151716161	-46.039910059638	-115.965490761715	1219.979758638230	28.569815016829	-626.667666552697	-117.109587299284	
0.086206896552	-0.117137369282	-0.294577284578	3.099490539269	-46.111075736949	-115.960223136324	1220.113136210636	28.563459511296	-626.671390745464	-117.119125076192	
0.087068965517	-0.117408500843	-0.294544257815	3.100129269601	-46.217806560944	-115.947222165031	1220.364572135163	28.550395101750	-626.858030711736	-117.123216432221	
0.087931034483	-0.117619357899	-0.294535029669	3.100925056023	-46.300810351574	-115.943589509583	1220.677833122574	28.525082489315	-627.076617883264	-117.117853228476	
0.088793103448	-0.117632018124	-0.294557309817	3.101620516814	-46.305794043710	-115.952360080413	1220.951600968032	28.508927721611	-627.263948084029	-117.130549281857	
0.089655172414	-0.117633450033	-0.294560248952	3.102196861845	-46.306357714049	-115.953517069464	1221.178478944944	28.500609388630	-627.420035962608	-117.142680080666	
0.090517241379	-0.117698518020	-0.294558678489	3.102885769599	-46.331971699606	-115.952898857584	1221.449667190386	28.484379573601	-627.609107601978	-117.153752321426	
0.091379310345	-0.117736243949	-0.294602661058	3.103541804605	-46.346822495632	-115.970212577026	1221.707915091888	28.460967150458	-627.784530648889	-117.172226652816	
0.092241379310	-0.117821279557	-0.294649923113	3.104111805567	-46.380296726662	-115.988817264916	1221.932295729105	28.445806085893	-627.946762928285	-117.195830672433	
0.093103448276	-0.117888383952	-0.294702671363	3.104632252805	-46.406712343296	-116.009581590987	1222.137169563421	28.437521503934	-628.088928301448	-117.216797544614	
0.093965517241	-0.117947903505	-0.294742266174	3.105112302660	-46.430142190167	-116.025168071816	1222.326140985524	28.427534911484	-628.222383682998	-117.235585992102	
0.094827586207	-0.118018433293	-0.294785716536	3.105567193402	-46.457906211295	-116.042272288126	1222.505208533059	28.406339105785	-628.354051169438	-117.257277123229	
0.095689655172	-0.118058798433	-0.294800084848	3.105955364064	-46.473795931385	-116.047928368136	1222.658011749506	28.390672042392	-628.467758506896	-117.271556651563	
0.096551724138	-0.118077023837	-0.294811654096	3.106312325554	-46.480970353963	-116.052482597658	1222.798529488435	28.380595124002	-628.575972546096	-117.284940180734	
0.097413793103	-0.118119334562	-0.294804609063	3.106660062811	-46.497625952774	-116.049709323620	1222.935416112193	28.365837533714	-628.682124783928	-117.293904900491	
0.098275862069	-0.118222296990	-0.294812976650	3.107013340215	-46.538157069183	-116.053003220578	1223.074483612419	28.351361276796	-628.788327194662	-117.304342336703	
0.099137931034	-0.118368104846	-0.294832267637	3.107303182878	-46.595554269802	-116.060597109538	1223.188580054101	28.334167356969	-628.874997870349	-117.320794933090	
0.100000000000	-0.118461881015	-0.294812548908	3.107599594745	-46.632469218790	-116.052834840100	1223.305262459819	28.330651077614	-628.966250976100	-117.322063465685	
0.100862068966	-0.118508146448	-0.294804477742	3.107941057841	-46.650681586967	-116.049657629101	1223.439679262778	28.318617550921	-629.067609700170	-117.329225444740	
0.101724137931	-0.118557084618	-0.294838075187	3.108300158111	-46.669946076954	-116.062883248879	1223.581038931454	28.303883684563	-629.165285190470	-117.345003873947	
0.102586206897	-0.118604667055	-0.294867281312	3.108608449073	-46.688676883026	-116.074380227960	1223.702397538189	28.293477088390	-629.250246447384	-117.359045623672	
0.103448275862	-0.118631087885	-0.294902824745	3.108891531220	-46.699077431344	-116.088371885061	1223.813832704960	28.292251808861	-629.334459070529	-117.377405750226	
0.104310344828	-0.118651107099	-0.294943465229	3.109249635198	-46.706957986553	-116.104369994429	1223.954800184195	28.278639642571	-629.441157220006	-117.395833218894	
0.105172413793	-0.118681324763	-0.294988921885	3.109607630007	-46.718853157167	-116.122263987922	1224.095724689099	28.264734421229	-629.544003611340	-117.411490980432	
0.106034482759	-0.118720283005	-0.295035719255	3.109949403285	-46.734189052545	-116.140685752747	1224.230263594661	28.252245227198	-629.641920764580	-117.430341987745	
0.106896551724	-0.118758357677	-0.295077957167	3.110273387656	-46.749177131049	-116.157312688562	1224.357799905205	28.248778911861	-629.738554211852	-117.448631371429	
0.107758620690	-0.118797106785	-0.295111879737	3.110654742431	-46.764430701082	-116.170666294202	1224.507920050409	28.229898236303	-629.853051440779	-117.462835259626	
0.108620689655	-0.118868896074	-0.295123416416	3.111006719625	-46.792690524376	-116.175207702896	1224.646475723588	28.213045905838	-629.956580601912	-117.472384651995	
0.109482758621	-0.118943013165	-0.295124538085	3.111325960811	-46.821866685507	-116.175649247374	1224.772144881103	28.198434608842	-630.051823488868	-117.483046503594	
0.110344827586	-0.118982999029	-0.295112478652	3.111628415903	-46.837607104234	-116.170902056807	1224.891206199882	28.191990282331	-630.147020131399	-117.486918478792	
0.111206896552	-0.118989162469	-0.295120664980	3.112002152665	-46.840033339733	-116.174124601305	1225.038327517822	28.172065124358	-630.256789174615	-117.496198049558	
0.112068965517	-0.118995100948	-0.295111818947	3.112356397471	-46.842371019497	-116.170642364205	1225.177775835329	28.160051406330	-630.357154409070	-117.499836960208	
0.112931034483	-0.119012196444	-0.295098436647	3.112686151141	-46.849100654113	-116.165374427530	1225.307583227810	28.150112776009	-630.450136737856	-117.503638649863	
0.113793103448	-0.119042844563	-0.295071189492	3.112991692177	-46.861165273246	-116.154648596191	1225.427859326769	28.146407299883	-630.536331838939	-117.502775401638	
0.114655172414	-0.119078959168	-0.295072389795	3.113343985975	-46.875381772258	-116.155121094952	1225.566539631126	28.129450705897	-630.632900763957	-117.507661466768	
0.115517241379	-0.119141250313	-0.295065132412	3.113656294519	-46.899902654704	-116.152264229328	1225.689479757087	28.120093085732	-630.718494969763	-117.510599243555	
0.116379310345	-0.119205305383	-0.295061505920	3.113950788112	-46.925117906190	-116.150836662386	1225.805407034946	28.115798983630	-630.805680983273	-117.515210847694	
0.117241379310	-0.119254721766	-0.295050536589	3.114219776609	-46.944570644418	-116.146518589807	1225.911294242691	28.110927149467	-630.884457499286	-117.516126300564	
0.118103448276	-0.119282653593	-0.295068307852	3.114507556333	-46.955565996226	-116.153514239822	1226.024578608914	28.097473418033	-630.958798844361	-117.521774123933	
0.118965517241	-0.119313118631	-0.295072630891	3.114754399000	-46.967558545200	-116.155216002438	1226.121748120266	28.091024482366	-631.026279049259	-117.525666443120	
0.119827586207	-0.119350542953	-0.295081782366	3.114966326575	-46.982290613724	-116.158818476591	1226.205173320042	28.088866238983	-631.084725985760	-117.534358226609	
0.120689655172	-0.119393603625	-0.295083927082	3.115149872069	-46.999241428961	-116.159662743416	1226.277425926102	28.084931490207	-631.136711734810	-117.539725211659	
0.121551724138	-0.119423173226	-0.295119136626	3.115337948389	-47.010881490135	-116.173522965255	1226.351462089742	28.075276310666	-631.190274526295	-117.549680371932	
0.122413793103	-0.119448965442	-0.295137440187	3.115470482470	-47.021034585088	-116.180728154216	1226.403634074531	28.072811464513	-631.230618909054	-117.554886678525	
0.123275862069	-0.119470993855	-0.295148876630	3.115580906303	-47.029706060469	-116.185230105257	1226.447102369217	28.073719236451	-631.270177812497	-117.562940575324	
0.124137931034	-0.119498165418	-0.295142736243	3.115677642770	-47.040402134722	-116.182812944513	1226.485182638722	28.067666716405	-631.299442106380	-117.564063594167	
0.125000000000	-0.119528367590	-0.295174392923	3.115812990015	-47.052291206790	-116.195274583391	1226.538462024161	28.057343347842	-631.347574035356	-117.576680808542	
0.125862068966	-0.119551603369	-0.295185921115	3.115923662650	-47.061437961168	-116.199812651074	1226.582028259930	28.050775114619	-631.381251193393	-117.581924925962	
0.126724137931	-0.119558521637	-0.295198917106	3.116049679572	-47.064161334555	-116.204928517618	1226.631634768113	28.051308708293	-631.420932962032	-117.588126700813	
0.127586206897	-0.119570718308	-0.295214495997	3.116213573732	-47.068962548897	-116.211061141353	1226.696151634413	28.041934246629	-631.469009441255	-117.593281770238	
0.128448275862	-0.119602792490	-0.295249584047	3.116382641591	-47.081588537057	-116.224873537156	1226.762705125337	28.031325470663	-631.517011146485	-117.603065896959	
0.129310344828	-0.119653550740	-0.295257120544	3.116528252127	-47.101569500706	-116.227840276275	1226.820024651242	28.023116731479	-631.559696637608	-117.608049156751	
0.130172413793	-0.119678366015	-0.295247539799	3.116678841571	-47.111338023332	-116.224068820044	1226.879304122020	28.023369370547	-631.605491755766	-117.610398737708	
0.131034482759	-0.119699842412	-0.295239377810	3.116900635925	-47.119792197691	-116.220855856571	1226.966613375278	28.010107429548	-631.672343693234	-117.612875002941	
0.131896551724	-0.119709563916	-0.295248129018	3.117120364177	-47.123619063488	-116.224300765905	1227.053109308625	27.998646472824	-631.732734471096	-117.615111646722	
0.132758620690	-0.119754489933	-0.295241168058	3.117291470601	-47.141304171186	-116.221560586775	1227.120465279677	27.992101618466	-631.780974466439	-117.615330790816	
0.133620689655	-0.119793924268	-0.295242913393	3.117440779224	-47.156827480275	-116.222247637319	1227.179240555954	27.993127818580	-631.826718607674	-117.619063013648	
0.134482758621	-0.119795117358	-0.295251023921	3.117636421248	-47.157297139754	-116.225440343244	1227.256254955824	27.979412667294	-631.883455812547	-117.622441624754	
0.135344827586	-0.119815827805	-0.295219603285	3.117819983818	-47.165449798622	-116.213071623037	1227.328514283719	27.973341086778	-631.936133788604	-117.617707583383	
0.136206896552	-0.119825152972	-0.295203555753	3.117974951675	-47.169120646430	-116.206754518800	1227.389517314861	27.968609765302	-631.974792544135	-117.617987689494	
0.137068965517	-0.119814970661	-0.295188903046	3.118085204980	-47.165112384039	-116.200986486902	1227.432918481356	27.973532786542	-632.007269163047	-117.615996649592	
0.137931034483	-0.119822008924	-0.295191168759	3.118220918067	-47.167882993545	-116.201878383816	1227.486341880712	27.962855217574	-632.049036507139	-117.617789163515	
0.138793103448	-0.119839065567	-0.295181254244	3.118316415298	-47.174597333664	-116.197975539368	1227.523934325080	27.958212802359	-632.068118072700	-117.612725937121	
0.139655172414	-0.119848042635	-0.295171272875	3.118408723471	-47.178131152849	-116.194046377466	1227.560271398339	27.958575681787	-632.091211752707	-117.612042003701	
0.140517241379	-0.119868191547	-0.295144166672	3.118464498407	-47.186062763510	-116.183376032303	1227.582227178095	27.967186350901	-632.110399134806	-117.608152539771	
0.141379310345	-0.119872485606	-0.295144229552	3.118543171353	-47.187753117760	-116.183400785020	1227.613196750072	27.958662305094	-632.126062987700	-117.606948094595	
0.142241379310	-0.119870824036	-0.295147769446	3.118596117446	-47.187099041650	-116.184794262689	1227.634038957067	27.957993230191	-632.141391249963	-117.606838448733	
0.143103448276	-0.119896186993	-0.295155156783	3.118609993283	-47.197083158948	-116.187702285016	1227.639501174402	27.962381258624	-632.149991492521	-117.610904124938	
0.143965517241	-0.119915588850	-0.295149756840	3.118633746194	-47.204720691385	-116.185576599573	1227.648851497826	27.965560041291	-632.155719523461	-117.607870365950	
0.144827586207	-0.119914799047	-0.295184844803	3.118738293883	-47.204409785852	-116.199388961306	1227.690006651298	27.956986139377	-632.187032809643	-117.617632906879	
0.145689655172	-0.119935083529	-0.295208154255	3.118807706504	-47.212394763596	-116.208564717108	1227.717330899859	27.955608588983	-632.209089870926	-117.625692137101	
0.146551724138	-0.119949442866	-0.295225280211	3.118866185397	-47.218047310691	-116.215306342501	1227.740351091545	27.954991141463	-632.222366480388	-117.628986654371	
0.147413793103	-0.119950265255	-0.295235856189	3.118957956769	-47.218371043820	-116.219469571731	1227.776476853030	27.953822837045	-632.254091631309	-117.633975825116	
0.148275862069	-0.119947121764	-0.295285209635	3.119088762560	-47.217133609764	-116.238897534950	1227.827968497108	27.942726784610	-632.292836812254	-117.649305722764	
0.149137931034	-0.119947007436	-0.295310954131	3.119202839800	-47.217088604683	-116.249031844892	1227.872874954238	27.936826433108	-632.319383756152	-117.656299485734	
0.150000000000	-0.119958641190	-0.295329525330	3.119319552843	-47.221668226805	-116.256342389401	1227.918818994050	27.937344377046	-632.356368024307	-117.664452724077	
0.150862068966	-0.119984703246	-0.295337676044	3.119436909462	-47.231927544118	-116.259550914663	1227.965016377375	27.932504433105	-632.394477120375	-117.672216884633	
0.151724137931	-0.119989796439	-0.295377281439	3.119580203069	-47.233932477487	-116.275141561655	1228.021423844949	27.920824886339	-632.431546102381	-117.683140119950	
0.152586206897	-0.119995161838	-0.295397483639	3.119707568545	-47.236044564508	-116.283094149069	1228.071561210732	27.916053165881	-632.470278513973	-117.689816214873	
0.153448275862	-0.120011042937	-0.295399467235	3.119817038346	-47.242296152329	-116.283874990829	1228.114653951684	27.917971438919	-632.505252565544	-117.693860203108	
0.154310344828	-0.120019956906	-0.295407202099	3.119954065524	-47.245805132353	-116.286919816449	1228.168594641801	27.910577201825	-632.538216343023	-117.693859003539	
0.155172413793	-0.120069591361	-0.295568187501	3.120100066439	-47.265343714780	-116.350291651973	1228.226067840132	27.905149152854	-632.580133306613	-117.706921441219	
0.156034482759	-0.120112675409	-0.295867821581	3.120154930274	-47.282303732094	-116.468242480482	1228.247664965785	27.901315792813	-632.604675113170	-117.716250544207	
0.156896551724	-0.119999154028	-0.295352753104	3.120299391165	-47.237616088341	-116.265485992716	1228.304531934095	27.909642742890	-632.616303388307	-117.688417699038	
0.157758620690	-0.119935400473	-0.295293819827	3.120307230012	-47.212519528417	-116.242286933495	1228.307617692906	27.897328583943	-632.648075259829	-117.673076770983	
0.158620689655	-0.119912143628	-0.295319850222	3.120467222629	-47.203364481437	-116.252533787429	1228.370598718691	27.890525880780	-632.693881449585	-117.672370231483	
0.159482758621	-0.119898997041	-0.295356633308	3.120542295569	-47.198189332824	-116.267013433625	1228.400151149891	27.888360607390	-632.702729979489	-117.675946502937	
0.160344827586	-0.119884746612	-0.295329877277	3.120567732667	-47.192579657808	-116.256480933340	1228.410164452740	27.900407032667	-632.714202468508	-117.674463314671	
0.161206896552	-0.119917366199	-0.295319718877	3.120671421029	-47.205420344212	-116.252482083390	1228.450981332316	27.891438604014	-632.747408284970	-117.670570898509	
0.162068965517	-0.119931865635	-0.295331077672	3.120740231435	-47.211128041054	-116.256953468158	1228.478068519417	27.888045880330	-632.759954153171	-117.668841499036	
0.162931034483	-0.119934903279	-0.295320645080	3.120819393653	-47.212323808286	-116.252846682918	1228.509230692825	27.888190272463	-632.785997075825	-117.669448899845	
0.163793103448	-0.119948054210	-0.295306490121	3.120874654609	-47.217500666862	-116.247274589307	1228.530984144861	27.893702033511	-632.800417651450	-117.664176109039	
0.164655172414	-0.119952576687	-0.295321001588	3.120967298959	-47.219280938001	-116.252987021945	1228.567453554108	27.885295385841	-632.824253905600	-117.663880443571	
0.165517241379	-0.119968633210	-0.295303721947	3.121051266292	-47.225601581220	-116.246184898605	1228.600507258974	27.881866222358	-632.851276212505	-117.662072301613	
0.166379310345	-0.119988380892	-0.295301224052	3.121124676790	-47.233375248109	-116.245201603326	1228.629405270276	27.879871908026	-632.870608761249	-117.662735851686	
0.167241379310	-0.119991168734	-0.295295964498	3.121207060279	-47.234472680852	-116.243131182141	1228.661835495815	27.883527565948	-632.893250023521	-117.659858188776	
0.168103448276	-0.119994731730	-0.295324108317	3.121337316209	-47.235875252805	-116.254209984590	1228.713110687506	27.873871598366	-632.933627742022	-117.668866352389	
0.168965517241	-0.120012705243	-0.295336355170	3.121420635123	-47.242950518306	-116.259030953155	1228.745909142659	27.869060357891	-632.955501088560	-117.670345260967	
0.169827586207	-0.120030606110	-0.295352953036	3.121501414510	-47.249997187089	-116.265564695762	1228.777707914219	27.866972993999	-632.976684850534	-117.674866259037	
0.170689655172	-0.120052820352	-0.295357976455	3.121577124934	-47.258741813944	-116.267542162723	1228.807511290547	27.870815388145	-633.006764554181	-117.678719004279	
0.171551724138	-0.120070305241	-0.295385589395	3.121676485816	-47.265624733130	-116.278411985012	1228.846624659610	27.860753075654	-633.033432862037	-117.685062100738	
0.172413793103	-0.120077746976	-0.295400971782	3.121747125906	-47.268554168926	-116.284467254809	1228.874432100709	27.857044908586	-633.050309358850	-117.687684843151	
0.173275862069	-0.120091740384	-0.295418074167	3.121783502152	-47.274062668109	-116.291199601395	1228.888751594809	27.861775671765	-633.067233869766	-117.695675491007	
0.174137931034	-0.120110849062	-0.295415123868	3.121798948428	-47.281584791134	-116.290038217796	1228.894832014841	27.863344266724	-633.073175886505	-117.694645436890	
0.175000000000	-0.120113463663	-0.295444551142	3.121848306833	-47.282614027615	-116.301622251691	1228.914261929829	27.854747361441	-633.083364821325	-117.700968597205	
0.175862068966	-0.120119718693	-0.295462251433	3.121857662292	-47.285076317739	-116.308589963589	1228.917944702436	27.855069495535	-633.090654393937	-117.708720154375	
0.176724137931	-0.120122531461	-0.295467589961	3.121829419966	-47.286183562798	-116.310691472748	1228.906827122685	27.860350363734	-633.083410074389	-117.711013858754	
0.177586206897	-0.120106193385	-0.295462093223	3.121829578480	-47.279752085778	-116.308527684313	1228.906889521699	27.858366387737	-633.083343520284	-117.709117092024	
0.178448275862	-0.120088575707	-0.295488836570	3.121848014847	-47.272816894502	-116.319055191635	1228.914146989748	27.852895248576	-633.093445619726	-117.717514623578	
0.179310344828	-0.120084984073	-0.295495507121	3.121825848028	-47.271403049333	-116.321681051009	1228.905421030759	27.850611382133	-633.086999826108	-117.719912381322	
0.180172413793	-0.120075383206	-0.295495263547	3.121808076327	-47.267623672117	-116.321585168087	1228.898425208080	27.855502615593	-633.081958810800	-117.720239328613	
0.181034482759	-0.120076131570	-0.295492442438	3.121834083478	-47.267918265127	-116.320474639794	1228.908662912139	27.852216119680	-633.095013271416	-117.723080704545	
0.181896551724	-0.120083889167	-0.295504000261	3.121859886641	-47.270972039943	-116.325024371984	1228.918820316561	27.844819772662	-633.097714841335	-117.724522148225	
0.182758620690	-0.120081774175	-0.295506766203	3.121874004866	-47.270139474245	-116.326113183936	1228.924377949852	27.840684421743	-633.098342716796	-117.725724352906	
0.183620689655	-0.120084959802	-0.295501890587	3.121861542112	-47.271393494986	-116.324193899849	1228.919471992000	27.848984500016	-633.101233085080	-117.727752203166	
0.184482758621	-0.120078619580	-0.295491105707	3.121871112228	-47.268897669088	-116.319948436276	1228.923239263826	27.842837466361	-633.100760159832	-117.724631548549	
0.185344827586	-0.120047403673	-0.295497297820	3.121901696149	-47.256609540777	-116.322385959050	1228.935278611396	27.837478608111	-633.106399956746	-117.724629042801	
0.186206896552	-0.120041394169	-0.295496498821	3.121905554268	-47.254243902181	-116.322071433288	1228.936797358443	27.837714059501	-633.111284176513	-117.728924779658	
0.187068965517	-0.120044975126	-0.295474044826	3.121875613346	-47.255653544385	-116.313232427698	1228.925011127095	27.845164396400	-633.100627032806	-117.722655171981	
0.187931034483	-0.120029065618	-0.295469038699	3.121914900130	-47.249390773287	-116.311261767897	1228.940476352989	27.837064930997	-633.110684050376	-117.721727569060	
0.188793103448	-0.120013925451	-0.295475912453	3.121944327131	-47.243430853035	-116.313967618211	1228.952060279466	27.835325771141	-633.121706183875	-117.723862628601	
0.189655172414	-0.119999218369	-0.295472842869	3.121948524934	-47.237641416149	-116.312759277741	1228.953712742896	27.834542731815	-633.116777735872	-117.722464169314	
0.190517241379	-0.119983829866	-0.295455429422	3.121959897454	-47.231583738695	-116.305904482032	1228.958189530630	27.842368178762	-633.120120002661	-117.718166797749	
0.191379310345	-0.119984560213	-0.295456430969	3.122016397441	-47.231871239440	-116.306298740524	1228.980430726491	27.836524994094	-633.139082734388	-117.721148159802	
0.192241379310	-0.119989261101	-0.295450961805	3.122044487704	-47.233721742046	-116.304145806251	1228.991488446446	27.834112224722	-633.140771175212	-117.716912809215	
0.193103448276	-0.119985969675	-0.295450921225	3.122077682608	-47.232426073630	-116.304129832002	1229.004555606310	27.835349957753	-633.149002179020	-117.718298252407	
0.193965517241	-0.119988587728	-0.295436537747	3.122103053390	-47.233456668960	-116.298467782049	1229.014542804065	27.843908236650	-633.162281601154	-117.716640915288	
0.194827586207	-0.119983478446	-0.295444564742	3.122172643264	-47.231445402130	-116.301627605349	1229.041936828214	27.834551243150	-633.174289368060	-117.716366287525	
0.195689655172	-0.119976546223	-0.295454235712	3.122237377664	-47.228716535454	-116.305434578427	1229.067419497508	27.832562669404	-633.188096444178	-117.717369951853	
0.196551724138	-0.119994499215	-0.295466954586	3.122279289806	-47.235783723466	-116.310441357805	1229.083918194463	27.836714628111	-633.202388783576	-117.724196800718	
0.197413793103	-0.120022286568	-0.295454388294	3.122308237494	-47.246722203137	-116.305494642269	1229.095313439644	27.840296680151	-633.206037312700	-117.719724142147	
0.198275862069	-0.120031708757	-0.295476091846	3.122395187954	-47.250431243615	-116.314038236092	1229.129541451170	27.831517267797	-633.227054162901	-117.724972365897	
0.199137931034	-0.120042263545	-0.295492179924	3.122449565495	-47.254586131716	-116.320371301474	1229.150947147346	27.831099830856	-633.245406752281	-117.730473895458	
0.200000000000	-0.120049182320	-0.295505003935	3.122484782398	-47.257309704183	-116.325419467661	1229.164810265993	27.833245794849	-633.250726156301	-117.733005771857	
0.200862068966	-0.120054899319	-0.295506280857	3.122553203453	-47.259560198559	-116.325922127552	1229.191744185514	27.834077718775	-633.270285083698	-117.733885396150	
0.201724137931	-0.120079844553	-0.295536393931	3.122649857786	-47.269379879526	-116.337776126384	1229.229792122464	27.827060227111	-633.300441917709	-117.743782001030	
0.202586206897	-0.120117279006	-0.295547293314	3.122706130687	-47.284115935764	-116.342066664098	1229.251943926223	27.823565702037	-633.311440515410	-117.745889979595	
0.203448275862	-0.120141794639	-0.295562281084	3.122764213287	-47.293766504490	-116.347966593365	1229.274808117081	27.828070017862	-633.329331433009	-117.751798712772	
0.204310344828	-0.120163278152	-0.295567052186	3.122838143457	-47.302223480272	-116.349844735366	1229.303910697245	27.829043392765	-633.357367677123	-117.756768175565	
0.205172413793	-0.120170149697	-0.295590038445	3.122923982209	-47.304928461057	-116.358893266751	1229.337701085489	27.821810114868	-633.376034575086	-117.761028841583	
0.206034482759	-0.120170398756	-0.295603635051	3.122994997688	-47.305026502927	-116.364245564797	1229.365656298598	27.820243150496	-633.395331955087	-117.766073965815	
0.206896551724	-0.120184061146	-0.295612406067	3.123036670380	-47.310404696943	-116.367698271413	1229.382060736190	27.829015956727	-633.414580173905	-117.771878341736	
0.207758620690	-0.120198227154	-0.295607679594	3.123096659971	-47.315981140229	-116.365837697563	1229.405675613163	27.825549801087	-633.429089373018	-117.769966540550	
0.208620689655	-0.120200397897	-0.295624404919	3.123182699052	-47.316835652298	-116.372421614376	1229.439544860999	27.821030126031	-633.452314476586	-117.773759774518	
0.209482758621	-0.120220131533	-0.295626763111	3.123231491295	-47.324603789591	-116.373349915697	1229.458751906730	27.822481917944	-633.471610819102	-117.778694922160	
0.210344827586	-0.120243731409	-0.295610955891	3.123242374858	-47.333893870833	-116.367127410459	1229.463036216689	27.830264390324	-633.473791118194	-117.774347769295	
0.211206896552	-0.120251255133	-0.295602847649	3.123302714129	-47.336855581386	-116.363935604197	1229.486788745043	27.825232417965	-633.492684978966	-117.773124635342	
0.212068965517	-0.120255002567	-0.295611372581	3.123351619824	-47.338330757330	-116.367291440277	1229.506040451088	27.823278623409	-633.512284263942	-117.775987708741	
0.212931034483	-0.120256059675	-0.295605888320	3.123365876714	-47.338746887284	-116.365132563197	1229.511652670074	27.821687440002	-633.513564460988	-117.774218607575	
0.213793103448	-0.120251039262	-0.295589833700	3.123375176441	-47.336770603860	-116.358812668843	1229.515313503343	27.829824221617	-633.519965784836	-117.770657373431	
0.214655172414	-0.120259486509	-0.295584720753	3.123416239214	-47.340095859307	-116.356799959462	1229.531477846667	27.824546264966	-633.538481816500	-117.772443672647	
0.215517241379	-0.120270336342	-0.295579981339	3.123427443895	-47.344366891428	-116.354934290998	1229.535888564496	27.820527373110	-633.538046554043	-117.768451145678	
0.216379310345	-0.120271920684	-0.295577504908	3.123433075186	-47.344990566800	-116.353959445135	1229.538105319979	27.819491286079	-633.540904771915	-117.769316771512	
0.217241379310	-0.120276331107	-0.295562815706	3.123416802998	-47.346726728160	-116.348177047019	1229.531699780149	27.827905911919	-633.545301583638	-117.767636057122	
0.218103448276	-0.120271911341	-0.295563401030	3.123435399102	-47.344986888858	-116.348407459451	1229.539020128409	27.817900719893	-633.546352212151	-117.765909516196	
0.218965517241	-0.120261872746	-0.295568643725	3.123443110857	-47.341035200366	-116.350471244282	1229.542055857345	27.814674492881	-633.547545312066	-117.765660998128	
0.219827586207	-0.120271167837	-0.295572489014	3.123419309794	-47.344694209127	-116.351984940569	1229.532686579055	27.816723767375	-633.546837761866	-117.770387069430	
0.220689655172	-0.120282052230	-0.295550287562	3.123373957231	-47.348978845674	-116.343245348443	1229.514833561920	27.821847771487	-633.533140652756	-117.763265263445	
0.221551724138	-0.120272786632	-0.295559721789	3.123392941493	-47.345331447133	-116.346959127683	1229.522306708568	27.812692734209	-633.537836600625	-117.765640208409	
0.222413793103	-0.120270185865	-0.295567729636	3.123377453130	-47.344307656172	-116.350111413301	1229.516209721272	27.812217901923	-633.538034833940	-117.768903140605	
0.223275862069	-0.120269385765	-0.295571002734	3.123334054291	-47.343992697027	-116.351399867150	1229.499125786556	27.813281660562	-633.522313405227	-117.769266188537	
0.224137931034	-0.120255877833	-0.295559509107	3.123310942319	-47.338675305463	-116.346875405638	1229.490027768499	27.817518148193	-633.518424789622	-117.765868515802	
0.225000000000	-0.120238057075	-0.295578070207	3.123330006412	-47.331660171424	-116.354181974846	1229.497532340565	27.811267953635	-633.527918623687	-117.771469456453	
0.225862068966	-0.120224780376	-0.295580357189	3.123311494490	-47.326433804811	-116.355082244394	1229.490245130390	27.809034400552	-633.515635135848	-117.768985198928	
0.226724137931	-0.120216905346	-0.295584047094	3.123295145405	-47.323333802602	-116.356534774003	1229.483809320132	27.813008391483	-633.509091139884	-117.770643029199	
0.227586206897	-0.120227260832	-0.295567896671	3.123285021829	-47.327410235192	-116.350177166843	1229.479824178900	27.817446781769	-633.511408471572	-117.769131491327	
0.228448275862	-0.120224622781	-0.295572033116	3.123301520994	-47.326371767527	-116.351805476623	1229.486319068047	27.809867507422	-633.507771790205	-117.767244692360	
0.229310344828	-0.120206238612	-0.295569012775	3.123304883252	-47.319134847083	-116.350616520406	1229.487642619617	27.808433983509	-633.504304685863	-117.765099890449	
0.230172413793	-0.120199692759	-0.295566470090	3.123283316506	-47.316558074886	-116.349615593635	1229.479152878847	27.815931090449	-633.501415756642	-117.766828427036	
0.231034482759	-0.120200372342	-0.295544703996	3.123273102727	-47.316825592571	-116.341047379926	1229.475132229435	27.815093905218	-633.492687987150	-117.759802779340	
0.231896551724	-0.120191486423	-0.295552292513	3.123307358455	-47.313327654186	-116.344034596595	1229.488616982249	27.808424787090	-633.497344554064	-117.760454784662	
0.232758620690	-0.120196051534	-0.295549652642	3.123312515189	-47.315124708268	-116.342995412376	1229.490646928225	27.808120594421	-633.500394411199	-117.762096869097	
0.233620689655	-0.120198344756	-0.295538545477	3.123294773678	-47.316027434001	-116.338623081683	1229.483662990051	27.813515548141	-633.490047090402	-117.757735104360	
0.234482758621	-0.120189162777	-0.295529456063	3.123329331219	-47.312412951763	-116.335045037718	1229.497266551376	27.809621541809	-633.497624873080	-117.755565785455	
0.235344827586	-0.120188796928	-0.295542821824	3.123370739978	-47.312268935521	-116.340306463655	1229.513567091889	27.805467970320	-633.510093923673	-117.760029588091	
0.236206896552	-0.120195399963	-0.295538229569	3.123381727752	-47.314868217383	-116.338498724737	1229.517892424092	27.802478347246	-633.505541032604	-117.758576701073	
0.237068965517	-0.120190153407	-0.295531807667	3.123399229847	-47.312802912938	-116.335970745559	1229.524782116592	27.809119223661	-633.509211511171	-117.757843931070	
0.237931034483	-0.120188418499	-0.295533297694	3.123455699184	-47.312119967038	-116.336557294140	1229.547011246933	27.804664914453	-633.527384012013	-117.760560312405	
0.238793103448	-0.120182070437	-0.295545817747	3.123503896021	-47.309621055348	-116.341485807556	1229.565983911389	27.799280243828	-633.531901728378	-117.760178261156	
0.239655172414	-0.120179938586	-0.295554528112	3.123548509615	-47.308781853158	-116.344914639277	1229.583546033733	27.797982711742	-633.540787794930	-117.763795161232	
0.240517241379	-0.120199375414	-0.295548521743	3.123569781982	-47.316433152091	-116.342550234527	1229.591919892270	27.807885042758	-633.551509788270	-117.764998473505	
0.241379310345	-0.120221852408	-0.295546577080	3.123626034361	-47.325281211240	-116.341784718724	1229.614063617295	27.800201677820	-633.560826165813	-117.763357105986	
0.242241379310	-0.120233656015	-0.295557985570	3.123687052005	-47.329927696254	-116.346275665925	1229.638083186796	27.797271387957	-633.574933728393	-117.765018426021	
0.243103448276	-0.120256387216	-0.295567122830	3.123721388726	-47.338875823924	-116.349872544578	1229.651599822461	27.799105157430	-633.588448785491	-117.770807354692	
0.243965517241	-0.120274911870	-0.295553933561	3.123731711771	-47.346168046157	-116.344680594550	1229.655663484951	27.806235695888	-633.588727913867	-117.766008161453	
0.244827586207	-0.120276292046	-0.295564966170	3.123805457729	-47.346711351748	-116.349023576402	1229.684693550154	27.798499275934	-633.607820701032	-117.769617511185	
0.245689655172	-0.120285812735	-0.295576109746	3.123848271000	-47.350459166847	-116.353410240203	1229.701546975816	27.798574441434	-633.622948226765	-117.773237762799	
0.246551724138	-0.120293656191	-0.295580099946	3.123861734497	-47.353546739940	-116.354980980880	1229.706846875730	27.799184629589	-633.622317283091	-117.773688476329	
0.247413793103	-0.120291406047	-0.295570510580	3.123883190346	-47.352660971738	-116.351206131055	1229.715292961667	27.805828943290	-633.630771060122	-117.771436780237	
0.248275862069	-0.120296086277	-0.295585065472	3.123941437567	-47.354503342166	-116.356935657788	1229.738221955409	27.799343483103	-633.651228274576	-117.776891534452	
0.249137931034	-0.120306071989	-0.295584827229	3.123958392226	-47.358434213460	-116.356841873695	1229.744896149766	27.797155733193	-633.651392271944	-117.774008590932	
0.250000000000	-0.120311437640	-0.295587544368	3.123973838894	-47.360546399764	-116.357911474274	1229.750976724373	27.799766704621	-633.657567386427	-117.776528039114	
0.250862068966	-0.120324540417	-0.295570667914	3.123982304115	-47.365704302559	-116.351268065473	1229.754309054792	27.806218697011	-633.668805167181	-117.774244004158	
0.251724137931	-0.120328609539	-0.295576424342	3.124021994406	-47.367306110724	-116.353534080797	1229.769933121116	27.797233857082	-633.675904892358	-117.773290555508	
0.252586206897	-0.120327842945	-0.295577383091	3.124046449554	-47.367004341324	-116.353911491875	1229.779559879860	27.795701889698	-633.683640211456	-117.773120698580	
0.253448275862	-0.120340676550	-0.295579165573	3.124044834590	-47.372056284387	-116.354613165036	1229.778924150008	27.801497390529	-633.691155165615	-117.776453034302	
0.254310344828	-0.120353273293	-0.295558825965	3.124040741945	-47.377014986902	-116.346606487174	1229.777313081814	27.803156562258	-633.690055062591	-117.769646566818	
0.255172413793	-0.120350725467	-0.295572804716	3.124083991400	-47.376012036438	-116.352109216479	1229.794338211644	27.796103073549	-633.703164866783	-117.772963032042	
0.256034482759	-0.120359234541	-0.295575460271	3.124087174133	-47.379361629689	-116.353154574701	1229.795591093074	27.796966298424	-633.710705388285	-117.775629844812	
0.256896551724	-0.120362557306	-0.295572699989	3.124061901483	-47.380669634547	-116.352067990663	1229.785642525026	27.802303794760	-633.703065307863	-117.773837879160	
0.257758620690	-0.120350813541	-0.295565577804	3.124074081143	-47.376046706403	-116.349264345530	1229.790437043016	27.802542480134	-633.710338315610	-117.772265530302	
0.258620689655	-0.120342732972	-0.295585992760	3.124101259728	-47.372865794116	-116.357300684319	1229.801135881379	27.798710340129	-633.723465185253	-117.777662723027	
0.259482758621	-0.120342690222	-0.295587960379	3.124088182443	-47.372848965527	-116.358075236928	1229.795988013610	27.797377378776	-633.716924785909	-117.776326668911	
0.260344827586	-0.120339947868	-0.295589424477	3.124072371675	-47.371769438912	-116.358651578335	1229.789764111458	27.805260506420	-633.716443947807	-117.777369114747	
0.261206896552	-0.120345928425	-0.295585492041	3.124080844425	-47.374123682671	-116.357103576828	1229.793099406227	27.805049428416	-633.726922912001	-117.778419357678	
0.262068965517	-0.120343986736	-0.295596070407	3.124090599944	-47.373359337775	-116.361267745847	1229.796939661942	27.800198565330	-633.725616113112	-117.777784036250	
0.262931034483	-0.120335526498	-0.295600788372	3.124092084335	-47.370028968476	-116.363124970822	1229.797523991974	27.799780746946	-633.726878132965	-117.780279258962	
0.263793103448	-0.120336367945	-0.295598060938	3.124067744659	-47.370360203864	-116.362051317679	1229.787942688866	27.809885274246	-633.728055827433	-117.781795698829	
0.264655172414	-0.120332755174	-0.295594403196	3.124072308125	-47.368938038171	-116.360611449219	1229.789739095217	27.804043772506	-633.726002320384	-117.779202277560	
0.265517241379	-0.120316763005	-0.295610963934	3.124091356940	-47.362642727366	-116.367130576424	1229.797237653111	27.800260348988	-633.730015133841	-117.781922506043	
0.266379310345	-0.120314455764	-0.295619821940	3.124081388384	-47.361734483116	-116.370617526775	1229.793313535167	27.801134948672	-633.731451945589	-117.787028858060	
0.267241379310	-0.120313194623	-0.295608579978	3.124044334223	-47.361238035574	-116.366192133287	1229.778727180711	27.808405208949	-633.718379267597	-117.782308371727	
0.268103448276	-0.120303447166	-0.295612800438	3.124068480870	-47.357400953003	-116.367853515352	1229.788232497956	27.801157594807	-633.724061172824	-117.783975308522	
0.268965517241	-0.120307588217	-0.295622449548	3.124069888455	-47.359031076046	-116.371651883418	1229.788786593332	27.799821518442	-633.727108388922	-117.786844744729	
0.269827586207	-0.120318338793	-0.295620010642	3.124039420042	-47.363263035628	-116.370691809158	1229.776792715247	27.798605236047	-633.713225600272	-117.786062602182	
0.270689655172	-0.120320621352	-0.295605624715	3.124011056652	-47.364161564278	-116.365028795202	1229.765627478956	27.805750331481	-633.706892158063	-117.783109912100	
0.271551724138	-0.120324984068	-0.295612380681	3.124024199132	-47.365878945586	-116.367688278478	1229.770801010446	27.798673207592	-633.713849958344	-117.787028431152	
0.272413793103	-0.120327191588	-0.295614613670	3.124005729049	-47.366747934774	-116.368567293423	1229.763530270110	27.794977122039	-633.701997486416	-117.784489776208	
0.273275862069	-0.120325208737	-0.295620541732	3.123985744998	-47.365967386325	-116.370900872601	1229.755663557090	27.795198019496	-633.695403360314	-117.788094188716	
0.274137931034	-0.120335179807	-0.295607009822	3.123949809502	-47.369892493872	-116.365574042044	1229.741517564136	27.802680822161	-633.691790822516	-117.787098806313	
0.275000000000	-0.120338735861	-0.295612206466	3.123949847266	-47.371292332945	-116.367619698836	1229.741532430188	27.792645080432	-633.685630934095	-117.787024670536	
0.275862068966	-0.120333984694	-0.295616461332	3.123938785371	-47.369422038000	-116.369294624736	1229.737177919579	27.790190697123	-633.680809210468	-117.787767294391	
0.276724137931	-0.120339007996	-0.295621689308	3.123904824719	-47.371399458643	-116.371352615412	1229.723809323559	27.793618654808	-633.676124819952	-117.792526074778	
0.277586206897	-0.120340606974	-0.295601943785	3.123862513483	-47.372028895792	-116.363579798700	1229.707153523465	27.796844676596	-633.661622296886	-117.785927765824	
0.278448275862	-0.120326530008	-0.295614704815	3.123880116338	-47.366487504114	-116.368603172792	1229.714082879632	27.788443250259	-633.664517102332	-117.789342720739	
0.279310344828	-0.120326809309	-0.295616201017	3.123861175363	-47.366597450804	-116.369192151898	1229.706626772957	27.788888670888	-633.662516452562	-117.791332621529	
0.280172413793	-0.120331162382	-0.295611088895	3.123815605473	-47.368311036271	-116.367179767426	1229.688688205213	27.792483599174	-633.645647773335	-117.789548829514	
0.281034482759	-0.120328988394	-0.295594272456	3.123796861468	-47.367455246678	-116.360559983300	1229.681309635593	27.795224081085	-633.641837457310	-117.785906044934	
0.281896551724	-0.120329752048	-0.295606880684	3.123805788070	-47.367755858663	-116.365523207040	1229.684823588660	27.790171827279	-633.647377835099	-117.790189620449	
0.282758620690	-0.120330145557	-0.295601481405	3.123777410005	-47.367910763403	-116.363397783101	1229.673652575285	27.788737090780	-633.633914182353	-117.786791862659	
0.283620689655	-0.120320377793	-0.295600046971	3.123752277954	-47.364065687126	-116.362833118487	1229.663759354206	27.795210270635	-633.627662913737	-117.787480751011	
0.284482758621	-0.120319325830	-0.295587198807	3.123743937460	-47.363651582678	-116.357775444354	1229.660476122304	27.797689323561	-633.631216438332	-117.786249558356	
0.285344827586	-0.120313637506	-0.295594200882	3.123750995504	-47.361412375983	-116.360531808047	1229.663254518428	27.791798020842	-633.626664022418	-117.784937892281	
0.286206896552	-0.120304464774	-0.295593980100	3.123750463317	-47.357801533923	-116.360444897475	1229.663045023240	27.791547148880	-633.625088034674	-117.785496002495	
0.287068965517	-0.120304598410	-0.295590290566	3.123730935597	-47.357854139784	-116.358992513809	1229.655357944516	27.801269953088	-633.625291136973	-117.786629164878	
0.287931034483	-0.120301485505	-0.295576944067	3.123738431246	-47.356628746185	-116.353738670201	1229.658308603373	27.798481771853	-633.622738698788	-117.781256087904	
0.288793103448	-0.120288860532	-0.295589727053	3.123776527500	-47.351658930852	-116.358770687169	1229.673305177643	27.794389822453	-633.630361274147	-117.783127061650	
0.289655172414	-0.120296272525	-0.295591164091	3.123783920806	-47.354576658779	-116.359336376749	1229.676215549272	27.795859707737	-633.635443885219	-117.786206077274	
0.290517241379	-0.120306610658	-0.295577827628	3.123765348348	-47.358646260354	-116.354086483801	1229.668904509030	27.803710191594	-633.626814925288	-117.781294850577	
0.291379310345	-0.120304466598	-0.295574370953	3.123807051552	-47.357802252066	-116.352725764933	1229.685320957898	27.798951031700	-633.637872943747	-117.780963305066	
0.292241379310	-0.120306581507	-0.295587411542	3.123843875461	-47.358634785051	-116.357859187214	1229.699816674002	27.797138780179	-633.650701283605	-117.784343683234	
0.293103448276	-0.120310792517	-0.295587665148	3.123851814065	-47.360292447627	-116.357959019422	1229.702941702004	27.795643972469	-633.647224008645	-117.783627450338	
0.293965517241	-0.120306935355	-0.295579436349	3.123862591713	-47.358774077088	-116.354719755953	1229.707184318722	27.803870564180	-633.651523279664	-117.781975776000	
0.294827586207	-0.120308910465	-0.295582881841	3.123915630575	-47.359551578661	-116.356076072688	1229.728063043938	27.798522278050	-633.670104543815	-117.784898671013	
0.295689655172	-0.120309366442	-0.295587159812	3.123948429108	-47.359731073651	-116.357760094098	1229.740974172836	27.794770197962	-633.672618102929	-117.782336447916	
0.296551724138	-0.120307925916	-0.295591329481	3.123979680860	-47.359164011350	-116.359401482458	1229.753276411722	27.794583337625	-633.680359239681	-117.785030547129	
0.297413793103	-0.120320323094	-0.295577933399	3.123989799360	-47.364044155175	-116.354128120621	1229.757259554968	27.803964602989	-633.690058637348	-117.783603869623	
0.298275862069	-0.120328346605	-0.295577272286	3.124037347030	-47.367202606775	-116.353867873547	1229.775976674855	27.794964625535	-633.698152629760	-117.781749926627	
0.299137931034	-0.120326348563	-0.295581508158	3.124079661797	-47.366416078376	-116.355535322925	1229.792633865146	27.792664278796	-633.708777352730	-117.781653004153	
0.300000000000	-0.120334013980	-0.295584870034	3.124097651186	-47.369433566641	-116.356858724031	1229.799715380576	27.795191268713	-633.718923065613	-117.785606791568	
0.300862068966	-0.120338885710	-0.295563414029	3.124097446416	-47.371351321059	-116.348412576493	1229.799634772626	27.800637103463	-633.716932895223	-117.778115487398	
0.301724137931	-0.120329916067	-0.295571789454	3.124159161329	-47.367820424878	-116.351709559101	1229.823928821965	27.791910780831	-633.733019981349	-117.780253147208	
0.302586206897	-0.120334589727	-0.295573780753	3.124183616161	-47.369660209082	-116.352493433071	1229.833555456331	27.791759577382	-633.743730582063	-117.781251749232	
0.303448275862	-0.120342312952	-0.295569829826	3.124178550013	-47.372700453395	-116.350938152360	1229.831561169343	27.793121778944	-633.738622219995	-117.779348633929	
0.304310344828	-0.120341573200	-0.295552025671	3.124187422846	-47.372409250342	-116.343929554286	1229.835053956500	27.797420955975	-633.743682599498	-117.774896030947	
0.305172413793	-0.120343888143	-0.295563211622	3.124227743367	-47.373320526676	-116.348332899062	1229.850926112492	27.790755686170	-633.758913186481	-117.778845642280	
0.306034482759	-0.120347852240	-0.295558781742	3.124224397718	-47.374880991631	-116.346589078584	1229.849609098997	27.788254846699	-633.753084476770	-117.774864469680	
0.306896551724	-0.120344754734	-0.295560670732	3.124218186844	-47.373661659616	-116.347332679046	1229.847164191123	27.791943485277	-633.752666308332	-117.776260134909	
0.307758620690	-0.120350805675	-0.295547574440	3.124212436909	-47.376043610085	-116.342177328909	1229.844900731759	27.795616930121	-633.758528561859	-117.774360966811	
0.308620689655	-0.120350088878	-0.295558192671	3.124227363623	-47.375761443437	-116.346357191250	1229.850776626156	27.787123917220	-633.757452221460	-117.773807760124	
0.309482758621	-0.120345800865	-0.295561658279	3.124226155135	-47.374073468857	-116.347721426479	1229.850300905321	27.785478278924	-633.756911747158	-117.774408095082	
0.310344827586	-0.120353516614	-0.295564563201	3.124198752899	-47.377110769944	-116.348864947490	1229.839514026888	27.792589296394	-633.756177745256	-117.777314766874	
0.311206896552	-0.120359455295	-0.295550793413	3.124180415442	-47.379448529232	-116.343444476411	1229.832295494864	27.791313154552	-633.749041012368	-117.771609339839	
0.312068965517	-0.120351103275	-0.295569051500	3.124199938438	-47.376160760167	-116.350631764691	1229.839980713801	27.785019043400	-633.753798945769	-117.774812343808	
0.312931034483	-0.120356695452	-0.295575842369	3.124182923059	-47.378362118434	-116.353304987179	1229.833282617098	27.785472869883	-633.754212279322	-117.778280782009	
0.313793103448	-0.120361809765	-0.295572460900	3.124137422948	-47.380375365463	-116.351973873602	1229.815371517499	27.791787093428	-633.739744199349	-117.775574064241	
0.314655172414	-0.120355923430	-0.295569817031	3.124139629071	-47.378058212345	-116.350933115755	1229.816239956901	27.789076885650	-633.742179959943	-117.775023927094	
0.315517241379	-0.120354889354	-0.295588897639	3.124144822661	-47.377651148726	-116.358444188978	1229.818284411547	27.786119801766	-633.747831730246	-117.779796702651	
0.316379310345	-0.120356934489	-0.295591396897	3.124114131154	-47.378456215192	-116.359428020855	1229.806202712849	27.784523378065	-633.735093674145	-117.778984555055	
0.317241379310	-0.120350334210	-0.295590494647	3.124081727675	-47.375858018202	-116.359072850349	1229.793447097172	27.792872354921	-633.728682336791	-117.778969116833	
0.318103448276	-0.120350085356	-0.295593681139	3.124081898140	-47.375760056919	-116.360327211596	1229.793514200520	27.789944696200	-633.734537085619	-117.781524367563	
0.318965517241	-0.120346225626	-0.295605246946	3.124069367948	-47.374240675843	-116.364880086815	1229.788581695784	27.786008778311	-633.725561392278	-117.780597192592	
0.319827586207	-0.120338980861	-0.295613675658	3.124050141847	-47.371388777044	-116.368198045331	1229.781013349132	27.785955156566	-633.720008867122	-117.784031987731	
0.320689655172	-0.120342350436	-0.295608802730	3.124005922481	-47.372715208850	-116.366279819479	1229.763606414613	27.796737862634	-633.715008423863	-117.784681026871	
0.321551724138	-0.120340147702	-0.295609870753	3.123997018948	-47.371848103774	-116.366700246294	1229.760101542742	27.789753955548	-633.707974451874	-117.783243518869	
0.322413793103	-0.120327339673	-0.295623062309	3.123991359393	-47.366806228271	-116.371893096534	1229.757873661032	27.787772818358	-633.704846136896	-117.785176966201	
0.323275862069	-0.120328022219	-0.295631593810	3.123958968190	-47.367074912238	-116.375251518393	1229.745122877822	27.790340540680	-633.700247369204	-117.790493534628	
0.324137931034	-0.120328155205	-0.295616676501	3.123903117605	-47.367127262136	-116.369379326141	1229.723137318781	27.798154030713	-633.682294511205	-117.784812445673	
0.325000000000	-0.120314863899	-0.295625612912	3.123913243487	-47.361895145089	-116.372897140497	1229.727123367949	27.790968287610	-633.683856287952	-117.787464523634	
0.325862068966	-0.120312567964	-0.295633999811	3.123896033596	-47.360991351290	-116.376198639907	1229.720348701624	27.791600548766	-633.682074724522	-117.789980075072	
0.326724137931	-0.120314335548	-0.295633703339	3.123852877913	-47.361687160218	-116.376081933598	1229.703360485281	27.792899357556	-633.665027618656	-117.789493323651	
0.327586206897	-0.120309373683	-0.295618063603	3.123820729941	-47.359733923876	-116.369925358204	1229.690705449636	27.800505127644	-633.657672265933	-117.786025861933	
0.328448275862	-0.120308713580	-0.295627021698	3.123831523210	-47.359474074814	-116.373451708405	1229.694954215632	27.794890699022	-633.663741341077	-117.790215101501	
0.329310344828	-0.120308286331	-0.295623663456	3.123808892769	-47.359305888483	-116.372129738143	1229.686045752139	27.793512822267	-633.651123675965	-117.786494353474	
0.330172413793	-0.120301421589	-0.295625456899	3.123791269077	-47.356603585791	-116.372835726213	1229.679108192984	27.796973285102	-633.645686831893	-117.788681701755	
0.331034482759	-0.120304639575	-0.295608125814	3.123771865649	-47.357870344296	-116.366013351643	1229.671470041868	27.804350034320	-633.646428012239	-117.786369585295	
0.331896551724	-0.120301284013	-0.295612691766	3.123789333117	-47.356549429004	-116.367810736939	1229.678346103160	27.796412343090	-633.644480274445	-117.785409466015	
0.332758620690	-0.120292830982	-0.295611806251	3.123798712746	-47.353221896900	-116.367462154326	1229.682038390362	27.795893207053	-633.644912200040	-117.785075944220	
0.333620689655	-0.120296531122	-0.295611639776	3.123790025670	-47.354678455326	-116.367396621277	1229.678618726374	27.802477239390	-633.646976060256	-117.788136178698	
0.334482758621	-0.120300060420	-0.295589114626	3.123786321763	-47.356067762205	-116.358529605687	1229.677160685058	27.804678412963	-633.642189430437	-117.780916078973	
0.335344827586	-0.120290626215	-0.295600096476	3.123836618569	-47.352353991311	-116.362852606132	1229.696960001508	27.797918095759	-633.653307131497	-117.783585986587	
0.336206896552	-0.120296240331	-0.295598626903	3.123853061408	-47.354563985660	-116.362274109336	1229.703432718069	27.798775107804	-633.660598346250	-117.785382691660	
0.337068965517	-0.120302385125	-0.295590559499	3.123845949617	-47.356982880974	-116.359098379173	1229.700633164479	27.803804554606	-633.654112439276	-117.782592341815	
0.337931034483	-0.120298911236	-0.295577086912	3.123879539140	-47.355615386428	-116.353794901034	1229.713855666068	27.803485963825	-633.663558841248	-117.779969421619	
0.338793103448	-0.120300795153	-0.295590661466	3.123930849156	-47.356356989179	-116.359138518613	1229.734053831893	27.798888817092	-633.679822590985	-117.784405748903	
0.339655172414	-0.120308177011	-0.295585892383	3.123944849445	-47.359262854523	-116.357261171015	1229.739565039866	27.796536510649	-633.677282427067	-117.782173025712	
0.340517241379	-0.120309534112	-0.295581475584	3.123958520605	-47.359797076830	-116.355522500199	1229.744946686222	27.803144084253	-633.681408755760	-117.782378351825	
0.341379310345	-0.120319488608	-0.295573238434	3.123997136274	-47.363715660142	-116.352279949425	1229.760147727774	27.801446676568	-633.696838452375	-117.782869402179	
0.342241379310	-0.120324574332	-0.295580974384	3.124036163006	-47.365717652946	-116.355325203024	1229.775510584506	27.794980836089	-633.700680812250	-117.781958353428	
0.343103448276	-0.120326471618	-0.295583408372	3.124065808664	-47.366464518855	-116.356283341098	1229.787180585216	27.793048887822	-633.707333745007	-117.784334698886	
0.343965517241	-0.120339149330	-0.295577908686	3.124069448259	-47.371455094989	-116.354118392329	1229.788613310230	27.801896949986	-633.714396564107	-117.785711211133	
0.344827586207	-0.120347306867	-0.295570850909	3.124102284383	-47.374666305883	-116.351340101208	1229.801539236476	27.794996681215	-633.718815058623	-117.782846862573	
0.345689655172	-0.120343125622	-0.295584196620	3.124149072913	-47.373020360504	-116.356593634525	1229.819957521546	27.790262842385	-633.729715744492	-117.785311222099	
0.346551724138	-0.120353030298	-0.295590737336	3.124165278852	-47.376919332003	-116.359168384726	1229.826336982440	27.790311878130	-633.738236617042	-117.790367864379	
0.347413793103	-0.120363178931	-0.295578171647	3.124152868952	-47.380914337158	-116.354221906468	1229.821451830666	27.796918911657	-633.732321970744	-117.785789520401	
0.348275862069	-0.120361574367	-0.295582244637	3.124201310250	-47.380282701126	-116.355825237345	1229.840520726828	27.789170854188	-633.745438378601	-117.787740785005	
0.349137931034	-0.120369170894	-0.295593369565	3.124227497682	-47.383273070826	-116.360204560485	1229.850829398358	27.787492940905	-633.756346496832	-117.791091497435	
0.350000000000	-0.120380142895	-0.295593794476	3.124221589337	-47.387592194360	-116.360371826690	1229.848503581128	27.786146597091	-633.750436753135	-117.790985112159	
0.350862068966	-0.120382406647	-0.295582483313	3.124216036747	-47.388483319417	-116.355919192090	1229.846317806466	27.793455159446	-633.751784055841	-117.788714207808	
0.351724137931	-0.120387688985	-0.295591448406	3.124249451410	-47.390562709606	-116.359448297390	1229.859471474306	27.786795205196	-633.766027661724	-117.793037915619	
0.352586206897	-0.120390263131	-0.295595059825	3.124249053302	-47.391576020882	-116.360869930712	1229.859314759014	27.783676136533	-633.761116584514	-117.790516863641	
0.353448275862	-0.120386353329	-0.295602343405	3.124245577979	-47.390036929088	-116.363737108915	1229.857946699935	27.784595358394	-633.761102949790	-117.793887149293	
0.354310344828	-0.120392309082	-0.295590424941	3.124224676719	-47.392381408757	-116.359045410554	1229.849718927715	27.792890509977	-633.763589263244	-117.792522622927	
0.355172413793	-0.120391441360	-0.295596991414	3.124237992309	-47.392039830468	-116.361630299870	1229.854960604180	27.783795389123	-633.762940415182	-117.791931444823	
0.356034482759	-0.120383346797	-0.295601860612	3.124238110203	-47.388853408895	-116.363547057610	1229.855007012764	27.782393711537	-633.762989326084	-117.791998558912	
0.356896551724	-0.120386859836	-0.295606941729	3.124212544369	-47.390236315498	-116.365547237380	1229.844943033227	27.786906109412	-633.762405952834	-117.795933775669	
0.357758620690	-0.120388759803	-0.295586805128	3.124175036121	-47.390984236452	-116.357620472715	1229.830177927199	27.791115432267	-633.751029361681	-117.788412737273	
0.358620689655	-0.120375355762	-0.295599694224	3.124193848438	-47.385707741559	-116.362694260133	1229.837583388073	27.783454638214	-633.756063208680	-117.790906997113	
0.359482758621	-0.120374197258	-0.295602273289	3.124173614902	-47.385251696831	-116.363709507807	1229.829618464889	27.784331543957	-633.755472170262	-117.792038802246	
0.360344827586	-0.120373355844	-0.295599002823	3.124125523300	-47.384920474710	-116.362422090338	1229.810687226389	27.788156346059	-633.739524691778	-117.789505458568	
0.361206896552	-0.120363440017	-0.295584004890	3.124103140613	-47.381017113700	-116.356518160361	1229.801876290877	27.791072587837	-633.736082545941	-117.785196217916	
0.362068965517	-0.120357697589	-0.295597535790	3.124105748042	-47.378756609261	-116.361844593282	1229.802902704351	27.786177168088	-633.741004490746	-117.788749221407	
0.362931034483	-0.120355574709	-0.295591957735	3.124066820959	-47.377920938381	-116.359648794401	1229.787579074852	27.784806358379	-633.725632036650	-117.784457496354	
0.363793103448	-0.120346162260	-0.295590018947	3.124027005550	-47.374215731984	-116.358885591362	1229.771905755976	27.791171337766	-633.716327028984	-117.784184334246	
0.364655172414	-0.120344972253	-0.295577297447	3.124000928432	-47.373747286128	-116.353877778242	1229.761640509333	27.793369106299	-633.715934955445	-117.782090831077	
0.365517241379	-0.120336813368	-0.295585392135	3.123987575280	-47.370535544435	-116.357064248836	1229.756384046846	27.787125348742	-633.706565712267	-117.780144385052	
0.366379310345	-0.120324048237	-0.295586694703	3.123963161874	-47.365510555998	-116.357577003902	1229.746773719953	27.786543288259	-633.699115750120	-117.780276603587	
0.367241379310	-0.120321225004	-0.295584227320	3.123915522319	-47.364399191542	-116.356605719778	1229.728020429011	27.795991042928	-633.692292437488	-117.781032574491	
0.368103448276	-0.120315142407	-0.295571674423	3.123891552706	-47.362004779726	-116.351664277212	1229.718584801217	27.792963076768	-633.681866432278	-117.775198190154	
0.368965517241	-0.120297044128	-0.295585212001	3.123897082052	-47.354880399916	-116.356993339052	1229.720761425885	27.788648333414	-633.681274431932	-117.776521464533	
0.369827586207	-0.120295443062	-0.295587440508	3.123872483430	-47.354250140969	-116.357870589726	1229.711078188909	27.789961561149	-633.678046835346	-117.778992749522	
0.370689655172	-0.120295266772	-0.295574431608	3.123822544111	-47.354180744362	-116.352749641852	1229.691419597037	27.797811182319	-633.660931283802	-117.773387783745	
0.371551724138	-0.120284231394	-0.295570169776	3.123832736738	-47.349836672491	-116.351071973633	1229.695431920384	27.793269952632	-633.663187274873	-117.772198575839	
0.372413793103	-0.120280383236	-0.295581199329	3.123837660369	-47.348321846732	-116.355413752462	1229.697370105705	27.791884206957	-633.666947083754	-117.774522402117	
0.373275862069	-0.120280679009	-0.295578936836	3.123813890118	-47.348438277927	-116.354523123154	1229.688012956227	27.790943400292	-633.654367660623	-117.772673181509	
0.374137931034	-0.120273637761	-0.295568608513	3.123793808935	-47.345666493348	-116.350457382996	1229.680108007315	27.799775840018	-633.649717301911	-117.770051682070	
0.375000000000	-0.120272644070	-0.295570842974	3.123817119487	-47.345275327561	-116.351336977591	1229.689284196240	27.795056521723	-633.659549087453	-117.772348760869	
0.375862068966	-0.120269909103	-0.295574867612	3.123821853048	-47.344198708689	-116.352921274577	1229.691147560496	27.791927336467	-633.653630026188	-117.769554161856	
0.376724137931	-0.120263920067	-0.295579821241	3.123827961166	-47.341841127507	-116.354871268492	1229.693552018602	27.792314242391	-633.653531062479	-117.772381832516	
0.377586206897	-0.120269566311	-0.295568544390	3.123817281889	-47.344063768947	-116.350432140881	1229.689348125417	27.802205104777	-633.656269457792	-117.771453938557	
0.378448275862	-0.120269776550	-0.295571504848	3.123849040989	-47.344146529556	-116.351597524069	1229.701850081856	27.793677620782	-633.658436554982	-117.770510529022	
0.379310344828	-0.120261835605	-0.295580514972	3.123880128435	-47.341020579885	-116.355144355585	1229.714087641732	27.791854948368	-633.664159335250	-117.771731853045	
0.380172413793	-0.120267814169	-0.295589096485	3.123890629315	-47.343374038959	-116.358522464418	1229.718221308776	27.794888408315	-633.670397359621	-117.777312320198	
0.381034482759	-0.120274975828	-0.295572864141	3.123886583423	-47.346193223046	-116.352132609025	1229.716628645133	27.800863738915	-633.665616446704	-117.771656418223	
0.381896551724	-0.120269769958	-0.295586554949	3.123948958034	-47.344143934423	-116.357521990052	1229.741182384166	27.792663578272	-633.680264444152	-117.775817007844	
0.382758620690	-0.120277527560	-0.295594271279	3.123979392854	-47.347197711056	-116.360559519960	1229.753163038288	27.793018975422	-633.691020655484	-117.779046269835	
0.383620689655	-0.120287640530	-0.295596508187	3.123985619200	-47.351178677610	-116.361440078038	1229.755614036601	27.794864467734	-633.687384526889	-117.779555707533	
0.384482758621	-0.120289849988	-0.295585005390	3.124010521371	-47.352048429976	-116.356912006827	1229.765416765611	27.799630523816	-633.695227384485	-117.777598887525	
0.385344827586	-0.120296388096	-0.295602095896	3.124071183916	-47.354622153164	-116.363639677206	1229.789296550933	27.793414019066	-633.714525488830	-117.784015082313	
0.386206896552	-0.120305572323	-0.295602733398	3.124092210424	-47.358237520444	-116.363890629580	1229.797573626639	27.791356669473	-633.714001938061	-117.782391337746	
0.387068965517	-0.120308267491	-0.295608482453	3.124113835462	-47.359298471935	-116.366153742492	1229.806086313855	27.795495565977	-633.719920128255	-117.785955653515	
0.387931034483	-0.120320513672	-0.295597860122	3.124138516735	-47.364119176101	-116.361972266499	1229.815802086326	27.799607086024	-633.732903430299	-117.785965886321	
0.388793103448	-0.120326038992	-0.295609662175	3.124185663358	-47.366294215824	-116.366618139685	1229.834361334571	27.791496020645	-633.739567758520	-117.787023296669	
0.389655172414	-0.120327353910	-0.295613327975	3.124217829203	-47.366811832706	-116.368061180195	1229.847023406044	27.790151382463	-633.747224176850	-117.788944379217	
0.390517241379	-0.120339720297	-0.295615660677	3.124224407346	-47.371679855684	-116.368979447585	1229.849612889043	27.797463011232	-633.754946130408	-117.792926184578	
0.391379310345	-0.120349920384	-0.295600460821	3.124239872604	-47.375695115820	-116.362996030589	1229.855700781266	27.796283294824	-633.756274721074	-117.788083251926	
0.392241379310	-0.120346315527	-0.295616217287	3.124291943406	-47.374276065273	-116.369198556559	1229.876198430297	27.790004218363	-633.769214516898	-117.791914420431	
0.393103448276	-0.120357324124	-0.295619566690	3.124305260564	-47.378609594642	-116.370517047641	1229.881440724096	27.790402003772	-633.777297225941	-117.795747797978	
0.393965517241	-0.120367946170	-0.295612268427	3.124287392933	-47.382790958701	-116.367644089762	1229.874407138737	27.796561878840	-633.769888590695	-117.793164360245	
0.394827586207	-0.120367206112	-0.295605595824	3.124314262824	-47.382499635375	-116.365017422355	1229.884984460041	27.793593039388	-633.778708346460	-117.792571459713	
0.395689655172	-0.120371287244	-0.295620422668	3.124340769727	-47.384106170962	-116.370854003344	1229.895418890957	27.790316115223	-633.789963270009	-117.797182264855	
0.396551724138	-0.120378930735	-0.295618103154	3.124327691082	-47.387115028276	-116.369940927325	1229.890270488058	27.788375727366	-633.781973353104	-117.796059426112	
0.397413793103	-0.120378074807	-0.295611798341	3.124309310166	-47.386778092412	-116.367459040633	1229.883034848200	27.796340143049	-633.779511822252	-117.795537930829	
0.398275862069	-0.120382497374	-0.295609524908	3.124320520597	-47.388519034020	-116.366564104603	1229.887447829406	27.792946578055	-633.788679718115	-117.797426101871	
0.399137931034	-0.120381241243	-0.295616162347	3.124316753460	-47.388024558388	-116.369176929617	1229.885964897533	27.788460571710	-633.782527306525	-117.795756917059	
0.400000000000	-0.120374615404	-0.295620291791	3.124304522209	-47.385416299944	-116.370802483473	1229.881150070952	27.787816117118	-633.779392515468	-117.798395292759	
0.400862068966	-0.120377579024	-0.295611335647	3.124265888159	-47.386582927637	-116.367276901079	1229.865941793640	27.798021047800	-633.776485006606	-117.798121217026	
0.401724137931	-0.120374994163	-0.295608109513	3.124261456260	-47.385565398052	-116.366006934711	1229.864197178349	27.790499502774	-633.771317653414	-117.795571387551	
0.402586206897	-0.120362530502	-0.295616703734	3.124259328123	-47.380659083461	-116.369390046420	1229.863359437922	27.788030626084	-633.769893964650	-117.796233278701	
0.403448275862	-0.120364543681	-0.295620525798	3.124229463009	-47.381451570482	-116.370894600381	1229.851603048613	27.790167540106	-633.766824227568	-117.800210902119	
0.404310344828	-0.120366638284	-0.295601070472	3.124174939294	-47.382276109941	-116.363236019272	1229.830139811548	27.797597741629	-633.750157536757	-117.793191078845	
0.405172413793	-0.120354873230	-0.295606071040	3.124185142528	-47.377644801549	-116.365204490706	1229.834156309952	27.790025598344	-633.752713748397	-117.794551563960	
0.406034482759	-0.120352435995	-0.295611695908	3.124166858886	-47.376685384890	-116.367418717863	1229.826958962346	27.790204149351	-633.751609232150	-117.795907514510	
0.406896551724	-0.120351949160	-0.295610164567	3.124121423846	-47.376493742411	-116.366815906156	1229.809073477808	27.790960131673	-633.734839370283	-117.794494765379	
0.407758620690	-0.120343356161	-0.295594575934	3.124085364654	-47.373111112282	-116.360679447379	1229.794878792176	27.797961955932	-633.727190212720	-117.790346672769	
0.408620689655	-0.120338912389	-0.295604253566	3.124089963798	-47.371361823066	-116.364489043194	1229.796689243472	27.791716560919	-633.732206128742	-117.794007480507	
0.409482758621	-0.120335250102	-0.295601840270	3.124058290197	-47.369920165488	-116.363539050031	1229.784220943634	27.789679081635	-633.717645227933	-117.789799368998	
0.410344827586	-0.120325599172	-0.295604829618	3.124028479043	-47.366121080736	-116.364715805573	1229.772485795526	27.792434499034	-633.709327801648	-117.791518070904	
0.411206896552	-0.120326133038	-0.295589156536	3.123993668132	-47.366331236933	-116.358546103691	1229.758782495352	27.799061697164	-633.706250008002	-117.788814665328	
0.412068965517	-0.120320099747	-0.295595855565	3.123992494446	-47.363956234797	-116.361183173448	1229.758320474456	27.790368698618	-633.699538083664	-117.787582962234	
0.412931034483	-0.120309007870	-0.295597332326	3.123980173580	-47.359589921849	-116.361764499988	1229.753470370763	27.789125219174	-633.694303853315	-117.787047084502	
0.413793103448	-0.120309852707	-0.295599587102	3.123947285221	-47.359922491491	-116.362652091302	1229.740523881896	27.795028092811	-633.689960141945	-117.789893286833	
0.414655172414	-0.120309842033	-0.295579583059	3.123917751784	-47.359918289667	-116.354777508391	1229.728898057135	27.796595812770	-633.678261409661	-117.782411995226	
0.415517241379	-0.120296081168	-0.295593220600	3.123941410308	-47.354501331023	-116.360145920806	1229.738211225245	27.789288115498	-633.682174909238	-117.784790100286	
0.416379310345	-0.120297121222	-0.295594209338	3.123930985914	-47.354910747939	-116.360535136941	1229.734107666845	27.789745123579	-633.682125906181	-117.786245361520	
0.417241379310	-0.120299077144	-0.295587894808	3.123897204447	-47.355680695718	-116.358049424908	1229.720809606691	27.794572613591	-633.668295348760	-117.782997194798	
0.418103448276	-0.120291847878	-0.295575291483	3.123904814319	-47.352834898480	-116.353088131292	1229.723805229385	27.794255659153	-633.670548893359	-117.779757926888	
0.418965517241	-0.120289810979	-0.295589242297	3.123931485615	-47.352033074058	-116.358579863349	1229.734304373970	27.789833169147	-633.679960950436	-117.783464815263	
0.419827586207	-0.120292463495	-0.295584873255	3.123922902680	-47.353077235657	-116.356859991649	1229.730925705144	27.787795099493	-633.671101611161	-117.780474874599	
0.420689655172	-0.120288184064	-0.295581086913	3.123916599814	-47.351392639628	-116.355369499967	1229.728444584662	27.794850583676	-633.669583262880	-117.779957176118	
0.421551724138	-0.120292097115	-0.295573515499	3.123938134382	-47.352933010585	-116.352389015774	1229.736921658167	27.793744409940	-633.680109388150	-117.779745287717	
0.422413793103	-0.120291324102	-0.295581668376	3.123963140731	-47.352628713979	-116.355598392396	1229.746765396923	27.788004751492	-633.679830660461	-117.778083408599	
0.423275862069	-0.120287851254	-0.295584120317	3.123982021917	-47.351261628843	-116.356563598135	1229.754197967595	27.786907244559	-633.683207201902	-117.779612170359	
0.424137931034	-0.120295789008	-0.295578287852	3.123978270355	-47.354386322357	-116.354267650759	1229.752721167111	27.796672390819	-633.687881326923	-117.780074577407	
0.425000000000	-0.120300141913	-0.295570608204	3.124006933359	-47.356099841638	-116.351244560716	1229.764004346295	27.790769661297	-633.690759656482	-117.776304250632	
0.425862068966	-0.120293449585	-0.295583021959	3.124052380335	-47.353465409519	-116.356131229940	1229.781894529050	27.787110427604	-633.700867305175	-117.777919109312	
0.426724137931	-0.120302032018	-0.295588330558	3.124069711769	-47.356843880833	-116.358220957471	1229.788717040924	27.788278596558	-633.709248629130	-117.782179125613	
0.427586206897	-0.120311239365	-0.295574562757	3.124060842628	-47.360468348885	-116.352801268562	1229.785225707033	27.795978997986	-633.703827018136	-117.776872586975	
0.428448275862	-0.120308213289	-0.295577977325	3.124115381177	-47.359277135276	-116.354145411842	1229.806694783962	27.789245981246	-633.718078700320	-117.778232885326	
0.429310344828	-0.120313846154	-0.295589174898	3.124150254849	-47.361494510267	-116.358553331874	1229.820422789933	27.788500856783	-633.730733980659	-117.781177857509	
0.430172413793	-0.120323150143	-0.295590009433	3.124155398053	-47.365157021731	-116.358881846052	1229.822447410164	27.788038866214	-633.727113159657	-117.780812807101	
0.431034482759	-0.120325086541	-0.295578872743	3.124162856474	-47.365919283864	-116.354497892683	1229.825383414294	27.796213105508	-633.731217551614	-117.778356353834	
0.431896551724	-0.120331953309	-0.295587516562	3.124210776688	-47.368622384234	-116.357900528306	1229.844247186151	27.790401016072	-633.748602659161	-117.782527608430	
0.432758620690	-0.120337908000	-0.295590485150	3.124225999916	-47.370966445854	-116.359069111699	1229.850239803412	27.788085196639	-633.747143130758	-117.779904343406	
0.433620689655	-0.120338562008	-0.295597206458	3.124239081517	-47.371223895728	-116.361714951977	1229.855389370115	27.789732582017	-633.750873521720	-117.783286727116	
0.434482758621	-0.120349534761	-0.295585186195	3.124235639462	-47.375543315262	-116.356983180568	1229.854034406762	27.798664542855	-633.757395938653	-117.782128911490	
0.435344827586	-0.120353760362	-0.295592229192	3.124267190590	-47.377206721541	-116.359755653226	1229.866454495028	27.790116732408	-633.761001031428	-117.781958180013	
0.436206896552	-0.120350854260	-0.295598086266	3.124286190803	-47.376062735595	-116.362061287821	1229.873933920580	27.789174995854	-633.765494377299	-117.782641434702	
0.437068965517	-0.120359733974	-0.295604565862	3.124280087933	-47.379558231187	-116.364611978004	1229.871531528535	27.794062842920	-633.769579501381	-117.787377352069	
0.437931034483	-0.120367320565	-0.295586104681	3.124262384227	-47.382544689775	-116.357344742095	1229.864562471985	27.798579285941	-633.763032467045	-117.780825317922	
0.438793103448	-0.120360145264	-0.295600760140	3.124300962858	-47.379720135209	-116.363113857379	1229.879748933724	27.791165129633	-633.772958139887	-117.784420464768	
0.439655172414	-0.120365727520	-0.295605105630	3.124300171776	-47.381917587927	-116.364824457737	1229.879437524972	27.792206612594	-633.777281931919	-117.786767501324	
0.440517241379	-0.120371704883	-0.295603713282	3.124271042037	-47.384270574459	-116.364276360419	1229.867970615406	27.796087379710	-633.766246591175	-117.785573326094	
0.441379310345	-0.120368148709	-0.295590936961	3.124267058521	-47.382870688061	-116.359246967161	1229.866402505983	27.798939793190	-633.767674400363	-117.782737700307	
0.442241379310	-0.120368062483	-0.295607045683	3.124287429097	-47.382836745441	-116.365588158651	1229.874421374706	27.793852003605	-633.777379103500	-117.787861866880	
0.443103448276	-0.120370981999	-0.295604187612	3.124265498171	-47.383986011484	-116.364463080214	1229.865788274784	27.792171690221	-633.766651448226	-117.785171102374	
0.443965517241	-0.120366248581	-0.295604831119	3.124241741604	-47.382122703572	-116.364716396370	1229.856436512429	27.798131872446	-633.761807668404	-117.786452829876	
0.444827586207	-0.120369715820	-0.295594282759	3.124230550946	-47.383487580614	-116.360564039056	1229.852031314593	27.799854009991	-633.765642724214	-117.785813044156	
0.445689655172	-0.120366632634	-0.295603868972	3.124230537781	-47.382273885953	-116.364337647603	1229.852026132366	27.793091156072	-633.760179823003	-117.785187753626	
0.446551724138	-0.120359678353	-0.295605851845	3.124217419832	-47.379536336081	-116.365118204890	1229.846862257142	27.791972351886	-633.756197727326	-117.786501947650	
0.447413793103	-0.120363236079	-0.295603400151	3.124178586074	-47.380936833212	-116.364153096720	1229.831575364894	27.800861504491	-633.752300681159	-117.788318221532	
0.448275862069	-0.120363373476	-0.295590621283	3.124160740264	-47.380990919868	-116.359122700467	1229.824550369302	27.797224483278	-633.744207498451	-117.783471491638	
0.449137931034	-0.120350446248	-0.295604177483	3.124169767907	-47.375902121955	-116.364459093114	1229.828104097150	27.792227867756	-633.745347623666	-117.785779610360	
0.450000000000	-0.120352459532	-0.295606958977	3.124146149206	-47.376694650441	-116.365554026779	1229.818806605480	27.792794514385	-633.743244741731	-117.789292344081	
0.450862068966	-0.120354451155	-0.295594945388	3.124094703174	-47.377478651869	-116.360824882594	1229.798554896912	27.799862068163	-633.726617064705	-117.784778118084	
0.451724137931	-0.120344645956	-0.295591789433	3.124100876008	-47.373618839178	-116.359582542469	1229.800984830161	27.794529958483	-633.728697946777	-117.784661300121	
0.452586206897	-0.120341609886	-0.295603787155	3.124099213279	-47.372423691600	-116.364305440384	1229.800330297800	27.792356455823	-633.731608722580	-117.787982488279	
0.453448275862	-0.120342612570	-0.295602329810	3.124066193008	-47.372818397794	-116.363731757466	1229.787331881946	27.790639066629	-633.717487874779	-117.787039888022	
0.454310344828	-0.120336241236	-0.295592691255	3.124034112957	-47.370310325083	-116.359937544297	1229.774703583481	27.798717930184	-633.710582973521	-117.785219936575	
0.455172413793	-0.120335686920	-0.295595487586	3.124042712365	-47.370092118606	-116.361038318748	1229.778088737018	27.793275933090	-633.717456354308	-117.788178919403	
0.456034482759	-0.120332828286	-0.295599887019	3.124030205008	-47.368966818650	-116.362770153729	1229.773165221180	27.789458732954	-633.707913151027	-117.785865147416	
0.456896551724	-0.120325963975	-0.295604953427	3.124016792304	-47.366264685663	-116.364764542968	1229.767885315984	27.789199924242	-633.703572687813	-117.788971691341	
0.457758620690	-0.120330154950	-0.295593383172	3.123984495925	-47.367914461080	-116.360209917211	1229.755171860046	27.798509524712	-633.701487343535	-117.788121631895	
0.458620689655	-0.120328720103	-0.295595437098	3.123992586576	-47.367349634235	-116.361018444109	1229.758356741460	27.789493806043	-633.698252573298	-117.787050780459	
0.459482758621	-0.120319094055	-0.295602828436	3.123997990618	-47.363560344494	-116.363928041359	1229.760484039979	27.787283331559	-633.698000548492	-117.787914049543	
0.460344827586	-0.120322961527	-0.295609262007	3.123981047613	-47.365082773119	-116.366460613825	1229.753814433455	27.790002502064	-633.697756832138	-117.792905055501	
0.461206896552	-0.120326930126	-0.295590722456	3.123948291383	-47.366645010523	-116.359162527364	1229.740919957153	27.795704445387	-633.686102045641	-117.786473677684	
0.462068965517	-0.120317131915	-0.295602230066	3.123981222511	-47.362787948679	-116.363692493083	1229.753883281793	27.787267387758	-633.693588808885	-117.789741191004	
0.462931034483	-0.120319216862	-0.295607861316	3.123981893024	-47.363608687458	-116.365909232255	1229.754147229203	27.787447844655	-633.696974031565	-117.791994788144	
0.463793103448	-0.120323202306	-0.295607873406	3.123958347965	-47.365177555792	-116.365913991480	1229.744878726731	27.789210339097	-633.685828792155	-117.791431936826	
0.464655172414	-0.120319232123	-0.295593858706	3.123953792613	-47.363614694611	-116.360397110967	1229.743085514191	27.793993193057	-633.686107741352	-117.788276548463	
0.465517241379	-0.120319574209	-0.295608310240	3.123985686169	-47.363749356880	-116.366085950866	1229.755640398788	27.787883881305	-633.697886485630	-117.793389745120	
0.466379310345	-0.120322472806	-0.295606459363	3.123979008118	-47.364890388193	-116.365357353971	1229.753011586899	27.786014025085	-633.689985240448	-117.790412672226	
0.467241379310	-0.120318849781	-0.295610025142	3.123974324107	-47.363464186185	-116.366761021616	1229.751167727916	27.790423770420	-633.688751972412	-117.792622870181	
0.468103448276	-0.120324925739	-0.295597496615	3.123974390191	-47.365855984385	-116.361829172034	1229.751193741850	27.794900688467	-633.694892210172	-117.791300370241	
0.468965517241	-0.120324567059	-0.295607611101	3.123998913770	-47.365714789994	-116.365810735079	1229.760847438676	27.787257118655	-633.695106816169	-117.791051829290	
0.469827586207	-0.120320291298	-0.295609777139	3.124010785467	-47.364031638708	-116.366663395052	1229.765520726922	27.786470929442	-633.696801107065	-117.791685131732	
0.470689655172	-0.120327267763	-0.295610806868	3.123999766476	-47.366777920993	-116.367068747503	1229.761183105667	27.794415446869	-633.699157299456	-117.794395420890	
0.471551724138	-0.120332192248	-0.295594486731	3.124000684783	-47.368716442384	-116.360644332518	1229.761544597145	27.793927246337	-633.695825043364	-117.788299256123	
0.472413793103	-0.120323457316	-0.295609255956	3.124041555507	-47.365277940339	-116.366458231838	1229.777633340130	27.788384844365	-633.704902600652	-117.790899909334	
0.473275862069	-0.120329670588	-0.295611628166	3.124047258225	-47.367723792004	-116.367392051286	1229.779878212877	27.789547375837	-633.710002393894	-117.793516474369	
0.474137931034	-0.120336047473	-0.295603250767	3.124025540636	-47.370234050244	-116.364094291773	1229.771329093172	27.796480399913	-633.700558237111	-117.789718344490	
0.475000000000	-0.120331737005	-0.295595381643	3.124052460752	-47.368537236356	-116.360996614214	1229.781926185130	27.794267794688	-633.708343244785	-117.787914181568	
0.475862068966	-0.120332965217	-0.295608953490	3.124083012158	-47.369020721589	-116.366339165918	1229.793952733198	27.791705199218	-633.719599537115	-117.791321670090	
0.476724137931	-0.120338532124	-0.295605336010	3.124077991063	-47.371212132165	-116.364915146574	1229.791976181497	27.790418574102	-633.712663128963	-117.788997777261	
0.477586206897	-0.120336547691	-0.295597648344	3.124071568803	-47.370430960941	-116.361888900096	1229.789448061286	27.798965001111	-633.712302710295	-117.787284066701	
0.478448275862	-0.120341111243	-0.295593828490	3.124098337973	-47.372227401116	-116.360385216095	1229.799985733684	27.796077374173	-633.724572681545	-117.788010584850	
0.479310344828	-0.120341596212	-0.295598666128	3.124113230798	-47.372418309088	-116.362289550406	1229.805848288258	27.792017483885	-633.722423074296	-117.785229662547	
0.480172413793	-0.120338359618	-0.295600719487	3.124122176483	-47.371144225036	-116.363097854381	1229.809369753055	27.791706051276	-633.724068063121	-117.786820147091	
0.481034482759	-0.120345888189	-0.295589574611	3.124106744222	-47.374107843687	-116.358710678446	1229.803294850296	27.802117625653	-633.726608908969	-117.785583372104	
0.481896551724	-0.120348199013	-0.295584384066	3.124127187046	-47.375017498813	-116.356667422936	1229.811342159254	27.794642316944	-633.727468052913	-117.782197784720	
0.482758620690	-0.120340273955	-0.295591522494	3.124151301910	-47.371897803155	-116.359477461770	1229.820834965203	27.792048026704	-633.732558099164	-117.782202592162	
0.483620689655	-0.120346325534	-0.295594404030	3.124148677875	-47.374280004586	-116.360611777366	1229.819802015069	27.793908295648	-633.736380823148	-117.785715849158	
0.484482758621	-0.120352264904	-0.295574302692	3.124121956543	-47.376618035008	-116.352698894248	1229.809283173958	27.800943187961	-633.726874098281	-117.778395868651	
0.485344827586	-0.120344552412	-0.295578719304	3.124160070525	-47.373582015889	-116.354437491751	1229.824286726908	27.792888312681	-633.736760056312	-117.779578858412	
0.486206896552	-0.120346590512	-0.295583734305	3.124169401977	-47.374384313080	-116.356411644447	1229.827960048921	27.792516899566	-633.743071284993	-117.780851624147	
0.487068965517	-0.120350956417	-0.295581640490	3.124150951023	-47.376102949525	-116.355587415129	1229.820696838770	27.792671929067	-633.733731087247	-117.779445875900	
0.487931034483	-0.120347414798	-0.295565681813	3.124140966147	-47.374708793018	-116.349305288889	1229.816766296362	27.799040070988	-633.733461318834	-117.775416136622	
0.488793103448	-0.120348053029	-0.295575257385	3.124170459485	-47.374960032070	-116.353074708719	1229.828376336526	27.792150316807	-633.745730387327	-117.779314168339	
0.489655172414	-0.120349400420	-0.295573023905	3.124162221577	-47.375490432240	-116.352195500241	1229.825133487338	27.789481127900	-633.738211821590	-117.775461639325	
0.490517241379	-0.120344632110	-0.295576476576	3.124154079522	-47.373613389060	-116.353554642628	1229.821928371146	27.791640171441	-633.736635441601	-117.777654351721	
0.491379310345	-0.120349867809	-0.295561561676	3.124138824756	-47.375674419402	-116.347683398572	1229.815923338967	27.797722299914	-633.739889796943	-117.775540841086	
0.492241379310	-0.120348283255	-0.295569311722	3.124154718534	-47.375050660675	-116.350734201130	1229.822179917678	27.788544261944	-633.738982181489	-117.775005386586	
0.493103448276	-0.120341308391	-0.295572155294	3.124156596376	-47.372305008292	-116.351853571773	1229.822919129317	27.786881633192	-633.738907944961	-117.775276164456	
0.493965517241	-0.120345851955	-0.295576132793	3.124134658549	-47.374093580239	-116.353419312678	1229.814283313031	27.792437050136	-633.738957544827	-117.779042188879	
0.494827586207	-0.120349040378	-0.295558258600	3.124112523726	-47.375348701642	-116.346383144070	1229.805569949671	27.793727895669	-633.730781429197	-117.772597710257	
0.495689655172	-0.120337911416	-0.295574473638	3.124139840908	-47.370967790743	-116.352766187024	1229.816323346547	27.786212077581	-633.737290473852	-117.776142109120	
0.496551724138	-0.120340986199	-0.295578488357	3.124129168808	-47.372178177670	-116.354346579533	1229.812122279054	27.786534353904	-633.738833975586	-117.778895593764	
0.497413793103	-0.120344413325	-0.295575568046	3.124091057121	-47.373527264231	-116.353197000319	1229.797119629631	27.791304731259	-633.725484113577	-117.777039164363	
0.498275862069	-0.120338028867	-0.295566673324	3.124090334293	-47.371014024952	-116.349695596538	1229.796835088792	27.790997518909	-633.727123260908	-117.775252535013	
0.499137931034	-0.120336054036	-0.295584618012	3.124104888700	-47.370236633666	-116.356759515387	1229.802564424919	27.786649559139	-633.734877962598	-117.780458382249	
0.500000000000	-0.120338065304	-0.295584409112	3.124080504655	-47.371028368466	-116.356677282021	1229.792965655875	27.784769215417	-633.723298710005	-117.778991658923	
0.500862068966	-0.120332730616	-0.295584728106	3.124054807056	-47.368928370877	-116.356802853971	1229.782849806719	27.792080446931	-633.718000553292	-117.779981212226	
