dbx_v3_0_0_0										
Time	Cx	Cy	Cz	Fx	Fy	Fz	Mx	My	Mz	
0.000000000000	0.000000000000	0.000000000000	0.000000000000	0.000000000000	0.000000000000	0.000000000000	0.000000000000	0.000000000000	0.000000000000	
0.000862068966	3.924393212175	-1.469067446700	30.575533274988	1544.841332519649	-578.299877005359	12036.089406252815	39.297917354684	-8232.997048032215	-439.753690507367	
0.001724137931	-0.345348281950	-0.246163485192	6.907709110986	-135.946698311611	-96.902503373384	2719.226634723078	60.732665771132	-1834.031188970801	-74.142140352091	
0.002586206897	-1.191224528739	-0.072049877883	5.649675708655	-468.926733080213	-28.362506848542	2224.000521401463	37.211089117320	-1454.400405091338	-35.097913980399	
0.003448275862	-1.273314793836	-0.170205098031	6.245687542186	-501.241648447454	-67.001407918931	2458.621178743859	39.752023901652	-1814.774895629683	-62.032600718276	
0.004310344828	-1.281231674501	-0.208500632062	6.869024467367	-504.358136478591	-82.076483382502	2703.998385879467	32.546536025786	-1989.583088086799	-70.414652333982	
0.005172413793	-1.424087688713	-0.181063495929	7.112552428241	-560.593550062895	-71.275827165690	2799.863412455949	34.852014842272	-2002.464554801681	-57.533101536816	
0.006034482759	-1.553323396759	-0.156771055010	7.597058321014	-611.467316434711	-61.713083380883	2990.589644139999	26.953292887595	-2143.082648712554	-50.545183569218	
0.006896551724	-1.670439464901	-0.175709239250	7.655632377376	-657.570174376078	-69.168118642323	3013.647380302064	31.157582116403	-2172.141052878741	-58.837564128309	
0.007758620690	-1.717185032171	-0.165940037399	7.721858004953	-675.971613917754	-65.322462514372	3039.717165163470	33.920730111592	-2171.531878392576	-56.687948684372	
0.008620689655	-1.802494546772	-0.166132856912	7.834646014534	-709.553790088238	-65.398366109332	3084.116278502178	26.744489439705	-2202.498256629429	-52.644967850951	
0.009482758621	-1.871620845128	-0.146489088320	8.111613465223	-736.765426917036	-57.665576858498	3193.144793855802	24.791904995089	-2268.681366129460	-43.357114037913	
0.010344827586	-1.926777893647	-0.137954200320	8.241937618865	-758.478054507136	-54.305809618736	3244.447027930420	26.018878167536	-2294.618818409543	-36.466913545888	
0.011206896552	-1.982102431534	-0.139395619706	8.257729858387	-780.256614454740	-54.873225808745	3250.663658891404	25.014871843638	-2290.488245123631	-31.241600223052	
0.012068965517	-2.022227898633	-0.124192201276	8.305695830992	-796.052044909963	-48.888384862225	3269.545512219586	24.470789391815	-2292.344876921696	-20.353683973218	
0.012931034483	-2.056827626092	-0.109910316769	8.393412630919	-809.672262401705	-43.266306670795	3304.075318678129	22.849292718194	-2301.194156413691	-9.422153167567	
0.013793103448	-2.096428775116	-0.087581443303	8.479644558105	-825.261294519459	-34.476523187400	3338.020603489916	22.166268439885	-2312.892473710327	3.374620167211	
0.014655172414	-2.131659738942	-0.072071422619	8.550992800912	-839.129998841432	-28.370987955651	3366.106910985248	20.941529924572	-2320.089064030424	12.578714245795	
0.015517241379	-2.166822462030	-0.065392452841	8.606620146475	-852.971840128128	-25.741804789057	3388.004671479321	20.047349699431	-2322.694904056782	19.977105935312	
0.016379310345	-2.192281422993	-0.054952488591	8.651802925381	-862.993785701219	-21.632102368718	3405.790917810387	19.607841815264	-2321.714852496992	27.483061327936	
0.017241379310	-2.212620264097	-0.045811691073	8.685791155768	-871.000190944935	-18.033818237835	3419.170418865008	19.506928683997	-2318.878015532882	34.104110018368	
0.018103448276	-2.233832527369	-0.029395326480	8.723346501479	-879.350419703354	-11.571499815033	3433.954118452383	19.664105173574	-2319.149866037370	43.258571519848	
0.018965517241	-2.257583115395	-0.017917030224	8.766088663611	-888.699862552306	-7.053056956798	3450.779613537416	20.155723667909	-2324.665430384050	49.956082281788	
0.019827586207	-2.271569483963	-0.005939469905	8.819136391455	-894.205610597166	-2.338078298070	3471.661904923206	20.485582951203	-2333.556325323600	55.885410693379	
0.020689655172	-2.286173137950	0.000146424509	8.861436281105	-899.954353667960	0.057640154995	3488.313299001280	20.263953664109	-2339.810458008130	58.164015202821	
0.021551724138	-2.300257783424	-0.007489215745	8.894866621603	-905.498788515583	-2.948137305700	3501.473186140066	20.965978260635	-2341.759104345279	53.801704108656	
0.022413793103	-2.304961250993	-0.012392052810	8.909667615732	-907.350313251645	-4.878144044488	3507.299612356230	21.115478354190	-2331.324784635120	48.841786447676	
0.023275862069	-2.303709583590	-0.018952872986	8.919799474955	-906.857593120531	-7.460817501174	3511.288028923013	21.642656260417	-2312.927912576211	42.478440322082	
0.024137931034	-2.296566079182	-0.028107139199	8.929467957372	-904.045545430238	-11.064403597079	3515.094036744543	22.081432339321	-2292.929212344624	35.629096606481	
0.025000000000	-2.289002635428	-0.030765062120	8.940052949027	-901.068188193975	-12.110697626636	3519.260829348827	22.603472135231	-2275.422056205697	33.138682283973	
0.025862068966	-2.281295413112	-0.035666533041	8.965757119129	-898.034232382371	-14.040166581320	3529.379301745755	23.072772733146	-2269.428670528293	31.272266490263	
0.026724137931	-2.273940030676	-0.045406792393	8.998276528724	-895.138778693566	-17.874429465317	3542.180600019434	24.125663831758	-2269.005048705478	27.042318027999	
0.027586206897	-2.265040025367	-0.049423765036	9.031657538781	-891.635282657958	-19.455714784197	3555.321068180543	25.607583563081	-2269.578440116257	23.322459345180	
0.028448275862	-2.250136126888	-0.057012598911	9.054136635228	-885.768348041301	-22.443066866662	3564.169987091582	27.206491523155	-2265.435348243191	16.633081716300	
0.029310344828	-2.235131954634	-0.064664386911	9.056917762487	-879.861940552106	-25.455200903977	3565.264780632577	27.131907503133	-2254.486946503963	9.553133513547	
0.030172413793	-2.221934032885	-0.065952443789	9.049335650759	-874.666565389751	-25.962245788637	3562.280074729794	26.214851618255	-2241.263019192745	3.408716626554	
0.031034482759	-2.207374333567	-0.067130597778	9.041420819517	-868.935125119107	-26.426027290754	3559.164393455877	23.070916504446	-2231.931065947021	-4.483681687861	
0.031896551724	-2.192115091533	-0.069924122711	9.029934320267	-862.928309154550	-27.525701188280	3554.642721480690	18.189920850104	-2225.600304103288	-14.051459252046	
0.032758620690	-2.176449397687	-0.073423537779	9.007853722072	-856.761493025930	-28.903249447475	3545.950671807044	11.402119637209	-2219.488153451016	-23.682943383272	
0.033620689655	-2.157889455105	-0.072012675397	8.980085160190	-849.455352973287	-28.347862052587	3535.019549510981	4.109348844409	-2213.709034399048	-31.027311265338	
0.034482758621	-2.138521227659	-0.074969783271	8.939028169106	-841.831030771629	-29.511930539399	3518.857423702884	-3.159518933793	-2206.067539437197	-38.346241028452	
0.035344827586	-2.116714606657	-0.079286264414	8.900005590594	-833.246832495415	-31.211117680144	3503.496146448867	-10.125832285193	-2199.326759895311	-46.216548252084	
0.036206896552	-2.092144644492	-0.086223094864	8.879586398616	-823.574842193239	-33.941807959220	3495.458111002661	-16.617336473635	-2198.703987801280	-55.012420792512	
0.037068965517	-2.070203683609	-0.091197995474	8.869133315898	-814.937760888025	-35.900182584868	3491.343244484075	-24.002026622280	-2203.346290052988	-64.097229953386	
0.037931034483	-2.056495983241	-0.100364629915	8.847446631268	-809.541710859736	-39.508637446286	3482.806259281406	-31.953095867790	-2206.829553777624	-73.605408167785	
0.038793103448	-2.039775242755	-0.110920399813	8.823143298419	-802.959574560945	-43.663926876582	3473.239227877210	-38.281016435253	-2208.776398755394	-83.512327449591	
0.039655172414	-2.022304098529	-0.115970134110	8.810889172920	-796.082041075454	-45.651759858000	3468.415379057472	-43.062393694463	-2213.536920080681	-90.160940503761	
0.040517241379	-2.008927191278	-0.127665265924	8.784984801413	-790.816208090772	-50.255560251887	3458.218097176120	-47.708383900852	-2214.000530205041	-98.215865805951	
0.041379310345	-2.004586092701	-0.138864821618	8.759594484900	-789.107330272405	-54.664276607725	3448.223173560394	-50.002174883350	-2214.002703372304	-104.797626032290	
0.042241379310	-2.003251496960	-0.138356702073	8.752458335682	-788.581965317539	-54.464254838243	3445.414021247870	-52.099912599032	-2219.133967661040	-107.153216193749	
0.043103448276	-2.007309804320	-0.139114576936	8.751587360868	-790.179522089072	-54.762593039984	3445.071161136790	-54.992654045639	-2227.299553977975	-110.298173734077	
0.043965517241	-2.014223187070	-0.143515773846	8.740705203344	-792.900982157327	-56.495128627413	3440.787388889435	-59.401165568843	-2232.890985088699	-114.299732797677	
0.044827586207	-2.018369391341	-0.146185585824	8.728252103147	-794.533139635921	-57.546102795796	3435.885213479749	-65.061712807412	-2237.818166436750	-118.135533293880	
0.045689655172	-2.019124740344	-0.148647094078	8.710743050834	-794.830483530424	-58.515077994453	3428.992757437889	-71.661657339899	-2241.081627606650	-121.964277810631	
0.046551724138	-2.019110057278	-0.150395704303	8.676831188362	-794.824703526624	-59.203420167040	3415.643318689717	-78.373146759865	-2238.146934310503	-125.467509876198	
0.047413793103	-2.019095079360	-0.151735631017	8.651162080108	-794.818807454204	-59.730883664805	3405.538648424505	-84.093213638763	-2235.902865911625	-127.985173367840	
0.048275862069	-2.022119208023	-0.155089090183	8.648219728706	-796.009258741951	-61.050976236055	3404.380388837800	-87.220396809790	-2239.165462295749	-130.560676094241	
0.049137931034	-2.028371505977	-0.160590454839	8.652143992730	-798.470482115925	-63.216593962591	3405.925179315299	-87.773266855712	-2243.126247624261	-133.854217391308	
0.050000000000	-2.039839481680	-0.163792951189	8.647302924162	-802.984862278538	-64.477259869729	3404.019487807415	-90.256784431549	-2244.869024333209	-136.225315378554	
0.050862068966	-2.053570806342	-0.175013957489	8.635303555932	-808.390212033261	-68.894420278150	3399.295924442723	-94.210567819313	-2245.281931880417	-139.524293570610	
0.051724137931	-2.064971810425	-0.188300695586	8.623147424742	-812.878228750284	-74.124758085294	3394.510651181358	-97.642054805793	-2243.673027321157	-143.086278859525	
0.052586206897	-2.073140429961	-0.193867894518	8.606245935848	-816.093814041236	-76.316291540419	3387.857363089900	-101.977850711558	-2240.580393466269	-145.580135081275	
0.053448275862	-2.081227509144	-0.199686124561	8.600273987547	-819.277300890013	-78.606643644936	3385.506499638428	-103.470576719272	-2238.569717488663	-147.762476815527	
0.054310344828	-2.094847623807	-0.201614774766	8.583432128507	-824.638872717192	-79.365858736834	3378.876684898905	-104.084263103478	-2232.227067759683	-148.163167027847	
0.055172413793	-2.103136149190	-0.197461612100	8.586277794168	-827.901659065559	-77.730962078880	3379.996884046721	-103.912152183250	-2230.883841264543	-147.474564965095	
0.056034482759	-2.109321645925	-0.184970461270	8.594436372333	-830.336586072429	-72.813807999133	3383.208516541843	-103.338095492034	-2231.067250919724	-144.408523078313	
0.056896551724	-2.114336850078	-0.172785587007	8.595908835048	-832.310826228172	-68.017219998307	3383.788152969774	-103.351338345885	-2228.391921858196	-141.307049142429	
0.057758620690	-2.114676982962	-0.164261986586	8.584175148488	-832.444719879915	-64.661896124937	3379.169175461561	-103.354967520298	-2222.481322584952	-139.273403553243	
0.058620689655	-2.107612544901	-0.154117207340	8.568663065046	-829.663796736349	-60.668393578015	3373.062828222688	-104.365731048655	-2216.211917328088	-136.308737431561	
0.059482758621	-2.098112735091	-0.144222481923	8.553576900557	-825.924187056121	-56.773324972043	3367.124144408063	-107.161488225559	-2209.784280405876	-133.906223218800	
0.060344827586	-2.089117229115	-0.132717570197	8.525132121136	-822.383097086855	-52.244404907024	3355.926828397954	-109.809289127728	-2199.886937597263	-131.057309692527	
0.061206896552	-2.088787472657	-0.120529195190	8.488944015247	-822.253288125996	-47.446438834723	3341.681344140762	-111.451010823234	-2186.889459328709	-127.731474306155	
0.062068965517	-2.079007293138	-0.108923489743	8.492403748905	-818.403310627922	-42.877841220078	3343.043271773031	-113.088853205726	-2188.125898505627	-124.589707669990	
0.062931034483	-2.070640818531	-0.094479592075	8.463996188786	-815.109839489187	-37.191986385005	3331.860607178494	-115.316831775353	-2178.989482738086	-119.666710867471	
0.063793103448	-2.067573382109	-0.081468627193	8.436203595448	-813.902340058445	-32.070206981665	3320.920024875722	-117.996888120132	-2172.849043738223	-115.084461189273	
0.064655172414	-2.059503478594	-0.070698539509	8.417031895050	-810.725614428440	-27.830551139216	3313.373065743924	-120.124126824958	-2170.285174321711	-110.629271019028	
0.065517241379	-2.048736812219	-0.053359812660	8.386018717447	-806.487305388072	-21.005143887596	3301.164697208189	-122.719945778677	-2162.657682489671	-103.888814230612	
0.066379310345	-2.038631092149	-0.042534167241	8.369039519282	-802.509178524761	-16.743617687150	3294.480818784023	-125.682456716003	-2160.159953541312	-99.974417896183	
0.067241379310	-2.032371248904	-0.039587620709	8.352752530311	-800.044984939568	-15.583706682903	3288.069429205034	-127.086678556880	-2157.998537787663	-98.603709011995	
0.068103448276	-2.024532751217	-0.043679496153	8.368352149825	-796.959352446257	-17.194477564353	3294.210235106233	-126.298686340555	-2165.324696521795	-100.085612086405	
0.068965517241	-2.022090481054	-0.049548459511	8.380685616575	-795.997950341938	-19.504800889302	3299.065316689163	-124.706226522672	-2172.362350105472	-102.906512835516	
0.069827586207	-2.022898943467	-0.057433835040	8.393455681693	-796.316202383305	-22.608886892446	3304.092265658798	-123.302716661726	-2181.369464954847	-106.766941195125	
0.070689655172	-2.018102720473	-0.063942925286	8.418273903715	-794.428164380809	-25.171196810037	3313.861983703287	-122.931388994597	-2195.475103676540	-110.504251023446	
0.071551724138	-2.017141934796	-0.067704667125	8.426016656527	-794.049950133397	-26.652010266058	3316.909926130291	-123.293310126940	-2203.633314644409	-114.163771090185	
0.072413793103	-2.017098430324	-0.070052537077	8.430532674875	-794.032824554137	-27.576251632808	3318.687661292090	-124.821999659650	-2212.728121517972	-118.254095108278	
0.073275862069	-2.017262508572	-0.077553460939	8.429278378613	-794.097414121374	-30.528997850421	3318.193906307747	-126.964823434424	-2219.751615893647	-123.418469113724	
0.074137931034	-2.015622023476	-0.092728114973	8.445170689743	-793.451635514675	-36.502515663448	3324.449930557992	-127.555622486660	-2230.227029518093	-130.248862183319	
0.075000000000	-2.013161719800	-0.112959454266	8.459423501783	-792.483134499565	-44.466602711205	3330.060564343522	-126.444981237576	-2236.874099544726	-139.606583782569	
0.075862068966	-2.006185517541	-0.133621495317	8.462923003209	-789.736945468466	-52.600235939200	3331.438146597640	-124.723647952668	-2235.990619744740	-150.319045416362	
0.076724137931	-2.002754014380	-0.152706621807	8.447623260166	-788.386130799944	-60.113115165191	3325.415387370370	-123.818788805667	-2228.310677016167	-161.254470673286	
0.077586206897	-2.002398457603	-0.162748218801	8.427081110094	-788.246165517239	-64.065999914851	3317.328949346867	-123.440597489838	-2222.958185549564	-168.423730640684	
0.078448275862	-2.001364500338	-0.165580608751	8.408950717898	-787.839147200646	-65.180973065768	3310.191902235184	-124.303767825558	-2221.187251418597	-172.460250566887	
0.079310344828	-1.999776186222	-0.158261188755	8.389795983306	-787.213905752476	-62.299676027287	3302.651621710128	-126.122986173950	-2219.937370378259	-170.446755973728	
0.080172413793	-1.993923754395	-0.144426710895	8.367156600203	-784.910090081090	-56.853719912324	3293.739605795918	-127.456498597028	-2211.994982101850	-163.154478507487	
0.081034482759	-1.984371746632	-0.129900119205	8.336023553865	-781.149932624112	-51.135312492103	3281.484050812104	-127.384624789868	-2192.142595556423	-152.771632651834	
0.081896551724	-1.976043856026	-0.114982938349	8.299920100495	-777.871650116448	-45.263149254452	3267.271890103963	-126.328972978564	-2164.675587326022	-141.291251775785	
0.082758620690	-1.965362323448	-0.100674064457	8.286188907770	-773.666854080850	-39.630446664699	3261.866592286393	-125.005718540909	-2147.949533942775	-131.975411532956	
0.083620689655	-1.955622652684	-0.097648010703	8.300114534525	-769.832822894665	-38.439237562617	3267.348429255622	-122.644217338029	-2147.179699055163	-129.861263534788	
0.084482758621	-1.951589168103	-0.096257186505	8.311620134758	-768.245037635281	-37.891738219234	3271.877620351890	-121.674701198218	-2147.334717390808	-130.104914580871	
0.085344827586	-1.948980785950	-0.091527011391	8.318290906048	-767.218245379171	-36.029700031078	3274.503576175155	-122.019258684143	-2148.018506471286	-128.941965710098	
0.086206896552	-1.949862862711	-0.081870646984	8.304297685662	-767.565475782415	-32.228462476384	3268.995130905005	-122.657330937032	-2139.185947401099	-123.896627322298	
0.087068965517	-1.951326227829	-0.067239893012	8.285133689447	-768.141530932168	-26.469051469183	3261.451204532704	-123.633653359662	-2129.530449793244	-114.006162990569	
0.087931034483	-1.952909227449	-0.053044843217	8.279805014541	-768.764680323490	-20.881155849581	3259.353566299780	-124.004173781085	-2129.993298658904	-103.670688322465	
0.088793103448	-1.947507727363	-0.035711507222	8.271793502442	-766.638374385780	-14.057870712822	3256.199826509728	-124.305959538895	-2127.514157946364	-92.278989077345	
0.089655172414	-1.932725862086	-0.030578572557	8.239426078719	-760.819478261703	-12.037285822675	3243.458357627282	-124.878563751639	-2104.782372524344	-86.970946295078	
0.090517241379	-1.921519480772	-0.034311905051	8.200422345696	-756.408074993279	-13.506915911473	3228.104498918720	-123.565277837756	-2073.997788989576	-86.800253851541	
0.091379310345	-1.917238499249	-0.045143318483	8.160624879297	-754.722862313810	-17.770712695858	3212.438186269078	-121.269052080679	-2044.977711430443	-91.726408490886	
0.092241379310	-1.918962190963	-0.066165680078	8.138798156926	-755.401395289624	-26.046186468142	3203.846075068646	-118.766447720863	-2026.294220533572	-102.158535224539	
0.093103448276	-1.926041105588	-0.086074258878	8.148252688670	-758.188017146890	-33.883218523450	3207.567860992758	-116.380922294070	-2029.586152848663	-110.942616162131	
0.093965517241	-1.935726915467	-0.096124692196	8.158606973943	-762.000845941546	-37.839581701253	3211.643835798051	-115.335421446428	-2040.489777042456	-115.148198899259	
0.094827586207	-1.945586922822	-0.098701541792	8.176664221638	-765.882247747283	-38.853961134648	3218.752089503147	-115.007217640693	-2058.333316108849	-113.966154926602	
0.095689655172	-1.956418556026	-0.103336502709	8.216092292200	-770.146131045438	-40.678518158719	3234.272989110373	-113.471073150607	-2084.820093539218	-113.447823913498	
0.096551724138	-1.971548624718	-0.112144195561	8.250598416834	-776.102097793791	-44.145675302805	3247.856359756156	-111.774511494161	-2109.128132070094	-115.347436278051	
0.097413793103	-1.983361280307	-0.119778511839	8.262937116904	-780.752161539669	-47.150931579153	3252.713501440672	-110.273342783911	-2122.808098052361	-118.075072948499	
0.098275862069	-1.991252323029	-0.126346242303	8.271153397906	-783.858478438794	-49.736325277793	3255.947848715589	-109.245549558048	-2133.379775231806	-121.240022797019	
0.099137931034	-1.998825814794	-0.133172960161	8.275395522346	-786.839791084471	-52.423669624292	3257.617765265361	-108.948921430174	-2142.225352834370	-124.954866871422	
0.100000000000	-2.006601228728	-0.140929955163	8.277238407668	-789.900590594989	-55.477218503470	3258.343218924812	-108.645758434997	-2149.205698553595	-129.321053257021	
0.100862068966	-2.012796598211	-0.147865724783	8.285174224374	-792.339404018881	-58.207491185728	3261.467161147534	-108.095588861379	-2158.398779179694	-133.070898169575	
0.101724137931	-2.019422409404	-0.154502603170	8.294990723478	-794.947661254896	-60.820105033971	3265.331435886621	-106.713113307617	-2167.957238170870	-136.224361648258	
0.102586206897	-2.024192371872	-0.159408128109	8.308033306859	-796.825361775194	-62.751169856693	3270.465661944364	-105.221833868771	-2177.620594953298	-138.211298146596	
0.103448275862	-2.028568002023	-0.163191497162	8.316016969329	-798.547832981914	-64.240496887207	3273.608438700308	-104.242435507233	-2182.826256798750	-139.643548316124	
0.104310344828	-2.027886826649	-0.168987131487	8.321619623707	-798.279687611234	-66.521954165005	3275.813929227531	-103.525544732543	-2184.121687956157	-141.749315399897	
0.105172413793	-2.025283562852	-0.167549067144	8.315182063568	-797.254910200959	-65.955858690875	3273.279777208315	-103.744626238915	-2178.787433101774	-141.109048467140	
0.106034482759	-2.022831430094	-0.160417667823	8.305562004766	-796.289625676022	-63.148576179932	3269.492831391186	-104.519204633129	-2172.329082650416	-137.263599565852	
0.106896551724	-2.018377085066	-0.140703055351	8.278152615806	-794.536168278806	-55.387899164501	3258.703097877241	-105.594858567525	-2155.183287491484	-125.530001136155	
0.107758620690	-2.013451374336	-0.118887383362	8.247864779937	-792.597157298686	-46.800137958223	3246.780260843963	-105.650368620196	-2137.015011154876	-112.135471894265	
0.108620689655	-2.017604961354	-0.102752916337	8.233064409534	-794.232221003312	-40.448788796796	3240.954080158178	-104.483499415061	-2128.374284558972	-103.909082410813	
0.109482758621	-2.022137668073	-0.097978360624	8.245462840284	-796.016525559472	-38.569280140978	3245.834734885038	-102.339755519382	-2137.383777335934	-104.240775385620	
0.110344827586	-2.023001852633	-0.098276451785	8.272906076253	-796.356712679996	-38.686624026382	3256.637792308632	-100.471616990751	-2156.305338897324	-108.346893786958	
0.111206896552	-2.020019264303	-0.092140277818	8.293022322256	-795.182613785841	-36.271112976593	3264.556572767224	-99.088956357911	-2168.775987594311	-109.063052970902	
0.112068965517	-2.015397816466	-0.082000879209	8.306172719300	-793.363376199886	-32.279728522709	3269.733239781386	-98.797124381044	-2176.508259477308	-107.286542352121	
0.112931034483	-2.011223103198	-0.068609744995	8.311558014300	-791.719996125483	-27.008295079208	3271.853166571114	-100.388771498890	-2180.065823899281	-102.742806220157	
0.113793103448	-2.003858583335	-0.057104336585	8.311367283503	-788.820945479199	-22.479179494351	3271.778085201362	-102.499873763257	-2180.248277626619	-98.615499241404	
0.114655172414	-1.990105557741	-0.047482351362	8.309235778254	-783.407053130526	-18.691475339730	3270.939016017665	-104.118563023298	-2177.075003185678	-95.934964805060	
0.115517241379	-1.977270786877	-0.043146091812	8.307121740562	-778.354632679342	-16.984502409301	3270.106822955245	-105.217968764545	-2170.751168993029	-96.007210125106	
0.116379310345	-1.967390661657	-0.037430895068	8.309815688287	-774.465311455380	-14.734709466772	3271.167298184736	-105.732551208692	-2166.306254489641	-94.833377839713	
0.117241379310	-1.958896277760	-0.034078276902	8.316468321658	-771.121488696445	-13.414947955824	3273.786113998012	-106.616884660382	-2164.668752982097	-94.577400153059	
0.118103448276	-1.953343673864	-0.031334656934	8.315282071542	-768.935700591592	-12.334919197477	3273.319145447615	-108.090149211909	-2160.956608702595	-93.017603684146	
0.118965517241	-1.950744241822	-0.029357208719	8.308952083357	-767.912431555417	-11.556494720107	3270.827339236148	-110.524059422056	-2157.271127566272	-90.609935244984	
0.119827586207	-1.947419392922	-0.026976454779	8.301178793547	-766.603601443951	-10.619308538601	3267.767375889092	-112.951145387969	-2154.993413046843	-87.553691574291	
0.120689655172	-1.945411753906	-0.025410399084	8.293523844340	-765.813292327448	-10.002829140301	3264.753997439460	-114.656267870167	-2152.286667592039	-84.592190677516	
0.121551724138	-1.947129075978	-0.025079254720	8.284738409166	-766.489317887097	-9.872473828434	3261.295602052719	-116.303731876150	-2149.977601679374	-82.073726226763	
0.122413793103	-1.949231508247	-0.027136425438	8.287590293747	-767.316942463289	-10.682281149428	3262.418249284582	-117.674171482988	-2151.888311644600	-80.770949529778	
0.123275862069	-1.949459604194	-0.036690605907	8.299244070757	-767.406732662101	-14.443293894174	3267.005770318110	-118.710452294155	-2155.402444819727	-83.084408532484	
0.124137931034	-1.952981949771	-0.050593013939	8.301525365675	-768.793307538739	-19.915990790022	3267.903804355653	-118.954761737127	-2155.354057157414	-88.478410947141	
0.125000000000	-1.958250931701	-0.071188534045	8.300663195334	-770.867447571452	-28.023437980740	3267.564410134326	-119.127663991285	-2154.358643851501	-98.226627807112	
0.125862068966	-1.963072766690	-0.094285072129	8.298744711804	-772.765567761718	-37.115413412930	3266.809197164395	-119.122190825302	-2152.512736882038	-109.894667514206	
0.126724137931	-1.968982080257	-0.116081552193	8.295368529602	-775.091774987028	-45.695619698303	3265.480159647306	-118.874693460118	-2150.179587783871	-121.384016829832	
0.127586206897	-1.973021217042	-0.133805905110	8.307143849776	-776.681785242053	-52.672829039774	3270.115526269376	-118.202115987727	-2153.418401639152	-131.514175530034	
0.128448275862	-1.981606136893	-0.153303833998	8.316460793696	-780.061247570475	-60.348208344383	3273.783150608505	-117.223685478007	-2156.303237724839	-143.157738282440	
0.129310344828	-1.991174390821	-0.175102844947	8.326028632355	-783.827800346634	-68.929410915582	3277.549539913573	-115.613092751336	-2162.121350528048	-156.195601926713	
0.130172413793	-1.997287748014	-0.196259901142	8.337089168758	-786.234329550352	-77.257907352214	3281.903531185959	-113.930302681809	-2170.495344417237	-169.387077501505	
0.131034482759	-2.006092229760	-0.213635809062	8.347419649818	-789.700222639586	-84.097950970074	3285.970135438809	-112.084259630707	-2179.147602050258	-180.409529668068	
0.131896551724	-2.014451401954	-0.231839960765	8.356284327003	-792.990819175668	-91.264033585808	3289.459724522876	-110.416870407240	-2187.710903676708	-191.201145409686	
0.132758620690	-2.023260735338	-0.243495895527	8.357922458162	-796.458622116955	-95.852404020656	3290.104576500053	-108.260829473277	-2192.020897224161	-199.026631545879	
0.133620689655	-2.025891436845	-0.251849335253	8.361160651675	-797.494200409479	-99.140743965122	3291.379294631106	-106.391619475192	-2195.942855615428	-205.311426055598	
0.134482758621	-2.027033697828	-0.249035516594	8.359790257339	-797.943852593479	-98.033081421634	3290.839837523341	-104.971563879938	-2195.248185581950	-205.977504633565	
0.135344827586	-2.029036691174	-0.239318314523	8.352673604218	-798.732332937578	-94.207895059472	3288.038359869187	-104.044738702550	-2190.253943885806	-202.654753243102	
0.136206896552	-2.029905369183	-0.224814456138	8.353325890354	-799.074288908833	-88.498436627859	3288.295132962137	-102.820925756260	-2189.671991066884	-196.183194262170	
0.137068965517	-2.025964126054	-0.208672598321	8.358713719811	-797.522814589760	-82.144178073217	3290.416057443565	-101.933907070643	-2188.789994715979	-187.994853722313	
0.137931034483	-2.022149558792	-0.191668624000	8.375623621201	-796.021206352657	-75.450546490433	3297.072657122240	-100.804073652569	-2191.186835143595	-179.529149261945	
0.138793103448	-2.019110391963	-0.177111852524	8.404647302539	-794.824835275804	-69.720258767327	3308.497858453825	-99.421852062883	-2200.348618324620	-173.055225771507	
0.139655172414	-2.014495527025	-0.167096856118	8.445750851615	-793.008189054252	-65.777845365692	3324.678311862381	-98.380795656261	-2216.663126491437	-169.438109706502	
0.140517241379	-2.010900850400	-0.158188434732	8.475017713098	-791.593140987858	-62.271036333036	3336.199241302009	-96.960834238886	-2227.447509724120	-164.009299461211	
0.141379310345	-2.007683963955	-0.148863639558	8.485131797573	-790.326810405287	-58.600321340214	3340.180660821681	-95.350007745611	-2230.834801085747	-156.959818874438	
0.142241379310	-2.007622463656	-0.133329044918	8.488442224682	-790.302600750708	-52.485112545821	3341.483813780551	-94.349521284582	-2233.433027828799	-146.659607188156	
0.143103448276	-2.000422453845	-0.117921766052	8.506049822068	-787.468309651676	-46.420021733568	3348.415062189840	-92.953696555796	-2242.239608311870	-135.610536232477	
0.143965517241	-1.995631816751	-0.104802488169	8.520450051108	-785.582470544510	-41.255604808454	3354.083726825523	-91.683348022207	-2250.286692930859	-125.106975521702	
0.144827586207	-1.990402803404	-0.081889930347	8.527730506990	-783.524064184471	-32.236053391496	3356.949685601408	-90.877946196229	-2251.979879746674	-110.775735915148	
0.145689655172	-1.972512045909	-0.060938841054	8.539229529297	-776.481349514009	-23.988636032704	3361.476287290570	-91.157309849100	-2251.135398010749	-98.735744807128	
0.146551724138	-1.953194705312	-0.054461497660	8.527165255824	-768.877058971256	-21.438823294952	3356.727173911511	-92.192426634830	-2234.991792587154	-93.960173636523	
0.147413793103	-1.943077202897	-0.059735402063	8.502612927135	-764.894293976164	-23.514901064078	3347.062125044649	-93.576058162995	-2212.328987033550	-96.138850455147	
0.148275862069	-1.936865322426	-0.077178899040	8.454297220532	-762.448980984997	-30.381551182292	3328.042598576806	-94.814774698064	-2179.452188247920	-103.784044908440	
0.149137931034	-1.932772022434	-0.093587187380	8.386800881339	-760.837649329028	-36.840690379826	3301.472596810172	-96.603508031687	-2138.625334317637	-111.365046341858	
0.150000000000	-1.930174067366	-0.110577117104	8.337669161985	-759.814961704963	-43.528793293141	3282.131846102684	-98.005356628081	-2108.882072765466	-118.795975289239	
0.150862068966	-1.936596175736	-0.115754342842	8.305775426873	-762.343031120037	-45.566813408559	3269.576845218426	-98.416863449094	-2094.899778268037	-120.726233823737	
0.151724137931	-1.947075278556	-0.116454857516	8.288694251184	-766.468140478042	-45.842571713908	3262.852823239555	-99.348389876152	-2091.615694768151	-119.892114565172	
0.152586206897	-1.953152583111	-0.130158618637	8.270768982646	-768.860477524543	-51.237071053377	3255.796523261991	-100.240924489823	-2088.155780228425	-124.755953321885	
0.153448275862	-1.960537712846	-0.144603700304	8.257362488647	-771.767641267797	-56.923391971160	3250.519043423979	-101.383862393440	-2085.880933229860	-130.523291970394	
0.154310344828	-1.967805826039	-0.147736977557	8.263357194281	-774.628741331568	-58.156809711009	3252.878865322426	-102.492800656973	-2092.580676828090	-131.119262501173	
0.155172413793	-1.976211825122	-0.152191731885	8.269472850839	-777.937771319972	-59.910428229959	3255.286299673495	-102.957207824040	-2097.696484895439	-133.525924585078	
0.156034482759	-1.986327839266	-0.159671182643	8.275537206960	-781.919950455593	-62.854721538671	3257.673539556175	-102.821600901136	-2101.570796094354	-139.120111447220	
0.156896551724	-1.997292535042	-0.167426928499	8.281474839623	-786.236213968989	-65.907778690359	3260.010894621788	-102.292951270649	-2106.984842540833	-144.401442038750	
0.157758620690	-2.006450264945	-0.173105474923	8.285509471489	-789.841163549848	-68.143144198035	3261.599131511144	-101.424785550257	-2112.176120064789	-148.077155009263	
0.158620689655	-2.007852296782	-0.172147953790	8.296772080294	-790.393074791867	-67.766215041274	3266.032668787951	-100.295671017781	-2119.556837909410	-148.897222888575	
0.159482758621	-2.012296981896	-0.169912510213	8.294964300322	-792.142729554530	-66.886230430415	3265.321034384780	-98.980104409174	-2122.582260332098	-149.696608811441	
0.160344827586	-2.016762307905	-0.168205139802	8.303198489480	-793.900509626054	-66.214122351936	3268.562431223428	-97.944557962332	-2131.900761676657	-151.747012463324	
0.161206896552	-2.023852939080	-0.169375114409	8.324944297668	-796.691743715426	-66.674684031975	3277.122690474132	-96.785600626380	-2149.204054040719	-155.446137181655	
0.162068965517	-2.031931495930	-0.163893302011	8.334198985819	-799.871875739327	-64.516763071687	3280.765807767004	-96.038225057614	-2161.464310048478	-154.669366221300	
0.162931034483	-2.035065745516	-0.156084200204	8.336086659038	-801.105676239360	-61.442702296068	3281.508892226919	-95.742779819832	-2168.704211756395	-151.199396605995	
0.163793103448	-2.035193063850	-0.147668970204	8.330000916289	-801.155795229326	-58.130038548186	3279.113233476572	-96.484522856144	-2171.607506591162	-146.094813589580	
0.164655172414	-2.027988799769	-0.134010473653	8.332457522211	-798.319829432571	-52.753357652202	3280.080278867310	-96.928901523250	-2175.065591858139	-138.370912529186	
0.165517241379	-2.013147416549	-0.127395830723	8.352260975141	-792.477504010342	-50.149496814373	3287.875928018079	-96.988194670053	-2183.749744079169	-134.754397874564	
0.166379310345	-2.004366056878	-0.128743723823	8.368153362215	-789.020712949459	-50.680096287750	3294.131982163863	-96.946262632489	-2189.003739006182	-135.017487315880	
0.167241379310	-1.995630529303	-0.129078211688	8.378318049342	-785.581963739178	-50.811767772048	3298.133321468493	-96.959019709478	-2188.890776269177	-135.106818075917	
0.168103448276	-1.985905371221	-0.124928050604	8.387049648386	-781.753645485294	-49.178052689976	3301.570524208453	-97.482081250257	-2188.505870427646	-134.095342446893	
0.168965517241	-1.972751759240	-0.124624309292	8.391123826680	-776.575712907571	-49.058484617168	3303.174328588835	-98.219661340788	-2187.745476887245	-134.242302989538	
0.169827586207	-1.957965988259	-0.125649144383	8.382670524826	-770.755279299241	-49.461911980718	3299.846677817484	-99.542269828975	-2181.903806486509	-134.247335220560	
0.170689655172	-1.950590049008	-0.118751299100	8.341758206696	-767.851733399322	-46.746568251988	3283.741502663096	-100.105896121215	-2162.157058616142	-129.643398000621	
0.171551724138	-1.944231261914	-0.109816156107	8.298622622648	-765.348590468430	-43.229240231688	3266.761136645357	-100.783046513857	-2139.421762226787	-123.084877429669	
0.172413793103	-1.935487088288	-0.104921115892	8.260756750407	-761.906437731299	-41.302302730684	3251.855197977559	-101.512577778742	-2118.125250828061	-117.043809743722	
0.173275862069	-1.932059499550	-0.107590368326	8.235070870711	-760.557163979441	-42.353056634247	3241.743925617361	-102.538752326718	-2102.489186565770	-115.108302922243	
0.174137931034	-1.933600996864	-0.110118876421	8.232034320974	-761.163975946406	-43.348406387466	3240.548584761191	-104.380445651857	-2100.335147605688	-114.208255759062	
0.175000000000	-1.937294730262	-0.112724711113	8.239263492991	-762.618017811152	-44.374195833115	3243.394355592120	-106.869171992050	-2105.812726428646	-113.928159007436	
0.175862068966	-1.939050125382	-0.110137922316	8.260058246600	-763.309030864635	-43.355903823365	3251.580231251895	-110.330998901122	-2117.261295848366	-110.430556444762	
0.176724137931	-1.943486441373	-0.104711270831	8.291075522324	-765.055391113841	-41.219697011727	3263.790213017302	-113.362537164594	-2131.443819286086	-105.139224448055	
0.177586206897	-1.949684638276	-0.107669376377	8.305600127674	-767.495317554459	-42.384158233060	3269.507838512272	-114.197441240933	-2136.429302791677	-104.959429441259	
0.178448275862	-1.958156262353	-0.117438597434	8.297977240857	-770.830180887465	-46.229821921714	3266.507081454692	-113.436808631341	-2131.837235210197	-108.113544434148	
0.179310344828	-1.967371755821	-0.132421012274	8.277482616371	-774.457869154307	-52.127664582732	3258.439351925928	-111.607689509455	-2122.852383791675	-114.164582057150	
0.180172413793	-1.975573375041	-0.143356535408	8.253441990398	-777.686444803704	-56.432444255973	3248.975735347693	-110.122087562753	-2111.891550480100	-119.688600169262	
0.181034482759	-1.981725352204	-0.152088178654	8.246768191697	-780.108176797624	-59.869664396568	3246.348587780871	-109.376802865312	-2106.175052461530	-125.083216844906	
0.181896551724	-1.992216476917	-0.162269979543	8.246592412771	-784.238018585765	-63.877740550568	3246.279392229989	-109.078453837205	-2102.207071473112	-132.057185904509	
0.182758620690	-2.001506482967	-0.162552264259	8.260264075798	-787.895038805342	-63.988862212493	3251.661256122442	-109.212859617316	-2106.465640722143	-134.020658570615	
0.183620689655	-2.011328332429	-0.157022662433	8.272056980938	-791.761419718043	-61.812128895782	3256.303545084239	-109.355156381093	-2111.840580764241	-133.146143369309	
0.184482758621	-2.019604619537	-0.153944463981	8.290811439804	-795.019388456951	-60.600392981140	3263.686256667850	-109.655539773196	-2120.633618674940	-133.089828037902	
0.185344827586	-2.031252451556	-0.155713528102	8.306796344579	-799.604569238825	-61.296786850545	3269.978730499171	-109.623209373611	-2131.934977911007	-135.216432852500	
0.186206896552	-2.039534760680	-0.155625977862	8.322408824705	-802.864908550562	-61.262322610611	3276.124598993648	-109.745979750490	-2145.056800417965	-136.781769045287	
0.187068965517	-2.041168718101	-0.152389775362	8.337861670644	-803.508117531481	-59.988388243740	3282.207627329544	-109.977648416937	-2156.730051146234	-138.353140808883	
0.187931034483	-2.043010998804	-0.145828509564	8.344361863491	-804.233333182130	-57.405539367083	3284.766434777587	-110.488529354887	-2164.029825203060	-137.588087806658	
0.188793103448	-2.041599918681	-0.138260311978	8.341458454621	-803.677860073303	-54.426310780308	3283.623504957331	-110.739203599487	-2166.935480004696	-135.366226441317	
0.189655172414	-2.038475516608	-0.124580649772	8.341034586979	-802.447936056857	-49.041298003348	3283.456649034202	-110.646779919715	-2169.065563942556	-128.763313592061	
0.190517241379	-2.029633105673	-0.109984237044	8.338590617770	-798.967112104584	-43.295405461445	3282.494578098469	-110.204289487271	-2167.003324918070	-121.030430986615	
0.191379310345	-2.020439111124	-0.101060583493	8.336253138068	-795.347886909133	-39.782600271686	3281.574426864300	-109.903225308733	-2165.848277373184	-116.438825520461	
0.192241379310	-2.016685984783	-0.093372018779	8.326881986454	-793.870464952674	-36.755989043892	3277.885463612116	-109.508675062691	-2162.935786465375	-113.410184972547	
0.193103448276	-2.014585860050	-0.079645599551	8.319331837153	-793.043748740529	-31.352570317766	3274.913339750917	-109.862264063063	-2161.199413297591	-107.591653304834	
0.193965517241	-2.011272938768	-0.069620176072	8.327967721957	-791.739613947650	-27.406052288575	3278.312864484216	-110.538025755944	-2168.028751308596	-104.024342967221	
0.194827586207	-2.012424175502	-0.065832534204	8.335078810986	-792.192799445431	-25.915043260122	3281.112151828027	-110.964203511993	-2175.218204488827	-103.800499632030	
0.195689655172	-2.009765520711	-0.065104809793	8.342535454872	-791.146217314690	-25.628573814279	3284.047467188896	-110.821103227180	-2181.113150411416	-104.663484694924	
0.196551724138	-2.003440806372	-0.061572234331	8.333479866632	-788.656487157754	-24.237971932674	3280.482725775893	-111.483050953530	-2177.039292919025	-102.883361642123	
0.197413793103	-1.994750344445	-0.054647787636	8.318683425525	-785.235478085209	-21.512156531487	3274.658091861859	-112.359647363886	-2167.319049503496	-97.792006164526	
0.198275862069	-1.991543568776	-0.048070075342	8.290896786321	-783.973127619693	-18.922833475160	3263.719853410039	-113.611124254470	-2152.313370148029	-92.371683149646	
0.199137931034	-1.991884600511	-0.041638419983	8.267589735083	-784.107375105260	-16.391005878675	3254.545009263221	-114.967367220354	-2141.152001109055	-86.468781300241	
0.200000000000	-1.991580466483	-0.039194680609	8.253487636573	-783.987652439285	-15.429025417673	3248.993704010451	-116.347583732017	-2134.144526388537	-82.472869170856	
0.200862068966	-1.993075704800	-0.040007764685	8.250037913663	-784.576254505782	-15.749096781488	3247.635717119350	-117.210599637236	-2132.952346399789	-80.235547394895	
0.201724137931	-1.994160257482	-0.046730813801	8.261562883518	-785.003189758876	-18.395631823477	3252.172533086864	-117.386325410175	-2140.099113503020	-81.267673801040	
0.202586206897	-1.996272154352	-0.052160837555	8.284733055104	-785.834540084775	-20.533166132247	3261.293494421002	-118.203380045623	-2153.650282657692	-82.006213680952	
0.203448275862	-2.000076345758	-0.052380375405	8.316679222432	-787.332063855405	-20.619587427510	3273.869135299741	-120.136495321591	-2173.467272390948	-79.498189869835	
0.204310344828	-1.997947238182	-0.049387264994	8.347554736227	-786.493938518080	-19.441346505902	3286.023312339148	-122.487211885313	-2192.813817635508	-75.059205133441	
0.205172413793	-1.991436653178	-0.042633001307	8.356690017719	-783.931040187205	-16.782523816250	3289.619425080826	-124.320807078519	-2200.902928669612	-69.957712800126	
0.206034482759	-1.980710174248	-0.039971895916	8.329744076008	-779.708550974784	-15.734977004593	3279.012128042097	-125.840407585570	-2187.377896759283	-68.197956678708	
0.206896551724	-1.968548953011	-0.045274106094	8.290667536321	-774.921274011159	-17.822197370532	3263.629608917147	-126.768633602340	-2163.637755443288	-72.770573955635	
0.207758620690	-1.962112325902	-0.058349731876	8.262335481375	-772.387489280179	-22.969430602481	3252.476667010072	-126.856541508562	-2142.312052745388	-82.860539098728	
0.208620689655	-1.958836297145	-0.075104334576	8.240317795019	-771.097877267197	-29.564896795742	3243.809382645082	-126.180498841719	-2125.923612161472	-96.130362425468	
0.209482758621	-1.958420976625	-0.089749420451	8.212838525001	-770.934385926820	-35.329949570867	3232.992140382000	-125.829362182572	-2109.059150837506	-108.255634884761	
0.210344827586	-1.964552520340	-0.104803795571	8.186478935527	-773.348074273232	-41.256119468445	3222.615661490811	-126.117801469144	-2095.273388355512	-118.914055965426	
0.211206896552	-1.968237491449	-0.113397557662	8.175857119529	-774.798666854264	-44.639062553421	3218.434372946630	-126.377219832796	-2088.263282186926	-125.339717989477	
0.212068965517	-1.968921960639	-0.119949597749	8.178268521631	-775.068108838757	-47.218279719450	3219.383623807935	-126.806629855746	-2087.131921197984	-130.114232263687	
0.212931034483	-1.974153212356	-0.125133504434	8.171877869093	-777.127396335302	-49.258929796536	3216.867937013037	-127.397133510036	-2081.175405028243	-133.572312849770	
0.213793103448	-1.982536114323	-0.127062841008	8.179413188429	-780.427334120570	-50.018415078064	3219.834223043495	-127.511686411569	-2085.286192366390	-135.198476260104	
0.214655172414	-1.985907393878	-0.131378139079	8.194650275415	-781.754441706279	-51.717136501460	3225.832317650838	-126.350451536215	-2095.145032916170	-137.633675670974	
0.215517241379	-1.994274655894	-0.136357468337	8.214793518005	-785.048222808735	-53.677254468610	3233.761725343024	-124.741894728109	-2110.466170830336	-139.609910931072	
0.216379310345	-2.002703292072	-0.144195218391	8.239264037625	-788.366163912426	-56.762592655267	3243.394569987731	-123.440029323148	-2126.725674021576	-142.740508493502	
0.217241379310	-2.005347545874	-0.149637745188	8.267761263360	-789.407077079405	-58.905048799304	3254.612531542016	-122.486740635051	-2144.857896792940	-144.785509427481	
0.218103448276	-2.008925805913	-0.153655951123	8.288584876973	-790.815662740130	-60.486819604684	3262.809767971313	-122.073140678665	-2159.916176940010	-146.583248294173	
0.218965517241	-2.009306542349	-0.155956489011	8.291538084815	-790.965540020948	-61.392428656393	3263.972301206503	-122.032716879348	-2165.108310009819	-148.115238630977	
0.219827586207	-2.011057996571	-0.153504426069	8.290230557604	-791.655001736009	-60.427171614974	3263.457591805770	-122.069120034444	-2167.803117805908	-147.024004670117	
0.220689655172	-2.008471221446	-0.149515896350	8.290534990833	-790.636715108095	-58.857082881964	3263.577432252374	-122.206992404850	-2169.756063887445	-144.983932003275	
0.221551724138	-1.999511963948	-0.144838755233	8.293036883369	-787.109894388404	-57.015921580191	3264.562304763900	-122.698422884870	-2170.100815002093	-142.435326391191	
0.222413793103	-1.991899396587	-0.136953471751	8.295076655099	-784.113199595147	-53.911871811585	3265.365262955823	-123.508415576072	-2169.392386623697	-137.893248934062	
0.223275862069	-1.986863639542	-0.129390082100	8.299631245605	-782.130868772941	-50.934535873189	3267.158182086337	-124.405793610386	-2170.306571873829	-132.665025623623	
0.224137931034	-1.986638768853	-0.120899841299	8.297085397321	-782.042348200157	-47.592344047994	3266.156006350372	-125.104756176266	-2168.932523097343	-126.268329470741	
0.225000000000	-1.985296502546	-0.109210427322	8.290092016041	-781.513963719101	-42.990794486525	3263.403054780260	-125.525938070661	-2165.227324586288	-117.516095555606	
0.225862068966	-1.979596618004	-0.098343947348	8.278214901703	-779.270198440154	-38.713193722454	3258.727616782857	-125.944455063851	-2159.365210185211	-108.214502656839	
0.226724137931	-1.977770959501	-0.086380715351	8.255249623351	-778.551526135205	-34.003855422440	3249.687311876524	-125.878161652826	-2149.525827490777	-99.093568159706	
0.227586206897	-1.973399557678	-0.074729452669	8.252681836447	-776.830719413789	-29.417324156558	3248.676499980774	-125.973252473416	-2148.456157335109	-91.601422890416	
0.228448275862	-1.962684911245	-0.070733174193	8.246376480047	-772.612888076029	-27.844185117469	3246.194390096242	-125.625561927837	-2141.251201094306	-88.960927020737	
0.229310344828	-1.962884390939	-0.072060688170	8.214506668193	-772.691413458001	-28.366762328901	3233.648806626339	-124.989459874069	-2122.342453256599	-90.664852314451	
0.230172413793	-1.966997698431	-0.077340136026	8.187971122088	-774.310621086513	-30.445022284079	3223.203062230217	-124.698837342586	-2105.754060215242	-95.089085524296	
0.231034482759	-1.968692132185	-0.082992149032	8.173970863477	-774.977636637137	-32.669942884752	3217.691846355972	-124.382206163110	-2097.317655170472	-100.405330052897	
0.231896551724	-1.969809440986	-0.088849233739	8.167724359193	-775.417466369688	-34.975590166774	3215.232903666044	-124.319082686430	-2091.928075971114	-105.735953570445	
0.232758620690	-1.971092089493	-0.088830370620	8.166644142555	-775.922382243493	-34.968164681142	3214.807675300676	-124.536570098245	-2090.248378382588	-108.345021748809	
0.233620689655	-1.969964853417	-0.090983420553	8.164387936273	-775.478644629265	-35.815714951378	3213.919517430069	-124.753532390384	-2090.108418205970	-110.204055220951	
0.234482758621	-1.974176002966	-0.093319021025	8.154097399961	-777.136367881885	-36.735126424770	3209.868637467333	-124.577714652039	-2090.500866736540	-110.769312037181	
0.235344827586	-1.976374968937	-0.087166348156	8.161483286759	-778.001993046707	-34.313120565546	3212.776099229389	-124.803467991004	-2101.049794358845	-107.375046844592	
0.236206896552	-1.966934987280	-0.083358275515	8.189816953340	-774.285934779092	-32.814068942856	3223.929675557978	-124.856610148116	-2118.984543213009	-105.248526203306	
0.237068965517	-1.966109122421	-0.080304428992	8.197551237494	-773.960832247211	-31.611919189593	3226.974284289101	-124.759701791814	-2127.601393333774	-103.715351114403	
0.237931034483	-1.971893536762	-0.075941378755	8.210095843168	-776.237872766502	-29.894400078317	3231.912480921853	-125.010471494255	-2138.141972816390	-101.172987000176	
0.238793103448	-1.971501241496	-0.065723850403	8.222518199455	-776.083445340684	-25.872259772671	3236.802553960280	-125.350265189188	-2148.929735465013	-95.093283724701	
0.239655172414	-1.966280769128	-0.055493412424	8.230982061617	-774.028401145743	-21.845037578939	3240.134361807912	-126.123010949932	-2156.186568004923	-89.287132134080	
0.240517241379	-1.958241209103	-0.046881317418	8.234424832269	-770.863620261252	-18.454877723549	3241.489611935281	-126.930449596386	-2158.852867087451	-83.923582508818	
0.241379310345	-1.951342027326	-0.039876942670	8.228203652011	-768.147750419917	-15.697598563830	3239.040638073476	-127.701975956725	-2154.427953791289	-79.656246216927	
0.242241379310	-1.944847430159	-0.035494273300	8.214821511139	-765.591145717431	-13.972356361259	3233.772744868506	-128.350189766075	-2145.624873975299	-77.325186410429	
0.243103448276	-1.941241212085	-0.033432895154	8.200011635239	-764.171554347792	-13.160892782009	3227.942822334510	-128.840154423072	-2135.398855288706	-76.858715398105	
0.243965517241	-1.938622245613	-0.029788320441	8.195609814860	-763.140595563774	-11.726202282768	3226.210041317913	-129.813680554533	-2131.178798722053	-75.688945270744	
0.244827586207	-1.939047391834	-0.030665991214	8.187475126443	-763.307954800794	-12.071698264680	3223.007813046309	-130.141804352874	-2126.515432311679	-77.017137842943	
0.245689655172	-1.940418962774	-0.037431967470	8.181224912172	-763.847875079792	-14.735131618935	3220.547409916145	-130.076135838936	-2123.950662935607	-81.269359170655	
0.246551724138	-1.939993564575	-0.049516822899	8.185651781042	-763.680416651360	-19.492347105318	3222.290051296364	-129.459784740500	-2126.425676438086	-88.452860672048	
0.247413793103	-1.937318307716	-0.066781426118	8.194272151513	-762.627299099769	-26.288575515862	3225.683468796681	-128.617990478122	-2132.268716725774	-97.803429868347	
0.248275862069	-1.942208680854	-0.084232867877	8.190128415254	-764.552399400947	-33.158353105219	3224.052282853348	-128.094328246407	-2133.462481267562	-107.150075860324	
0.249137931034	-1.952068826527	-0.097709564158	8.188699610888	-768.433855655972	-38.463468142198	3223.489832578550	-128.077684713099	-2136.470536804904	-115.249140903410	
0.250000000000	-1.950141141704	-0.110193552276	8.213401836923	-767.675020587842	-43.377802612778	3233.213888686419	-128.567707244946	-2149.472349464658	-122.924543881379	
0.250862068966	-1.953016748671	-0.126914093875	8.219436676719	-768.807006160707	-49.959860619680	3235.589509437787	-128.624195454268	-2154.214912595260	-132.488177846663	
0.251724137931	-1.960906266057	-0.144283151365	8.219776309794	-771.912722609717	-56.797207559058	3235.723206339229	-128.913353750731	-2156.362523997238	-142.924174631708	
0.252586206897	-1.967935271559	-0.157957839085	8.225377380935	-774.679697690675	-62.180262124765	3237.928073623750	-128.691954082932	-2161.712146104012	-151.806573103245	
0.253448275862	-1.974141600879	-0.166526703595	8.232398756198	-777.122825465658	-65.553404252103	3240.692045053581	-128.702274258990	-2168.503533100377	-158.487138930837	
0.254310344828	-1.982640777467	-0.170659477579	8.236954774184	-780.468534872517	-67.180274884917	3242.485526113120	-128.592187201562	-2174.805398943224	-163.045636240915	
0.255172413793	-1.988755050076	-0.169335985932	8.247008242096	-782.875424430728	-66.659281067783	3246.443083861981	-128.744297785637	-2183.892378106300	-164.760924144505	
0.256034482759	-1.989581092820	-0.166966013091	8.255591213710	-783.200596987274	-65.726338876764	3249.821779264674	-128.657061241938	-2189.958828364734	-165.388287168626	
0.256896551724	-1.987509256886	-0.165432417295	8.255461682802	-782.385016689166	-65.122637350062	3249.770789292697	-128.780414923411	-2190.332556386024	-165.853465834403	
0.257758620690	-1.988419788791	-0.161371274304	8.248590716006	-782.743448488900	-63.523964329930	3247.066026306956	-128.968453407378	-2187.409521649683	-165.552295376176	
0.258620689655	-1.989137224509	-0.154101678316	8.241840833815	-783.025867780398	-60.662280562195	3244.408928398215	-129.255177187560	-2183.424953691609	-164.020078723014	
0.259482758621	-1.985479801504	-0.148446927603	8.239088418004	-781.586119538153	-58.436282260062	3243.325437147656	-128.970990621735	-2180.517807119222	-162.644828417484	
0.260344827586	-1.980690151587	-0.143189093168	8.222380524596	-779.700669034286	-56.366530449933	3236.748358113764	-128.293063607820	-2170.185832788885	-160.901376485686	
0.261206896552	-1.970307063227	-0.134290479829	8.214443925108	-775.613355865064	-52.863582364992	3233.624107748056	-127.659178670043	-2164.503044983259	-156.273671936185	
0.262068965517	-1.959636447081	-0.122574216487	8.201413723410	-771.412857093688	-48.251463523866	3228.494755752310	-127.410285186878	-2155.538120876008	-149.352446781205	
0.262931034483	-1.954399914996	-0.112464806490	8.189152003974	-769.351490974877	-44.271884117266	3223.667917571694	-127.265570195369	-2148.353648861259	-143.304119476134	
0.263793103448	-1.951236033955	-0.100511740866	8.180457388073	-768.106026023175	-39.566547819749	3220.245273283130	-127.430647190601	-2143.469846835134	-135.646682717823	
0.264655172414	-1.951794904763	-0.088221616481	8.177613291912	-768.326026078203	-34.728528002457	3219.125691970630	-128.017374894516	-2142.669548821922	-127.516429248567	
0.265517241379	-1.952598841966	-0.076133144585	8.191585492544	-768.642496766131	-29.969888889835	3224.625862793187	-128.377912287161	-2151.749309728982	-119.596694306858	
0.266379310345	-1.947624006123	-0.060546500365	8.220554216119	-766.684147636471	-23.834190726028	3236.029429945990	-128.829862383995	-2168.171118034004	-108.858814305484	
0.267241379310	-1.940380943420	-0.044124611408	8.243896294234	-763.832908722948	-17.369697632157	3245.218062457915	-129.700434092884	-2181.350253305283	-96.563553049310	
0.268103448276	-1.935855134895	-0.025412894240	8.253669721083	-762.051319648010	-10.003811361099	3249.065381760571	-130.908441345814	-2185.510253252525	-82.454252231308	
0.268965517241	-1.930984429284	-0.014704000171	8.244120758773	-760.133961488558	-5.788244446826	3245.306423149253	-132.029759781644	-2176.957585113665	-72.553113243883	
0.269827586207	-1.930273751892	-0.013513544586	8.227806151472	-759.854202618924	-5.319620409347	3238.884161586785	-132.325440908643	-2162.540979747434	-68.701425686368	
0.270689655172	-1.931141663748	-0.024310780313	8.202178486194	-760.195856993555	-9.569963105958	3228.795805391125	-132.052366842448	-2142.481823972135	-73.387588947839	
0.271551724138	-1.934044844963	-0.048003843090	8.191457607360	-761.338697196980	-18.896761082876	3224.575520662219	-130.726398905070	-2131.469070707997	-86.223444704232	
0.272413793103	-1.942679122089	-0.077289077896	8.197553429032	-764.737589065912	-30.424923199560	3226.975146990487	-129.135069419138	-2133.782745057151	-102.884281138523	
0.273275862069	-1.952537176664	-0.103957517199	8.208553489776	-768.618222158239	-40.922981136835	3231.305331958830	-128.140593888548	-2141.302456729951	-118.095505482373	
0.274137931034	-1.963198347312	-0.124793714541	8.225155920883	-772.815002699772	-49.125171163730	3237.840895651682	-128.226283025634	-2153.395817467484	-129.135038931085	
0.275000000000	-1.972223397176	-0.137178645433	8.239935686804	-776.367722650201	-54.000511657841	3243.658965362047	-128.589399640949	-2164.840300629692	-135.483782614329	
0.275862068966	-1.977409190119	-0.149574106340	8.240860579215	-778.409115254388	-58.879997303089	3244.023050189589	-128.943722756978	-2166.716492521205	-141.672472724720	
0.276724137931	-1.981197355888	-0.164274721219	8.235440359586	-779.900330517014	-64.666909126259	3241.889375284462	-129.318395996791	-2163.134096694644	-148.869660630004	
0.277586206897	-1.981940916456	-0.175968655968	8.229319838311	-780.193033881946	-69.270238294126	3239.480025932556	-129.335428832662	-2156.868594140136	-154.707273520833	
0.278448275862	-1.982112991423	-0.186100232514	8.214606254962	-780.260771365744	-73.258543585242	3233.688009058241	-129.046268396180	-2145.390848465924	-161.050788150268	
0.279310344828	-1.986454169560	-0.189810024637	8.201141974045	-781.969680502886	-74.718906983080	3228.387781341707	-129.050502436014	-2136.777133828175	-164.160647710858	
0.280172413793	-1.991452016354	-0.185610991764	8.189024140550	-783.937087916897	-73.065953472174	3223.617584006330	-129.805438573514	-2132.051120431238	-163.713571332923	
0.281034482759	-1.996442570036	-0.173503178388	8.183672655502	-785.901624389870	-68.299700566683	3221.510966538170	-130.739325022221	-2132.327444915324	-159.776973260271	
0.281896551724	-1.999828476157	-0.162225633396	8.190181875118	-787.234489737726	-63.860283644970	3224.073327382740	-131.390451787957	-2139.907514418697	-157.090092313090	
0.282758620690	-2.005546901091	-0.154535551272	8.205289383238	-789.485553461017	-60.833075087270	3230.020413139060	-131.281266470567	-2152.392023886045	-156.973398525657	
0.283620689655	-2.010324872949	-0.148302716411	8.223224417767	-791.366406885266	-58.379513379690	3237.080557508821	-131.199261426327	-2167.225430064196	-157.628672393038	
0.284482758621	-2.011465618932	-0.139444965215	8.241042948786	-791.815462688059	-54.892650717884	3244.094840154193	-131.132129904562	-2180.484944972167	-156.281166069350	
0.285344827586	-2.007318038538	-0.127786871727	8.264584928051	-790.182763497121	-50.303430498425	3253.362163955091	-131.514899449413	-2194.635365376852	-152.597313382845	
0.286206896552	-1.998287428679	-0.117780116252	8.280718146082	-786.627854848986	-46.364261147616	3259.713021448853	-131.530844628063	-2203.624167475414	-148.521705444246	
0.287068965517	-1.988764124903	-0.108721557949	8.288841705095	-782.878996745589	-42.798350566494	3262.910868619594	-131.248263322836	-2208.787501208990	-144.203384092827	
0.287931034483	-1.975876028811	-0.100530400110	8.296597386410	-777.805584764713	-39.573893050040	3265.963900364833	-131.015063541241	-2212.294310433594	-139.573216299771	
0.288793103448	-1.961437792827	-0.093237073029	8.303776149540	-772.121958656949	-36.702867513871	3268.789827686722	-130.963238760906	-2213.481661634673	-134.432749781094	
0.289655172414	-1.948761026250	-0.086546711460	8.300980185329	-767.131736752257	-34.069199957322	3267.689193564483	-130.506497479504	-2208.939650366123	-128.796715279592	
0.290517241379	-1.937638962415	-0.078297835371	8.294523641373	-762.753525144470	-30.822021593585	3265.147568546619	-130.481437130031	-2203.015217933420	-121.708215949019	
0.291379310345	-1.928637145291	-0.068173971986	8.288844821641	-759.209950785300	-26.836752596547	3262.912095451060	-130.587587106891	-2197.151290209924	-112.886441744339	
0.292241379310	-1.922596713074	-0.054054955943	8.285300948220	-756.832128571881	-21.278787739367	3261.517046117043	-131.642844291010	-2192.907441901536	-100.857586842051	
0.293103448276	-1.918688078611	-0.039728292025	8.286255975145	-755.293490686569	-15.639082088100	3261.892993425733	-133.265996298352	-2190.100024340825	-88.186784735522	
0.293965517241	-1.911479202370	-0.027907493223	8.292174608137	-752.455709308721	-10.985812757891	3264.222869251986	-134.939860473898	-2188.834641091436	-76.986707561923	
0.294827586207	-1.906599574245	-0.027175284942	8.279274512589	-750.534838792358	-10.697578232103	3259.144733673380	-136.081144750151	-2176.064068081885	-73.162024610537	
0.295689655172	-1.901898947862	-0.034495475164	8.250855743610	-748.684432492209	-13.579178470779	3247.957656700089	-136.427971855429	-2154.103489985150	-74.737008242994	
0.296551724138	-1.902196005595	-0.049317221433	8.217404812463	-748.801369567120	-19.413773787440	3234.789664031127	-136.123467647676	-2130.470500105834	-82.599692604262	
0.297413793103	-1.904747425125	-0.068310550797	8.195541531813	-749.805738429789	-26.890516982648	3226.183161627915	-135.850367773906	-2113.975714001118	-93.833507335543	
0.298275862069	-1.911716122225	-0.082697090245	8.187681810349	-752.548973047450	-32.553792696917	3223.089174373576	-136.805824263043	-2106.138961478475	-102.905354707961	
0.299137931034	-1.918014238374	-0.102160661995	8.189834130223	-755.028232800211	-40.215647279642	3223.936437255177	-137.377072358754	-2104.828966157826	-115.216571662064	
0.300000000000	-1.924307264478	-0.133278357156	8.191383656271	-757.505488851193	-52.465159257085	3224.546409741607	-137.330275424751	-2104.274492325351	-134.533579151129	
0.300862068966	-1.933986443350	-0.161105336293	8.195909200799	-761.315707343162	-63.419277564494	3226.327894893957	-138.248309934689	-2107.088350855991	-151.529534181317	
0.301724137931	-1.947033328962	-0.180601256065	8.199103186378	-766.451626978180	-71.093865978797	3227.585210527204	-139.149961003902	-2110.757774438854	-162.941827430923	
0.302586206897	-1.961490955638	-0.196230436761	8.206200592780	-772.142886251062	-77.246308669269	3230.379111691422	-139.566907267274	-2118.242070617786	-172.489757356151	
0.303448275862	-1.975575204622	-0.208801298028	8.224996006765	-777.687165020380	-82.194840842429	3237.777945298322	-139.403066827024	-2132.630745491408	-181.018126879257	
0.304310344828	-1.984944642491	-0.220449538028	8.255764714680	-781.375453655035	-86.780182226476	3249.890078095967	-138.152320875603	-2154.118190147474	-189.675082494021	
0.305172413793	-1.991384030761	-0.230177010771	8.288874777142	-783.910325319850	-90.609411649254	3262.923887464352	-135.765454920759	-2176.675055956494	-198.000939937145	
0.306034482759	-1.995378194998	-0.228644888634	8.312954545915	-785.482632086516	-90.006290229685	3272.402912644967	-134.306059819214	-2193.169772091840	-199.510546984424	
0.306896551724	-1.995433037468	-0.215835504591	8.323176959847	-785.504220879683	-84.963863326264	3276.426976164416	-133.379580504989	-2200.986306628815	-194.223644764038	
0.307758620690	-1.993847990626	-0.192311643584	8.333610933199	-784.880265597151	-75.703671796032	3280.534320261769	-133.146708514329	-2208.755565283953	-183.241776577637	
0.308620689655	-1.994601271578	-0.163285464765	8.330746967020	-785.176795401156	-64.277487328624	3279.406917096959	-133.035676414208	-2209.426029018699	-168.649154129006	
0.309482758621	-1.994988877072	-0.135260998590	8.325822787752	-785.329376693431	-53.245628050401	3277.468508978504	-133.292668200032	-2209.125100027735	-153.110160512538	
0.310344827586	-1.993794279686	-0.104944660371	8.326372885635	-784.859122231893	-41.311571038636	3277.685055563255	-133.278826366166	-2211.094807151312	-136.054499742779	
0.311206896552	-1.987027210955	-0.074880437033	8.331767996025	-782.195258823850	-29.476759302902	3279.808846191109	-133.132924384961	-2214.327338852805	-118.920958596240	
0.312068965517	-1.980778109467	-0.045199816048	8.328206424266	-779.735293742246	-17.792953019038	3278.406829888246	-132.741438008043	-2212.777017815798	-101.913464727941	
0.312931034483	-1.976119707174	-0.017248153051	8.318248644875	-777.901508997140	-6.789752785138	3274.486940022116	-132.705358686912	-2205.426611033618	-85.692218775424	
0.313793103448	-1.966318777161	0.004978060448	8.315929598689	-774.043363046406	1.959618499110	3273.574045159784	-133.017766099286	-2198.763114168567	-71.310238890105	
0.314655172414	-1.959857379748	0.016313150018	8.297723885721	-771.499827459897	6.421687901671	3266.407347950812	-132.938829800155	-2185.223863213012	-62.206299724668	
0.315517241379	-1.958858100583	0.024969721284	8.264519915453	-771.106460212247	9.829355881370	3253.336571680281	-132.725837476314	-2166.282097837740	-55.353926099016	
0.316379310345	-1.955435297443	0.035342225084	8.244367255469	-769.759070315835	13.912502428059	3245.403456821495	-132.974696647653	-2154.083517581918	-48.633302025318	
0.317241379310	-1.952836205877	0.042469377185	8.228959330114	-768.735935308518	16.718113016234	3239.338111518583	-133.135866369806	-2143.133288693930	-43.007576815317	
0.318103448276	-1.951940894020	0.042403721804	8.220742549302	-768.383494895947	16.692267709476	3236.103567492808	-132.875254562130	-2137.581213099219	-39.959421929597	
0.318965517241	-1.953591699821	0.038547364155	8.222710175727	-769.033336258863	15.174208644936	3236.878125612617	-132.507963370471	-2137.909067974675	-38.474392435497	
0.319827586207	-1.955910245860	0.033357769711	8.233436641859	-769.946034237471	13.131319575832	3241.100609787367	-132.209819114275	-2143.976018233079	-37.908074455490	
0.320689655172	-1.956418824220	0.028090373434	8.253164309902	-770.146236620025	11.057803736860	3248.866426141501	-132.032413638721	-2155.976928243902	-37.855797764554	
0.321551724138	-1.957052347669	0.024555396113	8.269222960046	-770.395623762739	9.666256361436	3255.187929911692	-132.531022681479	-2165.947649090875	-37.235418574662	
0.322413793103	-1.955314560939	0.024366525265	8.281156059029	-769.711542269725	9.591907162263	3259.885406320767	-133.629179927679	-2173.074769981492	-34.850895673405	
0.323275862069	-1.951113747605	0.025013189227	8.275934299854	-768.057887878261	9.846467080864	3257.829855572948	-135.264450093077	-2169.823660021740	-31.944350391999	
0.324137931034	-1.946577683432	0.031090399473	8.258463674858	-766.272261657267	12.238767002749	3250.952526482661	-137.617957392074	-2157.875031780407	-25.897861883129	
0.325000000000	-1.934903970059	0.029325631216	8.230730393520	-761.676892654487	11.544064204262	3240.035292408538	-139.723419597415	-2134.869055123709	-25.903826250433	
0.325862068966	-1.923356054184	0.007816967419	8.194307440668	-757.131043963114	3.077157081661	3225.697360408245	-140.205895275373	-2106.536724640381	-39.622625924824	
0.326724137931	-1.919820747548	-0.033928177706	8.167956955706	-755.739366952301	-13.355861256560	3215.324465517142	-138.105554194112	-2089.019802062565	-67.178998099727	
0.327586206897	-1.924037247421	-0.074022774388	8.151929496433	-757.399196365382	-29.139139540693	3209.015240064356	-135.954852603579	-2080.441981525662	-94.406302638350	
0.328448275862	-1.931054554627	-0.104351242008	8.148353281187	-760.161566400237	-41.077971303681	3207.607459338282	-133.759713421824	-2079.830760735822	-115.644963190934	
0.329310344828	-1.937326375843	-0.122386123758	8.154437497036	-762.630475126051	-48.177420631996	3210.002517022691	-132.687674820295	-2085.345369792864	-128.941451013591	
0.330172413793	-1.943400398475	-0.131279367157	8.168337956202	-765.021520240301	-51.678254834824	3215.474446745238	-132.059964355974	-2096.652400672497	-135.787646410582	
0.331034482759	-1.946600357017	-0.133212408011	8.184028517534	-766.281187137020	-52.439198309885	3221.651051984793	-131.322047599137	-2108.147979253467	-138.276911008513	
0.331896551724	-1.952147042938	-0.128151027794	8.190270385248	-768.464645624976	-50.446780900099	3224.108169484241	-130.625147261321	-2115.116785846809	-137.635959769305	
0.332758620690	-1.958128933636	-0.120255042446	8.192385731181	-770.819422910536	-47.338518331520	3224.940877537190	-130.407653993780	-2119.761731735985	-135.771082160082	
0.333620689655	-1.957167859398	-0.114312174014	8.197077755341	-770.441095070884	-44.999102199710	3226.787897563672	-129.912465118789	-2124.110219237172	-133.839339826514	
0.334482758621	-1.957133851900	-0.105818608148	8.204629856407	-770.427707985148	-41.655601459646	3229.760789739383	-129.472719570585	-2128.423994004115	-130.393585919341	
0.335344827586	-1.961069196935	-0.092320396796	8.213781964032	-771.976860513629	-36.342016993182	3233.363526105018	-129.158779830592	-2133.565510865932	-124.350899226497	
0.336206896552	-1.960202475330	-0.086464627642	8.229641629161	-771.635674682891	-34.036887579954	3239.606699224044	-128.807896418428	-2142.558024646507	-121.501218381587	
0.337068965517	-1.957996314985	-0.083812727241	8.238797515763	-770.767217445493	-32.992964321478	3243.210923188040	-127.915542649476	-2148.989390249330	-119.940957091649	
0.337931034483	-1.957755399841	-0.076178146159	8.258078150766	-770.672380957029	-29.987603804964	3250.800764536395	-126.778226014528	-2159.237525324435	-115.968728415254	
0.338793103448	-1.960791661440	-0.069021743654	8.280764538491	-771.867608387309	-27.170478765438	3259.731283867351	-125.825216741933	-2170.776118678713	-111.543605711385	
0.339655172414	-1.963307232407	-0.063290736764	8.297245478311	-772.857865426881	-24.914462143082	3266.219022392912	-125.016437919341	-2178.430545091771	-107.575417185152	
0.340517241379	-1.962177677304	-0.056418353967	8.306055094504	-772.413214925232	-22.209141747374	3269.686936662126	-124.353442719533	-2183.430630813790	-102.143812460089	
0.341379310345	-1.957102303268	-0.050615418800	8.315248755232	-770.415288834343	-19.924810485985	3273.306030448828	-123.666058762813	-2188.444396831682	-96.368092333534	
0.342241379310	-1.950038970159	-0.039826974434	8.336562555271	-767.634800656334	-15.677928517582	3281.696229257361	-123.206190124739	-2198.855328779904	-87.148693099939	
0.343103448276	-1.943075702049	-0.024803855804	8.355205296843	-764.893703165930	-9.764062768592	3289.034963215803	-123.270251204050	-2209.214429778208	-74.749405486311	
0.343965517241	-1.934509770677	-0.016359198060	8.366371028497	-761.521715671506	-6.439814759523	3293.430364704263	-122.398612073805	-2216.576824429971	-65.809648423804	
0.344827586207	-1.923734731221	-0.014111689123	8.369924879139	-757.280110559356	-5.555080607405	3294.829341581706	-121.094274239161	-2214.610829695716	-61.021648440473	
0.345689655172	-1.922387941645	-0.013596267379	8.366151469623	-756.749945489064	-5.352184319946	3293.343935132768	-120.086527588084	-2207.555062175004	-57.785022150493	
0.346551724138	-1.931590479489	-0.014565519695	8.353921545112	-760.372533761050	-5.733731468185	3288.529613056513	-119.050174967384	-2195.138760170991	-55.487437387972	
0.347413793103	-1.931705634197	-0.030299899525	8.328208743522	-760.417864527441	-11.927585903471	3278.407742865481	-117.492543195081	-2173.416413397166	-62.848101750545	
0.348275862069	-1.933256386272	-0.059933499188	8.289651747981	-761.028319640461	-23.592882196821	3263.229742815923	-115.713624852570	-2146.153918589492	-80.711762952958	
0.349137931034	-1.941772135881	-0.084868659383	8.255818420790	-764.380553033803	-33.408633070438	3249.911219560159	-114.899962260354	-2123.464180286031	-95.751692968170	
0.350000000000	-1.949420418669	-0.098491751561	8.222765894871	-767.391307240520	-38.771376999728	3236.900059509766	-114.337569530125	-2103.025973353679	-104.164651295370	
0.350862068966	-1.949761173011	-0.101955058994	8.189564720280	-767.525445530062	-40.134711451761	3223.830383760287	-114.710687723145	-2082.453318042959	-107.299029235330	
0.351724137931	-1.950292021028	-0.094382163683	8.156060408832	-767.734414385569	-37.153633600721	3210.641377882492	-116.026294835624	-2063.116471505012	-104.741333863827	
0.352586206897	-1.951140296875	-0.080586710909	8.142167908536	-768.068339025065	-31.723039749878	3205.172581177298	-117.424454186191	-2055.343467287414	-99.506729116830	
0.353448275862	-1.954051693269	-0.070616851602	8.136689174901	-769.214413142057	-27.798394612701	3203.015872175000	-118.212188247714	-2052.746280659678	-96.140097379215	
0.354310344828	-1.958120553942	-0.065688274059	8.139400857660	-770.816124235589	-25.858255109073	3204.083328818522	-118.754934036202	-2057.450180098517	-94.123663479045	
0.355172413793	-1.961732568365	-0.063081149160	8.157228641002	-772.237997343759	-24.831957771827	3211.101253650528	-119.495538721139	-2068.467906804795	-91.958174780917	
0.356034482759	-1.963857881747	-0.063611633985	8.189769942081	-773.074629092846	-25.040783656609	3223.911169528832	-120.628681009440	-2086.645733793414	-90.302650842133	
0.356896551724	-1.963229168468	-0.063319517174	8.230257907394	-772.827135478935	-24.925791580122	3239.849297769878	-120.996695210563	-2108.579120051111	-89.190108510739	
0.357758620690	-1.964954992019	-0.062318429087	8.257400921187	-773.506507654186	-24.531712248671	3250.534172432040	-121.559318587641	-2126.719190735568	-88.835694894989	
0.358620689655	-1.973434732929	-0.069248710428	8.270446634373	-776.844566186600	-27.259824464188	3255.669630540268	-121.616816875851	-2138.975233217385	-93.105877838155	
0.359482758621	-1.985737326455	-0.085032869085	8.287677536890	-781.687494494105	-33.473274384934	3262.452592635651	-120.715700335720	-2151.914077064404	-102.020701906069	
0.360344827586	-1.995397632066	-0.106459627887	8.310668653684	-785.490283507894	-41.907939524054	3271.503068870808	-119.356461496359	-2166.955496137724	-114.930103998817	
0.361206896552	-2.003047835260	-0.127094151583	8.320843877135	-788.501793684746	-50.030740517363	3275.508555809668	-119.266546131261	-2174.907173137456	-126.464330502107	
0.362068965517	-2.004881633954	-0.137231666899	8.331649098225	-789.223670383663	-54.021383611281	3279.762041952370	-119.582907349976	-2178.763938650784	-131.303271577979	
0.362931034483	-2.006750277819	-0.140339063931	8.342890222405	-789.959263919548	-55.244613576396	3284.187121784993	-120.320005554733	-2180.899818987676	-133.095467277784	
0.363793103448	-2.014701751053	-0.145349372306	8.352537139116	-793.089369350231	-57.216926504119	3287.984640244685	-120.839256762082	-2185.176884985751	-134.670326365553	
0.364655172414	-2.019147042195	-0.153070032698	8.375269178673	-794.839262676320	-60.256172227747	3296.933130464820	-120.418526718436	-2197.777028480023	-136.944404910521	
0.365517241379	-2.019207842587	-0.148517040046	8.414928863754	-794.863196811818	-58.463882093711	3312.545205360254	-119.928060217876	-2220.483699956891	-134.061090132433	
0.366379310345	-2.021453663567	-0.139711295569	8.455743300291	-795.747266497877	-54.997491929704	3328.611849327204	-120.310951771215	-2243.069314982123	-130.889836226178	
0.367241379310	-2.020422949241	-0.136985458334	8.476285306292	-795.341524767404	-53.924463362110	3336.698230636922	-119.810450555565	-2251.227600692532	-133.441401974296	
0.368103448276	-2.021712959124	-0.141873866386	8.484180046290	-795.849338454506	-55.848790105133	3339.806002972749	-117.885478247098	-2253.966415548868	-141.856462339058	
0.368965517241	-2.022703663376	-0.146048858169	8.479527979790	-796.239330179396	-57.492279817303	3337.974712318794	-116.278740315154	-2251.317677457832	-150.010425068725	
0.369827586207	-2.024725106360	-0.140159364836	8.461351034923	-797.035073241707	-55.173874846751	3330.819339701513	-115.025211866752	-2241.937368022941	-152.065306358455	
0.370689655172	-2.027748419076	-0.128834194387	8.444765327619	-798.225203331121	-50.715710116380	3324.290359350599	-114.248564800289	-2233.031304288647	-150.002592327679	
0.371551724138	-2.022639997157	-0.116513566776	8.446156960561	-796.214267907937	-45.865682673169	3324.838177056932	-113.936377996747	-2232.125030523792	-146.566877416368	
0.372413793103	-2.019029236155	-0.103979928682	8.452732799422	-794.792888210525	-40.931803439534	3327.426762634215	-113.748464906504	-2236.122798230295	-142.817593170434	
0.373275862069	-2.019420269140	-0.086941068930	8.451169500784	-794.946818737763	-34.224439171892	3326.811368554019	-114.010520906513	-2238.722350407013	-137.014561733069	
0.374137931034	-2.014679339087	-0.064402038888	8.447272659126	-793.080546857502	-25.351927341105	3325.277372918437	-114.281132284290	-2237.255493464612	-128.161283915599	
0.375000000000	-2.004336945892	-0.049251174339	8.439267577792	-789.009253380641	-19.387774282482	3322.126164605237	-114.472477149663	-2230.540871020769	-120.627846629942	
0.375862068966	-1.989317320361	-0.036338099964	8.432500338365	-783.096762693726	-14.304529575379	3319.462234002765	-115.117988573330	-2219.648545152610	-112.133440557414	
0.376724137931	-1.975326023262	-0.022880015848	8.427665424689	-777.589074527486	-9.006741236059	3317.558965374331	-116.292126761944	-2210.632843373616	-103.132589390472	
0.377586206897	-1.967798930078	-0.013471689374	8.418826724252	-774.626026729950	-5.303144063034	3314.079602063517	-117.967355545877	-2202.061259255209	-95.296805350995	
0.378448275862	-1.967494326014	-0.012230271235	8.408952866630	-774.506119033867	-4.814458564861	3310.192748086082	-119.057347711430	-2193.855023592789	-90.991641220896	
0.379310344828	-1.973818919637	-0.014338662686	8.383875286330	-776.995801670645	-5.644428978541	3300.320933394301	-119.618821079558	-2179.873013040741	-89.110949853077	
0.380172413793	-1.975733233977	-0.024296897392	8.371125923969	-777.749373434736	-9.564498080180	3295.302134086335	-120.203844897471	-2171.403622970577	-91.377976432366	
0.381034482759	-1.977665969058	-0.035204997048	8.364038072794	-778.510196542026	-13.858482473571	3292.511994346893	-120.327341299066	-2164.363661528904	-94.196814217352	
0.381896551724	-1.983129112472	-0.045409749642	8.355970220459	-780.660768438121	-17.875593589494	3289.336076166119	-120.249116549917	-2159.234995281694	-97.930120674298	
0.382758620690	-1.989435253502	-0.056723975305	8.345573272862	-783.143187192976	-22.329449894102	3285.243307293989	-120.905284150996	-2156.683853853082	-102.561352884061	
0.383620689655	-1.998784214994	-0.065607884936	8.347368031576	-786.823415281449	-25.826609849730	3285.949815865886	-122.629054208213	-2162.962609429661	-106.114973515269	
0.384482758621	-2.003223934949	-0.076347870099	8.364642048494	-788.571115504219	-30.054415804358	3292.749749988318	-125.437890958851	-2174.315622747116	-109.910945037310	
0.385344827586	-2.011804487367	-0.089268003933	8.376577947628	-791.948858588182	-35.140439474481	3297.448328679760	-128.475360711382	-2184.275018710898	-114.439536371845	
0.386206896552	-2.017499820700	-0.105650035829	8.387708828766	-794.190832279089	-41.589242796580	3301.830011227556	-130.958880514430	-2192.808318984056	-120.878843012365	
0.387068965517	-2.024581549216	-0.113547785345	8.374746271602	-796.978561827788	-44.698199832053	3296.727287570976	-133.649091835314	-2189.986691634009	-121.585076495890	
0.387931034483	-2.018020357801	-0.116752781081	8.343457710430	-794.395742232227	-45.959849624782	3284.410514016128	-136.123330859386	-2172.815999367025	-118.142391873937	
0.388793103448	-2.005016544066	-0.125136085415	8.322607125429	-789.276777884947	-49.259945802527	3276.202660273001	-137.206593033946	-2155.460517510208	-121.027312235159	
0.389655172414	-1.994133169796	-0.142763095069	8.323256385862	-784.992526664282	-56.198835870272	3276.458242295009	-136.947196127105	-2148.352498402034	-133.320695970563	
0.390517241379	-1.988531554218	-0.159146109087	8.313743477661	-782.787445061415	-62.648025805615	3272.713476419882	-136.338301010341	-2138.196430540678	-146.484616593079	
0.391379310345	-1.982525834302	-0.170992796237	8.291210129802	-780.423287380035	-67.311486109773	3263.843201386253	-135.913435492328	-2124.292547872010	-155.466007705800	
0.392241379310	-1.977002673955	-0.175719312168	8.258978394859	-778.249089757902	-69.172083856835	3251.155146528450	-136.243834448384	-2109.102962966837	-159.840127954043	
0.393103448276	-1.974717233489	-0.175643642544	8.239015348839	-777.349423821477	-69.142296433074	3243.296673397043	-136.661812204942	-2102.417282282420	-162.271945949193	
0.393965517241	-1.974221618176	-0.174125571029	8.236204650020	-777.154324355301	-68.544706055346	3242.190238981872	-136.043147025829	-2105.219465978204	-164.203925874985	
0.394827586207	-1.973156928868	-0.173056330298	8.250578054204	-776.735208338764	-68.123798366693	3247.848343986311	-134.641623883757	-2120.238479360333	-166.592515253159	
0.395689655172	-1.969528270796	-0.165886613279	8.260989912885	-775.306783441809	-65.301432055997	3251.946982621501	-133.242749197202	-2132.337114822612	-164.719816398580	
0.396551724138	-1.964578391348	-0.151389722705	8.263345193409	-773.358258421431	-59.594716509843	3252.874141167096	-131.786960172679	-2137.523363966446	-157.981007116005	
0.397413793103	-1.958334800783	-0.135656195056	8.269175727438	-770.900462719961	-53.401197536499	3255.169336747859	-130.776149909294	-2144.770286625778	-149.317903341841	
0.398275862069	-1.955659242004	-0.116154841819	8.271018338725	-769.847226317213	-45.724470233310	3255.894682533059	-129.993103210176	-2150.032212249798	-138.130996986221	
0.399137931034	-1.947357119520	-0.096909045073	8.277054128489	-766.579087456721	-38.148342999725	3258.270677240654	-128.912208880255	-2155.264439832610	-127.158687638549	
0.400000000000	-1.942899871798	-0.076152704241	8.278974534390	-764.824487410932	-29.977588568417	3259.026646953741	-128.564963523418	-2158.341225480228	-115.442948215247	
0.400862068966	-1.937628199564	-0.062691279786	8.283088565820	-762.749288337208	-24.678485301041	3260.646139561486	-128.567013285233	-2160.194714535257	-107.062592521168	
0.401724137931	-1.931480848460	-0.060257811767	8.289667538192	-760.329377396201	-23.720548169314	3263.235958648259	-128.363926085188	-2162.406611058000	-103.838453889205	
0.402586206897	-1.929687542785	-0.065541523941	8.281700919227	-759.623440814837	-25.800486777662	3260.099891085096	-128.131845179897	-2157.398227706179	-104.833373308499	
0.403448275862	-1.928139848599	-0.069936701813	8.269140631532	-759.014189442639	-27.530652964541	3255.155521209337	-128.052735919619	-2149.588300826224	-104.713654186663	
0.404310344828	-1.925546534442	-0.072213869005	8.257495023589	-757.993328718347	-28.427062118571	3250.571215937247	-128.162879005352	-2140.330288409301	-103.429462194635	
0.405172413793	-1.921229775982	-0.073416202610	8.238701300262	-756.294032411382	-28.900361950820	3243.173047859357	-127.983703875712	-2127.088593680676	-101.173472714699	
0.406034482759	-1.915212244803	-0.074753134186	8.221736400702	-753.925225214610	-29.426646409470	3236.494798095332	-128.101338477224	-2116.414415430809	-98.171563667235	
0.406896551724	-1.914866594841	-0.071898362314	8.206131367772	-753.789159759562	-28.302862592697	3230.351861197528	-128.510697096673	-2106.266402143786	-92.344573101604	
0.407758620690	-1.918674629111	-0.067770348927	8.192847916067	-755.288196277439	-26.677865973506	3225.122817081936	-128.726838452228	-2098.640320486642	-86.789547018334	
0.408620689655	-1.922096384148	-0.064888155749	8.189486324437	-756.635173587349	-25.543287732132	3223.799523157903	-128.840723188220	-2095.597041049304	-82.966612600397	
0.409482758621	-1.923864261070	-0.060110825554	8.197839986570	-757.331100114537	-23.662686899022	3227.087950653325	-128.798894925839	-2097.803020341768	-79.273692567313	
0.410344827586	-1.928500067810	-0.059691021386	8.205393195279	-759.155990097231	-23.497430566097	3230.061278853395	-128.121506773822	-2099.837713207748	-78.917095374246	
0.411206896552	-1.933314133181	-0.063288954942	8.198759564135	-761.051051769271	-24.913760726826	3227.449943285987	-127.606231929929	-2096.502801272120	-81.332319576392	
0.412068965517	-1.940140286022	-0.068573767998	8.186214470276	-763.738173696433	-26.994132698258	3222.511554479047	-127.253535511050	-2090.473105452543	-84.600159813517	
0.412931034483	-1.945612762096	-0.073857804411	8.185583286959	-765.892419403566	-29.074198943468	3222.263088531582	-126.954166793279	-2087.497540352812	-88.835325715756	
0.413793103448	-1.947749265831	-0.080467598268	8.186191670471	-766.733456246265	-31.676150938908	3222.502579312667	-126.792863459513	-2083.025477575673	-94.764602323621	
0.414655172414	-1.948314825891	-0.088424979222	8.177424666127	-766.956089532458	-34.808581949651	3219.051439240712	-126.758240090858	-2074.420962655204	-102.682139249817	
0.415517241379	-1.946299542781	-0.092010251258	8.166070203994	-766.162771310395	-36.219927890331	3214.581743809154	-126.720632933190	-2064.505177131159	-109.380303415238	
0.416379310345	-1.942250226983	-0.090251748191	8.158068007071	-764.568754076651	-35.527691390569	3211.431670947344	-126.698998448221	-2057.131579446249	-113.655030798506	
0.417241379310	-1.940528494301	-0.085886426325	8.151416605655	-763.890992275516	-33.809278050191	3208.813340094318	-126.499809859781	-2051.711233602180	-116.762861502491	
0.418103448276	-1.942946033835	-0.079159492107	8.150952704265	-764.842659143166	-31.161213633812	3208.630724845644	-125.940607199850	-2051.231087356829	-118.795328001298	
0.418965517241	-1.947026477879	-0.071288213419	8.160146475398	-766.448930042309	-28.062676866887	3212.249862093458	-124.950213998999	-2057.167131579767	-120.246047974267	
0.419827586207	-1.953965141475	-0.065579757841	8.173085270247	-769.180341941409	-25.815537590562	3217.343231690646	-124.009228594150	-2067.743255049086	-121.173865482681	
0.420689655172	-1.958997687911	-0.062721633784	8.192277593706	-771.161408904163	-24.690434182855	3224.898309111514	-122.624896326093	-2079.915513617468	-122.254560762134	
0.421551724138	-1.966682516142	-0.059674112334	8.211993149267	-774.186549261843	-23.490774301001	3232.659357374765	-121.740767573465	-2092.825924163950	-122.195758658663	
0.422413793103	-1.973873524982	-0.059970104631	8.237333832312	-777.017297119429	-23.607291966119	3242.634742726328	-121.230739042684	-2108.553656036176	-123.205782167869	
0.423275862069	-1.982882707305	-0.064395124863	8.263038765766	-780.563770796237	-25.349205627949	3252.753515617190	-120.520116000395	-2127.111406841881	-126.483723631436	
0.424137931034	-1.986753033832	-0.067750311937	8.292516816594	-782.087328724045	-26.669978392327	3264.357579955268	-119.977433078275	-2146.645142459870	-129.445702495730	
0.425000000000	-1.986998953173	-0.075177817034	8.312576527929	-782.184135119857	-29.593823239237	3272.254105484848	-119.700420624818	-2160.525253931594	-133.516530038194	
0.425862068966	-1.983006181802	-0.081059219806	8.332226597593	-780.612376656295	-31.909043352239	3279.989375159320	-119.187734676971	-2170.128712164315	-136.169663289880	
0.426724137931	-1.981134110679	-0.084239280463	8.339787500177	-779.875433977130	-33.160877426319	3282.965732061231	-119.285022237043	-2173.637522548290	-136.888296640918	
0.427586206897	-1.981369596999	-0.081964530855	8.345954956735	-779.968133403649	-32.265419956439	3285.393557534375	-119.359080028403	-2177.058835294980	-133.237941222885	
0.428448275862	-1.984461008663	-0.077506021711	8.366602891819	-781.185070712240	-30.510323350526	3293.521637933891	-118.928833042951	-2189.782199601864	-126.012732156246	
0.429310344828	-1.981519404266	-0.069661458326	8.402603872304	-780.027105184961	-27.422303089392	3307.693460087886	-118.693725496449	-2208.656197746355	-115.884906480264	
0.430172413793	-1.975115788246	-0.062874071509	8.420752254528	-777.506315302198	-24.750441446530	3314.837588991767	-118.898418233093	-2215.413209789603	-108.091841089784	
0.431034482759	-1.970393073280	-0.063456899493	8.417640673571	-775.647213808686	-24.979872268233	3313.612712020460	-119.405390237684	-2210.783633081993	-105.389034330161	
0.431896551724	-1.972044596105	-0.070350759130	8.411935632868	-776.297337428896	-27.693647043556	3311.366917013718	-119.945582555946	-2206.994811007938	-106.703956454701	
0.432758620690	-1.977044538905	-0.084536420459	8.397756741419	-778.265569937568	-33.277846884224	3305.785382142860	-120.379877349601	-2199.375948394218	-113.107065776262	
0.433620689655	-1.980811540708	-0.104281688458	8.383528098450	-779.748453983600	-41.050591478601	3300.184262536578	-121.491087516153	-2192.061939491928	-123.078782323529	
0.434482758621	-1.983117680026	-0.124208474427	8.375964965482	-780.656268044219	-48.894790804346	3297.207027641691	-123.024395779445	-2188.205626383191	-133.421938656655	
0.435344827586	-1.982211662868	-0.139865648208	8.362629917033	-780.299613479446	-55.058253001162	3291.957672416083	-125.022541662895	-2180.665230455867	-142.035768897174	
0.436206896552	-1.979368280958	-0.154044064029	8.338378984643	-779.180313332235	-60.639600640213	3282.411268505474	-126.260069899762	-2166.454945830059	-150.702108705454	
0.437068965517	-1.976273708457	-0.162633212847	8.307347344345	-777.962131757044	-64.020727705591	3270.195632111085	-126.882610482102	-2149.232544904880	-157.202270839136	
0.437931034483	-1.977731377695	-0.161348868758	8.273358911707	-778.535944717699	-63.515144363880	3256.816051440019	-126.989838527756	-2132.471887417201	-158.756896865435	
0.438793103448	-1.978417375304	-0.155200016728	8.255279017897	-778.805988365838	-61.094642581975	3249.698883068948	-127.018208118378	-2124.253804080936	-157.312639793019	
0.439655172414	-1.978558485473	-0.145455417761	8.244129466509	-778.861536525959	-57.258671404167	3245.309850958452	-126.394562197258	-2119.861726370087	-153.407139785211	
0.440517241379	-1.977718983253	-0.136340424730	8.237201047141	-778.531065632989	-53.670545235757	3242.582471710335	-125.632807235246	-2117.519653214021	-149.320560003153	
0.441379310345	-1.982343385310	-0.127210225541	8.229305385764	-780.351466150884	-50.076433147653	3239.474336673052	-124.618692086215	-2117.477363698819	-145.170346792293	
0.442241379310	-1.988081831090	-0.121269768482	8.230561336148	-782.610411100072	-47.737966255434	3239.968742804072	-123.140348783350	-2123.061088529146	-142.753425139492	
0.443103448276	-1.988521427623	-0.112377337642	8.246786954920	-782.783458717332	-44.237451917171	3246.355973942597	-121.217921265934	-2134.302180731921	-138.408604692653	
0.443965517241	-1.981439752839	-0.101917835629	8.265202125473	-779.995750320476	-40.120058436559	3253.605124340291	-119.031978981584	-2143.384077250667	-132.369914680154	
0.444827586207	-1.978475503099	-0.093663980403	8.281117338403	-778.828870430869	-36.870920030507	3259.870163907431	-116.787439465382	-2151.134194781414	-127.293913495805	
0.445689655172	-1.978895303372	-0.086817343258	8.289580742781	-778.994125230390	-34.175734436597	3263.201791547514	-115.039137264381	-2155.189323210391	-122.228751336767	
0.446551724138	-1.981887619904	-0.076858793063	8.296626450757	-780.172053640836	-30.255541142620	3265.975341574345	-113.639545431414	-2159.840066567702	-115.592202979899	
0.447413793103	-1.983112821621	-0.065168769613	8.297105847778	-780.654355528299	-25.653751661737	3266.164056693367	-112.981247491741	-2160.848634610884	-108.723855128625	
0.448275862069	-1.981954478533	-0.052251806781	8.301462055037	-780.198372607155	-20.568976259583	3267.878882059520	-112.508978309759	-2163.086029645373	-101.664631648508	
0.449137931034	-1.976297467369	-0.049183333125	8.312346547437	-777.971484476632	-19.361068520632	3272.163573433008	-111.975693795369	-2167.603737398545	-99.041106084583	
0.450000000000	-1.970091393890	-0.055854415859	8.331600432847	-775.528457413658	-21.987146944065	3279.742884777474	-111.087355218880	-2174.795789172978	-100.283333090306	
0.450862068966	-1.961750993241	-0.060002880432	8.343662404533	-772.245250315020	-23.620194193097	3284.491092055693	-110.208287882264	-2176.943955863684	-100.621010353579	
0.451724137931	-1.951377619366	-0.049171811516	8.329058338202	-768.161761262156	-19.356533027495	3278.742186665317	-110.232232618362	-2160.863487510051	-93.207463649153	
0.452586206897	-1.940410135941	-0.030738333895	8.293294411214	-763.844400388257	-12.100176033938	3264.663680858990	-111.276085228672	-2131.675453314559	-81.884356429203	
0.453448275862	-1.934633173703	-0.022201399637	8.251480603557	-761.570293396649	-8.739603282645	3248.203633446437	-112.813506883100	-2103.956062261816	-75.696719886127	
0.454310344828	-1.930856096952	-0.016594487064	8.218737965563	-760.083443337081	-6.532436512522	3235.314461089293	-115.029929799111	-2083.448983057838	-69.582191102387	
0.455172413793	-1.927698340486	-0.011587837820	8.211107391954	-758.840389330393	-4.561564005166	3232.310678118319	-117.261157712541	-2076.679340434329	-63.660436902016	
0.456034482759	-1.924916858564	-0.015830082182	8.201991377261	-757.745456175867	-6.231527762165	3228.722149771561	-119.593899456579	-2068.135962553193	-63.819858628901	
0.456896551724	-1.921034155879	-0.033005597302	8.174202900585	-756.217026361294	-12.992686553153	3217.783187996597	-121.299585085888	-2050.019138715591	-72.847487889854	
0.457758620690	-1.924890880880	-0.047926499140	8.141673563490	-757.735230034573	-18.866314559096	3204.977981752772	-122.108904685064	-2030.948678165135	-81.787865990952	
0.458620689655	-1.928991148958	-0.056555088829	8.134437876620	-759.349304684772	-22.262967563165	3202.129646343502	-122.330112149223	-2025.765919512725	-86.796209709948	
0.459482758621	-1.932222839931	-0.069352301729	8.128580013269	-760.621463084565	-27.300603284011	3199.823692547634	-122.105345269236	-2022.557431773820	-93.591065172884	
0.460344827586	-1.938808370315	-0.084720883930	8.121835319003	-763.213863739426	-33.350461114978	3197.168636870436	-121.155889000291	-2018.767668678107	-101.019503043816	
0.461206896552	-1.945985548697	-0.101052357968	8.122770235013	-766.039167223651	-39.779362285244	3197.536667497483	-119.592827640150	-2019.530847604544	-109.535733801442	
0.462068965517	-1.954133395710	-0.112680250986	8.141168048761	-769.246575390034	-44.356694059649	3204.778985371768	-118.074719211573	-2029.480956021111	-116.058528936851	
0.462931034483	-1.965181431416	-0.125466417312	8.163598501666	-773.595645750508	-49.389981285505	3213.608755703591	-116.587511137314	-2042.629831487393	-122.675601566595	
0.463793103448	-1.975922025960	-0.138891564622	8.191234240777	-777.823691588528	-54.674804018417	3224.487592181942	-115.022017755409	-2059.161986637251	-129.420095727371	
0.464655172414	-1.987425781525	-0.153224858739	8.204579147438	-782.352156529430	-60.317119654162	3229.740828102769	-113.715868016994	-2070.294000972300	-136.064194575859	
0.465517241379	-1.998653971181	-0.166433327539	8.221393304041	-786.772144673486	-65.516646673697	3236.359737750153	-112.562157899282	-2082.705574651106	-141.191636189320	
0.466379310345	-2.007042932564	-0.175337379953	8.245762456953	-790.074467753752	-69.021735856454	3245.952679288207	-111.468938424429	-2098.675154393070	-144.320746625252	
0.467241379310	-2.013559570618	-0.180269460994	8.271652444969	-792.639748873912	-70.963254515478	3256.144299093547	-110.418960136464	-2116.157422589303	-146.289786348837	
0.468103448276	-2.021340877307	-0.180157762567	8.292168412395	-795.702868073472	-70.919284317591	3264.220430291926	-109.286459111142	-2131.786316707186	-146.703408724534	
0.468965517241	-2.024850255893	-0.180723963594	8.318817911243	-797.084338481291	-71.142169920775	3274.711032300078	-108.130756219443	-2149.384292069584	-148.242911143552	
0.469827586207	-2.024589687378	-0.184164369367	8.345885735578	-796.981765423316	-72.496489111628	3285.366308556206	-107.163021008187	-2166.243897327335	-151.873538508575	
0.470689655172	-2.025601028740	-0.191220598174	8.372190306307	-797.379880966930	-75.274180673657	3295.721129263447	-106.378006321881	-2182.929936782000	-157.083394513163	
0.471551724138	-2.025982013028	-0.199091824408	8.402506851684	-797.529855814781	-78.372696792474	3307.655267823412	-105.934963055811	-2202.137595647554	-162.711854127502	
0.472413793103	-2.028379563939	-0.204450144560	8.428499485500	-798.473654140904	-80.482004906037	3317.887294251143	-105.514103713700	-2218.943511318440	-168.527042170442	
0.473275862069	-2.032972462046	-0.207544936625	8.456239669112	-800.281653097173	-81.700272913115	3328.807245412649	-105.213224518225	-2236.715782451751	-173.240653940860	
0.474137931034	-2.036558427337	-0.204457545464	8.473939024934	-801.693271938540	-80.484918279491	3335.774614622261	-105.248914706658	-2249.083609755801	-173.561110783946	
0.475000000000	-2.025918418984	-0.186949194986	8.480823210736	-797.504821955702	-73.592738515543	3338.484581282728	-105.557371964201	-2249.058688970395	-164.894247605582	
0.475862068966	-2.019379554772	-0.172996191787	8.459284498058	-794.930791486137	-68.100124781554	3330.005845387504	-105.762342686437	-2235.872344371782	-157.732790647080	
0.476724137931	-2.018428686814	-0.164831421088	8.438474687225	-794.556481358700	-64.886054589221	3321.814042436667	-105.840792171348	-2225.604777236789	-155.193130932484	
0.477586206897	-2.017136310164	-0.152252813902	8.418499180059	-794.047735991545	-59.934473227312	3313.950663962395	-105.995990926246	-2214.071074753548	-151.069139447311	
0.478448275862	-2.011807810085	-0.143989767660	8.396134295502	-791.950166579440	-56.681716768492	3305.146704676924	-105.710201996240	-2202.165421072368	-149.063121291594	
0.479310344828	-2.007654949129	-0.139394158579	8.366509266582	-790.315388689934	-54.872650634709	3293.484782265523	-105.136274318294	-2185.994455366626	-148.765508585338	
0.480172413793	-2.009573404978	-0.136331596912	8.330293676469	-791.070590763017	-53.667070156037	3279.228478815835	-104.833005818129	-2168.541257725058	-148.651812773040	
0.481034482759	-2.005419552732	-0.127196978365	8.301666357314	-789.435422651491	-50.071218383570	3267.959305856308	-104.761224764749	-2154.733366454825	-144.567936960977	
0.481896551724	-1.996403794951	-0.111378527828	8.283371256495	-785.886360538648	-43.844269430180	3260.757421029719	-105.524508362191	-2143.562874773233	-134.946675525730	
0.482758620690	-1.988833059415	-0.093466292221	8.268974319720	-782.906132885364	-36.793099879085	3255.090052397223	-106.764749845477	-2133.088546493082	-123.356548277991	
0.483620689655	-1.981890383899	-0.074424067832	8.254842102255	-780.173141690169	-29.297109108286	3249.526890787658	-108.054958388432	-2123.309441786545	-110.955106149848	
0.484482758621	-1.981868147373	-0.057407905860	8.243860869303	-780.164388259404	-22.598679844519	3245.204117398162	-109.550606360351	-2116.042911244677	-99.648091471646	
0.485344827586	-1.987310409916	-0.050222499481	8.236295094988	-782.306740379669	-19.770137401078	3242.225842734550	-111.068329485346	-2112.519218644781	-92.903208762504	
0.486206896552	-1.990501890521	-0.053962455977	8.232953236168	-783.563069927525	-21.242375034866	3240.910316651040	-111.825389213068	-2109.166185538978	-92.185317864531	
0.487068965517	-1.991561394428	-0.062787168446	8.234243409144	-783.980144705781	-24.716231968559	3241.418194539909	-112.414164895977	-2107.609491704868	-95.647974492341	
0.487931034483	-1.995229382823	-0.075413599671	8.241331531785	-785.424052024098	-29.686639311217	3244.208441142076	-113.297545591644	-2110.846300316634	-101.768519937537	
0.488793103448	-1.999014746725	-0.094668930186	8.254621799240	-786.914164328848	-37.266519522678	3249.440168284017	-114.578620998552	-2119.497085719453	-110.565630133872	
0.489655172414	-2.004390824298	-0.116836081982	8.264509089743	-789.030462669430	-45.992641108319	3253.332310128644	-115.780614413972	-2129.391316963025	-120.691969496251	
0.490517241379	-2.006901970208	-0.136670904207	8.277771056103	-790.018977780819	-53.800638813962	3258.552896516415	-116.453617691105	-2138.950808611107	-129.983095194652	
0.491379310345	-2.004153084944	-0.149838582342	8.288848923595	-788.936876333444	-58.984108546992	3262.913710189385	-117.220257737191	-2145.646691109035	-135.689538645308	
0.492241379310	-1.998166527132	-0.155529907233	8.287787206137	-786.580261833682	-61.224504311071	3262.495764044885	-117.901520063022	-2144.749585137567	-138.423560079257	
0.493103448276	-1.996785817193	-0.160061742442	8.276089719099	-786.036743978425	-63.008465795879	3257.891036514958	-118.601557149289	-2139.449331768126	-142.415030578094	
0.493965517241	-1.994443602547	-0.165941155885	8.273336480873	-785.114728828598	-65.322902807668	3256.807221519636	-118.999340779492	-2140.500578385043	-148.218291315532	
0.494827586207	-1.992402098486	-0.167163977851	8.269804846169	-784.311088703273	-65.804267903593	3255.416989968853	-119.742166557046	-2142.234617977336	-153.221854458980	
0.495689655172	-1.993142634615	-0.166779360290	8.260395161361	-784.602601494530	-65.652862813907	3251.712858086304	-120.887445869144	-2141.799259730259	-157.841467133948	
0.496551724138	-1.992006414759	-0.164367074804	8.248405280920	-784.155327406217	-64.703264207679	3246.993029599076	-122.499088672990	-2138.856280082243	-160.124456384972	
0.497413793103	-1.987278649802	-0.161132187382	8.242884281276	-782.294237978801	-63.429847522636	3244.819682539701	-124.022541986437	-2136.339287881629	-160.628639483644	
0.498275862069	-1.981980776032	-0.155675955553	8.245770917409	-780.208724644125	-61.281996378710	3245.956009755249	-124.758964665891	-2135.743660287756	-160.114979042280	
0.499137931034	-1.976447957527	-0.151877164478	8.239818192897	-778.030725078578	-59.786598453970	3243.612713767624	-125.382075951172	-2132.060398154061	-161.683260380687	
0.500000000000	-1.968996772920	-0.152103093777	8.237702214954	-775.097558768513	-59.875535749373	3242.779756923607	-125.188857841925	-2132.925580196134	-165.386104342751	
0.500862068966	-1.963627158921	-0.156928318693	8.233364751585	-772.983804820576	-61.774990387564	3241.072310108650	-124.191096518473	-2133.314373446210	-170.870557518548	
