dbx_v3_10_0_0										
Time	Cx	Cy	Cz	Fx	Fy	Fz	Mx	My	Mz	
0.000000000000	0.000000000000	0.000000000000	0.000000000000	0.000000000000	0.000000000000	0.000000000000	0.000000000000	0.000000000000	0.000000000000	
0.000862068966	3.799273734505	0.001990215140	1.444077147363	1495.585280123990	0.783448805206	568.461415492204	-210.823668251625	-354.607381829117	8.960439971247	
0.001724137931	0.648876568811	0.003648421645	0.994199473200	255.430461910936	1.436202308380	391.366929979596	-162.231156570635	-171.390031785496	26.303870301018	
0.002586206897	0.065798622640	0.021883188853	0.357176743680	25.901648143630	8.614324057163	140.602735570088	-158.368326996103	63.956518400058	29.790455102913	
0.003448275862	0.087019206145	0.015203091064	0.543571363264	34.255137400624	5.984701497225	213.977035192484	-157.062315732817	-104.327922577983	30.561118494390	
0.004310344828	0.142942786645	0.000968825747	0.647045167720	56.269472153370	0.381378554692	254.709530305485	-158.036913598420	-102.843236600376	25.959566219059	
0.005172413793	0.187448236008	-0.001369639257	0.683836938838	73.789056053697	-0.539158917017	269.192622380178	-152.505539736685	-98.316566911964	24.959702583288	
0.006034482759	0.193853894581	0.003091315783	0.690299051248	76.310645531332	1.216897413599	271.736434928053	-144.646031983212	-97.919509391240	24.406987792477	
0.006896551724	0.210539809680	0.006018493488	0.675584463581	82.879061168245	2.369181821984	265.944032944120	-139.400387866317	-98.432708221691	24.552610469948	
0.007758620690	0.205502397594	0.006735289377	0.711501434623	80.896082343414	2.651348745568	280.082759698321	-137.556196758985	-103.950367769156	24.426400868388	
0.008620689655	0.202881545157	0.006964162274	0.720337880678	79.864382971217	2.741444632007	283.561229419530	-135.494599142839	-106.193532825696	23.993687550499	
0.009482758621	0.206990478047	0.006931997821	0.739272064408	81.481865673931	2.728783085404	291.014676698465	-133.671976020027	-110.830580017838	23.666155474479	
0.010344827586	0.214280784168	0.006958980184	0.772475759390	84.351696932041	2.739404700722	304.085321493064	-132.780248081891	-118.059130372601	23.335436265265	
0.011206896552	0.213183233930	0.006914936314	0.782067692904	83.919645941781	2.722066817930	307.861189086117	-132.368679747301	-120.625601299566	22.949083334823	
0.012068965517	0.205897588769	0.006099800535	0.791124762937	81.051649471772	2.401188366474	311.426507504349	-131.962122773131	-122.715143662015	22.525778753439	
0.012931034483	0.204393635174	0.005773784385	0.809780361249	80.459617674193	2.272852008073	318.770289547392	-131.431671529556	-127.390411968848	22.257171869567	
0.013793103448	0.208868784876	0.006392538265	0.827204869773	82.221261737912	2.516424664226	325.629452714651	-131.221967514408	-132.061780407911	22.097310172079	
0.014655172414	0.210836654649	0.006285499839	0.839943993239	82.995914282121	2.474288954724	330.644212605092	-131.084085565472	-135.016544935635	21.866031441085	
0.015517241379	0.210963484976	0.006011185889	0.853223833870	83.045841079778	2.366305183581	335.871825974809	-131.260477246184	-138.344815388582	21.592138862486	
0.016379310345	0.210242236903	0.006030125418	0.865587036801	82.761921552690	2.373760734917	340.738604630736	-131.332342609427	-142.178793026444	21.442713608125	
0.017241379310	0.209277516905	0.005999038421	0.873803611122	82.382159227100	2.361523328844	343.973061652362	-131.457349948440	-145.358200116002	21.157163785034	
0.018103448276	0.210503765316	0.005695786897	0.885635905264	82.864872293400	2.242148272759	348.630847899343	-131.467113046000	-149.235696469030	20.884471839477	
0.018965517241	0.212157058404	0.005355935958	0.899520700796	83.515691628558	2.108365845601	354.096601952995	-131.590549791388	-153.638726144656	20.536753072504	
0.019827586207	0.212053495839	0.004795245878	0.912254136478	83.474924192785	1.887650022402	359.109122845643	-131.880028007848	-158.211835396823	20.044519058056	
0.020689655172	0.210411925191	0.004549424843	0.923878562263	82.828719399597	1.790882495810	363.685081649612	-132.035990479482	-163.091324320925	19.768633153285	
0.021551724138	0.208834940172	0.004930672165	0.932676492245	82.207938759661	1.940960621962	367.148389506742	-132.120459855776	-166.734578548514	19.537088760897	
0.022413793103	0.209080883535	0.003163302492	0.931784264570	82.304754440460	1.245235003912	366.797163806706	-132.530231459191	-163.888014541786	18.448018950349	
0.023275862069	0.211237498101	0.000925942566	0.914169470929	83.153706430949	0.364497577528	359.863094844656	-133.317344910839	-149.238940987328	16.999960050272	
0.024137931034	0.209593002148	0.000171827522	0.887843139211	82.506350090867	0.067639957265	349.499726224856	-133.445130393792	-128.331017116934	17.138614543905	
0.025000000000	0.208106294916	0.001261282178	0.879290625748	81.921107329311	0.496504119204	346.133026656302	-132.915871523400	-120.048292620077	17.903910028913	
0.025862068966	0.207738565442	0.001848048178	0.875518974567	81.776350508065	0.727484736516	344.648315002910	-133.026795687340	-115.190196893347	18.009929556102	
0.026724137931	0.206995835510	0.001215235973	0.870107910758	81.483974640931	0.478378016585	342.518248061740	-133.054330757348	-109.924905265822	18.012458824715	
0.027586206897	0.206247140386	0.001338921627	0.865606547669	81.189250573832	0.527066912310	340.746285090147	-132.944024914204	-105.679839850754	18.157637608311	
0.028448275862	0.206215045736	0.001404216409	0.861256543487	81.176616504783	0.552770223540	339.033904599024	-133.017610142600	-101.378788767665	18.054380127925	
0.029310344828	0.206018766684	0.001108596742	0.857991803778	81.099351195532	0.436399450293	337.748738803158	-133.143769949342	-97.526596558562	17.801155854266	
0.030172413793	0.205353307898	0.000654858766	0.856055418394	80.837393138604	0.257785355670	336.986480098273	-133.263048412268	-94.612120560210	17.535462362385	
0.031034482759	0.204530658679	0.000746715939	0.853116644192	80.513557019086	0.293944960338	335.829630725286	-133.301705429329	-91.265993567496	17.593934015680	
0.031896551724	0.203993280931	0.000257924962	0.850280784591	80.302018102567	0.101532241216	334.713293716375	-133.471906157486	-88.571671295159	17.277814059764	
0.032758620690	0.203804735998	-0.000467562128	0.848493076228	80.227797331309	-0.184055976183	334.009561766864	-133.484812446968	-86.131569027148	16.985645047211	
0.033620689655	0.203521874765	-0.000132206434	0.847371098532	80.116448919419	-0.052043103539	333.567894899815	-133.574614867998	-84.114661054905	16.875818816537	
0.034482758621	0.203148932348	-0.000208174050	0.845707831181	79.969640021900	-0.081947779087	332.913149192994	-133.618547072076	-82.029765451947	16.795551074891	
0.035344827586	0.202921073267	-0.000314538153	0.844081664104	79.879943224277	-0.123818041265	332.273008020256	-133.634468727990	-79.919221788572	16.768059987220	
0.036206896552	0.202615656844	-0.000387703484	0.842907735043	79.759715954739	-0.152619596387	331.810890482710	-133.730555493136	-78.122850486652	16.674748438070	
0.037068965517	0.202406812841	-0.000648676810	0.841894791663	79.677504448475	-0.255351826893	331.412145008009	-133.789832530883	-76.631206321133	16.474655481565	
0.037931034483	0.202246986340	-0.000924202795	0.839744703621	79.614588697081	-0.363812716105	330.565762185472	-133.804824787976	-74.985812593665	16.304309007334	
0.038793103448	0.201827394649	-0.000901538944	0.837671045961	79.449416297912	-0.354891084128	329.749466206417	-133.909347563121	-73.554996944423	16.279836281513	
0.039655172414	0.201481724355	-0.001101554822	0.837606558960	79.313343080087	-0.433627396328	329.724080878569	-133.873062324034	-72.559511358460	16.229790248947	
0.040517241379	0.201213338041	-0.000959620410	0.838111160805	79.207692724528	-0.377754871236	329.922717550818	-133.950230395591	-71.776247779829	16.223841791794	
0.041379310345	0.201159943088	-0.001020612983	0.837878801617	79.186673784826	-0.401764616422	329.831249284680	-134.023651993151	-70.951227299898	16.174049602444	
0.042241379310	0.200949861311	-0.001049448206	0.837345137367	79.103975028221	-0.413115610556	329.621172187616	-134.044780555585	-70.031785609352	16.154862121022	
0.043103448276	0.200830150974	-0.001123215317	0.836865780648	79.056851017089	-0.442154056735	329.432473267034	-134.047866313168	-69.290657375333	16.109411807480	
0.043965517241	0.200658698299	-0.001230686625	0.836424141553	78.989358618702	-0.484460170273	329.258621900958	-134.055177756509	-68.660570091457	16.048838657023	
0.044827586207	0.200572582545	-0.001373693871	0.836188989430	78.955459125313	-0.540755016952	329.166054194991	-134.051526533798	-68.211513728742	15.997268261749	
0.045689655172	0.200433893366	-0.001320592183	0.836435798497	78.900864087349	-0.519851521016	329.263210660346	-134.077314570423	-67.923282024634	16.019653830109	
0.046551724138	0.200379681685	-0.001282587409	0.837121174049	78.879523642004	-0.504890929945	329.533008958446	-134.125653474085	-67.775334998397	16.007029368131	
0.047413793103	0.200326859371	-0.001271637165	0.837796384147	78.858730121995	-0.500580363314	329.798805622062	-134.171874792282	-67.602893894608	15.997640887303	
0.048275862069	0.200246921519	-0.001358086982	0.838222452939	78.827262561951	-0.534611360243	329.966527733880	-134.181285318437	-67.406724299589	15.954207686667	
0.049137931034	0.200163949655	-0.001413825026	0.838464844671	78.794600662048	-0.556552658562	330.061945314166	-134.173008761239	-67.220886201327	15.933756957652	
0.050000000000	0.200058991531	-0.001408112612	0.838595856120	78.753283864060	-0.554303964998	330.113518011491	-134.187427836506	-67.047654912563	15.938248664530	
0.050862068966	0.199966506801	-0.001441394419	0.838718010613	78.716877221437	-0.567405358836	330.161604165403	-134.191024916488	-66.922029047356	15.902272893097	
0.051724137931	0.199908228693	-0.001470050206	0.839032480291	78.693936026321	-0.578685718002	330.285395251368	-134.217237522450	-66.859664665521	15.881189159930	
0.052586206897	0.199891427595	-0.001496371030	0.839449711039	78.687322268828	-0.589046918637	330.449638264223	-134.234826964785	-66.833010246839	15.860271754656	
0.053448275862	0.199885408879	-0.001535206336	0.839911835196	78.684952999411	-0.604334448665	330.631553581541	-134.242552551235	-66.828352761018	15.838287576870	
0.054310344828	0.199866215329	-0.001536006903	0.840354760751	78.677397452536	-0.604649592260	330.805911363317	-134.254645882006	-66.831809183684	15.830939483686	
0.055172413793	0.199859651299	-0.001545538428	0.840780403065	78.674813519852	-0.608401680093	330.973465591584	-134.277756662863	-66.846423552845	15.811605087205	
0.056034482759	0.199853516515	-0.001564822116	0.841232157665	78.672398560432	-0.615992709808	331.151298929595	-134.294401456791	-66.878908021229	15.793919352440	
0.056896551724	0.199845315437	-0.001566392181	0.841722866909	78.669170203307	-0.616610766269	331.344466775281	-134.309043429036	-66.923913942489	15.787354741608	
0.057758620690	0.199828903753	-0.001567109296	0.842183356971	78.662709739142	-0.616893058734	331.525738830491	-134.324926708573	-66.960433951748	15.778376015384	
0.058620689655	0.199828684345	-0.001576113607	0.842621838185	78.662623368950	-0.620437608652	331.698347095890	-134.333304225834	-66.996221733409	15.770431271040	
0.059482758621	0.199821148216	-0.001575102528	0.842940413716	78.659656769331	-0.620039597233	331.823754452355	-134.349114045416	-67.003924087875	15.773652273769	
0.060344827586	0.199738536502	-0.001836076216	0.842392608157	78.627136642521	-0.722771970084	331.608110624498	-134.432887611345	-66.867523890416	15.742449297711	
0.061206896552	0.199696800481	-0.001974448681	0.843128220530	78.610707244970	-0.777242333483	331.897684662700	-134.335912493535	-66.969805907675	15.725965510359	
0.062068965517	0.199614877227	-0.001452121714	0.843871886390	78.578458130921	-0.571628161571	332.190428958457	-134.351467852622	-67.059519562043	15.819673258048	
0.062931034483	0.199578550784	-0.001520379851	0.844148256030	78.564158215331	-0.598497998254	332.299221952555	-134.369989267146	-67.122541594804	15.823464827298	
0.063793103448	0.199524841950	-0.001605496149	0.844324198467	78.543015716043	-0.632004055393	332.368481747204	-134.366249673585	-67.124444339820	15.799265715555	
0.064655172414	0.199439139185	-0.001602846536	0.844461583274	78.509278796494	-0.630961034250	332.422563319193	-134.386457735687	-67.124450852172	15.794521756797	
0.065517241379	0.199372022522	-0.001579741390	0.844801708541	78.482858301223	-0.621865686557	332.556453735539	-134.402094529987	-67.195417827867	15.800164611236	
0.066379310345	0.199251407717	-0.001593007803	0.845077707430	78.435378245852	-0.627088013972	332.665100783687	-134.413051453522	-67.257432593033	15.794046762876	
0.067241379310	0.199116381644	-0.001612266471	0.845379825565	78.382225190360	-0.634669194542	332.784029680749	-134.427756284938	-67.328756406704	15.784194954705	
0.068103448276	0.198985873778	-0.001603377787	0.845666032968	78.330850728706	-0.631170161627	332.896695313516	-134.434980147443	-67.401899333998	15.780999733787	
0.068965517241	0.198884632690	-0.001597692246	0.845946120754	78.290997142960	-0.628932046622	333.006951957105	-134.435205983740	-67.471441014805	15.782655985642	
0.069827586207	0.198823871548	-0.001590679692	0.846233324403	78.267078500900	-0.626171552376	333.120009762149	-134.434356915194	-67.542226800361	15.781968412386	
0.070689655172	0.198819032885	-0.001581132786	0.846496855644	78.265173759786	-0.622413410136	333.223748916801	-134.434427068764	-67.608559120445	15.780108809809	
0.071551724138	0.198871591973	-0.001563151427	0.846729058101	78.285863660739	-0.615335042456	333.315155485869	-134.434686026494	-67.667548951273	15.783666463380	
0.072413793103	0.198973389770	-0.001566360420	0.846959035643	78.325936395156	-0.616598263615	333.405686216312	-134.434411810493	-67.725692660305	15.781333153283	
0.073275862069	0.199094394783	-0.001566718843	0.847210081209	78.373570055986	-0.616739357000	333.504510380943	-134.433154658400	-67.790749288329	15.778621187571	
0.074137931034	0.199209516536	-0.001559933819	0.847464546204	78.418887769726	-0.614068429935	333.604680604692	-134.434084724025	-67.854952983560	15.781689603201	
0.075000000000	0.199315825398	-0.001556296771	0.847734546535	78.460736285957	-0.612636704932	333.710966318643	-134.439477035654	-67.921523848065	15.780520195754	
0.075862068966	0.199396874354	-0.001560100514	0.847998828898	78.492641232663	-0.614134049659	333.815001152661	-134.446900186849	-67.985779168677	15.777006987822	
0.076724137931	0.199424919493	-0.001566680906	0.848252133534	78.503681209986	-0.616724423133	333.914714600824	-134.456754945242	-68.047429217240	15.775230683210	
0.077586206897	0.199399742221	-0.001567536812	0.848499957404	78.493770169359	-0.617061350749	334.012270543793	-134.465668306889	-68.107691362644	15.774127000721	
0.078448275862	0.199330668857	-0.001573935190	0.848719964661	78.466579418233	-0.619580074211	334.098876468596	-134.474946723606	-68.158183270199	15.770735783782	
0.079310344828	0.199259309741	-0.001585719154	0.848916697473	78.438488879965	-0.624218835300	334.176320400850	-134.482689816663	-68.199208723440	15.766554179427	
0.080172413793	0.199164236251	-0.001594333600	0.849108962097	78.401063171510	-0.627609914589	334.252005429325	-134.487848565022	-68.249885554880	15.765819278302	
0.081034482759	0.199030812484	-0.001602671686	0.849266921741	78.348540864183	-0.630892204724	334.314186292051	-134.491287717685	-68.294008816982	15.761282725666	
0.081896551724	0.198933754884	-0.001601646719	0.849387675544	78.310334109869	-0.630488726271	334.361721063875	-134.494114914701	-68.326070421201	15.757878177897	
0.082758620690	0.198880337049	-0.001601453898	0.849518057976	78.289306162572	-0.630412822189	334.413046148551	-134.494783616574	-68.368949748611	15.756205581028	
0.083620689655	0.198876600111	-0.001602309887	0.849681704610	78.287835115909	-0.630749782286	334.477465696628	-134.491423980293	-68.409776128183	15.755462849113	
0.084482758621	0.198862969449	-0.001617080894	0.849872520835	78.282469401575	-0.636564393729	334.552580562690	-134.488171911850	-68.452882193211	15.750480102611	
0.085344827586	0.198826075620	-0.001627926410	0.849987302175	78.267946134359	-0.640833734622	334.597764272678	-134.489730555327	-68.485335054552	15.745068714677	
0.086206896552	0.198822151681	-0.001618357128	0.850066418094	78.266401474608	-0.637066783884	334.628908278669	-134.488219422945	-68.511851439086	15.746082928421	
0.087068965517	0.198863048739	-0.001618916294	0.850191000098	78.282500614138	-0.637286899716	334.677950023047	-134.485868758617	-68.547491302149	15.743874416527	
0.087931034483	0.198916440684	-0.001624190376	0.850353324252	78.303518369885	-0.639363043476	334.741848976452	-134.486036514298	-68.594075731594	15.742388920755	
0.088793103448	0.198954692558	-0.001624344958	0.850522229258	78.318576231664	-0.639423894845	334.808338484176	-134.485588658806	-68.644050441187	15.743953191133	
0.089655172414	0.198975678806	-0.001608435880	0.850693533088	78.326837474760	-0.633161281544	334.875772289928	-134.487487857532	-68.695601556868	15.748044336146	
0.090517241379	0.198980572886	-0.001588000133	0.850864522703	78.328764031115	-0.625116743215	334.943082404888	-134.489744796509	-68.749128648485	15.754013596689	
0.091379310345	0.198985418556	-0.001582817592	0.851037834023	78.330671530306	-0.623076634288	335.011306459456	-134.491743640127	-68.803022085052	15.755467152927	
0.092241379310	0.198994265552	-0.001581362567	0.851212571016	78.334154153291	-0.622503863267	335.080091730884	-134.493890874799	-68.856665909776	15.756748428232	
0.093103448276	0.199004891702	-0.001578645539	0.851383373456	78.338337140331	-0.621434304354	335.147328164127	-134.496083809969	-68.908955519295	15.758400335958	
0.093965517241	0.199017151793	-0.001576654441	0.851545234083	78.343163328807	-0.620650508037	335.211044650046	-134.498858047877	-68.957727203117	15.759523038971	
0.094827586207	0.199027568006	-0.001576501780	0.851697449500	78.347263674475	-0.620590413135	335.270964295902	-134.501550741736	-69.002240213308	15.760039462046	
0.095689655172	0.199036325431	-0.001578344614	0.851839193488	78.350711037521	-0.621315845341	335.326761860692	-134.503871142496	-69.040728775174	15.759809685187	
0.096551724138	0.199043890111	-0.001581813452	0.851969901883	78.353688876127	-0.622681354507	335.378215260854	-134.505900147947	-69.073952281960	15.758996891720	
0.097413793103	0.199041737279	-0.001585174840	0.852087890016	78.352841413324	-0.624004565632	335.424661325745	-134.507312109604	-69.105131312115	15.758553972522	
0.098275862069	0.199026808185	-0.001589242703	0.852184261490	78.346964570580	-0.625605881178	335.462597986152	-134.507890250501	-69.133670952072	15.756853322706	
0.099137931034	0.199002379847	-0.001589959170	0.852249731069	78.337348347918	-0.625887918876	335.488370106202	-134.507094930200	-69.156495327603	15.756830773152	
0.100000000000	0.198977656339	-0.001589093499	0.852299045492	78.327615931197	-0.625547147181	335.507782743945	-134.506291216211	-69.177595041996	15.756738956070	
0.100862068966	0.198953102931	-0.001586449234	0.852359092770	78.317950474657	-0.624506231447	335.531420373636	-134.506175046931	-69.200565793901	15.757529953211	
0.101724137931	0.198921940231	-0.001584068001	0.852440981392	78.305683268060	-0.623568858183	335.563655854936	-134.506516199995	-69.226430250924	15.757928561132	
0.102586206897	0.198884700936	-0.001580306997	0.852521418405	78.291024008064	-0.622088337763	335.595319909950	-134.507221531332	-69.250905071157	15.758618782574	
0.103448275862	0.198851904699	-0.001576919589	0.852587185487	78.278113759422	-0.620754883568	335.621209142188	-134.505780571458	-69.272594704912	15.759344217194	
0.104310344828	0.198834412446	-0.001574335823	0.852642650121	78.271227928424	-0.619737783296	335.643042812509	-134.504470899444	-69.292914573273	15.759730242078	
0.105172413793	0.198832920903	-0.001573064631	0.852703357304	78.270640782329	-0.619237378391	335.666940214028	-134.503976432629	-69.315493796167	15.759436730199	
0.106034482759	0.198842418989	-0.001572164408	0.852776754782	78.274379706717	-0.618883005434	335.695833153608	-134.503664351606	-69.340826947093	15.759542593896	
0.106896551724	0.198858513417	-0.001572656059	0.852866408670	78.280715283415	-0.619076543903	335.731125434556	-134.503947308676	-69.369756513219	15.759318942049	
0.107758620690	0.198879731983	-0.001577272702	0.852971737704	78.289067978240	-0.620893886581	335.772588241321	-134.504516099755	-69.402265270493	15.757140940965	
0.108620689655	0.198903251403	-0.001580108261	0.853093457835	78.298326405295	-0.622010105275	335.820503408509	-134.506019630268	-69.438850592506	15.756732510967	
0.109482758621	0.198922765472	-0.001579864898	0.853224394019	78.306008124363	-0.621914305340	335.872046477821	-134.507837566864	-69.476771786073	15.756821701109	
0.110344827586	0.198940291322	-0.001579972692	0.853355243199	78.312907180800	-0.621956738834	335.923555297948	-134.509444467407	-69.512591547217	15.756806743604	
0.111206896552	0.198955982661	-0.001588863051	0.853489019988	78.319084081298	-0.625456431122	335.976216572312	-134.512233525883	-69.551296160420	15.752457249453	
0.112068965517	0.198961416721	-0.001591638143	0.853617410371	78.321223200680	-0.626548847227	336.026757486253	-134.514001556339	-69.588662638358	15.751657449767	
0.112931034483	0.198950960386	-0.001583340034	0.853728973416	78.317107061248	-0.623282293835	336.070674313422	-134.515350938098	-69.618909067490	15.753896788765	
0.113793103448	0.198949808155	-0.001589739010	0.853829990649	78.316653485054	-0.625801252678	336.110439778525	-134.517316133664	-69.646535853020	15.750690871440	
0.114655172414	0.198952817229	-0.001602595649	0.853924675111	78.317838008071	-0.630862272636	336.147712346259	-134.519035230392	-69.673672802240	15.747148524889	
0.115517241379	0.198943993220	-0.001610089349	0.854007840239	78.314364434251	-0.633812170027	336.180450324517	-134.519648841667	-69.697760220658	15.746220604588	
0.116379310345	0.198924486419	-0.001601736110	0.854080234862	78.306685575698	-0.630523915006	336.208948490141	-134.520339322380	-69.717982614625	15.748554467712	
0.117241379310	0.198910161377	-0.001590553540	0.854139307408	78.301046518463	-0.626121892663	336.232202416296	-134.521389411479	-69.734525121153	15.750095029917	
0.118103448276	0.198906864165	-0.001590876294	0.854191057109	78.299748570150	-0.626248945016	336.252573701988	-134.522065769324	-69.748786964805	15.749332993171	
0.118965517241	0.198908279413	-0.001593658543	0.854237668903	78.300305682833	-0.627344178280	336.270922449160	-134.522224779554	-69.761017267931	15.748955567475	
0.119827586207	0.198911695943	-0.001593326025	0.854277191574	78.301650601123	-0.627213282231	336.286480560817	-134.522418200910	-69.770748361445	15.749275476934	
0.120689655172	0.198917231877	-0.001591714301	0.854311660173	78.303829823325	-0.626578826810	336.300049135368	-134.522933828214	-69.778703834438	15.749586094963	
0.121551724138	0.198923604983	-0.001590208862	0.854344461441	78.306338598175	-0.625986210024	336.312961364815	-134.523557589829	-69.786091802109	15.749941141940	
0.122413793103	0.198928953749	-0.001588626706	0.854375960511	78.308444141801	-0.625363393788	336.325360983232	-134.524173806566	-69.793158278759	15.750361100721	
0.123275862069	0.198931754752	-0.001586647641	0.854406165473	78.309546757209	-0.624584334550	336.337251175977	-134.524970512407	-69.800144009670	15.750901567277	
0.124137931034	0.198930571946	-0.001584615857	0.854436235513	78.309081145461	-0.623784521802	336.349088256642	-134.525968615947	-69.807582086385	15.751493773569	
0.125000000000	0.198924029506	-0.001582959743	0.854466487764	78.306505711907	-0.623132592304	336.360997064602	-134.527026852956	-69.815637407488	15.751891529138	
0.125862068966	0.198912225447	-0.001581765544	0.854497026838	78.301859040417	-0.622662495380	336.373018780439	-134.528068737554	-69.824407475695	15.752095524403	
0.126724137931	0.198896363547	-0.001580863099	0.854528625580	78.295614998756	-0.622307247583	336.385457634910	-134.529063711072	-69.834165569683	15.752169143804	
0.127586206897	0.198877552491	-0.001580646835	0.854562587729	78.288210020495	-0.622222115208	336.398826845504	-134.529931039675	-69.845161587170	15.752037329667	
0.128448275862	0.198856913205	-0.001581236245	0.854599369851	78.280085359099	-0.622454136828	336.413306139305	-134.530569600660	-69.857395433437	15.751705045182	
0.129310344828	0.198835932406	-0.001582208861	0.854638331124	78.271826261245	-0.622837007447	336.428643256135	-134.530906851021	-69.870528477562	15.751266591100	
0.130172413793	0.198816356795	-0.001583280425	0.854678448120	78.264120315965	-0.623258828589	336.444435324095	-134.530913659516	-69.884064848063	15.750757091806	
0.131034482759	0.198799770013	-0.001584844469	0.854718560169	78.257590923900	-0.623874515217	336.460225444835	-134.530611183360	-69.897457623526	15.750073527895	
0.131896551724	0.198787514029	-0.001587097839	0.854757287451	78.252766352190	-0.624761554828	336.475470451187	-134.530058538210	-69.910118422101	15.749216698803	
0.132758620690	0.198780492307	-0.001589659383	0.854793264260	78.250002249108	-0.625769907523	336.489632733399	-134.529326730089	-69.921522134459	15.748313822482	
0.133620689655	0.198778930413	-0.001592227191	0.854825487249	78.249387409271	-0.626780725954	336.502317322711	-134.528507501831	-69.931310391481	15.747440045598	
0.134482758621	0.198782458706	-0.001594685278	0.854853235132	78.250776322800	-0.627748352534	336.513240285391	-134.527708598197	-69.939274946301	15.746621755713	
0.135344827586	0.198790325604	-0.001596860846	0.854876120004	78.253873129522	-0.628604765498	336.522248922609	-134.527025509626	-69.945361103320	15.745900697543	
0.136206896552	0.198801494762	-0.001598557726	0.854893981292	78.258269871896	-0.629272743220	336.529280023932	-134.526491306697	-69.949652592916	15.745320857794	
0.137068965517	0.198813614231	-0.001598832289	0.854888444023	78.263040704873	-0.629380824848	336.527100276309	-134.523767809471	-69.949382241240	15.744880519822	
0.137931034483	0.198749903038	-0.001532469161	0.854121408079	78.237960773796	-0.603256959080	336.225156339985	-134.428668477386	-69.825354069490	15.744526504522	
0.138793103448	0.198678682830	-0.001050512438	0.854542478796	78.209924917156	-0.413534546011	336.390910957663	-134.533246304207	-69.918796613558	15.806453702656	
0.139655172414	0.198590341987	-0.001675216649	0.854816775682	78.175149516734	-0.659449551631	336.498888011884	-134.539476101132	-69.956930860447	15.694567083031	
0.140517241379	0.198556650976	-0.001758357641	0.855034525847	78.161887040100	-0.692178028957	336.584605431352	-134.510769958160	-70.030623058925	15.659807818468	
0.141379310345	0.198593100742	-0.001625254430	0.854958068373	78.176235501764	-0.639781908960	336.554507923259	-134.522129673813	-70.009690070101	15.692850637692	
0.142241379310	0.198569890660	-0.001612948519	0.854808977641	78.167098845800	-0.634937683025	336.495818310445	-134.511215619835	-69.966882625896	15.694311456781	
0.143103448276	0.198587843178	-0.001638774100	0.854821764323	78.174165860037	-0.645103931150	336.500851791788	-134.506995598406	-69.977592451447	15.689826131564	
0.143965517241	0.198588019509	-0.001651573136	0.854768351065	78.174235272861	-0.650142275667	336.479825646283	-134.503874857554	-69.965475917064	15.686488664564	
0.144827586207	0.198587458873	-0.001645294398	0.854740424495	78.174014578231	-0.647670648281	336.468832343345	-134.496975410856	-69.960007610361	15.688989052152	
0.145689655172	0.198582302668	-0.001646471234	0.854743902142	78.171984836662	-0.648133910193	336.470201320244	-134.495362844507	-69.962924581800	15.689136332011	
0.146551724138	0.198580983924	-0.001645240445	0.854750743246	78.171465712396	-0.647649409861	336.472894322792	-134.494106010026	-69.967042025952	15.689592419681	
0.147413793103	0.198577216852	-0.001644360803	0.854768909006	78.169982803425	-0.647303138644	336.480045279937	-134.492428534117	-69.973239559388	15.690142040970	
0.148275862069	0.198575493457	-0.001650321792	0.854799169251	78.169304388467	-0.649649683668	336.491957234726	-134.491857836215	-69.982832277149	15.688910067967	
0.149137931034	0.198570838024	-0.001649520303	0.854826231283	78.167471775700	-0.649334177326	336.502610212179	-134.489570913340	-69.992072928802	15.689231608621	
0.150000000000	0.198563579676	-0.001650621397	0.854851092959	78.164614525090	-0.649767623125	336.512397018412	-134.488486931434	-69.999432749873	15.688783061808	
0.150862068966	0.198560580109	-0.001658211325	0.854886360561	78.163433744379	-0.652755400606	336.526280120949	-134.488293786214	-70.009686000189	15.687011493808	
0.151724137931	0.198557423066	-0.001661022823	0.854924500825	78.162190973620	-0.653862147941	336.541294047726	-134.487244781020	-70.020502870611	15.686374794967	
0.152586206897	0.198553841286	-0.001661074136	0.854960883158	78.160781004594	-0.653882347142	336.555615964234	-134.486481180383	-70.030361539520	15.686199196607	
0.153448275862	0.198552624807	-0.001663718346	0.854997775515	78.160302137153	-0.654923241149	336.570138651861	-134.486104332827	-70.039981787865	15.685421557336	
0.154310344828	0.198550904739	-0.001668411214	0.855027027872	78.159625031845	-0.656770590034	336.581653851483	-134.485491909915	-70.047289744201	15.684314223706	
0.155172413793	0.198550455190	-0.001673368527	0.855054176359	78.159448067017	-0.658722037868	336.592340861689	-134.484971286227	-70.054044795957	15.683063321401	
0.156034482759	0.198550447944	-0.001673185769	0.855077642480	78.159445214742	-0.658650095382	336.601578307422	-134.484758876795	-70.059418965819	15.683276825749	
0.156896551724	0.198550355894	-0.001673199419	0.855098375630	78.159408978972	-0.658655468556	336.609739918230	-134.484634172218	-70.064086221672	15.683285616780	
0.157758620690	0.198549659835	-0.001673679222	0.855114240463	78.159134975202	-0.658844343249	336.615985114782	-134.484648495782	-70.067496260826	15.683225438363	
0.158620689655	0.198548214136	-0.001674980636	0.855126797668	78.158565875510	-0.659356645138	336.620928262532	-134.484708756015	-70.070525058089	15.682870708322	
0.159482758621	0.198545674988	-0.001674609579	0.855135003783	78.157566338996	-0.659210578618	336.624158602235	-134.484764642736	-70.072390891942	15.683183080200	
0.160344827586	0.198540948230	-0.001672762245	0.855139298132	78.155705649041	-0.658483374998	336.625849074050	-134.484943490653	-70.073378611342	15.683774985810	
0.161206896552	0.198534587003	-0.001670940162	0.855142018405	78.153201550347	-0.657766111306	336.626919910132	-134.485077800176	-70.074363659804	15.684316328877	
0.162068965517	0.198526834480	-0.001668859446	0.855142135797	78.150149767055	-0.656947036970	336.626966121539	-134.484887218712	-70.074542522117	15.685238462487	
0.162931034483	0.198517253909	-0.001666244007	0.855142001647	78.146378372235	-0.655917468639	336.626913313379	-134.484457767657	-70.075117102600	15.686460665935	
0.163793103448	0.198506633707	-0.001663432294	0.855142318697	78.142197726591	-0.654810636963	336.627038120316	-134.483927327980	-70.076146314048	15.687617744012	
0.164655172414	0.198495329861	-0.001661384180	0.855144193423	78.137747964211	-0.654004396124	336.627776106912	-134.483209536480	-70.078335288163	15.688267671629	
0.165517241379	0.198483605629	-0.001661862180	0.855150774136	78.133132716411	-0.654192560949	336.630366606582	-134.482473287557	-70.083679454782	15.687433859762	
0.166379310345	0.198472021648	-0.001664100789	0.855160214666	78.128572678791	-0.655073790046	336.634082874084	-134.481678024375	-70.090865091751	15.685642725959	
0.167241379310	0.198461365591	-0.001667255112	0.855171889041	78.124377918618	-0.656315490158	336.638678495470	-134.480842537737	-70.099240884910	15.683398858577	
0.168103448276	0.198452431144	-0.001671519019	0.855186258025	78.120860870945	-0.657993978677	336.644334850412	-134.480031211898	-70.108985372702	15.680568935110	
0.168965517241	0.198445789967	-0.001676221908	0.855201724821	78.118246569501	-0.659845272258	336.650423359417	-134.479213756610	-70.119088481122	15.677578354858	
0.169827586207	0.198441716352	-0.001680876770	0.855217570733	78.116642989772	-0.661677660262	336.656661107485	-134.478412291574	-70.129062418456	15.674706942538	
0.170689655172	0.198440364139	-0.001685341690	0.855233293777	78.116110690743	-0.663435277285	336.662850488729	-134.477630178360	-70.138614085065	15.672005916788	
0.171551724138	0.198441882680	-0.001689281495	0.855247927572	78.116708464989	-0.664986182694	336.668611086702	-134.476862414133	-70.147152022593	15.669691637702	
0.172413793103	0.198446063153	-0.001692682331	0.855261454212	78.118354109250	-0.666324922912	336.673935852503	-134.476156298575	-70.154708949181	15.667752973832	
0.173275862069	0.198452578660	-0.001695468583	0.855273964227	78.120918940615	-0.667421731673	336.678860423911	-134.475536210762	-70.161375376823	15.666179307592	
0.174137931034	0.198461171473	-0.001697558845	0.855285536271	78.124301504111	-0.668244564301	336.683415762542	-134.475028723621	-70.167182759590	15.664973184439	
0.175000000000	0.198471486122	-0.001699043372	0.855296125704	78.128361868765	-0.668828948692	336.687584296160	-134.474657161427	-70.172107264364	15.664069757698	
0.175862068966	0.198483022630	-0.001700075241	0.855305759684	78.132903218915	-0.669235144270	336.691376715330	-134.474444625353	-70.176202822005	15.663379280093	
0.176724137931	0.198495167365	-0.001700792721	0.855314574071	78.137683997715	-0.669517580573	336.694846501338	-134.474408840294	-70.179686889157	15.662809343650	
0.177586206897	0.198507389166	-0.001701126141	0.855322418285	78.142495113219	-0.669648831486	336.697934378811	-134.474518820127	-70.182616252624	15.662403650581	
0.178448275862	0.198519392360	-0.001701009391	0.855329154448	78.147220174179	-0.669602872526	336.700586071350	-134.474760484857	-70.184891350583	15.662231694201	
0.179310344828	0.198531007617	-0.001700650505	0.855334949175	78.151792523776	-0.669461597133	336.702867167524	-134.475149793075	-70.186551205631	15.662191604965	
0.180172413793	0.198542031055	-0.001700254007	0.855340018287	78.156131903630	-0.669305515446	336.704862625122	-134.475690165186	-70.187723692368	15.662178253500	
0.181034482759	0.198552245620	-0.001699899302	0.855344453620	78.160152870347	-0.669165885829	336.706608595099	-134.476361637865	-70.188516782093	15.662175165950	
0.181896551724	0.198561558034	-0.001699689199	0.855348222623	78.163818704965	-0.669083178505	336.708092264234	-134.477110429331	-70.189037052729	15.662149743921	
0.182758620690	0.198570026674	-0.001699673626	0.855351432398	78.167152387488	-0.669077048455	336.709355793452	-134.477904577687	-70.189404375136	15.662093679656	
0.183620689655	0.198577714128	-0.001699841875	0.855354467048	78.170178556163	-0.669143279474	336.710550384181	-134.478748261444	-70.189732375949	15.662026130143	
0.184482758621	0.198584713423	-0.001700248223	0.855357634514	78.172933831088	-0.669303238667	336.711797258322	-134.479646074706	-70.190050113779	15.661886705505	
0.185344827586	0.198591329441	-0.001700856782	0.855360823771	78.175538228290	-0.669542797970	336.713052710304	-134.480586381241	-70.190138485015	15.661700054868	
0.186206896552	0.198596273785	-0.001700676540	0.855365337395	78.177484570911	-0.669471845818	336.714829499780	-134.481239714297	-70.191067833747	15.662337433781	
0.187068965517	0.198600897103	-0.001702195251	0.855375304198	78.179304541527	-0.670069686957	336.718752934605	-134.482011814577	-70.195737634365	15.661422289902	
0.187931034483	0.198608502787	-0.001703727591	0.855379388288	78.182298521390	-0.670672893058	336.720360638216	-134.483349314761	-70.195459202458	15.660179738689	
0.188793103448	0.198607566832	-0.001703074653	0.855380773008	78.181930082559	-0.670415863843	336.720905733606	-134.483964756277	-70.193361755546	15.662013801282	
0.189655172414	0.198604834147	-0.001706751239	0.855392825687	78.180854360045	-0.671863152702	336.725650274248	-134.484073476376	-70.198936195360	15.660704646200	
0.190517241379	0.198611756664	-0.001706046714	0.855408506483	78.183579411231	-0.671585816275	336.731823024310	-134.484368228177	-70.204755594289	15.661392831757	
0.191379310345	0.198616894401	-0.001703579608	0.855412744687	78.185601882831	-0.670614639350	336.733491394630	-134.485665658312	-70.202526292009	15.661536646792	
0.192241379310	0.198617569532	-0.001701580366	0.855421806951	78.185867648521	-0.669827637095	336.737058757907	-134.487218627173	-70.207665914996	15.660979849769	
0.193103448276	0.198611658381	-0.001701982379	0.855443153667	78.183540721984	-0.669985889572	336.745461899106	-134.486219891133	-70.216519505390	15.663219008583	
0.193965517241	0.198606802857	-0.001704156506	0.855456837234	78.181629343452	-0.670841735550	336.750848439588	-134.487143896025	-70.216652116216	15.661860230037	
0.194827586207	0.198602486849	-0.001699902302	0.855480946301	78.179930345589	-0.669167066702	336.760338981217	-134.487994378872	-70.226595058024	15.662166915964	
0.195689655172	0.198594389840	-0.001699402443	0.855498441585	78.176742955681	-0.668970296956	336.767226005320	-134.488366114945	-70.233260968399	15.663547507085	
0.196551724138	0.198583662569	-0.001699781234	0.855513303366	78.172520162065	-0.669119408302	336.773076349898	-134.488312624421	-70.234175541650	15.663214479044	
0.197413793103	0.198572886242	-0.001696963358	0.855541114664	78.168278057549	-0.668010150408	336.784024276019	-134.488680482535	-70.245849978730	15.663349686888	
0.198275862069	0.198562459975	-0.001695773561	0.855559292049	78.164173754257	-0.667541786590	336.791179809005	-134.489244057557	-70.251998231322	15.664910025174	
0.199137931034	0.198551464879	-0.001696831605	0.855576304755	78.159845531301	-0.667958286006	336.797876866050	-134.488789331867	-70.254004590420	15.663249205515	
0.200000000000	0.198539867264	-0.001693298602	0.855598948589	78.155280126522	-0.666567517980	336.806790618216	-134.489591729110	-70.264768070220	15.664349826986	
0.200862068966	0.198525847436	-0.001695386736	0.855611621762	78.149761216865	-0.667389512750	336.811779417014	-134.489057448931	-70.267662164023	15.664979476911	
0.201724137931	0.198515417163	-0.001697643893	0.855628562054	78.145655336671	-0.668278043238	336.818447967875	-134.488628352990	-70.270995859671	15.662774067217	
0.202586206897	0.198507278620	-0.001694637553	0.855648515459	78.142451596762	-0.667094596653	336.826302631916	-134.488752535373	-70.280307829274	15.664002262023	
0.203448275862	0.198498605977	-0.001696591531	0.855652612603	78.139037608130	-0.667863780730	336.827915474140	-134.488451015740	-70.279163897925	15.664086891794	
0.204310344828	0.198491345094	-0.001698894344	0.855666633925	78.136179359399	-0.668770283831	336.833434971677	-134.487602054952	-70.283385163432	15.662044618856	
0.205172413793	0.198487951224	-0.001698098544	0.855677729995	78.134843361535	-0.668457016827	336.837802943310	-134.487638106645	-70.288956128034	15.663149172202	
0.206034482759	0.198485297736	-0.001700403712	0.855679105562	78.133798814843	-0.669364446712	336.838344435537	-134.486981786315	-70.286296530510	15.662590647245	
0.206896551724	0.198486225058	-0.001700882710	0.855691936750	78.134163855769	-0.669553004733	336.843395436580	-134.486365524307	-70.291733464646	15.661040539350	
0.207758620690	0.198486948215	-0.001700823128	0.855695607527	78.134448526469	-0.669529550091	336.844840439369	-134.486294505635	-70.293360830117	15.662454210332	
0.208620689655	0.198488744356	-0.001703651398	0.855696764646	78.135155578005	-0.670642899527	336.845295939498	-134.485692844380	-70.290773211179	15.660951630315	
0.209482758621	0.198493828804	-0.001702387288	0.855709376657	78.137157072712	-0.670145282356	336.850260661491	-134.485464117982	-70.297304562557	15.660768208977	
0.210344827586	0.198497743090	-0.001702814460	0.855709432248	78.138697932588	-0.670313438492	336.850282545046	-134.485443531797	-70.296201973571	15.661967313635	
0.211206896552	0.198502967830	-0.001704648014	0.855715098028	78.140754652844	-0.671035217531	336.852512880927	-134.485126592750	-70.295968349856	15.660004714211	
0.212068965517	0.198509903113	-0.001702142572	0.855727356129	78.143484729213	-0.670048949507	336.857338286051	-134.485229745478	-70.302465106890	15.661065700990	
0.212931034483	0.198514256631	-0.001702947254	0.855726800791	78.145198493168	-0.670365713164	336.857119677177	-134.485454046605	-70.299751192008	15.661835039441	
0.213793103448	0.198520001281	-0.001703525268	0.855737264007	78.147459876166	-0.670593248212	336.861238525438	-134.485521081100	-70.302533777872	15.659979032616	
0.214655172414	0.198525708953	-0.001700904297	0.855746563806	78.149706702998	-0.669561502484	336.864899394038	-134.485946558288	-70.307222698976	15.661740383460	
0.215517241379	0.198529317128	-0.001701954608	0.855746085246	78.151127062429	-0.669974957781	336.864711008911	-134.486327661522	-70.303834549669	15.661713788973	
0.216379310345	0.198534497102	-0.001701102189	0.855758238843	78.153166160649	-0.669639402444	336.869495276286	-134.486667260588	-70.308908426770	15.660663148307	
0.217241379310	0.198538155698	-0.001699923914	0.855761023614	78.154606367949	-0.669175574078	336.870591502038	-134.487330231218	-70.310064281245	15.662239029965	
0.218103448276	0.198540387814	-0.001701149946	0.855760087552	78.155485041158	-0.669658202111	336.870223021073	-134.487668569865	-70.306631556221	15.661506390737	
0.218965517241	0.198543845853	-0.001699712347	0.855769876573	78.156846299272	-0.669092290777	336.874076472056	-134.488066608931	-70.312412666660	15.661271149402	
0.219827586207	0.198546185859	-0.001699998608	0.855765320892	78.157767443543	-0.669204977419	336.872283126815	-134.488801506428	-70.309968523834	15.662386465396	
0.220689655172	0.198547137476	-0.001701478216	0.855762197226	78.158142047831	-0.669787425647	336.871053494755	-134.488972087666	-70.306457574503	15.660928186633	
0.221551724138	0.198549214532	-0.001699900712	0.855765580267	78.158959681588	-0.669166440620	336.872385230145	-134.489472833949	-70.310834212450	15.661531629297	
0.222413793103	0.198548964140	-0.001701498159	0.855754468784	78.158861114566	-0.669795276318	336.868011191053	-134.489697527912	-70.305186820909	15.662471212683	
0.223275862069	0.198551224429	-0.001702964673	0.855751536505	78.159750878121	-0.670372569932	336.866856898823	-134.489854671128	-70.303553701438	15.660241516154	
0.224137931034	0.198553953446	-0.001700716002	0.855747895457	78.160825156392	-0.669487379936	336.865423599079	-134.490463408204	-70.305126688427	15.661711258574	
0.225000000000	0.198553024925	-0.001703232954	0.855733792925	78.160459644085	-0.670478178743	336.859872132853	-134.490233803146	-70.297721091634	15.661829878096	
0.225862068966	0.198555082398	-0.001704003314	0.855732723484	78.161269568833	-0.670781431479	336.859451147001	-134.490466061593	-70.298705089214	15.660139165561	
0.226724137931	0.198556824467	-0.001702929850	0.855725423564	78.161955334740	-0.670358862054	336.856577531489	-134.490871091528	-70.297620017333	15.661847767698	
0.227586206897	0.198557659759	-0.001705432434	0.855714651885	78.162284147823	-0.671344004986	336.852337256726	-134.490609831804	-70.291030915756	15.660928703614	
0.228448275862	0.198561405585	-0.001704068036	0.855717611022	78.163758693379	-0.670806909051	336.853502121784	-134.491072569672	-70.294678642524	15.660575214795	
0.229310344828	0.198563267810	-0.001704064124	0.855710371925	78.164491758859	-0.670805369404	336.850652449179	-134.491329714606	-70.291621959103	15.662113898127	
0.230172413793	0.198565821070	-0.001706068175	0.855708383208	78.165496850276	-0.671594264705	336.849869590191	-134.491219062147	-70.288313728925	15.660408254617	
0.231034482759	0.198570189866	-0.001703274908	0.855716445561	78.167216628232	-0.670494693908	336.853043337882	-134.491945650070	-70.293681114377	15.661393086721	
0.231896551724	0.198571514871	-0.001704037171	0.855713483822	78.167738216924	-0.670794759135	336.851877448087	-134.492146809298	-70.290090880135	15.662488695708	
0.232758620690	0.198575249903	-0.001705160070	0.855722571973	78.169208513381	-0.671236788807	336.855455001686	-134.492457132970	-70.291552229923	15.660292926532	
0.233620689655	0.198577364182	-0.001701735071	0.855733128173	78.170040799995	-0.669888536941	336.859610453116	-134.493297029234	-70.296259678041	15.662662128488	
0.234482758621	0.198576690792	-0.001703872564	0.855737117318	78.169775719669	-0.670729961625	336.861180781480	-134.493426883590	-70.293975201609	15.662272312885	
0.235344827586	0.198579763588	-0.001702742076	0.855756120931	78.170985326965	-0.670284944739	336.868661559449	-134.494146097045	-70.300483703289	15.661143644630	
0.236206896552	0.198577563902	-0.001700699548	0.855764650775	78.170119419790	-0.669480902738	336.872019335321	-134.494889160357	-70.301745144153	15.663472304829	
0.237068965517	0.198574561019	-0.001703339922	0.855775683689	78.168937333939	-0.670520287047	336.876362445015	-134.495210830172	-70.302185824608	15.661529595422	
0.237931034483	0.198572520890	-0.001700583533	0.855797625742	78.168134236433	-0.669435233350	336.884999941011	-134.495624466280	-70.310338429253	15.662612894573	
0.238793103448	0.198566122282	-0.001700980969	0.855803982143	78.165615422603	-0.669591684194	336.887502140169	-134.496248289866	-70.309313291968	15.663479547933	
0.239655172414	0.198561931903	-0.001701997363	0.855821764279	78.163965878492	-0.669991788000	336.894502083505	-134.496655489866	-70.314268228991	15.661332208949	
0.240517241379	0.198554550151	-0.001699911395	0.855835335418	78.161060049743	-0.669170646298	336.899844366536	-134.497009677246	-70.318660583178	15.663283692644	
0.241379310345	0.198544674178	-0.001702551593	0.855841560107	78.157172369647	-0.670209961030	336.902294717556	-134.497176844855	-70.317283222918	15.662318799549	
0.242241379310	0.198538389382	-0.001701571923	0.855862554864	78.154698357718	-0.669824313715	336.910559310150	-134.497048504722	-70.325274005357	15.661799885607	
0.243103448276	0.198528572720	-0.001701081192	0.855868354816	78.150834025763	-0.669631136973	336.912842462828	-134.497189713985	-70.325757440368	15.663449292550	
0.243965517241	0.198520906861	-0.001703541586	0.855877373827	78.147816358020	-0.670599671888	336.916392799568	-134.497251602947	-70.327273944000	15.661058417161	
0.244827586207	0.198514425887	-0.001701342062	0.855890587190	78.145265120777	-0.669733828519	336.921594243773	-134.497158140032	-70.333395166312	15.662192080662	
0.245689655172	0.198504886058	-0.001703078928	0.855890376698	78.141509764137	-0.670417546346	336.921511383559	-134.496916441439	-70.330931167653	15.662488736140	
0.246551724138	0.198500462196	-0.001704043832	0.855904574319	78.139768309354	-0.670797381201	336.927100281313	-134.496410320510	-70.336502135781	15.660576421755	
0.247413793103	0.198495914187	-0.001701731462	0.855910898434	78.137977984127	-0.669887116206	336.929589771252	-134.496107339302	-70.339472496846	15.662840404548	
0.248275862069	0.198491863487	-0.001704391032	0.855910726194	78.136383424755	-0.670934056495	336.929521969125	-134.495998727698	-70.337694198122	15.661052808777	
0.249137931034	0.198492612312	-0.001702500671	0.855922831084	78.136678200276	-0.670189915613	336.934287062740	-134.495711296636	-70.344573522098	15.660997443294	
0.250000000000	0.198490084034	-0.001702214286	0.855919759656	78.135682942730	-0.670077180073	336.933077993922	-134.495438782984	-70.342613649063	15.662701732463	
0.250862068966	0.198491526992	-0.001704071620	0.855927582498	78.136250963649	-0.670808319894	336.936157458359	-134.494822100246	-70.345539943767	15.660341819968	
0.251724137931	0.198496263735	-0.001701100773	0.855933942313	78.138115583819	-0.669638845366	336.938661001430	-134.494642896211	-70.349407374710	15.661890581591	
0.252586206897	0.198496889021	-0.001701766435	0.855927747437	78.138361727794	-0.669900883088	336.936222386743	-134.494679450612	-70.345933579410	15.662394170425	
0.253448275862	0.198504542959	-0.001701572738	0.855937258670	78.141374702939	-0.669824634419	336.939966486332	-134.494391292001	-70.351733410885	15.660518977236	
0.254310344828	0.198508451589	-0.001699173463	0.855932779269	78.142913336605	-0.668880158917	336.938203168782	-134.494377776149	-70.350676369585	15.663180246234	
0.255172413793	0.198514007222	-0.001701746794	0.855932204809	78.145100313121	-0.669893151411	336.937977032437	-134.494122645069	-70.349949003887	15.660811312463	
0.256034482759	0.198522620483	-0.001698303571	0.855936296740	78.148490925967	-0.668537725887	336.939587822212	-134.494278019477	-70.353761627905	15.661988723129	
0.256896551724	0.198522646535	-0.001699704589	0.855925978492	78.148501181305	-0.669089237021	336.935526040796	-134.494026816770	-70.348802693620	15.662901834149	
0.257758620690	0.198529464384	-0.001700578409	0.855929098466	78.151185029728	-0.669433216285	336.936754219452	-134.494181058171	-70.351837342341	15.660898432325	
0.258620689655	0.198535240210	-0.001697871176	0.855923212080	78.153458685319	-0.668367513170	336.934437042048	-134.494192684188	-70.350805841093	15.663127618190	
0.259482758621	0.198538660800	-0.001699781558	0.855912940622	78.154805201821	-0.669119535984	336.930393679177	-134.494181739824	-70.346376125996	15.661817882225	
0.260344827586	0.198544050041	-0.001698572616	0.855915715257	78.156926678023	-0.668643635544	336.931485915345	-134.494097064388	-70.350295882111	15.661564730823	
0.261206896552	0.198543043085	-0.001698644535	0.855901108078	78.156530289436	-0.668671946324	336.925735794781	-134.494320635510	-70.344473705964	15.663422545660	
0.262068965517	0.198544719191	-0.001700933656	0.855897888775	78.157190089042	-0.669573059395	336.924468514978	-134.494024705191	-70.343889940301	15.660928579977	
0.262931034483	0.198546326686	-0.001698606943	0.855892336828	78.157822879937	-0.668657148074	336.922282989200	-134.494272334790	-70.343920829497	15.662540472213	
0.263793103448	0.198543039632	-0.001700230929	0.855879392848	78.156528930227	-0.669296430958	336.917187587536	-134.493875093018	-70.338052065147	15.662910187880	
0.264655172414	0.198545714943	-0.001700437265	0.855880250089	78.157582067121	-0.669377655198	336.917525040925	-134.494024633761	-70.340742929205	15.661029862927	
0.265517241379	0.198543569064	-0.001698674452	0.855868615215	78.156737341309	-0.668683723311	336.912944969233	-134.494024365615	-70.337083020341	15.663421638888	
0.266379310345	0.198540677931	-0.001701727877	0.855859801032	78.155599245929	-0.669885704959	336.909475263090	-134.493763050644	-70.332880738024	15.661323429554	
0.267241379310	0.198539560129	-0.001699284403	0.855860941410	78.155159222740	-0.668923830392	336.909924173262	-134.493827012954	-70.336187390083	15.662345308839	
0.268103448276	0.198533971160	-0.001700533258	0.855850311727	78.152959123257	-0.669415442708	336.905739795280	-134.493279207419	-70.331080119356	15.663235948587	
0.268965517241	0.198533134650	-0.001701809631	0.855850491977	78.152629831021	-0.669917887403	336.905810750682	-134.493471037632	-70.331664867847	15.660990387078	
0.269827586207	0.198530811614	-0.001699342000	0.855847267288	78.151715367074	-0.668946503518	336.904541351024	-134.493377783231	-70.331953831991	15.663007120533	
0.270689655172	0.198526393939	-0.001701874736	0.855837592855	78.149976348148	-0.669943515888	336.900733007516	-134.493127453250	-70.326590045164	15.662100936696	
0.271551724138	0.198525467951	-0.001700876394	0.855844713139	78.149611832679	-0.669550518475	336.903535909498	-134.492788007894	-70.330976789740	15.661688177038	
0.272413793103	0.198521686761	-0.001700384606	0.855838625288	78.148123366104	-0.669356925835	336.901139425254	-134.492702392406	-70.328254429794	15.663340897648	
0.273275862069	0.198520202805	-0.001702708725	0.855837027558	78.147539206337	-0.670271816068	336.900510478192	-134.492669342076	-70.326700000253	15.661019381084	
0.274137931034	0.198519496940	-0.001700445045	0.855840724606	78.147261342281	-0.669380717774	336.901965822191	-134.492594032389	-70.329920792972	15.662202632494	
0.275000000000	0.198515353927	-0.001702143597	0.855831955749	78.145630443969	-0.670049353095	336.898513958788	-134.492443634076	-70.324703517851	15.662527352481	
0.275862068966	0.198515604574	-0.001703082244	0.855838714782	78.145729111070	-0.670418851748	336.901174654526	-134.492059803744	-70.327685770421	15.660694921584	
0.276724137931	0.198514161227	-0.001701379069	0.855838079117	78.145160937188	-0.669748396631	336.900924424564	-134.491931647962	-70.327962001916	15.662722817507	
0.277586206897	0.198513011766	-0.001704097986	0.855832566545	78.144708451458	-0.670818698986	336.898754398879	-134.491995921244	-70.324134350821	15.661007001000	
0.278448275862	0.198514964210	-0.001702605381	0.855839008690	78.145477031813	-0.670231134710	336.901290351192	-134.491935960057	-70.328482023798	15.660923187745	
0.279310344828	0.198512325789	-0.001703122921	0.855831296239	78.144438416448	-0.670434864424	336.898254342690	-134.491801616165	-70.324432215647	15.662278382908	
0.280172413793	0.198512911271	-0.001705612020	0.855833500563	78.144668891425	-0.671414698795	336.899122075590	-134.491517087342	-70.324558244056	15.659815940845	
0.281034482759	0.198514077008	-0.001703064013	0.855837358926	78.145127784533	-0.670411675363	336.900640921069	-134.491328541522	-70.327580389705	15.661617345173	
0.281896551724	0.198513447810	-0.001704975498	0.855828730927	78.144880100347	-0.671164132066	336.897244506675	-134.491468589526	-70.322576347436	15.661122012219	
0.282758620690	0.198516759580	-0.001704718722	0.855834626566	78.146183779771	-0.671063052111	336.899565327055	-134.491435108546	-70.326270810484	15.659721755275	
0.283620689655	0.198516283921	-0.001703464123	0.855830035376	78.145996536324	-0.670569178733	336.897758003693	-134.491359602974	-70.324624607456	15.661840862448	
0.284482758621	0.198515945112	-0.001706366753	0.855827680017	78.145863164258	-0.671711799673	336.896830815620	-134.491129686731	-70.322385538942	15.659821285864	
0.285344827586	0.198519278846	-0.001704360339	0.855834559758	78.147175489655	-0.670921974245	336.899539027971	-134.490973620821	-70.326619150786	15.660377666737	
0.286206896552	0.198518590961	-0.001704285685	0.855826561597	78.146904703415	-0.670892586901	336.896390549322	-134.491002683498	-70.322332701289	15.661746705879	
0.287068965517	0.198523153297	-0.001705758582	0.855832194914	78.148700668490	-0.671472393326	336.898608106525	-134.490996459106	-70.324947473152	15.658948257879	
0.287931034483	0.198524271413	-0.001702241219	0.855831594331	78.149140815082	-0.670087782211	336.898371686642	-134.490962020664	-70.325415635919	15.661936101185	
0.288793103448	0.198523354052	-0.001706257960	0.855828035131	78.148779695755	-0.671668973353	336.896970606394	-134.490877807277	-70.322551630087	15.659677868888	
0.289655172414	0.198527894130	-0.001703426403	0.855835908045	78.150566898854	-0.670554330012	336.900069781517	-134.490930692006	-70.326695993569	15.660442125776	
0.290517241379	0.198526939716	-0.001703443560	0.855832138062	78.150191193367	-0.670561084170	336.898585726545	-134.490625249306	-70.323968203731	15.661732652172	
0.291379310345	0.198530346415	-0.001704543196	0.855837230282	78.151532241299	-0.670993955893	336.900590280526	-134.490876718348	-70.325392858578	15.660027466907	
0.292241379310	0.198531853826	-0.001702787916	0.855842284743	78.152125634326	-0.670302989737	336.902579970478	-134.490505435244	-70.327989728270	15.661127816788	
0.293103448276	0.198536435998	-0.001703869276	0.855840397480	78.153929407756	-0.670728667289	336.901837048995	-134.491510565448	-70.326204067612	15.660204422178	
0.293965517241	0.198536866507	-0.001703073532	0.855846494147	78.154098877478	-0.670415422400	336.904237003740	-134.490665295401	-70.326948025265	15.660670755531	
0.294827586207	0.198535678709	-0.001704404741	0.855849713401	78.153631300695	-0.670939453346	336.905504264022	-134.490828081098	-70.327832067441	15.660774131739	
0.295689655172	0.198536270043	-0.001705093976	0.855856067153	78.153864079293	-0.671210770661	336.908005420628	-134.490814296266	-70.329012046111	15.660980883430	
0.296551724138	0.198541409984	-0.001703797909	0.855859138907	78.155887418619	-0.670700573417	336.909214617506	-134.491307385461	-70.329459730700	15.660539077411	
0.297413793103	0.198544733536	-0.001701962828	0.855860074174	78.157195736248	-0.669978193313	336.909582785614	-134.492108254999	-70.329709792774	15.660932290023	
0.298275862069	0.198544304161	-0.001702881953	0.855866137376	78.157026712359	-0.670340007233	336.911969567061	-134.491595242861	-70.330963819835	15.660969852923	
0.299137931034	0.198543474707	-0.001703573156	0.855873824915	78.156700197684	-0.670612099346	336.914995769228	-134.491817439019	-70.332415970083	15.660948578582	
0.300000000000	0.198543878404	-0.001703212651	0.855880745112	78.156859112964	-0.670470186757	336.917719906707	-134.492166507528	-70.333727123378	15.661040199912	
0.300862068966	0.198543938564	-0.001702748753	0.855885743711	78.156882794988	-0.670287573204	336.919687606666	-134.492559052224	-70.334747119648	15.661207587733	
0.301724137931	0.198543686279	-0.001702329701	0.855890443176	78.156783482866	-0.670122612917	336.921537552696	-134.492955903486	-70.335877311852	15.661319076303	
0.302586206897	0.198543277464	-0.001701918020	0.855896025890	78.156622552785	-0.669960554776	336.923735189891	-134.493188791912	-70.337254111390	15.661368750094	
0.303448275862	0.198542051021	-0.001701698005	0.855902278412	78.156139763402	-0.669873945715	336.926196497069	-134.493383174634	-70.338772034784	15.661411582620	
0.304310344828	0.198539748913	-0.001701542462	0.855908015363	78.155233537738	-0.669812716224	336.928454849717	-134.493628865145	-70.340198167920	15.661504867375	
0.305172413793	0.198537023626	-0.001701383681	0.855912675363	78.154160727739	-0.669750211947	336.930289259963	-134.493884265770	-70.341480659961	15.661572179938	
0.306034482759	0.198534139995	-0.001701142916	0.855916554423	78.153025585208	-0.669655434819	336.931816253017	-134.494104950979	-70.342721146783	15.661635621189	
0.306896551724	0.198531052695	-0.001700921633	0.855919753255	78.151810268851	-0.669568326551	336.933075474266	-134.494285645590	-70.343927929845	15.661684767910	
0.307758620690	0.198527631649	-0.001700652872	0.855922326338	78.150463572933	-0.669462528788	336.934088369379	-134.494378506751	-70.345101954502	15.661738013548	
0.308620689655	0.198524148749	-0.001700338537	0.855924274002	78.149092528419	-0.669338790604	336.934855067937	-134.494396566228	-70.346215177796	15.661796172196	
0.309482758621	0.198520826645	-0.001700150162	0.855925601552	78.147784780903	-0.669264636769	336.935377658086	-134.494352469150	-70.347230516256	15.661828216499	
0.310344827586	0.198517666944	-0.001700042213	0.855926208542	78.146540963572	-0.669222142739	336.935616600060	-134.494255823499	-70.348123098580	15.661847652702	
0.311206896552	0.198514701358	-0.001699915523	0.855925753441	78.145373559900	-0.669172271109	336.935437449462	-134.494118999811	-70.348797422548	15.661866366958	
0.312068965517	0.198512052042	-0.001699792732	0.855924152213	78.144330655989	-0.669123934467	336.934807125577	-134.493932795556	-70.349206606603	15.661878329804	
0.312931034483	0.198509803658	-0.001699712068	0.855921497290	78.143445578898	-0.669092180984	336.933762014404	-134.493691686639	-70.349344374422	15.661881910421	
0.313793103448	0.198508006706	-0.001699685708	0.855917815953	78.142738208191	-0.669081804419	336.932312854766	-134.493413408832	-70.349188824595	15.661873554137	
0.314655172414	0.198506726972	-0.001699697804	0.855913060186	78.142234440493	-0.669086566027	336.930440745817	-134.493113975514	-70.348715012351	15.661860978326	
0.315517241379	0.198505991665	-0.001699747902	0.855907167264	78.141944986477	-0.669106287131	336.928120995050	-134.492806117898	-70.347898532006	15.661845611578	
0.316379310345	0.198505791308	-0.001699834221	0.855900145900	78.141866116059	-0.669140266553	336.925357033112	-134.492499728169	-70.346737393720	15.661824566034	
0.317241379310	0.198506119349	-0.001699925988	0.855892084229	78.141995249548	-0.669176390710	336.922183553598	-134.492194117209	-70.345244665616	15.661808306540	
0.318103448276	0.198506972213	-0.001700019432	0.855883172164	78.142330979741	-0.669213174918	336.918675316412	-134.491894445428	-70.343458543664	15.661795761078	
0.318965517241	0.198508324471	-0.001700126126	0.855873660830	78.142863296422	-0.669255174922	336.914931176874	-134.491606370001	-70.341440702379	15.661784187278	
0.319827586207	0.198510116633	-0.001700252168	0.855863765304	78.143568781508	-0.669304791548	336.911035800025	-134.491333905250	-70.339237540264	15.661775264858	
0.320689655172	0.198512264575	-0.001700415425	0.855853660240	78.144414319567	-0.669369057901	336.907057938596	-134.491084205003	-70.336882869183	15.661762089327	
0.321551724138	0.198514681564	-0.001700618116	0.855843500543	78.145365768106	-0.669448847169	336.903058570642	-134.490860631833	-70.334408082004	15.661744255134	
0.322413793103	0.198517292442	-0.001700845041	0.855833436662	78.146393540829	-0.669538176022	336.899096920814	-134.490665381138	-70.331844155893	15.661726614066	
0.323275862069	0.198520026298	-0.001701082298	0.855823633573	78.147469724322	-0.669631572503	336.895237931722	-134.490500677043	-70.329232465421	15.661710854786	
0.324137931034	0.198522810352	-0.001701313827	0.855814254196	78.148565667837	-0.669722714136	336.891545737188	-134.490366096307	-70.326617118665	15.661701414099	
0.325000000000	0.198525572871	-0.001701528377	0.855805456233	78.149653134361	-0.669807171758	336.888082416452	-134.490261732012	-70.324043604202	15.661700125939	
0.325862068966	0.198528245213	-0.001701720525	0.855797390841	78.150705102779	-0.669882810910	336.884907472356	-134.490186552478	-70.321558973415	15.661706438726	
0.326724137931	0.198530764067	-0.001701885288	0.855790202488	78.151696650338	-0.669947669899	336.882077775007	-134.490137665453	-70.319209943320	15.661721130936	
0.327586206897	0.198533072154	-0.001702021347	0.855784040095	78.152605229592	-0.670001229609	336.879651946813	-134.490111866869	-70.317047684784	15.661743026027	
0.328448275862	0.198535115056	-0.001702127465	0.855779046057	78.153409418374	-0.670043002650	336.877686042268	-134.490105087119	-70.315122253151	15.661771367097	
0.329310344828	0.198536840835	-0.001702204045	0.855775347496	78.154088771777	-0.670073148491	336.876230102513	-134.490113570822	-70.313479832490	15.661804835882	
0.330172413793	0.198538200286	-0.001702254676	0.855773045158	78.154623920193	-0.670093079612	336.875323786559	-134.490133656828	-70.312159951439	15.661841147783	
0.331034482759	0.198539148510	-0.001702284055	0.855772204088	78.154997188883	-0.670104644572	336.874992699105	-134.490162329470	-70.311192832674	15.661878008572	
0.331896551724	0.198539648175	-0.001702296282	0.855772851885	78.155193882320	-0.670109457518	336.875247704472	-134.490197117064	-70.310598994611	15.661913082434	
0.332758620690	0.198539672541	-0.001702294639	0.855774978397	78.155203473867	-0.670108810910	336.876084806828	-134.490235828642	-70.310389010308	15.661944025157	
0.333620689655	0.198539206468	-0.001702281335	0.855778541418	78.155020003965	-0.670103573857	336.877487391193	-134.490276450594	-70.310565070779	15.661969156969	
0.334482758621	0.198538247671	-0.001702258091	0.855783472413	78.154642573347	-0.670094423727	336.879428478614	-134.490317091360	-70.311122576033	15.661987420823	
0.335344827586	0.198536807324	-0.001702227732	0.855789679322	78.154075580150	-0.670082473042	336.881871830493	-134.490356035387	-70.312050683994	15.661997246173	
0.336206896552	0.198534910801	-0.001702193554	0.855797046449	78.153329013441	-0.670069018932	336.884771902290	-134.490391733042	-70.313331440883	15.661996925820	
0.337068965517	0.198532597674	-0.001702158641	0.855805432126	78.152418450234	-0.670055275414	336.888072926552	-134.490422457250	-70.314938412693	15.661985124039	
0.337931034483	0.198529920245	-0.001702126690	0.855814670216	78.151364479309	-0.670042697912	336.891709503434	-134.490446130164	-70.316837309166	15.661960625446	
0.338793103448	0.198526941516	-0.001702102000	0.855824572112	78.150191901843	-0.670032978680	336.895607387854	-134.490460870144	-70.318986313685	15.661922496000	
0.339655172414	0.198523732448	-0.001702089670	0.855834932391	78.148928651299	-0.670028124743	336.899685715112	-134.490465132445	-70.321337646227	15.661869816754	
0.340517241379	0.198520369627	-0.001702095903	0.855845536061	78.147604875603	-0.670030578481	336.903859853020	-134.490457770282	-70.323839688326	15.661801386605	
0.341379310345	0.198516933114	-0.001702126602	0.855856165394	78.146252091178	-0.670042663263	336.908044093315	-134.490437841642	-70.326438705504	15.661716279754	
0.342241379310	0.198513503915	-0.001702185718	0.855866607367	78.144902186011	-0.670065933983	336.912154579056	-134.490404453026	-70.329080600402	15.661614510044	
0.343103448276	0.198510161579	-0.001702274445	0.855876661828	78.143586474637	-0.670100861353	336.916112520856	-134.490356979496	-70.331713001923	15.661497240875	
0.343965517241	0.198506981787	-0.001702391123	0.855886149353	78.142334748357	-0.670146791901	336.919847287806	-134.490295339769	-70.334287696095	15.661366570873	
0.344827586207	0.198504034091	-0.001702531603	0.855894915842	78.141174387007	-0.670202091976	336.923298219006	-134.490220021236	-70.336762226844	15.661225149797	
0.345689655172	0.198501380235	-0.001702689545	0.855902832367	78.140129695876	-0.670264265906	336.926414561560	-134.490131790199	-70.339099801195	15.661076125641	
0.346551724138	0.198499072952	-0.001702856780	0.855909792187	78.139221432867	-0.670330097931	336.929154297025	-134.490031515122	-70.341268299941	15.660923281254	
0.347413793103	0.198497155080	-0.001703024341	0.855915707322	78.138466462216	-0.670396058418	336.931482791576	-134.489920334329	-70.343239483096	15.660770766253	
0.348275862069	0.198495659088	-0.001703183832	0.855920504997	78.137877564543	-0.670458841970	336.933371397862	-134.489799872202	-70.344988316923	15.660622484979	
0.349137931034	0.198494607080	-0.001703328296	0.855924123496	78.137463441320	-0.670515710134	336.934795820967	-134.489672178307	-70.346491968598	15.660481718259	
0.350000000000	0.198494011188	-0.001703452269	0.855926508535	78.137228868204	-0.670564512330	336.935734692530	-134.489539412627	-70.347728894942	15.660351219639	
0.350862068966	0.198493874235	-0.001703551428	0.855927612399	78.137174956407	-0.670603546444	336.936169228989	-134.489403637306	-70.348678818861	15.660233428081	
0.351724137931	0.198494190664	-0.001703622433	0.855927396646	78.137299518951	-0.670631497529	336.936084297518	-134.489266873895	-70.349323670997	15.660130442104	
0.352586206897	0.198494947538	-0.001703662964	0.855925836771	78.137597462741	-0.670647452275	336.935470252114	-134.489131141563	-70.349648841755	15.660043942798	
0.353448275862	0.198496125333	-0.001703671677	0.855922927071	78.138061101995	-0.670650882265	336.934324848194	-134.488998297632	-70.349644384445	15.659975272437	
0.354310344828	0.198497698588	-0.001703648248	0.855918684900	78.138680414263	-0.670641659497	336.932654916080	-134.488869895485	-70.349306167822	15.659925446128	
0.355172413793	0.198499636601	-0.001703593613	0.855913153342	78.139443313637	-0.670620152288	336.930477416651	-134.488747207200	-70.348636645642	15.659894988785	
0.356034482759	0.198501904092	-0.001703510083	0.855906401303	78.140335912333	-0.670587270815	336.927819474233	-134.488631260931	-70.347644823735	15.659883860340	
0.356896551724	0.198504461697	-0.001703401094	0.855898521352	78.141342714004	-0.670544367386	336.924717529361	-134.488522813773	-70.346345621691	15.659891588207	
0.357758620690	0.198507266370	-0.001703270743	0.855889626717	78.142446774484	-0.670493054715	336.921216153328	-134.488422395190	-70.344759134714	15.659917425482	
0.358620689655	0.198510271891	-0.001703123278	0.855879848157	78.143629898848	-0.670435004739	336.917366820015	-134.488330430389	-70.342909954545	15.659960439980	
0.359482758621	0.198513429531	-0.001702962592	0.855869330786	78.144872904869	-0.670371750986	336.913226653786	-134.488247288179	-70.340826505896	15.660019598622	
0.360344827586	0.198516688920	-0.001702791853	0.855858231316	78.146155964305	-0.670304539368	336.908857343885	-134.488173241679	-70.338540555206	15.660093863358	
0.361206896552	0.198519999085	-0.001702613368	0.855846716422	78.147459011898	-0.670234278628	336.904324502323	-134.488108467487	-70.336087059618	15.660182231384	
0.362068965517	0.198523309586	-0.001702428705	0.855834962161	78.148762191676	-0.670161585960	336.899697433861	-134.488053086651	-70.333504255768	15.660283704857	
0.362931034483	0.198526571703	-0.001702238947	0.855823153729	78.150046324837	-0.670086887643	336.895049040878	-134.488007180290	-70.330833777798	15.660397229215	
0.363793103448	0.198529739661	-0.001702044979	0.855811484969	78.151293392592	-0.670010532340	336.890455629949	-134.487970801012	-70.328120669551	15.660521629016	
0.364655172414	0.198532771787	-0.001701847737	0.855800157160	78.152486989709	-0.669932887915	336.885996434408	-134.487944019693	-70.325413148728	15.660655549990	
0.365517241379	0.198535631421	-0.001701648354	0.855789376537	78.153612685747	-0.669854400631	336.881752639092	-134.487926972973	-70.322761964609	15.660797431895	
0.366379310345	0.198538287545	-0.001701448213	0.855779350359	78.154658269567	-0.669775615109	336.877805831119	-134.487919894269	-70.320219328572	15.660945519587	
0.367241379310	0.198540715133	-0.001701248932	0.855770281788	78.155613890667	-0.669697168049	336.874235985239	-134.487923154889	-70.317837521886	15.661097894864	
0.368103448276	0.198542895277	-0.001701052345	0.855762363996	78.156472104662	-0.669619781583	336.871119144014	-134.487937312232	-70.315667285167	15.661252504128	
0.368965517241	0.198544815033	-0.001700860527	0.855755773786	78.157227817377	-0.669544272216	336.868524905719	-134.487963120501	-70.313756075345	15.661407178952	
0.369827586207	0.198546467047	-0.001700675853	0.855750665148	78.157878133182	-0.669471575448	336.866513888909	-134.488001491260	-70.312146327435	15.661559655614	
0.370689655172	0.198547848955	-0.001700501053	0.855747163305	78.158422121894	-0.669402765303	336.865135387114	-134.488053423568	-70.310873879520	15.661707604303	
0.371551724138	0.198548962634	-0.001700339201	0.855745359743	78.158860521714	-0.669339052098	336.864425414452	-134.488119917602	-70.309966682758	15.661848672631	
0.372413793103	0.198549813323	-0.001700193638	0.855745308543	78.159195395863	-0.669281751198	336.864405259564	-134.488201875091	-70.309443866840	15.661980546785	
0.373275862069	0.198550408694	-0.001700067829	0.855747024216	78.159429763706	-0.669232226311	336.865080634599	-134.488300002980	-70.309315204720	15.662101026407	
0.374137931034	0.198550757902	-0.001699965163	0.855750481077	78.159567229726	-0.669191812058	336.866441428991	-134.488414734246	-70.309580971662	15.662208107948	
0.375000000000	0.198550870709	-0.001699888739	0.855755614104	78.159611635976	-0.669161727453	336.868462046984	-134.488546170706	-70.310232166270	15.662300064351	
0.375862068966	0.198550756727	-0.001699841142	0.855762321078	78.159566767126	-0.669142991099	336.871102249179	-134.488694046198	-70.311251035531	15.662375513781	
0.376724137931	0.198550424879	-0.001699824268	0.855770465846	78.159436134864	-0.669136348619	336.874308439758	-134.488857712149	-70.312611855688	15.662433470507	
0.377586206897	0.198549883093	-0.001699839170	0.855779882496	78.159222860608	-0.669142214898	336.878015306707	-134.489036140874	-70.314281910240	15.662473378881	
0.378448275862	0.198549138275	-0.001699885965	0.855790380252	78.158929663128	-0.669160635800	336.882147751614	-134.489227940705	-70.316222621989	15.662495127189	
0.379310344828	0.198548196551	-0.001699963789	0.855801748886	78.158558953178	-0.669191271056	336.886623018001	-134.489431374319	-70.318390792104	15.662499043330	
0.380172413793	0.198547063758	-0.001700070815	0.855813764507	78.158113028568	-0.669233401960	336.891352970785	-134.489644377157	-70.320739916601	15.662485869819	
0.381034482759	0.198545746162	-0.001700204334	0.855826195523	78.157594356709	-0.669285961739	336.896246444226	-134.489864573535	-70.323221536300	15.662456722602	
0.381896551724	0.198544251349	-0.001700360882	0.855838808669	78.157005923067	-0.669347586839	336.901211612889	-134.490089295401	-70.325786587510	15.662413035460	
0.382758620690	0.198542589202	-0.001700536409	0.855851374864	78.156351618268	-0.669416683291	336.906158299613	-134.490315610747	-70.328386705197	15.662356495847	
0.383620689655	0.198540772899	-0.001700726476	0.855863674775	78.155636630158	-0.669491502949	336.911000163359	-134.490540371059	-70.330975436135	15.662288974931	
0.384482758621	0.198538819832	-0.001700926445	0.855875503795	78.154867804721	-0.669570220933	336.915656660778	-134.490760281737	-70.333509300317	15.662212458075	
0.385344827586	0.198536752350	-0.001701131673	0.855886676287	78.154053939814	-0.669651008815	336.920054715856	-134.490971998016	-70.335948654261	15.662128978224	
0.386206896552	0.198534598253	-0.001701337661	0.855897028841	78.153205978595	-0.669732096272	336.924130001807	-134.491172242132	-70.338258305514	15.662040558025	
0.387068965517	0.198532390956	-0.001701540185	0.855906422471	78.152337075635	-0.669811819850	336.927827806970	-134.491357935768	-70.340407861507	15.661949161422	
0.387931034483	0.198530169286	-0.001701735376	0.855914743656	78.151462514697	-0.669888656874	336.931103444084	-134.491526337060	-70.342371804768	15.661856656740	
0.388793103448	0.198527976865	-0.001701919781	0.855921904336	78.150599467332	-0.669961247988	336.933922248141	-134.491675170702	-70.344129330985	15.661764788749	
0.389655172414	0.198525861090	-0.001702090394	0.855927840941	78.149766591704	-0.670028409804	336.936259194338	-134.491802738720	-70.345663991548	15.661675159329	
0.390517241379	0.198523871739	-0.001702244675	0.855932512735	78.148983483277	-0.670089142568	336.938098247491	-134.491908001584	-70.346963217038	15.661589214553	
0.391379310345	0.198522059258	-0.001702380563	0.855935899693	78.148269999364	-0.670142634914	336.939431524761	-134.491990622572	-70.348017790619	15.661508236033	
0.392241379310	0.198520472803	-0.001702496492	0.855938000250	78.147645491009	-0.670188270338	336.940258409469	-134.492050973037	-70.348821356621	15.661433333908	
0.393103448276	0.198519158162	-0.001702591411	0.855938829109	78.147127982235	-0.670225635136	336.940584690310	-134.492090100461	-70.349370019395	15.661365439994	
0.393965517241	0.198518155651	-0.001702664810	0.855938415392	78.146733343449	-0.670254528997	336.940421830227	-134.492109663559	-70.349662085084	15.661305299757	
0.394827586207	0.198517498122	-0.001702716747	0.855936801136	78.146474506769	-0.670274973827	336.939786378023	-134.492111841351	-70.349697952872	15.661253464725	
0.395689655172	0.198517209199	-0.001702747852	0.855934040270	78.146360772230	-0.670287218394	336.938699562148	-134.492099224900	-70.349480158832	15.661210286326	
0.396551724138	0.198517301860	-0.001702759323	0.855930197899	78.146397248241	-0.670291733888	336.937187011607	-134.492074699126	-70.349013530240	15.661175914269	
0.397413793103	0.198517777449	-0.001702752882	0.855925349894	78.146584464259	-0.670289198370	336.935278592906	-134.492041323082	-70.348305418738	15.661150299550	
0.398275862069	0.198518625204	-0.001702730703	0.855919582537	78.146918183292	-0.670280467734	336.933008271313	-134.492002213264	-70.347365946781	15.661133205214	
0.399137931034	0.198519822327	-0.001702695310	0.855912992182	78.147389430939	-0.670266535286	336.930413975848	-134.491960434496	-70.346208232079	15.661124223528	
0.400000000000	0.198521334621	-0.001702649449	0.855905684710	78.147984745804	-0.670248481814	336.927537387097	-134.491918900842	-70.344848535649	15.661122799718	
0.400862068966	0.198523117668	-0.001702595951	0.855897774818	78.148686643060	-0.670227422438	336.924423655664	-134.491880288410	-70.343306320463	15.661128259148	
0.401724137931	0.198525118501	-0.001702537605	0.855889385001	78.149474271311	-0.670204454530	336.921121001769	-134.491846961295	-70.341604191205	15.661139836114	
0.402586206897	0.198527277675	-0.001702477041	0.855880644344	78.150324230832	-0.670180613379	336.917680239598	-134.491820912580	-70.339767728709	15.661156700969	
0.403448275862	0.198529531659	-0.001702416644	0.855871687050	78.151211512540	-0.670156838065	336.914154197905	-134.491803721411	-70.337825207627	15.661177984708	
0.404310344828	0.198531815400	-0.001702358502	0.855862650847	78.152110507806	-0.670133950498	336.910597093761	-134.491796529292	-70.335807223871	15.661202798432	
0.405172413793	0.198534064933	-0.001702304381	0.855853675203	78.152996037108	-0.670112645910	336.907063828667	-134.491800036298	-70.333746223500	15.661230249998	
0.406034482759	0.198536219903	-0.001702255728	0.855844899473	78.153844341712	-0.670093493503	336.903609260065	-134.491814519503	-70.331675961653	15.661259457028	
0.406896551724	0.198538225858	-0.001702213683	0.855836460884	78.154633986805	-0.670076942636	336.900287406585	-134.491839872572	-70.329630881701	15.661289559443	
0.407758620690	0.198540036204	-0.001702179108	0.855828492467	78.155346629806	-0.670063332185	336.897150637038	-134.491875665723	-70.327645445357	15.661319731927	
0.408620689655	0.198541613709	-0.001702152604	0.855821120858	78.155967615243	-0.670052898936	336.894248800951	-134.491921221166	-70.325753407879	15.661349198188	
0.409482758621	0.198542931517	-0.001702134532	0.855814464088	78.156486370599	-0.670045784695	336.891628361328	-134.491975699317	-70.323987078452	15.661377246171	
0.410344827586	0.198543973603	-0.001702125021	0.855808629311	78.156896588038	-0.670042040545	336.889331499530	-134.492038187821	-70.322376569120	15.661403244937	
0.411206896552	0.198544734694	-0.001702123977	0.855803710660	78.157196191806	-0.670041629940	336.887395271024	-134.492107786670	-70.320949082965	15.661426660774	
0.412068965517	0.198545219668	-0.001702131092	0.855799787185	78.157387102081	-0.670044430461	336.885850793885	-134.492183681229	-70.319728250695	15.661447072372	
0.412931034483	0.198545442498	-0.001702145841	0.855796921104	78.157474819111	-0.670050236349	336.884722560080	-134.492265197872	-70.318733568810	15.661464183538	
0.413793103448	0.198545424817	-0.001702167496	0.855795156314	78.157467859185	-0.670058761086	336.884027850126	-134.492351837686	-70.317979943219	15.661477832652	
0.414655172414	0.198545194215	-0.001702195135	0.855794517385	78.157377082378	-0.670069641145	336.883776335367	-134.492443286832	-70.317477381572	15.661487998575	
0.415517241379	0.198544782359	-0.001702227647	0.855795008926	78.157214955150	-0.670082439501	336.883969830825	-134.492539403730	-70.317230821039	15.661494803248	
0.416379310345	0.198544223074	-0.001702263744	0.855796615517	78.156994792431	-0.670096649222	336.884602265664	-134.492640186397	-70.317240118104	15.661498510418	
0.417241379310	0.198543550472	-0.001702301969	0.855799302025	78.156730022726	-0.670111696428	336.885659810317	-134.492745723337	-70.317500167542	15.661499521813	
0.418103448276	0.198542797247	-0.001702340702	0.855803014458	78.156433515135	-0.670126943605	336.887121210925	-134.492856134093	-70.318001162577	15.661498368843	
0.418965517241	0.198541993198	-0.001702378172	0.855807681144	78.156117001014	-0.670141693772	336.888958253110	-134.492971504321	-70.318728951352	15.661495700963	
0.419827586207	0.198541164076	-0.001702412477	0.855813214342	78.155790616906	-0.670155197825	336.891136398346	-134.493091820517	-70.319665495414	15.661492269238	
0.420689655172	0.198540330763	-0.001702441609	0.855819512093	78.155462583219	-0.670166665806	336.893615509992	-134.493216909310	-70.320789383621	15.661488905176	
0.421551724138	0.198539508827	-0.001702463504	0.855826460405	78.155139027789	-0.670175284603	336.896350715127	-134.493346384466	-70.322076410570	15.661486493815	
0.422413793103	0.198538708428	-0.001702476096	0.855833935578	78.154823950328	-0.670180241428	336.899293319168	-134.493479605096	-70.323500175823	15.661485942765	
0.423275862069	0.198537934565	-0.001702477398	0.855841806791	78.154519318906	-0.670180754172	336.902391824863	-134.493615646766	-70.325032719623	15.661488146700	
0.424137931034	0.198537187606	-0.001702465591	0.855849938746	78.154225278358	-0.670176106255	336.905592971382	-134.493753287281	-70.326645154457	15.661493949616	
0.425000000000	0.198536464048	-0.001702439116	0.855858194481	78.153940449733	-0.670165684362	336.908842843887	-134.493891008042	-70.328308310544	15.661504106775	
0.425862068966	0.198535757434	-0.001702396773	0.855866438136	78.153662290788	-0.670149016173	336.912087961364	-134.494027011370	-70.329993352999	15.661519248010	
0.426724137931	0.198535059354	-0.001702337809	0.855874537774	78.153387491417	-0.670125804964	336.915276386423	-134.494159253840	-70.331672387267	15.661539845015	
0.427586206897	0.198534360465	-0.001702261988	0.855882367989	78.153112373641	-0.670095957904	336.918358752858	-134.494285494613	-70.333319005247	15.661566184654	
0.428448275862	0.198533651459	-0.001702169643	0.855889812404	78.152833272907	-0.670059606093	336.921289249152	-134.494403356853	-70.334908786502	15.661598349600	
0.429310344828	0.198532923918	-0.001702061699	0.855896765779	78.152546876441	-0.670017113805	336.924026447325	-134.494510400944	-70.336419704642	15.661636207541	
0.430172413793	0.198532171038	-0.001701939669	0.855903135828	78.152250504687	-0.669969077002	336.926534019255	-134.494604204892	-70.337832455786	15.661679409502	
0.431034482759	0.198531388156	-0.001701805624	0.855908844491	78.151942323217	-0.669916310047	336.928781235978	-134.494682449287	-70.339130663301	15.661727396899	
0.431896551724	0.198530573115	-0.001701662128	0.855913828795	78.151621481918	-0.669859822781	336.930743308776	-134.494743002044	-70.340300986147	15.661779417069	
0.432758620690	0.198529726421	-0.001701512161	0.855918041109	78.151288180490	-0.669800788211	336.932401487549	-134.494783999067	-70.341333096642	15.661834545801	
0.433620689655	0.198528851246	-0.001701359020	0.855921448990	78.150943667566	-0.669740504041	336.933743000872	-134.494803916132	-70.342219570144	15.661891715916	
0.434482758621	0.198527953275	-0.001701206207	0.855924034474	78.150590181207	-0.669680349246	336.934760777377	-134.494801629192	-70.342955666339	15.661949750245	
0.435344827586	0.198527040440	-0.001701057318	0.855925793094	78.150230843346	-0.669621738923	336.935453058904	-134.494776459413	-70.343539059174	15.662007397390	
0.436206896552	0.198526122561	-0.001700915922	0.855926732513	78.149869520085	-0.669566078643	336.935822861456	-134.494728202005	-70.343969503840	15.662063369073	
0.437068965517	0.198525210944	-0.001700785457	0.855926871084	78.149510661848	-0.669514720914	336.935877410126	-134.494657136825	-70.344248505173	15.662116377715	
0.437931034483	0.198524317948	-0.001700669119	0.855926236244	78.149159133508	-0.669468924548	336.935627505075	-134.494564021849	-70.344378974923	15.662165173028	
0.438793103448	0.198523456554	-0.001700569778	0.855924863042	78.148820045700	-0.669429818909	336.935086943554	-134.494450069974	-70.344364939344	15.662208576484	
0.439655172414	0.198522639961	-0.001700489895	0.855922792674	78.148498593601	-0.669398372963	336.934271942684	-134.494316910965	-70.344211274716	15.662245513503	
0.440517241379	0.198521881206	-0.001700431462	0.855920071300	78.148199909198	-0.669375370629	336.933200672688	-134.494166541314	-70.343923521332	15.662275041862	
0.441379310345	0.198521192826	-0.001700395951	0.855916748940	78.147928928105	-0.669361391919	336.931892824920	-134.494001264623	-70.343507739718	15.662296375981	
0.442241379310	0.198520586565	-0.001700384288	0.855912878706	78.147690273522	-0.669356800774	336.930369306042	-134.493823625387	-70.342970446944	15.662308907173	
0.443103448276	0.198520073115	-0.001700396833	0.855908516097	78.147488153849	-0.669361738812	336.928651963709	-134.493636339916	-70.342318585065	15.662312218607	
0.443965517241	0.198519661888	-0.001700433380	0.855903718589	78.147326274131	-0.669376125717	336.926763423093	-134.493442226684	-70.341559551596	15.662306095009	
0.444827586207	0.198519360817	-0.001700493177	0.855898545229	78.147207757444	-0.669399665014	336.924726928165	-134.493244139238	-70.340701237557	15.662290527126	
0.445689655172	0.198519176181	-0.001700574953	0.855893056440	78.147135075326	-0.669431856045	336.922566264740	-134.493044903717	-70.339752102044	15.662265710131	
0.446551724138	0.198519112444	-0.001700676959	0.855887313759	78.147109985180	-0.669472010539	336.920305656878	-134.492847262490	-70.338721228135	15.662232036849	
0.447413793103	0.198519172114	-0.001700797024	0.855881379714	78.147133474551	-0.669519274404	336.917969718104	-134.492653825428	-70.337618392830	15.662190084910	
0.448275862069	0.198519355623	-0.001700932624	0.855875317566	78.147205712866	-0.669572653139	336.915583351610	-134.492467028715	-70.336454098419	15.662140598923	
0.449137931034	0.198519661224	-0.001701080948	0.855869191152	78.147326012727	-0.669631041162	336.913171687006	-134.492289101534	-70.335239602533	15.662084467985	
0.450000000000	0.198520084925	-0.001701238987	0.855863064555	78.147492802609	-0.669693253310	336.910759949905	-134.492122039967	-70.333986897004	15.662022698807	
0.450862068966	0.198520620458	-0.001701403614	0.855857001831	78.147703615580	-0.669758058611	336.908373356992	-134.491967587130	-70.332708676669	15.661956385898	
0.451724137931	0.198521259299	-0.001701571671	0.855851066554	78.147955095606	-0.669824214277	336.906036933357	-134.491827218981	-70.331418250236	15.661886679475	
0.452586206897	0.198521990739	-0.001701740058	0.855845321389	78.148243026843	-0.669890500075	336.903775347344	-134.491702134475	-70.330129436356	15.661814752373	
0.453448275862	0.198522802016	-0.001701905816	0.855839827463	78.148562386462	-0.669955750630	336.901612661777	-134.491593249588	-70.328856400461	15.661741767234	
0.454310344828	0.198523678526	-0.001702066200	0.855834643775	78.148907424704	-0.670018885771	336.899572101153	-134.491501194725	-70.327613478805	15.661668845186	
0.455172413793	0.198524604084	-0.001702218749	0.855829826391	78.149271770929	-0.670078936835	336.897675736581	-134.491426315133	-70.326414948070	15.661597037374	
0.456034482759	0.198525561266	-0.001702361342	0.855825427715	78.149648566030	-0.670135068606	336.895944196451	-134.491368674806	-70.325274793868	15.661527299915	
0.456896551724	0.198526531801	-0.001702492238	0.855821495579	78.150030617615	-0.670186595665	336.894396309995	-134.491328063708	-70.324206439528	15.661460474109	
0.457758620690	0.198527497016	-0.001702610102	0.855818072469	78.150410574779	-0.670232992903	336.893048801609	-134.491304009225	-70.323222495331	15.661397271368	
0.458620689655	0.198528438312	-0.001702714017	0.855815194651	78.150781116164	-0.670273899349	336.891915947506	-134.491295791596	-70.322334492241	15.661338264565	
0.459482758621	0.198529337662	-0.001702803479	0.855812891517	78.151135145443	-0.670309116111	336.891009318013	-134.491302464346	-70.321552662762	15.661283884695	
0.460344827586	0.198530178104	-0.001702878373	0.855811184926	78.151465985957	-0.670338597777	336.890337518201	-134.491322878952	-70.320885732988	15.661234423630	
0.461206896552	0.198530944220	-0.001702938936	0.855810088853	78.151767567644	-0.670362438811	336.889906048441	-134.491355713988	-70.320340785877	15.661190041831	
0.462068965517	0.198531622562	-0.001702985720	0.855809609093	78.152034597021	-0.670380855183	336.889717190833	-134.491399508008	-70.319923154484	15.661150780619	
0.462931034483	0.198532202030	-0.001703019525	0.855809743333	78.152262704668	-0.670394162632	336.889770034492	-134.491452695541	-70.319636398083	15.661116578018	
0.463793103448	0.198532674168	-0.001703041347	0.855810481296	78.152448561973	-0.670402752798	336.890060533794	-134.491513644835	-70.319482311440	15.661087287363	
0.464655172414	0.198533033374	-0.001703052310	0.855811805229	78.152589963530	-0.670407068435	336.890581700603	-134.491580696708	-70.319461011208	15.661062696823	
0.465517241379	0.198533277008	-0.001703053607	0.855813690436	78.152685870427	-0.670407579030	336.891323812695	-134.491652202947	-70.319571042210	15.661042549614	
0.466379310345	0.198533405406	-0.001703046441	0.855816106073	78.152736414082	-0.670404758103	336.892274729050	-134.491726563303	-70.319809539873	15.661026563410	
0.467241379310	0.198533421778	-0.001703031974	0.855819015906	78.152742859005	-0.670399062996	336.893420185758	-134.491802259494	-70.320172386908	15.661014447762	
0.468103448276	0.198533332026	-0.001703011283	0.855822379236	78.152707528249	-0.670390918165	336.894744161554	-134.491877886150	-70.320654399799	15.661005919570	
0.468965517241	0.198533144461	-0.001702985332	0.855826151676	78.152633693280	-0.670380702419	336.896229183924	-134.491952176322	-70.321249481564	15.661000714761	
0.469827586207	0.198532869451	-0.001702954944	0.855830286018	78.152525435288	-0.670368740203	336.897856668773	-134.492024022213	-70.321950780410	15.660998597653	
0.470689655172	0.198532519004	-0.001702920794	0.855834732860	78.152387481705	-0.670355297150	336.899607169462	-134.492092489565	-70.322750794451	15.660999366167	
0.471551724138	0.198532106316	-0.001702883407	0.855839441271	78.152225026907	-0.670340579463	336.901460636988	-134.492156825878	-70.323641468663	15.661002854307	
0.472413793103	0.198531645287	-0.001702843160	0.855844359182	78.152043542756	-0.670324736521	336.903396574371	-134.492216461848	-70.324614229929	15.661008931604	
0.473275862069	0.198531150037	-0.001702800305	0.855849433795	78.151848587573	-0.670307866534	336.905394197287	-134.492271006387	-70.325660013866	15.661017500370	
0.474137931034	0.198530634432	-0.001702754979	0.855854611727	78.151645619279	-0.670290023797	336.907432491860	-134.492320235409	-70.326769234795	15.661028490929	
0.475000000000	0.198530111636	-0.001702707230	0.855859839206	78.151439820652	-0.670271227472	336.909490290584	-134.492364075229	-70.327931759157	15.661041855891	
0.475862068966	0.198529593716	-0.001702657042	0.855865062047	78.151235941253	-0.670251470802	336.911546263340	-134.492402580976	-70.329136837800	15.661057563771	
0.476724137931	0.198529091293	-0.001702604354	0.855870225733	78.151038162201	-0.670230730455	336.913578950053	-134.492435911166	-70.330373061249	15.661075592343	
0.477586206897	0.198528613265	-0.001702549089	0.855875275355	78.150849986393	-0.670208975129	336.915566735450	-134.492464300071	-70.331628295832	15.661095922154	
0.478448275862	0.198528166605	-0.001702491166	0.855880155727	78.150674158700	-0.670186173656	336.917487895157	-134.492488028591	-70.332889665972	15.661118530796	
0.479310344828	0.198527756235	-0.001702430524	0.855884811425	78.150512616446	-0.670162301911	336.919320612151	-134.492507395118	-70.334143539345	15.661143387489	
0.480172413793	0.198527384982	-0.001702367135	0.855889187085	78.150366472328	-0.670137349017	336.921043091935	-134.492522687952	-70.335375578836	15.661170448423	
0.481034482759	0.198527053611	-0.001702301019	0.855893227675	78.150236028307	-0.670111322377	336.922633671499	-134.492534159754	-70.336570814536	15.661199652549	
0.481896551724	0.198526760947	-0.001702232252	0.855896879069	78.150120820939	-0.670084252245	336.924071043769	-134.492542005935	-70.337713794439	15.661230918107	
0.482758620690	0.198526504052	-0.001702160978	0.855900088621	78.150019694009	-0.670056195339	336.925334485051	-134.492546346793	-70.338788761111	15.661264139340	
0.483620689655	0.198526278481	-0.001702087418	0.855902806045	78.149930897824	-0.670027238180	336.926404199911	-134.492547215070	-70.339779906962	15.661299183473	
0.484482758621	0.198526078586	-0.001702011872	0.855904984273	78.149852209118	-0.669997499659	336.927261659850	-134.492544548272	-70.340671647392	15.661335888427	
0.485344827586	0.198525897869	-0.001701934732	0.855906580568	78.149781069756	-0.669967133323	336.927890041937	-134.492538186754	-70.341448958062	15.661374060689	
0.486206896552	0.198525729360	-0.001701856478	0.855907557562	78.149714736367	-0.669936328550	336.928274635970	-134.492527877078	-70.342097709846	15.661413473386	
0.487068965517	0.198525566022	-0.001701777683	0.855907884455	78.149650438362	-0.669905311125	336.928403317621	-134.492513281116	-70.342605041813	15.661453866071	
0.487931034483	0.198525401149	-0.001701699013	0.855907538045	78.149585535951	-0.669874342417	336.928266953056	-134.492493989200	-70.342959703430	15.661494944293	
0.488793103448	0.198525228758	-0.001701621214	0.855906503819	78.149517674225	-0.669843717048	336.927859829829	-134.492469538905	-70.343152405217	15.661536381412	
0.489655172414	0.198525043952	-0.001701545110	0.855904776777	78.149444925120	-0.669813758771	336.927179978960	-134.492439436826	-70.343176108584	15.661577821139	
0.490517241379	0.198524843236	-0.001701471583	0.855902362217	78.149365913485	-0.669784814501	336.926229486729	-134.492403183802	-70.343026297489	15.661618882212	
0.491379310345	0.198524624783	-0.001701401550	0.855899276175	78.149279919302	-0.669757246228	336.925014665590	-134.492360302391	-70.342701166122	15.661659164255	
0.492241379310	0.198524388619	-0.001701335946	0.855895545767	78.149186953200	-0.669731421199	336.923546189102	-134.492310365661	-70.342201770091	15.661698255836	
0.493103448276	0.198524136735	-0.001701275687	0.855891209125	78.149087799047	-0.669707700066	336.921839068758	-134.492253026006	-70.341532081858	15.661735743219	
0.493965517241	0.198523873109	-0.001701221640	0.855886315227	78.148984022428	-0.669686424450	336.919912584457	-134.492188043586	-70.340699002623	15.661771221044	
0.494827586207	0.198523603627	-0.001701174590	0.855880923312	78.148877940704	-0.669667903356	336.917790055299	-134.492115312441	-70.339712277932	15.661804302849	
0.495689655172	0.198523335917	-0.001701135207	0.855875102195	78.148772556834	-0.669652400013	336.915498570969	-134.492034883898	-70.338584375094	15.661834632341	
0.496551724138	0.198523079087	-0.001701104010	0.855868929214	78.148671455568	-0.669640119572	336.913068574817	-134.491946985942	-70.337330272493	15.661861893790	
0.497413793103	0.198522843373	-0.001701081348	0.855862489112	78.148578666532	-0.669631198672	336.910533426736	-134.491852037831	-70.335967224509	15.661885821301	
0.498275862069	0.198522639717	-0.001701067373	0.855855872614	78.148498497556	-0.669625697280	336.907928840361	-134.491750658954	-70.334514453677	15.661906206263	
0.499137931034	0.198522479289	-0.001701062030	0.855849175008	78.148435344743	-0.669623594123	336.905292325410	-134.491643671530	-70.332992835459	15.661922902660	
0.500000000000	0.198522372953	-0.001701065057	0.855842494478	78.148393485807	-0.669624785434	336.902662532901	-134.491532096629	-70.331424529130	15.661935829366	
0.500862068966	0.198522330733	-0.001701075987	0.855835930534	78.148376865900	-0.669629088062	336.900078634462	-134.491417143422	-70.329832619452	15.661944969414	
