dbx_v3_0_0_0										
Time	Cx	Cy	Cz	Fx	Fy	Fz	Mx	My	Mz	
0.000000000000	0.000000000000	0.000000000000	0.000000000000	0.000000000000	0.000000000000	0.000000000000	0.000000000000	0.000000000000	0.000000000000	
0.000862068966	3.637035369247	-5.588833822894	1.441701174250	1431.718286736856	-2200.043379678929	567.525395171372	113.530995245775	-348.005906495159	-1637.081380694317	
0.001724137931	0.505813197326	-0.764476436384	0.871345913232	199.113269672369	-300.936004913637	343.005154306570	100.793998618744	-144.787435530620	-200.888009081463	
0.002586206897	-0.001558391777	-0.093110836478	0.340384185684	-0.613460629020	-36.653063208076	133.992170458677	6.081530298165	67.630264661424	-67.420687380304	
0.003448275862	-0.025614525909	-0.334836583272	0.522452199286	-10.083153290196	-131.808357815883	205.663209653847	31.961435296380	-80.860160132104	-142.990596899196	
0.004310344828	0.036411721089	-0.571912957337	0.594277048961	14.333467135291	-225.133427726393	233.937048173834	19.177147221220	-83.370461924665	-204.118803717691	
0.005172413793	0.072198601904	-0.589825182019	0.585979306301	28.420966014293	-232.184571592193	230.670643341472	55.714456337746	-58.082166354413	-208.496292499873	
0.006034482759	0.060189410805	-0.545954598266	0.599797135280	23.693550204779	-214.914924577134	236.110029111449	45.578321124403	-63.073599039575	-198.661768525526	
0.006896551724	0.075826743414	-0.574864347828	0.640451188012	29.849183235327	-226.295242036417	252.113489297482	50.128947755075	-70.104786743781	-210.940159270125	
0.007758620690	0.091845534726	-0.567817659350	0.656351757536	36.154977412165	-223.521314446689	258.372745489998	56.627177826607	-68.999415956922	-208.051748606539	
0.008620689655	0.081503219638	-0.576128548024	0.660957582207	32.083727029360	-226.792894204878	260.185827502415	49.492006034155	-68.702646219263	-211.421856133781	
0.009482758621	0.070557152272	-0.580634736107	0.695421764612	27.774809676600	-228.566754293291	273.752646402215	52.215306320437	-74.432390185125	-213.718048059965	
0.010344827586	0.074227724986	-0.582614036534	0.715238662415	29.219729932775	-229.345905533054	281.553564482756	57.335998421488	-76.854174808798	-213.187480496514	
0.011206896552	0.079374457236	-0.576568521961	0.729489830787	31.245740111639	-226.966089862306	287.163534222836	53.835797948993	-78.906118403463	-211.457820975106	
0.012068965517	0.082188221718	-0.574275985709	0.750722819487	32.353377969013	-226.063633399258	295.521896217696	53.383915484503	-81.304089039397	-211.270062195265	
0.012931034483	0.083009991778	-0.589870202536	0.770047563377	32.676867597977	-232.202293910147	303.129078002998	54.670420663663	-83.360996925028	-214.066404532555	
0.013793103448	0.079725290910	-0.581797349826	0.782025826497	31.383845721125	-229.024416964548	307.844319019795	55.093568386431	-85.464557481434	-211.407336990613	
0.014655172414	0.075516944845	-0.568456229235	0.794803031581	29.727231086874	-223.772687361496	312.874063389878	54.553808709089	-87.548683792278	-207.848929951380	
0.015517241379	0.074411902986	-0.574324921741	0.811702948905	29.292231567602	-226.082897059034	319.526712654919	53.997324400366	-90.961754715347	-208.457447604756	
0.016379310345	0.073118581402	-0.582960350402	0.826182048100	28.783115770293	-229.482231921842	325.226407320610	53.959827835912	-95.017126639353	-209.873680912976	
0.017241379310	0.074331060043	-0.579164667777	0.837867953502	29.260407758590	-227.988062172845	329.826561776736	53.422907969058	-97.952453219893	-207.445185969180	
0.018103448276	0.076680856044	-0.572051789211	0.855053456951	30.185404510825	-225.188078867508	336.591631966187	53.926591306211	-102.547441363488	-204.714890259311	
0.018965517241	0.076790626604	-0.565216617933	0.864965739857	30.228615671088	-222.497414983633	340.493600261839	52.954420491578	-105.162391290859	-202.401958883321	
0.019827586207	0.075480255749	-0.563416394794	0.878397843564	29.712788431315	-221.788757485022	345.781145350982	53.713345318438	-108.054588465572	-201.399559436733	
0.020689655172	0.075967562717	-0.562995544251	0.888963961706	29.904616727159	-221.623089748228	349.940495763843	54.262434723200	-110.821668442809	-200.129989560206	
0.021551724138	0.078842899175	-0.559531985090	0.901068964499	31.036492381127	-220.259660337911	354.705627828968	55.637133578941	-115.124104201210	-197.879405213864	
0.022413793103	0.082533320369	-0.558346845211	0.910401868746	32.489225988001	-219.793130248334	358.379523824278	56.476116476396	-117.766011101835	-196.866998641792	
0.023275862069	0.083490731893	-0.557943233101	0.913206859139	32.866110853804	-219.634248417248	359.483707763285	56.448258778325	-116.309246256461	-196.789422965913	
0.024137931034	0.081440927047	-0.558379745827	0.911022692518	32.059205562700	-219.806081569644	358.623910985193	55.455186299198	-111.986960009563	-197.109192119537	
0.025000000000	0.077989933277	-0.561055806105	0.904109422828	30.700722516648	-220.859512193027	355.902503676082	53.979800476230	-105.019659483478	-198.404038711106	
0.025862068966	0.075331191241	-0.564972624159	0.898311142963	29.654109215741	-222.401366880585	353.620011901696	52.680036142181	-98.342441920443	-200.358568422831	
0.026724137931	0.073479060661	-0.567396602814	0.891163431562	28.925018362598	-223.355565620695	350.806316657535	51.574703620765	-91.874083932622	-201.488885834451	
0.027586206897	0.071835684208	-0.569712468394	0.887811788315	28.278103531953	-224.267205669296	349.486942925896	51.045903214026	-87.277577292107	-202.778813156363	
0.028448275862	0.070674809107	-0.572198907227	0.883276418229	27.821125267667	-225.245991846549	347.701595347167	50.453541003559	-82.393691677230	-203.980288063894	
0.029310344828	0.070285750868	-0.573343962251	0.879535010927	27.667972565095	-225.696742540699	346.228791068909	49.927433194418	-78.032587789586	-204.756958363269	
0.030172413793	0.069742686264	-0.573981546233	0.876331794149	27.454195286126	-225.947727355162	344.967845388669	49.819644601031	-74.201279008984	-205.103955149056	
0.031034482759	0.070005606101	-0.573534584257	0.873886761761	27.557693630603	-225.771780857499	344.005358850785	49.761650870795	-70.986779763392	-204.643694903791	
0.031896551724	0.069771447926	-0.572956012833	0.870263749718	27.465517309008	-225.544026325482	342.579160843780	49.736170830058	-67.347303291773	-204.149062860195	
0.032758620690	0.070136003424	-0.572624066484	0.868579875782	27.609024512071	-225.413355707917	341.916304186656	50.039293399299	-64.504716300987	-203.460072214548	
0.033620689655	0.070229988113	-0.572269003938	0.865933462290	27.646021566956	-225.273585403823	340.874544014930	50.333214186103	-61.360942917598	-202.978028201911	
0.034482758621	0.070190545306	-0.571512239740	0.863839039659	27.630494913523	-224.975685320225	340.050074941305	50.228207562772	-58.707911086338	-202.329226046283	
0.035344827586	0.069945401998	-0.570979715979	0.861886747353	27.533994296622	-224.766057442005	339.281555443633	50.309031464714	-56.281027216703	-201.773536362350	
0.036206896552	0.069881383501	-0.571213102611	0.860059656516	27.508793427295	-224.857930045644	338.562321480359	50.162341478438	-53.909168822446	-201.645399569033	
0.037068965517	0.069928883076	-0.571099849613	0.857995026744	27.527491626215	-224.813348024333	337.749580360413	50.068519310601	-51.559012437222	-201.279783992617	
0.037931034483	0.069543271593	-0.571335894414	0.856293408461	27.375695738691	-224.906267015635	337.079738644411	50.062510367619	-49.510902662612	-201.348759043765	
0.038793103448	0.069980172216	-0.571248715660	0.855894591661	27.547681586542	-224.871949115589	336.922744486059	49.865997906371	-48.326555100096	-201.056469356012	
0.039655172414	0.069876356796	-0.570878802982	0.854481940733	27.506814665998	-224.726333059688	336.366654714897	50.015080876791	-46.652188931490	-200.779608014190	
0.040517241379	0.070166191308	-0.570703942966	0.853653371740	27.620907966801	-224.657499447386	336.040488687288	49.734530895255	-45.654984825283	-200.529433741829	
0.041379310345	0.069810342734	-0.570403270653	0.853766970850	27.480828242932	-224.539139848202	336.085206955325	49.949397213879	-44.948525444814	-200.172849711108	
0.042241379310	0.069773455133	-0.570886924318	0.853484752523	27.466307445903	-224.729530022131	335.974111764324	49.975942950232	-44.015922692042	-200.330967126383	
0.043103448276	0.070033419737	-0.570552120353	0.854015747592	27.568642463073	-224.597734504605	336.183137873191	49.820853291967	-43.745601504569	-200.017979558864	
0.043965517241	0.069634366142	-0.570437431706	0.853711165878	27.411555090757	-224.552587340416	336.063239338653	49.964873662969	-42.934290985703	-200.007229558440	
0.044827586207	0.069787855304	-0.570634477229	0.854712164908	27.471976070520	-224.630154273158	336.457282417891	49.793541667473	-42.881984779804	-199.936038015747	
0.045689655172	0.069432894921	-0.570317439236	0.854732521740	27.332245982350	-224.505352327106	336.465295881025	49.852893121145	-42.360913002586	-199.709004651634	
0.046551724138	0.069445423185	-0.570534165915	0.855192139803	27.337177731458	-224.590666743262	336.646224444940	49.793422275097	-42.140777345149	-199.828658651831	
0.047413793103	0.069601340127	-0.570540263170	0.855835982204	27.398554406281	-224.593066926774	336.899672884386	49.676516433684	-42.029172226358	-199.688157757967	
0.048275862069	0.069326992348	-0.570355257760	0.855789537718	27.290557454637	-224.520239581944	336.881390021383	49.775584288237	-41.670772071104	-199.671666041810	
0.049137931034	0.069539610758	-0.570403426475	0.856735638073	27.374254651513	-224.539201187570	337.253822247630	49.596440276070	-41.809645185912	-199.619702751626	
0.050000000000	0.069306661701	-0.570168204046	0.856834447567	27.282554299498	-224.446605922661	337.292718586090	49.696283083276	-41.560765265963	-199.471796845947	
0.050862068966	0.069234384346	-0.570349149971	0.857459166166	27.254102332119	-224.517835252115	337.538638944999	49.634679916863	-41.621829731039	-199.568764297356	
0.051724137931	0.069292430803	-0.570278317426	0.858077513402	27.276952308994	-224.489952034027	337.782051217709	49.563076329680	-41.631191081415	-199.451105023048	
0.052586206897	0.069038582163	-0.570283237654	0.858164587406	27.177024839897	-224.491888880898	337.816327882954	49.670513226759	-41.415515538865	-199.541026909460	
0.053448275862	0.069443411175	-0.570530473129	0.859165928474	27.336385703812	-224.589213078944	338.210505605322	49.508675681164	-41.722495581430	-199.547366259781	
0.054310344828	0.069332267396	-0.570410444535	0.859207035749	27.292633976207	-224.541963845446	338.226687476168	49.613775525054	-41.533109676657	-199.457964196057	
0.055172413793	0.069336725240	-0.570759657416	0.859971603988	27.294388805830	-224.679431430265	338.527659619294	49.526805440904	-41.715505672047	-199.632089236888	
0.056034482759	0.069398059418	-0.570798244726	0.860634278239	27.318532993186	-224.694621317638	338.788521213049	49.468361793771	-41.906492593310	-199.555514507044	
0.056896551724	0.069045996175	-0.570847952457	0.860624486325	27.179943364037	-224.714188756622	338.784666628284	49.576614100619	-41.683675629106	-199.655897256242	
0.057758620690	0.069338404496	-0.571190261381	0.861788256284	27.295049844731	-224.848938599854	339.242784452974	49.407751862575	-42.122814894839	-199.726970868604	
0.058620689655	0.069216619552	-0.571104329054	0.861780311675	27.247109224527	-224.815111355532	339.239657059129	49.532407989248	-41.950314558998	-199.673065247305	
0.059482758621	0.069274939321	-0.571503027790	0.862612727354	27.270066790244	-224.972059037552	339.567337334062	49.430081159794	-42.206129121391	-199.875048326491	
0.060344827586	0.069420440549	-0.571470734142	0.863170847118	27.327343321165	-224.959346649336	339.787041073850	49.400543427665	-42.400076218351	-199.762103415493	
0.061206896552	0.069131236488	-0.571518885780	0.863110302633	27.213498197501	-224.978301532302	339.763207748547	49.504008266232	-42.234154914794	-199.875435758923	
0.062068965517	0.069352730894	-0.571767204126	0.864005820201	27.300689428386	-225.076052002494	340.115728070153	49.269952542624	-42.639157089567	-199.938897342271	
0.062931034483	0.068999200773	-0.571425809594	0.863532517255	27.161522362991	-224.941662109486	339.929412454750	49.251192823089	-42.418652702209	-199.776953116592	
0.063793103448	0.069037311168	-0.571889473623	0.865007121233	27.176524512765	-225.124183366740	340.509890032589	49.344417254383	-42.842065649589	-199.986109099115	
0.064655172414	0.069152906841	-0.571974277714	0.865322677529	27.222028727568	-225.157566481207	340.634108709000	49.286432554524	-42.940879556433	-199.899566015757	
0.065517241379	0.068724963176	-0.571551391357	0.865319492924	27.053568784889	-224.991097346758	340.632855089585	49.351796513478	-42.814217073145	-199.896235441916	
0.066379310345	0.068859841349	-0.571716292327	0.866451601657	27.106663552110	-225.056010582326	341.078509478899	49.212913564317	-43.283597180940	-199.927415442451	
0.067241379310	0.068576791324	-0.571493049580	0.866213842889	26.995240962952	-224.968131117240	340.984915784570	49.337860756164	-43.069923545253	-199.839681447475	
0.068103448276	0.068530256288	-0.571770525920	0.866918507854	26.976922454882	-225.077359626111	341.262307015163	49.232092265969	-43.350636959555	-200.008355960565	
0.068965517241	0.068521982765	-0.571638227238	0.867210090623	26.973665584236	-225.025280275061	341.377088517175	49.207967035422	-43.452563002890	-199.877499786974	
0.069827586207	0.068139060991	-0.571675187411	0.867034306849	26.822928500131	-225.039829640015	341.307891267824	49.305944471079	-43.262067148407	-199.994213859030	
0.070689655172	0.068320935131	-0.571906930145	0.867919980142	26.894523221103	-225.131055123571	341.656536392452	49.134128450005	-43.702815419653	-200.044664504149	
0.071551724138	0.068273403246	-0.571688574918	0.867621593749	26.875812303465	-225.045099629643	341.539076644920	49.275070356896	-43.494361093853	-199.939429533521	
0.072413793103	0.068468387250	-0.572106053192	0.868303198245	26.952567719766	-225.209439873435	341.807390126278	49.152891575247	-43.769356970241	-200.155367868307	
0.073275862069	0.068638662293	-0.572017621887	0.868574327285	27.019596458539	-225.174628906967	341.914120021888	49.142508812646	-43.880855334470	-200.023479494260	
0.074137931034	0.068405162228	-0.572096600791	0.868447793914	26.927679201848	-225.205718937501	341.864310183946	49.242246962673	-43.733877632884	-200.146327363477	
0.075000000000	0.068661492153	-0.572334078244	0.869303362705	27.028583428461	-225.299201892013	342.201104677395	49.089266708598	-44.149745948051	-200.195907854990	
0.075862068966	0.068576391591	-0.572161546137	0.868984516616	26.995083608330	-225.231284660678	342.075590974301	49.231377468735	-43.926682987070	-200.112656159200	
0.076724137931	0.068719710524	-0.572557293935	0.869689216945	27.051501079424	-225.387070706696	342.352996126165	49.107097299016	-44.219923862226	-200.315622996904	
0.077586206897	0.068852844573	-0.572451253110	0.869929083990	27.103909272326	-225.345327756082	342.447419742815	49.104616865691	-44.322026927161	-200.183174769252	
0.078448275862	0.068634297420	-0.572530636185	0.869871496902	27.017878227069	-225.376576888536	342.424750596693	49.190564076963	-44.175310732671	-200.293566176580	
0.079310344828	0.068804169272	-0.572737812857	0.870635481457	27.084748249362	-225.458131946139	342.725492972433	49.047459748534	-44.545843481787	-200.333785289780	
0.080172413793	0.068513937096	-0.572500561711	0.870241717541	26.970498408156	-225.364738077318	342.570487881208	49.193310411026	-44.296564536950	-200.246619403984	
0.081034482759	0.068482134727	-0.572808480595	0.870904046454	26.957979411698	-225.485950288140	342.831213533118	49.068795121138	-44.592539249918	-200.427949639342	
0.081896551724	0.068541013037	-0.572582717425	0.871012210172	26.981156847277	-225.397078658566	342.873792160170	49.079998354895	-44.648300418256	-200.254492115235	
0.082758620690	0.068259752236	-0.572575922061	0.870847102196	26.870438585857	-225.394403664799	342.808797436566	49.158153887424	-44.466918920248	-200.347819519492	
0.083620689655	0.068397950169	-0.572676225383	0.871482286089	26.924840176126	-225.433888048943	343.058837456338	49.017605443553	-44.807528631297	-200.358560518441	
0.084482758621	0.068140624213	-0.572357837578	0.871093689866	26.823543862368	-225.308554749590	342.905866626327	49.144989823202	-44.576597133064	-200.252202739643	
0.085344827586	0.068231355574	-0.572633203622	0.871708618316	26.859260245230	-225.416952540853	343.147933094588	49.019866333485	-44.848237118793	-200.420677648840	
0.086206896552	0.068329402984	-0.572362917176	0.871694425815	26.897856589706	-225.310554332083	343.142346219282	49.043112940651	-44.854762670675	-200.231597142492	
0.087068965517	0.068146186518	-0.572367565323	0.871599498302	26.825733462694	-225.312384074282	343.104978021697	49.099939883114	-44.725490995413	-200.327530623646	
0.087931034483	0.068392802411	-0.572484343965	0.872213814510	26.922813762441	-225.358353964968	343.346803480918	48.970285838863	-45.055979505762	-200.333096694064	
0.088793103448	0.068223499880	-0.572205727625	0.871852220388	26.856167853015	-225.248676695109	343.204462022975	49.101949464349	-44.811211620877	-200.227644203964	
0.089655172414	0.068346685908	-0.572526680991	0.872469672055	26.904660009555	-225.375019926912	343.447521755409	48.982239348263	-45.086349869290	-200.410352331735	
0.090517241379	0.068482955458	-0.572335763178	0.872498507723	26.958302492231	-225.299865166021	343.458872910443	49.009637966355	-45.106511714637	-200.249186207608	
0.091379310345	0.068365835075	-0.572433843192	0.872505995752	26.912198075604	-225.338474344992	343.461820571708	49.068170281391	-45.004965300776	-200.350989968191	
0.092241379310	0.068618183478	-0.572600483454	0.873118711538	27.011534976741	-225.404072252534	343.703016025421	48.954060629109	-45.331192833711	-200.362342527936	
0.093103448276	0.068392123299	-0.572354617433	0.872761070978	26.922546429836	-225.307287139788	343.562230886287	49.083594586159	-45.093953728408	-200.261865735314	
0.093965517241	0.068413849060	-0.572706929217	0.873324600510	26.931098771717	-225.445974607096	343.784064180479	48.975584986288	-45.362691755342	-200.456295479166	
0.094827586207	0.068435268221	-0.572494745373	0.873279788927	26.939530420465	-225.362448477105	343.766424109265	49.013536895604	-45.354450641044	-200.296104954828	
0.095689655172	0.068308439345	-0.572608491143	0.873294973379	26.889604257146	-225.407224477958	343.772401465589	49.053387192176	-45.258647433431	-200.411507668301	
0.096551724138	0.068553106897	-0.572728515746	0.873806055167	26.985917593010	-225.454472140210	343.973588714991	48.950448033404	-45.546561308612	-200.401026366175	
0.097413793103	0.068376115726	-0.572448489156	0.873413401257	26.916245051754	-225.344239726140	343.819020577718	49.075176856331	-45.297704824598	-200.285957696045	
0.098275862069	0.068449890210	-0.572760566887	0.873969880220	26.945286363396	-225.467089065929	344.038078416382	48.959814654166	-45.586114308520	-200.470637186803	
0.099137931034	0.068504613255	-0.572492629744	0.873846615198	26.966828079885	-225.361615660219	343.989555163726	49.011123414153	-45.544515519110	-200.299208667536	
0.100000000000	0.068279077263	-0.572573274517	0.873824549990	26.878045879334	-225.393361459746	343.980869198939	49.042238214867	-45.454462790281	-200.412549081940	
0.100862068966	0.068392689274	-0.572641132707	0.874219822861	26.922769226021	-225.420073823491	344.136468290000	48.940633099220	-45.696771488326	-200.389540676269	
0.101724137931	0.068164935724	-0.572367426607	0.873824041828	26.833114083932	-225.312329468777	343.980669160706	49.057852314204	-45.448808676493	-200.274571410996	
0.102586206897	0.068281387409	-0.572733222449	0.874378788051	26.878955267783	-225.456324932955	344.199044906689	48.943683841379	-45.722840827368	-200.463036848948	
0.103448275862	0.068341783989	-0.572517615946	0.874213755336	26.902730369892	-225.371451474007	344.134079809588	49.001689327510	-45.653308980969	-200.307365086391	
0.104310344828	0.068156537125	-0.572680813652	0.874185229704	26.829807976955	-225.435694219835	344.122850700280	49.032849856769	-45.573602894633	-200.456501214041	
0.105172413793	0.068361083851	-0.572797524256	0.874652053960	26.910327757259	-225.481637327414	344.306615980546	48.939585435450	-45.873600836485	-200.442504857296	
0.106034482759	0.068287824423	-0.572614177976	0.874226752120	26.881489196990	-225.409463098712	344.139195991453	49.056566307593	-45.587073004826	-200.353694416902	
0.106896551724	0.068407819049	-0.573008871966	0.874848324321	26.928725059090	-225.564834313566	344.383877770790	48.938275799306	-45.903041123965	-200.538575408029	
0.107758620690	0.068371911085	-0.572789706029	0.874696158712	26.914589895658	-225.478559683595	344.323977807552	48.999806212997	-45.824884841988	-200.382519829158	
0.108620689655	0.068125871450	-0.572977368408	0.874701284133	26.817736439713	-225.552432943587	344.325995428516	49.028084377753	-45.763612594561	-200.552411177206	
0.109482758621	0.068328193757	-0.573019188680	0.875115459938	26.897380577629	-225.568895485819	344.489035656078	48.933435735259	-46.009934549766	-200.506479849879	
0.110344827586	0.068162340450	-0.572808027765	0.874756704134	26.832092454901	-225.485772031701	344.347811501560	49.044332797178	-45.770220444465	-200.428003227521	
0.111206896552	0.068268283226	-0.573134877666	0.875354109635	26.873796808673	-225.614436433415	344.582980064391	48.915280557107	-46.095437167498	-200.595471314759	
0.112068965517	0.068286201259	-0.572823666724	0.875128548658	26.880850238795	-225.491928304922	344.494188028202	48.982652715371	-45.988162695992	-200.412382726219	
0.112931034483	0.068170097671	-0.572991965409	0.875118877012	26.835146083298	-225.558179050328	344.490380786744	49.002179199086	-45.925762761960	-200.576878463390	
0.113793103448	0.068360045226	-0.572986933972	0.875489837242	26.909918902578	-225.556198426022	344.636409211091	48.912250258001	-46.158259418936	-200.523393896541	
0.114655172414	0.068167431417	-0.572714542731	0.875110085342	26.834096512850	-225.448971665765	344.486919947507	49.022763799475	-45.900995202535	-200.433099737832	
0.115517241379	0.068323735352	-0.572996248054	0.875705176333	26.895625527494	-225.559864912784	344.721177403869	48.885556062217	-46.224522981906	-200.573182278239	
0.116379310345	0.068323867834	-0.572677192477	0.875423087951	26.895677678926	-225.434268744977	344.610133365420	48.963840681401	-46.082005325613	-200.388562757771	
0.117241379310	0.068202149358	-0.572874393274	0.875466943148	26.847763223792	-225.511896801614	344.627396955551	48.970039022878	-46.050934782642	-200.563043129809	
0.118103448276	0.068340289198	-0.572855522212	0.875785270746	26.902141945896	-225.504468211486	344.752706554531	48.895912008105	-46.257270539669	-200.503239801281	
0.118965517241	0.068158955722	-0.572620305032	0.875396435778	26.830760057392	-225.411875013098	344.599641742676	49.013689867848	-45.990404777201	-200.425663337887	
0.119827586207	0.068354128046	-0.572909003172	0.876017193959	26.907589605717	-225.525520981377	344.844003083524	48.865641999917	-46.321237720610	-200.550018062293	
0.120689655172	0.068303818932	-0.572593098210	0.875673432996	26.887785432438	-225.401165052814	344.708681645360	48.957858197785	-46.142605891260	-200.366115431742	
0.121551724138	0.068163734302	-0.572833144557	0.875748946159	26.832641144448	-225.495659252015	344.738407387573	48.949029254002	-46.142409471788	-200.556221441434	
0.122413793103	0.068280166057	-0.572808035280	0.875959772471	26.878474482775	-225.485774989882	344.821399125531	48.894180798794	-46.304613899153	-200.488509331716	
0.123275862069	0.068115569769	-0.572652961326	0.875508728981	26.813681185117	-225.424730157309	344.643845940569	49.021789755041	-46.016091725301	-200.447422227564	
0.124137931034	0.068344150056	-0.572969836841	0.876132636922	26.903661771760	-225.549468143798	344.889447184136	48.865184450173	-46.364096758097	-200.570328459654	
0.125000000000	0.068291282105	-0.572656334606	0.875763079229	26.882850312972	-225.426058048260	344.743970867899	48.961112499841	-46.171108470090	-200.385817982480	
0.125862068966	0.068185338533	-0.572919998574	0.875940203852	26.841145645770	-225.529849319555	344.813695942121	48.931467568568	-46.219556969900	-200.579262662314	
0.126724137931	0.068305866895	-0.572867233753	0.876126891353	26.888591612868	-225.509078457401	344.887185441773	48.886233088096	-46.358423422803	-200.495501953237	
0.127586206897	0.068102528096	-0.572749371329	0.875709286469	26.808547332835	-225.462681936639	344.722795357882	49.014170897567	-46.077638549809	-200.481617126956	
0.128448275862	0.068331281815	-0.573060853896	0.876359744952	26.898596191113	-225.585296990252	344.978848217146	48.861581255728	-46.443898772596	-200.594357404695	
0.129310344828	0.068267062492	-0.572744907745	0.875963399226	26.873316266888	-225.460924847642	344.822826796979	48.967634968181	-46.234048756954	-200.411461352753	
0.130172413793	0.068154698895	-0.573017610748	0.876209164874	26.829084358025	-225.568274333131	344.919572397963	48.918021461281	-46.321597218238	-200.603202281958	
0.131034482759	0.068241937994	-0.572920557852	0.876373345008	26.863426013130	-225.530069478949	344.984201876433	48.881321302611	-46.452447703643	-200.495790807585	
0.131896551724	0.067999356136	-0.572828489648	0.875959187748	26.767933710191	-225.493826847765	344.821168949254	49.006771586124	-46.159226193410	-200.509475779676	
0.132758620690	0.068222587106	-0.573139230791	0.876583920791	26.855808539673	-225.616150040116	345.067094993672	48.853753941843	-46.512461261039	-200.627618097314	
0.133620689655	0.068182408939	-0.572802317685	0.876160447887	26.839992411783	-225.483524259524	344.900394965263	48.971252490634	-46.292977672771	-200.436886501918	
0.134482758621	0.068193035469	-0.573106302890	0.876442083900	26.844175543121	-225.603187978360	345.011260928279	48.904064581938	-46.405025329093	-200.633073999194	
0.135344827586	0.068333972101	-0.572970978982	0.876519168465	26.899655221880	-225.549917747510	345.041605252776	48.885450633952	-46.499922711964	-200.498303409797	
0.136206896552	0.068093077433	-0.572888913734	0.876111815787	26.804827081385	-225.517612778185	344.881250948147	48.997927887088	-46.216752344552	-200.529300614184	
0.137068965517	0.068236913910	-0.573100729254	0.876691670023	26.861448283246	-225.600993917604	345.109510458760	48.848719940546	-46.554685621941	-200.615229317400	
0.137931034483	0.068116437170	-0.572738206416	0.876242040509	26.814022637339	-225.458286870656	344.932513885287	48.969386093042	-46.309678986026	-200.440101962623	
0.138793103448	0.068173287838	-0.573021517932	0.876625504488	26.836401891880	-225.569812395521	345.083464408364	48.883410233462	-46.476629263650	-200.621192573676	
0.139655172414	0.068356574344	-0.572844344332	0.876674901501	26.908552590381	-225.500068041233	345.102909533140	48.874750138424	-46.546235318819	-200.471073631603	
0.140517241379	0.068169365761	-0.572776534757	0.876357542228	26.834857967216	-225.473374815097	344.977981115061	48.974613037470	-46.291232932784	-200.508194065833	
0.141379310345	0.068347940049	-0.572968517028	0.876883036585	26.905153702010	-225.548948599694	345.184841869667	48.843065182550	-46.597136689496	-200.576284980224	
0.142241379310	0.068210063375	-0.572638224627	0.876409347755	26.850878575099	-225.418929058467	344.998374351272	48.969917519002	-46.329228818078	-200.419035256806	
0.143103448276	0.068258048216	-0.572970589834	0.876793660209	26.869767798700	-225.549764559316	345.149658876251	48.885567379163	-46.509967540672	-200.612079557359	
0.143965517241	0.068404640331	-0.572786432569	0.876752331584	26.927473757358	-225.477271086740	345.133389870908	48.896624226926	-46.548346285498	-200.448324356389	
0.144827586207	0.068186548540	-0.572771006908	0.876443165397	26.841621964791	-225.471198778336	345.011686659365	48.981232678802	-46.311574891340	-200.507408355504	
0.145689655172	0.068320151853	-0.572944862733	0.876914261926	26.894214883791	-225.539637090901	345.197133719151	48.853244984303	-46.607431333461	-200.557682713514	
0.146551724138	0.068119230386	-0.572647469260	0.876464808117	26.815122186279	-225.422568206204	345.020206312210	48.971230483095	-46.345238493470	-200.423421478017	
0.147413793103	0.068158323730	-0.573037848413	0.876875633704	26.830511273895	-225.576240886399	345.181927727147	48.882281403612	-46.541186419993	-200.637411440437	
0.148275862069	0.068311681177	-0.572888384076	0.876803789457	26.890880403935	-225.517404278063	345.153646252790	48.902967068315	-46.554147700453	-200.479759401685	
0.149137931034	0.068159578522	-0.572956647899	0.876578501662	26.831005222480	-225.544276319330	345.064961754703	48.970946917430	-46.358300516361	-200.563367056979	
0.150000000000	0.068351796773	-0.573135074212	0.877029446605	26.906671900525	-225.614513803624	345.242476146334	48.855802726857	-46.646613400085	-200.595719493375	
0.150862068966	0.068154374448	-0.572858751250	0.876593472382	26.828956639640	-225.505739321995	345.070854975715	48.973701416512	-46.383274383482	-200.471591820420	
0.151724137931	0.068148552300	-0.573227080157	0.877014756310	26.826664751977	-225.650731926755	345.236693314717	48.878322727802	-46.596102078411	-200.685037967879	
0.152586206897	0.068209889276	-0.573018478638	0.876902077174	26.850810041108	-225.568615977992	345.192337193911	48.908175276515	-46.581690275961	-200.521591688579	
0.153448275862	0.068050835301	-0.573100821070	0.876740954258	26.788198474120	-225.601030061020	345.128911188645	48.962074776884	-46.421055801718	-200.621116095301	
0.154310344828	0.068273204731	-0.573240419491	0.877163430622	26.875734158028	-225.655982952873	345.295218929481	48.853749009003	-46.696530169726	-200.629097373934	
0.155172413793	0.068128317568	-0.572970184485	0.876726541146	26.818699353621	-225.549604993673	345.123237469583	48.969336642873	-46.429675331049	-200.507798614776	
0.156034482759	0.068163871798	-0.573321153960	0.877150669521	26.832695269677	-225.687764061388	345.290195524485	48.868923013276	-46.655381988823	-200.710256325679	
0.156896551724	0.068196296883	-0.573051852841	0.876981267822	26.845459398327	-225.581753726835	345.223510577711	48.909993708691	-46.604932890004	-200.533210588765	
0.157758620690	0.068026914298	-0.573126037814	0.876843188000	26.778781975462	-225.610956627395	345.169155481560	48.952574157915	-46.463888773135	-200.645754559230	
0.158620689655	0.068239019556	-0.573188543113	0.877231952989	26.862277170235	-225.635561826535	345.322192746325	48.847594453011	-46.720115891411	-200.622698450424	
0.159482758621	0.068098553020	-0.572889915317	0.876795196208	26.806982544905	-225.518007050862	345.150263521747	48.961067267588	-46.450468726919	-200.497056779542	
0.160344827586	0.068185492091	-0.573208422708	0.877228035803	26.841206094080	-225.643387425369	345.320650746730	48.855896987804	-46.690244457733	-200.680489365465	
0.161206896552	0.068212794672	-0.572907632750	0.877014117396	26.851953749805	-225.524981515151	345.236441806300	48.904882754952	-46.608496729937	-200.497325616757	
0.162068965517	0.068054189794	-0.573003674195	0.876913548500	26.789518969669	-225.562788211691	345.196852879380	48.941735533494	-46.497423870244	-200.623962438493	
0.162931034483	0.068263951954	-0.573025613331	0.877286599306	26.872091804003	-225.571424548392	345.343704258743	48.844598720298	-46.737706757664	-200.580190697321	
0.163793103448	0.068107299424	-0.572739802691	0.876870210188	26.810425565205	-225.458915244159	345.179792760911	48.955462211241	-46.464333387124	-200.464892884884	
0.164655172414	0.068194628760	-0.573042001775	0.877341730437	26.844802741896	-225.577875856438	345.365406618166	48.840014041647	-46.724958088639	-200.631458288959	
0.165517241379	0.068199330646	-0.572732957829	0.877086478309	26.846653638423	-225.456220765347	345.264926665807	48.903747712102	-46.613528041733	-200.445989035017	
0.166379310345	0.068072548725	-0.572912704507	0.877008005505	26.796745959238	-225.526978011164	345.234035861345	48.938481584411	-46.521884688997	-200.604440203765	
0.167241379310	0.068297545250	-0.572964173814	0.877328178970	26.885315798877	-225.547238894224	345.360072085634	48.852797975952	-46.740323759717	-200.558368416958	
0.168103448276	0.068137864617	-0.572729507274	0.876898982067	26.822457547862	-225.454862454992	345.191118805563	48.964284240638	-46.462436517563	-200.461227916535	
0.168965517241	0.068219022235	-0.573052845774	0.877410263034	26.854405228743	-225.582144594765	345.392384461984	48.837231141140	-46.749003525124	-200.622844660686	
0.169827586207	0.068169880285	-0.572753927565	0.877111260531	26.835060509367	-225.464475497979	345.274682182805	48.910978184204	-46.610844473295	-200.438655922562	
0.170689655172	0.068001930849	-0.572973315467	0.877086748478	26.768947245563	-225.550837504284	345.265033017810	48.927628435913	-46.552980153169	-200.619060950491	
0.171551724138	0.068180539114	-0.573010999127	0.877355900584	26.839256355320	-225.565671669952	345.370984693819	48.856285991239	-46.744223910222	-200.571328458476	
0.172413793103	0.068039607276	-0.572817606214	0.876918095765	26.783778564006	-225.489542586343	345.198642909234	48.973293455541	-46.460347263275	-200.494866884436	
0.173275862069	0.068207778796	-0.573158483165	0.877481214494	26.849979251132	-225.623728733676	345.420314490807	48.832024213506	-46.776258116668	-200.645289535328	
0.174137931034	0.068177900867	-0.572864128556	0.877137972853	26.838217809847	-225.507856097347	345.285197483375	48.917524259228	-46.609482650513	-200.461513528898	
0.175000000000	0.068034700730	-0.573103862782	0.877181899138	26.781847103209	-225.602227430041	345.302489057282	48.916747453701	-46.592722942854	-200.647622353013	
0.175862068966	0.068162557417	-0.573089434032	0.877402831286	26.832177863815	-225.596547555466	345.389458955673	48.856619010158	-46.763542119393	-200.586200490874	
0.176724137931	0.067974287734	-0.572899145702	0.876934269831	26.758065538484	-225.521640590405	345.205009827396	48.979229345208	-46.465538108182	-200.531980775110	
0.177586206897	0.068160078820	-0.573199000069	0.877515841100	26.831202164616	-225.639678205453	345.433945247505	48.826622188717	-46.798849609345	-200.661422977625	
0.178448275862	0.068135368542	-0.572866877885	0.877118595969	26.821474968318	-225.508938370119	345.277569776573	48.920873111509	-46.603841268085	-200.469649221597	
0.179310344828	0.068071516459	-0.573110631475	0.877217579981	26.796339607889	-225.604891924853	345.316534814337	48.900784866944	-46.620261996427	-200.652111936996	
0.180172413793	0.068235608256	-0.573054132706	0.877378056855	26.860934312682	-225.582651195204	345.379706505415	48.852398343958	-46.760182599512	-200.568433005623	
0.181034482759	0.068040567675	-0.572890103975	0.876896572917	26.784156624759	-225.518081316167	345.190170444344	48.977786281734	-46.453052934346	-200.540205570930	
0.181896551724	0.068239928378	-0.573163671750	0.877483318126	26.862634928179	-225.625771219156	345.421142585065	48.823208182313	-46.793932915893	-200.653269375229	
0.182758620690	0.068190183795	-0.572809793468	0.877059786660	26.843052982484	-225.486467100335	345.254419503290	48.926268420050	-46.579830513687	-200.458267646648	
0.183620689655	0.068145944213	-0.573061934867	0.877248270098	26.825638079206	-225.585722514302	345.328615973350	48.884363055792	-46.643481722128	-200.640415524494	
0.184482758621	0.068299723985	-0.572962509721	0.877369879080	26.886173457315	-225.546583824577	345.376487325898	48.848329909129	-46.760975536461	-200.534288711245	
0.185344827586	0.068075951070	-0.572836990240	0.876919994914	26.798085291596	-225.497173104342	345.199390509125	48.971622581789	-46.460848515620	-200.535081845590	
0.186206896552	0.068283189499	-0.573106129551	0.877502424680	26.879664660330	-225.603119743187	345.428663876260	48.822747455435	-46.800325685553	-200.638084609965	
0.187068965517	0.068222516633	-0.572767994561	0.877062922696	26.855780797925	-225.470012968317	345.255654003485	48.935120487593	-46.569161114702	-200.452751705358	
0.187931034483	0.068220882583	-0.573058295108	0.877340836565	26.855137554341	-225.584289724096	345.365054745548	48.872922085247	-46.676743131123	-200.639469422009	
0.188793103448	0.068365203449	-0.572937583172	0.877405456528	26.911949436240	-225.536771493173	345.390492381793	48.853848861540	-46.764498628100	-200.517037271642	
0.189655172414	0.068135953266	-0.572855537164	0.876997485383	26.821705144888	-225.504474097587	345.229894617598	48.969235151500	-46.479238598112	-200.540400826172	
0.190517241379	0.068332908294	-0.573107143437	0.877552935298	26.899236454288	-225.603518859587	345.448547371850	48.828803762796	-46.808768346377	-200.630510222915	
0.191379310345	0.068237681360	-0.572779090888	0.877096038351	26.861750389699	-225.474381035247	345.268689974526	48.946744482933	-46.561221639578	-200.458742346887	
0.192241379310	0.068245253789	-0.573091204091	0.877438037874	26.864731275245	-225.597244338897	345.403318022564	48.867256363629	-46.706153604700	-200.651428789234	
0.193103448276	0.068366891353	-0.572932857436	0.877449533414	26.912613879320	-225.534911208000	345.407843239422	48.861138700422	-46.767043204281	-200.510510905457	
0.193965517241	0.068147847210	-0.572882250009	0.877092754772	26.826387193622	-225.514989604007	345.267397394340	48.962772322916	-46.502508671829	-200.549110982276	
0.194827586207	0.068335648612	-0.573101298185	0.877605930306	26.900315180024	-225.601217877200	345.469408846406	48.831681320069	-46.816924252739	-200.619586705990	
0.195689655172	0.068203925838	-0.572774035392	0.877142313416	26.848462534810	-225.472390940272	345.286906145348	48.951016860841	-46.558497706264	-200.458982278423	
0.196551724138	0.068211231342	-0.573099684735	0.877513761369	26.851338345358	-225.600582742733	345.433126561829	48.864139686112	-46.726679651591	-200.658024740653	
0.197413793103	0.068324249833	-0.572910956006	0.877485279566	26.895828052737	-225.526289714316	345.421914705463	48.868283721695	-46.766075422544	-200.500843861672	
0.198275862069	0.068122174047	-0.572894525419	0.877196791880	26.816280957763	-225.519821816777	345.308351582449	48.952766157761	-46.533497339314	-200.555479170720	
0.199137931034	0.068312606152	-0.573086999470	0.877677556348	26.891244520167	-225.595589190487	345.497604424648	48.831241935761	-46.835392589468	-200.606215460157	
0.200000000000	0.068153419746	-0.572777419901	0.877222192290	26.828580821522	-225.473723251498	345.318350449166	48.950467119074	-46.571945317078	-200.461404946046	
0.200862068966	0.068161412846	-0.573124538918	0.877608548784	26.831727303833	-225.610366587046	345.470439609863	48.860310014231	-46.759093799191	-200.668706188153	
0.201724137931	0.068257261653	-0.572917244041	0.877532103587	26.869458168513	-225.528764997813	345.440346972705	48.876745087571	-46.771433877866	-200.502011954665	
0.202586206897	0.068072408257	-0.572942349379	0.877300187275	26.796690663893	-225.538647709705	345.349053160176	48.946200248148	-46.569862976258	-200.574502602892	
0.203448275862	0.068276172283	-0.573108314819	0.877736443016	26.876902334400	-225.603979973550	345.520785150198	48.834006199913	-46.854107855527	-200.602589348446	
0.204310344828	0.068115475706	-0.572822392564	0.877280812571	26.813644157237	-225.491426732037	345.341426311645	48.952353378819	-46.584277908739	-200.470923100326	
0.205172413793	0.068129039242	-0.573182242789	0.877668553169	26.818983440696	-225.633081705315	345.494060324902	48.860248271550	-46.784628271991	-200.681623950014	
0.206034482759	0.068199811779	-0.572962265027	0.877540790738	26.846843036207	-225.546487500838	345.443766667981	48.889184480998	-46.766779477538	-200.513815643565	
0.206896551724	0.068035281657	-0.573032444260	0.877364013261	26.782075784905	-225.574113542340	345.374178247573	48.944122558813	-46.599627876538	-200.608985329867	
0.207758620690	0.068256825584	-0.573168227350	0.877774841581	26.869286510040	-225.627564530165	345.535900738205	48.837833588305	-46.871173940489	-200.615858598770	
0.208620689655	0.068114262174	-0.572897414593	0.877332820713	26.813166450521	-225.520959139734	345.361899306625	48.954036896172	-46.600904092681	-200.491879956891	
0.209482758621	0.068146813954	-0.573254499830	0.877744078789	26.825980452563	-225.661525675695	345.523790970967	48.856061218966	-46.820087374203	-200.697648768787	
0.210344827586	0.068188003613	-0.573007278595	0.877576099680	26.842194754242	-225.564207083309	345.457666026419	48.896289659774	-46.770207321230	-200.526359945671	
0.211206896552	0.068029125915	-0.573110028888	0.877433431106	26.779652578209	-225.604654716724	345.401504569124	48.943288351976	-46.627479824470	-200.643233422688	
0.212068965517	0.068258822663	-0.573204409458	0.877820673130	26.870072659819	-225.641807610159	345.553942318665	48.840994280395	-46.884078539220	-200.626254550594	
0.212931034483	0.068123552185	-0.572934308941	0.877383319544	26.816823461596	-225.535482592758	345.381778162095	48.953757981231	-46.611409692783	-200.506623091829	
0.213793103448	0.068182800263	-0.573276997868	0.877798753049	26.840146456213	-225.670382024238	345.545313482853	48.850360487710	-46.843980706256	-200.699750020048	
0.214655172414	0.068192680637	-0.572995290703	0.877578317966	26.844035863592	-225.559488051859	345.458539254294	48.898824104850	-46.761412778353	-200.522220339647	
0.215517241379	0.068024006348	-0.573123874295	0.877446897502	26.777637261529	-225.610104958659	345.406805613380	48.938690015935	-46.638484323021	-200.661487236196	
0.216379310345	0.068242269325	-0.573173627975	0.877789225582	26.863556441260	-225.629690485174	345.541562997297	48.842648723666	-46.873368101386	-200.624594822375	
0.217241379310	0.068111808885	-0.572904230104	0.877348547549	26.812200713766	-225.523642064319	345.368090172973	48.953214222347	-46.596885182854	-200.509717649710	
0.218103448276	0.068214488969	-0.573226653890	0.877795852831	26.852620709304	-225.650564126670	345.544171812661	48.838421112534	-46.852524145401	-200.681905687119	
0.218965517241	0.068208913928	-0.572918872035	0.877527565660	26.850426095727	-225.529405857600	345.438560618530	48.898337371710	-46.738082101368	-200.496312316179	
0.219827586207	0.068032188730	-0.573076420334	0.877429558986	26.780858254692	-225.591424715870	345.399980309818	48.930027663018	-46.639860471567	-200.655534120582	
0.220689655172	0.068226878416	-0.573098613313	0.877735776162	26.857497813118	-225.600160977777	345.520522643066	48.843910782754	-46.855221975268	-200.607248894969	
0.221551724138	0.068092461173	-0.572846989794	0.877296072059	26.804584490493	-225.501109427001	345.347433206091	48.955886043458	-46.575857201340	-200.504360076801	
0.222413793103	0.068230419173	-0.573165255519	0.877798661777	26.858891631363	-225.626394669516	345.545277553569	48.827073686058	-46.861709654570	-200.662045157959	
0.223275862069	0.068223639450	-0.572850348466	0.877488005957	26.856222794727	-225.502431567712	345.422987948978	48.900065921359	-46.718759061400	-200.471572494629	
0.224137931034	0.068064913946	-0.573050197210	0.877454426856	26.793740529998	-225.581101988087	345.409769542112	48.917170852130	-46.657759260677	-200.648211223425	
0.225000000000	0.068232919552	-0.573056172009	0.877710601161	26.859875904990	-225.583453966247	345.510612508765	48.846241291174	-46.845244329705	-200.593758750435	
0.225862068966	0.068084665870	-0.572835881435	0.877259755817	26.801515871183	-225.496736623514	345.333137324380	48.964080464766	-46.556314395009	-200.511073454922	
0.226724137931	0.068260545437	-0.573154681534	0.877816335760	26.870750829245	-225.622232222415	345.552234913671	48.822250418952	-46.870541671258	-200.654095989128	
0.227586206897	0.068244368223	-0.572840388521	0.877461025946	26.864382672198	-225.498510837145	345.412367272399	48.909396830167	-46.697952289535	-200.463663020677	
0.228448275862	0.068125088313	-0.573075205582	0.877506833162	26.817428158056	-225.590946528687	345.430399274646	48.907169445082	-46.680033461916	-200.647427260109	
0.229310344828	0.068265832573	-0.573058161772	0.877720422071	26.872832109669	-225.584237236234	345.514478508126	48.848968722393	-46.844028920369	-200.584381918467	
0.230172413793	0.068085128686	-0.572873720537	0.877257206777	26.801698058580	-225.511631978840	345.332133895015	48.972918382765	-46.545552542541	-200.530951018779	
0.231034482759	0.068276666215	-0.573181968464	0.877848585175	26.877096770642	-225.632973717219	345.564929890049	48.821929594875	-46.880848119056	-200.660164626540	
0.231896551724	0.068242562552	-0.572857858813	0.877458324058	26.863671869929	-225.505388014390	345.411303675046	48.918757470093	-46.685282101022	-200.468821996173	
0.232758620690	0.068156369656	-0.573109202224	0.877581315592	26.829742052896	-225.604329300354	345.459719269083	48.895428775398	-46.710015156941	-200.653336343752	
0.233620689655	0.068285338960	-0.573054065361	0.877744417528	26.880510794973	-225.582624684707	345.523924315527	48.849428196693	-46.848186558136	-200.571266117381	
0.234482758621	0.068069846855	-0.572900034708	0.877277515813	26.795682368684	-225.521990547294	345.340128543352	48.975300239306	-46.542893264519	-200.546255827478	
0.235344827586	0.068267247256	-0.573193034387	0.877872598496	26.873388999088	-225.637329815492	345.574382729157	48.822653948930	-46.885248079166	-200.663513933204	
0.236206896552	0.068218834841	-0.572859529909	0.877454312696	26.854331461167	-225.506045840877	345.409724603015	48.927087756655	-46.669915769661	-200.472658505451	
0.237068965517	0.068168473612	-0.573128663985	0.877654831052	26.834506772702	-225.611990418967	345.488658615844	48.883290579781	-46.737465875022	-200.658273321958	
0.237931034483	0.068300654149	-0.573034011285	0.877767783055	26.886539616137	-225.574730401599	345.533122150634	48.849667496423	-46.851568298801	-200.553500167150	
0.238793103448	0.068056322618	-0.572912706802	0.877319358563	26.790358555058	-225.526978914832	345.356599934174	48.971600461338	-46.550789941971	-200.556457669562	
0.239655172414	0.068243240783	-0.573182664727	0.877892515255	26.863938855773	-225.633247800933	345.582222957757	48.823632686288	-46.887836108745	-200.661348021474	
0.240517241379	0.068166759934	-0.572842482569	0.877447542446	26.833832183901	-225.499335158744	345.407059495526	48.935228469389	-46.654220526204	-200.476167810580	
0.241379310345	0.068156805928	-0.573130461738	0.877728112397	26.829913791446	-225.612698104183	345.517505803439	48.870859912435	-46.766429810120	-200.660935261124	
0.242241379310	0.068296332496	-0.573000257581	0.877783610888	26.884838398581	-225.561443262334	345.539352774141	48.853524965827	-46.852840311536	-200.534078640387	
0.243103448276	0.068059227994	-0.572917787718	0.877376139819	26.791502255821	-225.528979016477	345.378951864523	48.966082228757	-46.566294106084	-200.557859377813	
0.243965517241	0.068223915712	-0.573157802471	0.877919746119	26.856331545088	-225.623460778577	345.592942382069	48.825531828927	-46.893211554616	-200.647154766738	
0.244827586207	0.068106837258	-0.572820590284	0.877458805863	26.810243633882	-225.490717264849	345.411493337189	48.942733201760	-46.645657868647	-200.475123058679	
0.245689655172	0.068120209353	-0.573132247576	0.877796841476	26.815507556533	-225.613401099176	345.544560992663	48.863629691716	-46.792542954101	-200.666399787515	
0.246551724138	0.068257748174	-0.572974282675	0.877792619745	26.869649687360	-225.551218245511	345.542899108976	48.859638261417	-46.849743397693	-200.523259786905	
0.247413793103	0.068047309668	-0.572931467194	0.877432487587	26.786810609282	-225.534363939535	345.401133153090	48.958861637301	-46.586827850008	-200.564987713160	
0.248275862069	0.068229675167	-0.573145067423	0.877931400122	26.858598753629	-225.618447629439	345.597529978357	48.829147574395	-46.897871265430	-200.634053506328	
0.249137931034	0.068097401017	-0.572818396018	0.877464614800	26.806529059288	-225.489853492498	345.413780024148	48.948196618414	-46.638884197774	-200.474051674090	
0.250000000000	0.068112281174	-0.573149451451	0.877827376364	26.812386630194	-225.620173401272	345.556581045565	48.862075353920	-46.806541797396	-200.675094914251	
0.250862068966	0.068236543702	-0.572957882509	0.877784473480	26.861302550961	-225.544762323361	345.539692333206	48.868160268002	-46.841748050573	-200.515781767272	
0.251724137931	0.068044768195	-0.572944818637	0.877491670424	26.785810158619	-225.539619732458	345.424430465383	48.951816906204	-46.610083418734	-200.572252307384	
0.252586206897	0.068247258892	-0.573130142335	0.877954372431	26.865520583667	-225.612572371228	345.606573023192	48.831986377163	-46.906762541070	-200.619545609775	
0.253448275862	0.068100625662	-0.572814297438	0.877495692112	26.807798439968	-225.488240087185	345.426013602334	48.949327554854	-46.642822037287	-200.473022418802	
0.254310344828	0.068116128313	-0.573157967803	0.877869975675	26.813901055979	-225.623525861327	345.573350256309	48.860391623904	-46.826608203473	-200.680994070835	
0.255172413793	0.068220698272	-0.572939974614	0.877781035970	26.855065000291	-225.537712883690	345.538339158243	48.877872255742	-46.834595937729	-200.511240964815	
0.256034482759	0.068047516063	-0.572960534671	0.877550571844	26.786891856663	-225.545806346361	345.447616998394	48.944627579517	-46.635390596628	-200.583719899035	
0.256896551724	0.068261363758	-0.573111864507	0.877973326499	26.871072961292	-225.605377307652	345.614034288635	48.833371813484	-46.914277073348	-200.606776964420	
0.257758620690	0.068112201245	-0.572811380690	0.877513475319	26.812355166260	-225.487091909902	345.433013958209	48.950141425392	-46.642135464149	-200.470359390638	
0.258620689655	0.068134260894	-0.573161874973	0.877895588707	26.821038942793	-225.625063918341	345.583432821580	48.856861977391	-46.842164554939	-200.678803971005	
0.259482758621	0.068208291802	-0.572929820648	0.877750883095	26.850181195949	-225.533715776942	345.526469484735	48.887202812337	-46.815676829980	-200.508140716866	
0.260344827586	0.068049884213	-0.572994319752	0.877568420581	26.787824078414	-225.559105837202	345.454643150362	48.940480790332	-46.647612095107	-200.602244125258	
0.261206896552	0.068272941354	-0.573116823336	0.877962560475	26.875630479871	-225.607329349980	345.609796245087	48.834398819070	-46.913230344884	-200.604332124384	
0.262068965517	0.068132805677	-0.572836713682	0.877507393210	26.820466096983	-225.497064237251	345.430619737175	48.949314022602	-46.637888944343	-200.477411406053	
0.262931034483	0.068168316330	-0.573188191162	0.877904009374	26.834444858932	-225.635423280976	345.586747615460	48.850577040089	-46.855256349867	-200.680387598331	
0.263793103448	0.068206263424	-0.572936131918	0.877715491031	26.849382725210	-225.536200207266	345.512537405100	48.891633411459	-46.797160180772	-200.507576123787	
0.264655172414	0.068045013189	-0.573042229373	0.877562361747	26.785906600847	-225.577965450524	345.452258091716	48.937601006325	-46.653495639407	-200.626394199730	
0.265517241379	0.068272497891	-0.573133041721	0.877932989535	26.875455910543	-225.613713713889	345.598155650496	48.836619847390	-46.905066355466	-200.606811500219	
0.266379310345	0.068139872415	-0.572869321135	0.877490984177	26.823247917265	-225.509900154912	345.424160324659	48.948723655916	-46.630748228393	-200.487596432648	
0.267241379310	0.068200826903	-0.573219232545	0.877905041912	26.847242639816	-225.647642715435	345.587154073860	48.844851815566	-46.865244259418	-200.680953798055	
0.268103448276	0.068211091451	-0.572948621735	0.877684673581	26.851283277125	-225.541116821268	345.500406121853	48.894035331810	-46.781041304708	-200.505277990290	
0.268965517241	0.068039081569	-0.573092577073	0.877557908963	26.783571619493	-225.597784812874	345.450505253982	48.933898387942	-46.661251463882	-200.649706857809	
0.269827586207	0.068254721151	-0.573152264009	0.877899907089	26.868458100396	-225.621280564208	345.585132751651	48.839467522963	-46.896676796627	-200.614095685541	
0.270689655172	0.068123112176	-0.572902802609	0.877462863188	26.816650252077	-225.523080131144	345.413090502743	48.950746619466	-46.621057139509	-200.504668239023	
0.271551724138	0.068223117225	-0.573239114900	0.877914504320	26.856017220928	-225.655469400950	345.590878949082	48.835739000865	-46.879939137176	-200.679382395409	
0.272413793103	0.068216884836	-0.572945240007	0.877647182878	26.853563842186	-225.539785604625	345.485647913661	48.896937440639	-46.764312104379	-200.496682704506	
0.273275862069	0.068040184813	-0.573121307872	0.877557315818	26.784005911161	-225.609094686748	345.450271762563	48.927754425666	-46.670721878025	-200.661947246061	
0.274137931034	0.068233407762	-0.573154934682	0.877859577210	26.860068088857	-225.622331874057	345.569256902630	48.843791159545	-46.884498138633	-200.616128422035	
0.275000000000	0.068094412670	-0.572919956884	0.877418675894	26.805352697155	-225.529832908178	345.395696182667	48.957130503260	-46.603974019887	-200.519748364573	
0.275862068966	0.068236826952	-0.573246496592	0.877929362319	26.861414052306	-225.658375202397	345.596727797602	48.826464658420	-46.894906383619	-200.677374414439	
0.276724137931	0.068222915820	-0.572934446568	0.877613208006	26.855937937642	-225.535536769361	345.472273711675	48.901061241060	-46.748835474888	-200.488615996783	
0.277586206897	0.068064039943	-0.573141074364	0.877584552766	26.793396478738	-225.616875762558	345.460993581786	48.916711362821	-46.691757292173	-200.667623016099	
0.278448275862	0.068222505429	-0.573143420046	0.877834449623	26.855776387246	-225.617799139748	345.559365432659	48.846621374718	-46.877532401615	-200.612878231625	
0.279310344828	0.068061686964	-0.572926855679	0.877380110767	26.792470228974	-225.532548617493	345.380515027576	48.964826712567	-46.587568596063	-200.535528671447	
0.280172413793	0.068235986613	-0.573238616533	0.877938125291	26.861083252828	-225.655273218875	345.600177339882	48.821115858332	-46.904269479199	-200.675054080162	
0.281034482759	0.068212961319	-0.572911849057	0.877572772903	26.852019350273	-225.526641263413	345.456356441199	48.909323931694	-46.727520311956	-200.481348391918	
0.281896551724	0.068095181356	-0.573146299651	0.877620587764	26.805655290244	-225.618932695539	345.475178752025	48.905311656463	-46.713688992349	-200.665708179074	
0.282758620690	0.068229006117	-0.573116861829	0.877820053494	26.858335382129	-225.607344502554	345.553698399285	48.848650440833	-46.872214746323	-200.598828261395	
0.283620689655	0.068036160735	-0.572929514757	0.877349784306	26.782421833756	-225.533595362988	345.368577021962	48.972609431379	-46.571624533018	-200.548824090375	
0.284482758621	0.068226670343	-0.573227360411	0.877937078193	26.857415905088	-225.650842248455	345.599765149870	48.820751680600	-46.907427786148	-200.674576849325	
0.285344827586	0.068190349203	-0.572892521849	0.877532925465	26.843118094994	-225.519033111823	345.440670504639	48.919503058017	-46.706185453893	-200.481011551332	
0.286206896552	0.068114802068	-0.573144428347	0.877668208135	26.813378979738	-225.618196057364	345.493924502297	48.891891741856	-46.739907273091	-200.664960267865	
0.287068965517	0.068243292142	-0.573077770130	0.877813543478	26.863959072898	-225.591956062682	345.551135732473	48.849233265422	-46.870703804078	-200.578311074449	
0.287931034483	0.068019147675	-0.572920224100	0.877342084281	26.775724645894	-225.529938097539	345.365545908564	48.974933163703	-46.564462833436	-200.555916739236	
0.288793103448	0.068213857072	-0.573203648155	0.877928607829	26.852371963411	-225.641507923327	345.596430792520	48.823248054488	-46.905024695141	-200.669909886099	
0.289655172414	0.068162313460	-0.572864987946	0.877497456931	26.832081830093	-225.508194395965	345.426708323058	48.929984228205	-46.684615458953	-200.478962476822	
0.290517241379	0.068125521150	-0.573137237891	0.877716506514	26.817598544440	-225.615365535373	345.512937149924	48.880198758478	-46.763044116021	-200.664371522107	
0.291379310345	0.068263134215	-0.573037716805	0.877813251090	26.871769901535	-225.576189078955	345.551020634201	48.850236785183	-46.870183731274	-200.556413822565	
0.292241379310	0.068022365356	-0.572917590394	0.877365458084	26.776991285505	-225.528901339612	345.374747001897	48.971468081243	-46.570512588489	-200.561887227856	
0.293103448276	0.068213800938	-0.573182757439	0.877933909602	26.852349866382	-225.633284297048	345.598517834696	48.824486847775	-46.907700457152	-200.664132046108	
0.293965517241	0.068137866250	-0.572844673046	0.877480701162	26.822458190689	-225.500197439686	345.420112417728	48.937832915805	-46.670307583761	-200.481366564218	
0.294827586207	0.068133800123	-0.573134253461	0.877769903759	26.820857560453	-225.614190715134	345.533956965206	48.869232685508	-46.787849696280	-200.667358501375	
0.295689655172	0.068268329969	-0.572997017514	0.877809368063	26.873815208792	-225.560167810561	345.549492081165	48.853660370433	-46.866965356476	-200.538665032137	
0.296551724138	0.068044691294	-0.572918788757	0.877406096958	26.785779886921	-225.529373075231	345.390744487010	48.964281570504	-46.583924408929	-200.564260607229	
0.297413793103	0.068231311530	-0.573159795433	0.877941977868	26.859242907369	-225.624245307619	345.601693905731	48.825707886794	-46.910063937914	-200.650940369862	
0.298275862069	0.068124754845	-0.572831469411	0.877472293547	26.817296888578	-225.494999831179	345.416802761725	48.944452550649	-46.656683330558	-200.483250409967	
0.299137931034	0.068141827665	-0.573143107569	0.877815746297	26.824017600832	-225.617676133214	345.552002871708	48.861983505945	-46.808195241746	-200.674994287126	
0.300000000000	0.068266392231	-0.572971735009	0.877803852102	26.873052418627	-225.550215357408	345.547320724174	48.859203235793	-46.861314362171	-200.528882212752	
0.300862068966	0.068063215105	-0.572934149709	0.877459438845	26.793071781449	-225.535419910919	345.411742510676	48.955270200774	-46.604817026068	-200.572954719552	
0.301724137931	0.068255301159	-0.573144112538	0.877954271113	26.868686420248	-225.618071738877	345.606533139403	48.826634805972	-46.914545999941	-200.637911310897	
0.302586206897	0.068118805165	-0.572823034819	0.877483714978	26.814954798026	-225.491679555578	345.421298805933	48.946358062099	-46.651823680715	-200.483548947641	
0.303448275862	0.068135834431	-0.573152809949	0.877846656053	26.821658365342	-225.621495473209	345.564170491583	48.859029559621	-46.821604094485	-200.683949113493	
0.304310344828	0.068254218499	-0.572952113008	0.877791967846	26.868260231443	-225.542491160376	345.542642489118	48.866898078252	-46.850245705570	-200.520961918449	
0.305172413793	0.068065680991	-0.572952239519	0.877507162083	26.794042477187	-225.542540961368	345.430528754243	48.947762221085	-46.623235464955	-200.583254376053	
0.306034482759	0.068272862502	-0.573133027676	0.877960968873	26.875599439901	-225.613708185268	345.609169711408	48.828989132724	-46.915321552928	-200.624706900226	
0.306896551724	0.068120496739	-0.572822431750	0.877499794276	26.815620686060	-225.491442157560	345.427628418233	48.946078592412	-46.649019623617	-200.481726721485	
0.307758620690	0.068131973444	-0.573167619776	0.877870157231	26.820138488489	-225.627325358773	345.573421725600	48.856577130515	-46.833522082210	-200.690787077814	
0.308620689655	0.068230153205	-0.572944871780	0.877766866587	26.858786932847	-225.539640652088	345.532761383285	48.876091689313	-46.834335972926	-200.519352012849	
0.309482758621	0.068055051308	-0.572977748335	0.877544286316	26.789858104367	-225.552582501925	345.445142701655	48.939686921665	-46.641049877018	-200.597951564730	
0.310344827586	0.068268075762	-0.573122813808	0.877954017370	26.873715140381	-225.609687497845	345.606433253585	48.830370503829	-46.913700993472	-200.615701579983	
0.311206896552	0.068118794719	-0.572823338042	0.877495414193	26.814950686178	-225.491798919161	345.425904199390	48.945730453154	-46.641545342503	-200.479363662244	
0.312068965517	0.068138270436	-0.573174100267	0.877877986618	26.822617298433	-225.629876403090	345.576503762473	48.851585866115	-46.843457959145	-200.687289579382	
0.312931034483	0.068202436907	-0.572936354150	0.877718244975	26.847876417719	-225.536287688911	345.513621494938	48.885231465921	-46.808728575918	-200.515290448240	
0.313793103448	0.068040307004	-0.573007819429	0.877545240183	26.784054011648	-225.564419982325	345.445518190993	48.935515768690	-46.647321345990	-200.613541633633	
0.314655172414	0.068256797919	-0.573121359773	0.877928293149	26.869275619511	-225.609115117273	345.596306918741	48.831588136420	-46.907253375294	-200.611103837629	
0.315517241379	0.068117041948	-0.572836397575	0.877475627981	26.814260707984	-225.496939801865	345.418115361004	48.945197315946	-46.632611709461	-200.482033192814	
0.316379310345	0.068156671520	-0.573187486686	0.877876003214	26.829860881524	-225.635145964106	345.575722995667	48.845234646743	-46.853922559294	-200.683506330052	
0.317241379310	0.068187877944	-0.572930046498	0.877674996823	26.842145284472	-225.533804682984	345.496596867902	48.889230878147	-46.788299752460	-200.509339505703	
0.318103448276	0.068023045297	-0.573039503634	0.877527638965	26.777258944006	-225.576892463580	345.438589475095	48.933548178133	-46.649378930629	-200.631267747547	
0.318965517241	0.068247200398	-0.573120226369	0.877890668273	26.865497557379	-225.608668953090	345.581495893386	48.834160270486	-46.897136408734	-200.607206209419	
0.319827586207	0.068115243568	-0.572852488444	0.877447090337	26.813552776008	-225.503273969486	345.406881522751	48.946245039903	-46.621342218822	-200.487055863451	
0.320689655172	0.068186465293	-0.573199797597	0.877867492822	26.841589194600	-225.639992151996	345.572372881596	48.840720644219	-46.860726239702	-200.676690930412	
0.321551724138	0.068196738083	-0.572925295705	0.877639372664	26.845633076361	-225.531934534126	345.482573424622	48.892214773305	-46.770691967514	-200.499379811145	
0.322413793103	0.068025864453	-0.573072879198	0.877519277364	26.778368704159	-225.590030748345	345.435297932267	48.930948841304	-46.655140356973	-200.646433241833	
0.323275862069	0.068240183590	-0.573125991185	0.877856064519	26.862735392149	-225.610938272000	345.567874132452	48.838635740234	-46.887655710328	-200.608405386957	
0.324137931034	0.068112946292	-0.572877757445	0.877420179246	26.812648453861	-225.513221106802	345.396287976669	48.950356201063	-46.611163677892	-200.499729310644	
0.325000000000	0.068219965300	-0.573211504457	0.877881789058	26.854776466241	-225.644600555060	345.578000592372	48.833339740608	-46.875654591095	-200.671672191685	
0.325862068966	0.068216350338	-0.572916828032	0.877610035766	26.853353437122	-225.528601236045	345.471024960063	48.896860982810	-46.755347739375	-200.487907915117	
0.326724137931	0.068044292294	-0.573095473430	0.877532760904	26.785622820346	-225.598924963539	345.440605725180	48.925289956037	-46.668165580995	-200.654163469292	
0.327586206897	0.068236301122	-0.573122757722	0.877827667425	26.861207059479	-225.609665419677	345.556695621715	48.844358072886	-46.877236672427	-200.605659741466	
0.328448275862	0.068098018185	-0.572894844146	0.877386084074	26.806772007237	-225.519947283699	345.382866418681	48.959433852952	-46.594983412667	-200.512951805747	
0.329310344828	0.068247252415	-0.573219889284	0.877907025846	26.865518033734	-225.647901240835	345.587935048988	48.826729517066	-46.890910615997	-200.667169475789	
0.330172413793	0.068231483033	-0.572908403698	0.877586829011	26.859310419401	-225.525284998761	345.461889625366	48.903610739286	-46.740505393218	-200.478557819589	
0.331034482759	0.068078013647	-0.573118085424	0.877571290523	26.798897224585	-225.607826170387	345.455772902511	48.916571901484	-46.690300533753	-200.658067644233	
0.331896551724	0.068235880260	-0.573115958375	0.877818972923	26.861041387292	-225.606988857952	345.553273032364	48.848066671850	-46.874098377830	-200.600649396558	
0.332758620690	0.068069800382	-0.572909639580	0.877364103526	26.795664074447	-225.525771503322	345.374213780081	48.967987625913	-46.582562841562	-200.529745325089	
0.333620689655	0.068249755482	-0.573219882024	0.877931762637	26.866503365641	-225.647898382848	345.597672682273	48.822554998997	-46.903967342926	-200.665493280407	
0.334482758621	0.068221181536	-0.572891550930	0.877563945415	26.855255237024	-225.518650909693	345.452881502056	48.912352876886	-46.724157160365	-200.472019521351	
0.335344827586	0.068108251878	-0.573129904217	0.877624462165	26.810800498719	-225.612478636156	345.476703909214	48.905640353591	-46.716742500251	-200.656706235567	
0.336206896552	0.068242085769	-0.573095746505	0.877821555654	26.863484184552	-225.599032459388	345.554289723911	48.850377053610	-46.873261373478	-200.586198355550	
0.337068965517	0.068041339406	-0.572918992673	0.877357097610	26.784460416824	-225.529453346754	345.371455902536	48.974332563179	-46.573888504035	-200.543360152751	
0.337931034483	0.068234116906	-0.573217011736	0.877948968537	26.860347243243	-225.646768494475	345.604445781523	48.822352604795	-46.911612744590	-200.666916350802	
0.338793103448	0.068193883116	-0.572880491790	0.877545793020	26.844509219336	-225.514297481421	345.445735815358	48.921975902137	-46.709236679314	-200.473298061086	
0.339655172414	0.068122880444	-0.573140343097	0.877695752980	26.816559030781	-225.616587899332	345.504767525173	48.891594611759	-46.750735958101	-200.659432172264	
0.340517241379	0.068252043772	-0.573070417828	0.877836197227	26.867404150767	-225.589061830395	345.560053376623	48.850670811696	-46.878542703254	-200.569376904174	
0.341379310345	0.068019514920	-0.572922541470	0.877373785737	26.775869212014	-225.530850330119	345.378025180703	48.975030282324	-46.575407188953	-200.553655916522	
0.342241379310	0.068212568342	-0.573203984852	0.877959244158	26.851864655158	-225.641640464062	345.608490777721	48.824198526346	-46.915683306711	-200.665703835071	
0.343103448276	0.068155311706	-0.572863599084	0.877523965108	26.829325591131	-225.507647670663	345.437143261922	48.932504753817	-46.691837381068	-200.475263881205	
0.343965517241	0.068125505249	-0.573145729229	0.877762303775	26.817592284998	-225.618708148997	345.530965233095	48.878385559836	-46.780990642211	-200.662883317947	
0.344827586207	0.068259706168	-0.573042199530	0.877844783404	26.870420451273	-225.577953702552	345.563433323346	48.852139669461	-46.881041407188	-200.552214435153	
0.345689655172	0.068016915809	-0.572930254725	0.877404220761	26.774846072145	-225.533886651383	345.390005922039	48.971452383832	-46.584089647304	-200.561874023941	
0.346551724138	0.068203658208	-0.573193307810	0.877965999187	26.848357182334	-225.637437448742	345.611149893433	48.825994878392	-46.919371593048	-200.663038682791	
0.347413793103	0.068120941428	-0.572857748079	0.877508104818	26.815795737636	-225.505344423953	345.430899861674	48.940204610855	-46.679060980073	-200.483309667496	
0.348275862069	0.068121352747	-0.573155262873	0.877813167073	26.815957653447	-225.622461066458	345.550987560790	48.867054845616	-46.806372853080	-200.671683065935	
0.349137931034	0.068251298518	-0.573014665857	0.877837468662	26.867110781428	-225.567115077423	345.560553876805	48.854738409136	-46.878526941266	-200.540954698574	
0.350000000000	0.068027508307	-0.572940545570	0.877438457957	26.779015807095	-225.537937640673	345.403483388051	48.963043654611	-46.598098053945	-200.569100366645	
0.350862068966	0.068211869049	-0.573176836588	0.877962155671	26.851589378490	-225.630953555224	345.609636894226	48.826146748486	-46.920435387554	-200.653140139766	
0.351724137931	0.068099909073	-0.572853264737	0.877484322954	26.807516355108	-225.503579557188	345.421538135296	48.945682018448	-46.662964828001	-200.488865362253	
0.352586206897	0.068116651444	-0.573169798553	0.877829106522	26.814106986393	-225.628183033973	345.557262122027	48.861139629200	-46.817897225834	-200.683081465711	
0.353448275862	0.068240378246	-0.572996513515	0.877804665185	26.862812018662	-225.559969411429	345.547640794046	48.860040926996	-46.865605756285	-200.535346528264	
0.354310344828	0.068042900799	-0.572962941298	0.877464719120	26.785075058770	-225.546753714693	345.413821089686	48.952797847139	-46.612720422821	-200.581609905346	
0.355172413793	0.068237518081	-0.573168891021	0.877945769144	26.861686115143	-225.627825784051	345.603186341166	48.825566842108	-46.918945618803	-200.643628874189	
0.356034482759	0.068095594557	-0.572852424665	0.877465255822	26.805817946548	-225.503248863003	345.414032362379	48.945524026708	-46.651506114350	-200.493544269021	
0.356896551724	0.068114713179	-0.573183384189	0.877820046643	26.813343988508	-225.633531017020	345.553695702062	48.857743476260	-46.821304896541	-200.694529444964	
0.357758620690	0.068231163567	-0.572977030526	0.877750487359	26.859184661846	-225.552299936497	345.526313703181	48.867070995988	-46.843583089967	-200.529683005495	
0.358620689655	0.068051062528	-0.572983607609	0.877469597708	26.788287921902	-225.554889003896	345.415741545121	48.944522647564	-46.620365891269	-200.595391632800	
0.359482758621	0.068266701146	-0.573157216023	0.877910827048	26.873174023056	-225.623229923432	345.589431391606	48.826719282238	-46.908707779212	-200.631370519282	
0.360344827586	0.068111933320	-0.572851112866	0.877440746385	26.812249697789	-225.502732473640	345.404384227301	48.944328133461	-46.637902798588	-200.492860025261	
0.361206896552	0.068129432043	-0.573194036217	0.877806112371	26.819138066467	-225.637724185840	345.548210478702	48.854012421922	-46.823394823185	-200.700282146241	
0.362068965517	0.068224005595	-0.572963205881	0.877689576880	26.856366927369	-225.546857867605	345.502336304583	48.875340488360	-46.817319894760	-200.527304956807	
0.362931034483	0.068056686192	-0.573005229966	0.877471708218	26.790501676280	-225.563400640974	345.416572346866	48.937001174789	-46.628713536034	-200.611188196163	
0.363793103448	0.068278600084	-0.573141402203	0.877876040333	26.877858037611	-225.617004816332	345.575737607720	48.828034496132	-46.898536267301	-200.622782559202	
0.364655172414	0.068133167194	-0.572844196234	0.877418069476	26.820608408064	-225.500009742614	345.395457466284	48.943218212126	-46.625615549936	-200.488810960933	
0.365517241379	0.068156260526	-0.573188290384	0.877802345504	26.829699093848	-225.635462339728	345.546727652091	48.848181542450	-46.829938958498	-200.694065127459	
0.366379310345	0.068217335754	-0.572939753300	0.877632508367	26.853741345805	-225.537625763424	345.479871295260	48.884513204099	-46.787618526471	-200.519115269820	
0.367241379310	0.068058048868	-0.573020444035	0.877468232445	26.791038093388	-225.569389656173	345.415204109611	48.933637162061	-46.632309612122	-200.623510219974	
0.368103448276	0.068279333062	-0.573123097628	0.877847693250	26.878146574261	-225.609799223827	345.564578783751	48.831505239278	-46.887724437065	-200.614496792119	
0.368965517241	0.068144550496	-0.572837711118	0.877404960668	26.825089442817	-225.497456877782	345.390297186555	48.943902138392	-46.615904514838	-200.485827685927	
0.369827586207	0.068191078832	-0.573183901794	0.877814626097	26.843405313557	-225.633734772281	345.551561905141	48.842839512459	-46.841619786853	-200.684101141460	
0.370689655172	0.068214839323	-0.572917673211	0.877607247396	26.852758626315	-225.528933940645	345.469927318854	48.889888137197	-46.769638754343	-200.508611966375	
0.371551724138	0.068049030866	-0.573033566409	0.877476685519	26.787488158598	-225.574555276080	345.418531660680	48.931641239414	-46.639820202241	-200.635632913663	
0.372413793103	0.068268270821	-0.573104037988	0.877835182874	26.873791925440	-225.602296400118	345.559654076747	48.835070187435	-46.882305491210	-200.606964261444	
0.373275862069	0.068136649222	-0.572832282677	0.877400897827	26.821979107947	-225.495319972937	345.388697849802	48.946414207280	-46.608664641344	-200.486004670039	
0.374137931034	0.068217569879	-0.573175389343	0.877836826195	26.853833509289	-225.630383847523	345.560300969633	48.838566902556	-46.854565619745	-200.670992628589	
0.375000000000	0.068221627615	-0.572895263866	0.877601015459	26.855430835962	-225.520112506147	345.467474118137	48.893830767695	-46.757749218098	-200.492026679811	
0.375862068966	0.068045318289	-0.573048170435	0.877497906101	26.786026703256	-225.580304148228	345.426885138753	48.929782279545	-46.650338692746	-200.643463168902	
0.376724137931	0.068250615808	-0.573094407598	0.877831518821	26.866842032882	-225.598505398785	345.558211722814	48.839895320160	-46.879091016221	-200.602958366943	
0.377586206897	0.068120446493	-0.572844104467	0.877399663942	26.815600906529	-225.499973618683	345.388212131112	48.951944980876	-46.602552220438	-200.494588198345	
0.378448275862	0.068234994155	-0.573177624528	0.877880839042	26.860692572186	-225.631263727406	345.577626618707	48.831445978870	-46.876321497457	-200.663612182944	
0.379310344828	0.068227449687	-0.572880955398	0.877602365203	26.857722693795	-225.514479980718	345.468005444451	48.898227014372	-46.750084447381	-200.478808905204	
0.380172413793	0.068055570507	-0.573064209910	0.877544010935	26.790062487029	-225.586618084436	345.445034297820	48.922950339447	-46.672006441947	-200.646813622468	
0.381034482759	0.068235820886	-0.573085483471	0.877832193613	26.861018014626	-225.594992417906	345.558477354761	48.845078030449	-46.876700696945	-200.597144793477	
0.381896551724	0.068092983546	-0.572860909562	0.877391705121	26.804790122765	-225.506588941163	345.385079143039	48.960961094780	-46.592965629936	-200.507330971930	
0.382758620690	0.068247771200	-0.573185213887	0.877927468687	26.865722253241	-225.634251277383	345.595982369390	48.825403647542	-46.896456244859	-200.658400936976	
0.383620689655	0.068230620729	-0.572874884848	0.877603750627	26.858970973695	-225.512090309507	345.468550816173	48.904594858745	-46.741733195975	-200.469579873555	
0.384482758621	0.068084287905	-0.573091628021	0.877607947886	26.801367085251	-225.597411218791	345.470203066695	48.913517397195	-46.701225008418	-200.650376838516	
0.385344827586	0.068236633236	-0.573084311117	0.877848709212	26.861337796074	-225.594530920896	345.564978717034	48.847860769689	-46.880990540634	-200.591100161051	
0.386206896552	0.068067026895	-0.572887574223	0.877395666150	26.794572291676	-225.517085479836	345.386638401384	48.968617926333	-46.588903666070	-200.525868698363	
0.387068965517	0.068248612574	-0.573197992453	0.877971228028	26.866053460185	-225.639281557215	345.613208225694	48.821614061412	-46.914921320279	-200.660113337792	
0.387931034483	0.068220375520	-0.572872462909	0.877602145906	26.854937948999	-225.511136913710	345.467919118238	48.912805988067	-46.732231338334	-200.467289262648	
0.388793103448	0.068114522889	-0.573115107591	0.877677577275	26.813269080970	-225.606653947179	345.497612662184	48.902681700695	-46.732594186352	-200.652355743790	
0.389655172414	0.068252117627	-0.573075560437	0.877867607566	26.867433223669	-225.591086217462	345.572418050378	48.849815155085	-46.885081920035	-200.577655089699	
0.390517241379	0.068048454911	-0.572911159118	0.877404884953	26.787261433927	-225.526369669219	345.390267381460	48.974298693370	-46.585395003353	-200.541797475909	
0.391379310345	0.068243853247	-0.573210012233	0.877995569558	26.864179952147	-225.644013141535	345.622790264538	48.822762333967	-46.923405530266	-200.663783439140	
0.392241379310	0.068202850205	-0.572875210162	0.877589653587	26.848039112169	-225.512218369367	345.463001519212	48.923355504065	-46.718340312477	-200.471020224010	
0.393103448276	0.068138444844	-0.573141213907	0.877750706243	26.822685954001	-225.616930693689	345.526399866982	48.890013357773	-46.765979537183	-200.658707714977	
0.393965517241	0.068274694753	-0.573067851610	0.877883195868	26.876320704830	-225.588051639074	345.578554382580	48.850966815214	-46.890233420119	-200.564709698111	
0.394827586207	0.068038417985	-0.572930738871	0.877424010243	26.783310399901	-225.534077235209	345.397796048076	48.974640691226	-46.588107070341	-200.555588216779	
0.395689655172	0.068233196067	-0.573211094094	0.878001300805	26.859984755108	-225.644439015924	345.625046368748	48.825359578096	-46.925611667432	-200.665507837965	
0.396551724138	0.068172470870	-0.572870091293	0.877560810161	26.836080292885	-225.510203327541	345.451647310148	48.934353591592	-46.698711892327	-200.476005174400	
0.397413793103	0.068149145694	-0.573157410992	0.877804805823	26.826898341668	-225.623306672820	345.547696156424	48.877967873256	-46.791456105458	-200.664313768018	
0.398275862069	0.068285881034	-0.573049902268	0.877873658586	26.880724182415	-225.580985883875	345.574800033605	48.854389883977	-46.885727824634	-200.550361794124	
0.399137931034	0.068046006728	-0.572947806925	0.877440414820	26.786297707047	-225.540796071380	345.404253706753	48.971301196885	-46.591732036912	-200.564443231794	
0.400000000000	0.068230931587	-0.573207126916	0.877989408202	26.859093342916	-225.642877337166	345.620364848069	48.828244999857	-46.921914359586	-200.663171172129	
0.400862068966	0.068143447677	-0.572869222664	0.877525151586	26.824655318170	-225.509861391850	345.437610318786	48.943106825917	-46.677895830441	-200.484050638017	
0.401724137931	0.068147478920	-0.573174240351	0.877836346807	26.826242216166	-225.629931546996	345.560112258617	48.867666050914	-46.810486330071	-200.675110680370	
0.402586206897	0.068275374861	-0.573027875709	0.877845026551	26.876588429510	-225.572315133187	345.563529038223	48.858223580020	-46.875471509802	-200.541217702703	
0.403448275862	0.068055769643	-0.572958999016	0.877453394780	26.790140876660	-225.545201835927	345.409363265569	48.963936224604	-46.597988201142	-200.571077416051	
0.404310344828	0.068239619662	-0.573189725535	0.877964946228	26.862513401918	-225.636027286649	345.610735396387	48.829548443957	-46.915674263492	-200.651900357492	
0.405172413793	0.068122069438	-0.572864478642	0.877484438631	26.816239778695	-225.507993908593	345.421583671609	48.949030439526	-46.655502662655	-200.488798646567	
0.406034482759	0.068137580070	-0.573184728018	0.877833213871	26.822345535828	-225.634060014921	345.558878979114	48.863049470118	-46.814725823616	-200.684877708247	
0.406896551724	0.068258471466	-0.573007045769	0.877796950505	26.869934411031	-225.564115431364	345.544603911852	48.864548622280	-46.856164182035	-200.534642279486	
0.407758620690	0.068062877066	-0.572976745607	0.877466707869	26.792938712495	-225.552187778083	345.414603960429	48.954404062916	-46.607879590883	-200.582375834030	
0.408620689655	0.068259332838	-0.573176973678	0.877939068323	26.870273489936	-225.631007520753	345.600548564245	48.829395043933	-46.910538685428	-200.640657267119	
0.409482758621	0.068114493768	-0.572862449289	0.877461364083	26.813257617312	-225.507195054105	345.412500380158	48.948791840160	-46.642692009389	-200.492481744003	
0.410344827586	0.068129765215	-0.573195494416	0.877819156458	26.819269219662	-225.638298205725	345.553345280969	48.860312967006	-46.815875150567	-200.695391554372	
0.411206896552	0.068239215223	-0.572985964787	0.877742420943	26.862354194871	-225.555816906637	345.523138360157	48.871818014118	-46.833451003883	-200.529633187243	
0.412068965517	0.068060758242	-0.572993600634	0.877474230290	26.792104637784	-225.558822756562	345.417565160161	48.945914662664	-46.616402894792	-200.596056773240	
0.412931034483	0.068277430910	-0.573160851660	0.877910326713	26.877397792608	-225.624661091067	345.589234434857	48.829668277056	-46.902544601431	-200.627774863118	
0.413793103448	0.068122455471	-0.572861125055	0.877443101235	26.816391740499	-225.506673769659	345.405311213563	48.947412171482	-46.630954853380	-200.492177883317	
0.414655172414	0.068139862842	-0.573205400309	0.877811095439	26.823244148554	-225.642197658541	345.550172062254	48.856937154794	-46.819061790175	-200.699513886169	
0.415517241379	0.068225328088	-0.572973190260	0.877690193352	26.856887526800	-225.550788216641	345.502578978711	48.880245044736	-46.808694009864	-200.527360527757	
0.416379310345	0.068059353484	-0.573022402982	0.877485759586	26.791551655000	-225.570160795295	345.422103665294	48.938860601300	-46.627485038643	-200.615151262819	
0.417241379310	0.068281698526	-0.573154291338	0.877890399324	26.879077739084	-225.622078621660	345.581390021918	48.830220923489	-46.897493935896	-200.623386117633	
0.418103448276	0.068134091280	-0.572863911725	0.877434624563	26.820972174199	-225.507770741759	345.401974373097	48.945708302226	-46.623815796808	-200.493138168024	
0.418965517241	0.068162416626	-0.573210217793	0.877826039705	26.832122441651	-225.644094059999	345.556054870023	48.849427254263	-46.832927180118	-200.697071328341	
0.419827586207	0.068213936818	-0.572957832039	0.877653039822	26.852403355523	-225.544742455677	345.487953498474	48.887098305938	-46.786427254198	-200.522400190003	
0.420689655172	0.068054100359	-0.573048823862	0.877494056984	26.789483763249	-225.580561369648	345.425369934408	48.935652465680	-46.635097783246	-200.632429686511	
0.421551724138	0.068276560260	-0.573148725353	0.877874749619	26.877055061398	-225.619887572752	345.575229518569	48.833446441770	-46.890471553195	-200.620422427824	
0.422413793103	0.068139887361	-0.572870472791	0.877437268187	26.823253800593	-225.510353504380	345.403015035227	48.945285976807	-46.619585404621	-200.495790791295	
0.423275862069	0.068191492997	-0.573217210238	0.877853260345	26.843568349242	-225.646846634916	345.566770269896	48.843002972839	-46.849315362593	-200.692330649038	
0.424137931034	0.068210029923	-0.572946145039	0.877643237718	26.850865406869	-225.540141870557	345.484094902108	48.891216926625	-46.773511523506	-200.516033089275	
0.425000000000	0.068044277642	-0.573075274513	0.877519912120	26.785617052796	-225.590973663434	345.435547803777	48.932188397448	-46.649229065433	-200.650425521375	
0.425862068966	0.068259885050	-0.573141185153	0.877874072393	26.870490868053	-225.616919374672	345.574962928682	48.837087714622	-46.888287974260	-200.619477084365	
0.426724137931	0.068128307702	-0.572873339488	0.877445900765	26.818695469975	-225.511481978924	345.406413247889	48.947601469275	-46.616404229246	-200.500928783871	
0.427586206897	0.068215096595	-0.573212805721	0.877893119771	26.852859901426	-225.645112797668	345.582460925330	48.837082678495	-46.868046638000	-200.682602123799	
0.428448275862	0.068215072762	-0.572927089089	0.877648429959	26.852850519334	-225.532640499099	345.486138826745	48.895165782410	-46.764975911472	-200.502465496082	
0.429310344828	0.068037342540	-0.573087847664	0.877557194452	26.782887051078	-225.595923082062	345.450223986628	48.928920203943	-46.664541679189	-200.659138196504	
0.430172413793	0.068237228847	-0.573128295947	0.877882629526	26.861572258302	-225.611845541113	345.578331442408	48.841792979016	-46.887877627381	-200.616671676984	
0.431034482759	0.068104932638	-0.572877866100	0.877453663474	26.809493880502	-225.513263878936	345.409469036957	48.953696471808	-46.612189611151	-200.510017389738	
0.431896551724	0.068226958169	-0.573207279834	0.877947288499	26.857529207733	-225.642937533170	345.603784434873	48.830294100423	-46.891655948354	-200.675585207076	
0.432758620690	0.068216885547	-0.572904161223	0.877659122690	26.853564122094	-225.523614949221	345.490348018578	48.899888415943	-46.759909496530	-200.489016418810	
0.433620689655	0.068045960492	-0.573090620679	0.877616748114	26.786279506415	-225.597014678697	345.473667274507	48.920669801582	-46.690490645548	-200.659675526164	
0.434482758621	0.068216143367	-0.573102859908	0.877893273439	26.853271963037	-225.601832648836	345.582521416727	48.845925826435	-46.888727380208	-200.608144901238	
0.435344827586	0.068068725119	-0.572872587502	0.877447808489	26.795240797286	-225.511185959973	345.407164223250	48.962865357653	-46.602206628482	-200.518537067533	
0.436206896552	0.068229419263	-0.573190491699	0.877992906903	26.858498016984	-225.636328886864	345.621742110767	48.824459441600	-46.911092434053	-200.665482728114	
0.437068965517	0.068209871523	-0.572874770208	0.877654853423	26.850803052786	-225.512045181539	345.488667422426	48.906954735926	-46.748841537788	-200.475157095590	
0.437931034483	0.068070613540	-0.573090523642	0.877672555579	26.795984173823	-225.596976480047	345.495635872531	48.911403050553	-46.716094534534	-200.654550574039	
0.438793103448	0.068214996752	-0.573072625991	0.877900701048	26.852820597992	-225.589931073288	345.585445293566	48.848185554746	-46.890227516656	-200.592486161268	
0.439655172414	0.068038886414	-0.572874269184	0.877438322529	26.783494796686	-225.511847953801	345.403430076833	48.970227539332	-46.593767967582	-200.530231298289	
0.440517241379	0.068223458968	-0.573178098371	0.878016256659	26.856151747763	-225.631450255893	345.630933737826	48.821219308560	-46.923568804207	-200.660751439649	
0.441379310345	0.068193699591	-0.572847918555	0.877634893417	26.844436974609	-225.501475033563	345.480810169622	48.914169315811	-46.734937949159	-200.466483990686	
0.442241379310	0.068095421176	-0.573088671118	0.877719923547	26.805749695234	-225.596247234399	345.514282264208	48.899629679272	-46.741901623904	-200.649412786018	
0.443103448276	0.068230143492	-0.573037626344	0.877891897447	26.858783109371	-225.576153468792	345.581979757565	48.849559741698	-46.887440575934	-200.570083223448	
0.443965517241	0.068023977910	-0.572875761248	0.877422866925	26.777626066871	-225.512435304238	345.397345981298	48.974016626596	-46.584816804582	-200.537258555222	
0.444827586207	0.068218063726	-0.573169949977	0.878005167292	26.854027912073	-225.628242641897	345.626568410686	48.822616945386	-46.922008831990	-200.657029019569	
0.445689655172	0.068177122239	-0.572834383306	0.877589855109	26.837911303337	-225.496146885373	345.463080848413	48.923915043688	-46.712446092472	-200.463885897201	
0.446551724138	0.068119168545	-0.573101056099	0.877756301639	26.815097842498	-225.601122579833	345.528602493339	48.886932649883	-46.765150692378	-200.650539022528	
0.447413793103	0.068259572502	-0.573018777189	0.877873610728	26.870367833615	-225.568733502625	345.574781194139	48.849881919217	-46.883913732941	-200.550935051614	
0.448275862069	0.068023466377	-0.572892176021	0.877412720143	26.777424702199	-225.518896976705	345.393351702156	48.972697431070	-46.581684722459	-200.547490425343	
0.449137931034	0.068219088131	-0.573170485839	0.877978709744	26.854431168628	-225.628453584116	345.616153401952	48.824439025176	-46.916332471332	-200.654850104870	
0.450000000000	0.068155147256	-0.572830824629	0.877530597302	26.829260855356	-225.494746012869	345.439754023809	48.934016155458	-46.686059543209	-200.466599975166	
0.450862068966	0.068136984438	-0.573121849925	0.877779404486	26.822111065481	-225.609308065556	345.537696924806	48.874613442338	-46.783333835798	-200.655254224468	
0.451724137931	0.068277989379	-0.573009743381	0.877833850251	26.877617633845	-225.565177345705	345.559129490054	48.853268049464	-46.872109245256	-200.537001622188	
0.452586206897	0.068042839521	-0.572921013518	0.877405456261	26.785050936482	-225.530248852049	345.390492276733	48.968272631179	-46.580816881363	-200.556101378738	
0.453448275862	0.068231246036	-0.573180091086	0.877944500097	26.859217125611	-225.632234687566	345.602686780927	48.826943990734	-46.907872371911	-200.652027685714	
0.454310344828	0.068140295859	-0.572847721662	0.877476529473	26.823414605605	-225.501397526543	345.418470233218	48.942257734207	-46.661563394159	-200.476193457575	
0.455172413793	0.068147605093	-0.573161338098	0.877791542994	26.826291884396	-225.624852577532	345.542475246012	48.865392939521	-46.797837612808	-200.669737111282	
0.456034482759	0.068277010608	-0.573013101482	0.877791232162	26.877232340771	-225.566499261449	345.542352887134	48.857688864402	-46.859486177194	-200.533356570316	
0.456896551724	0.068062105237	-0.572958286712	0.877412404978	26.792634882295	-225.544921437722	345.393227637752	48.960127385870	-46.588091071720	-200.568426650679	
0.457758620690	0.068247384846	-0.573187974977	0.877913242297	26.865570165355	-225.635338179775	345.590382153955	48.828496624887	-46.901273386721	-200.646360955983	
0.458620689655	0.068128325439	-0.572864656336	0.877436512719	26.818702452196	-225.508063857886	345.402717645298	48.947277841549	-46.641275841244	-200.484394251278	
0.459482758621	0.068143839243	-0.573195818118	0.877786987427	26.824809458191	-225.638425630890	345.540681947959	48.861637434755	-46.802976427386	-200.684980805445	
0.460344827586	0.068265951223	-0.573017480006	0.877744779700	26.872878816224	-225.568222866836	345.524066884310	48.865106041489	-46.840987656645	-200.532394192855	
0.461206896552	0.068072221932	-0.572997425654	0.877428566983	26.796617317035	-225.560328474747	345.399589807831	48.952093572804	-46.598936029689	-200.584140434062	
0.462068965517	0.068269429415	-0.573195368154	0.877895332638	26.874248005531	-225.638248502728	345.583332019812	48.829308079016	-46.898830908309	-200.639632197023	
0.462931034483	0.068122522667	-0.572883026869	0.877423958758	26.816418191913	-225.515295414875	345.397775781122	48.948043236395	-46.631719571716	-200.493286615312	
0.463793103448	0.068137816100	-0.573223846146	0.877790439704	26.822438448957	-225.649458858603	345.542040936180	48.858935317214	-46.810976273630	-200.699445474900	
0.464655172414	0.068242999197	-0.573012895144	0.877707470103	26.863843755266	-225.566418036653	345.509379968402	48.873351549728	-46.823376378660	-200.533024546340	
0.465517241379	0.068065740488	-0.573025706136	0.877456101861	26.794065898016	-225.571461081296	345.410428907398	48.944385549921	-46.614109414850	-200.601691523470	
0.466379310345	0.068279100377	-0.573185878805	0.877888362339	26.878054978056	-225.634513022235	345.580588162867	48.830410772846	-46.897816190242	-200.630106090273	
0.467241379310	0.068125965692	-0.572887305453	0.877427724832	26.817773538102	-225.516979678353	345.399258295152	48.947805394965	-46.626630706877	-200.494903321553	
0.468103448276	0.068143101158	-0.573232271573	0.877806302159	26.824518911185	-225.652775526638	345.548285188783	48.856201632460	-46.821229365638	-200.702457690404	
0.468965517241	0.068219708936	-0.572998649781	0.877681676091	26.854675548539	-225.560810352063	345.499226160654	48.882449170521	-46.805555360531	-200.531400540828	
0.469827586207	0.068055040946	-0.573049520772	0.877492150656	26.789854025326	-225.580835708328	345.424619508854	48.938746035312	-46.631831344389	-200.620824774762	
0.470689655172	0.068275439391	-0.573171864258	0.877898456478	26.876613831725	-225.628996198231	345.584561718950	48.831135496876	-46.901802405571	-200.624923022902	
0.471551724138	0.068128613411	-0.572883582416	0.877446855769	26.818815812186	-225.515514105868	345.406789185252	48.947152591360	-46.628206738575	-200.496212524537	
0.472413793103	0.068158390306	-0.573225767457	0.877845654430	26.830537481292	-225.650215182504	345.563776202660	48.849935751990	-46.841750920028	-200.697833477006	
0.473275862069	0.068200391574	-0.572967904983	0.877672521305	26.847071272395	-225.548707668345	345.495622380602	48.889236038848	-46.791721065912	-200.523156018988	
0.474137931034	0.068039032604	-0.573059206821	0.877521180323	26.783552344613	-225.584648619578	345.436047031670	48.936833173980	-46.645420410771	-200.635937044248	
0.475000000000	0.068264455499	-0.573148979220	0.877905501509	26.872290024713	-225.619987507419	345.587334993943	48.834503873694	-46.901572489191	-200.618210212826	
0.475862068966	0.068125056285	-0.572872413952	0.877467572604	26.817415550176	-225.511117642042	345.414944363399	48.947414631896	-46.629048365208	-200.496166202045	
0.476724137931	0.068183271941	-0.573214581076	0.877887802603	26.840332132216	-225.645811665656	345.580367822946	48.844307442620	-46.862441732564	-200.688847335781	
0.477586206897	0.068195949788	-0.572936741851	0.877677304555	26.845322764199	-225.536440307316	345.497505306005	48.892894191377	-46.783703968502	-200.511482840343	
0.478448275862	0.068029565315	-0.573070056713	0.877555645777	26.779825547871	-225.588919677639	345.449614351138	48.933722635807	-46.662525089191	-200.650151021202	
0.479310344828	0.068244961566	-0.573128810045	0.877907964328	26.864616241435	-225.612047915529	345.588304482473	48.838753636513	-46.900673669356	-200.615916546531	
0.480172413793	0.068110514071	-0.572865192395	0.877478010224	26.811691010428	-225.508274877189	345.419053130368	48.949526765771	-46.627741525194	-200.501468138330	
0.481034482759	0.068205805525	-0.573198571224	0.877930524778	26.849202473363	-225.639509390448	345.597185399021	48.836398880733	-46.883854365369	-200.677920090521	
0.481896551724	0.068202731820	-0.572904226154	0.877674667830	26.847992510167	-225.523640509209	345.496467360064	48.896130973736	-46.774367038548	-200.495309042735	
0.482758620690	0.068028274351	-0.573073685097	0.877583580412	26.779317360300	-225.590347990012	345.460610814940	48.928964322380	-46.676907293855	-200.656748054528	
0.483620689655	0.068225715258	-0.573110250900	0.877896732326	26.857039935832	-225.604742111717	345.583883006980	48.843519958939	-46.894665961963	-200.612429412475	
0.484482758621	0.068093021641	-0.572866191528	0.877463097492	26.804805118851	-225.508668185993	345.413182736412	48.955343495886	-46.617476554417	-200.509944885025	
0.485344827586	0.068223562627	-0.573192835188	0.877962321353	26.856192553329	-225.637251400917	345.609702114788	48.828397546262	-46.901486949423	-200.671914752395	
0.486206896552	0.068214595532	-0.572885492510	0.877657709867	26.852662658168	-225.516266013794	345.489791860894	48.900252089462	-46.762075292168	-200.483588300462	
0.487068965517	0.068048170403	-0.573084754360	0.877620982584	26.787149437452	-225.594705403618	345.475334173037	48.917967677555	-46.699003223725	-200.660076743293	
0.487931034483	0.068213534554	-0.573092978865	0.877878061624	26.852245004032	-225.597942978315	345.576533288444	48.846175334766	-46.888277944216	-200.606864552487	
0.488793103448	0.068063792916	-0.572869050445	0.877425789422	26.793299236681	-225.509793598003	345.398496421536	48.963052985393	-46.599795807325	-200.521685291166	
0.489655172414	0.068231715861	-0.573187039274	0.877972529568	26.859402072421	-225.634969840706	345.613720576687	48.822110990411	-46.910953153203	-200.666359241692	
0.490517241379	0.068212146891	-0.572870636934	0.877616569125	26.851698750969	-225.510418119250	345.473596815458	48.907332229262	-46.740567719676	-200.475579044214	
0.491379310345	0.068084143925	-0.573097181020	0.877648282646	26.801310407509	-225.599597155806	345.486080837245	48.906373908269	-46.717153687464	-200.657496797818	
0.492241379310	0.068222288060	-0.573077477183	0.877858203962	26.855690820175	-225.591840744025	345.568716323701	48.846341797686	-46.882495615359	-200.594803934570	
0.493103448276	0.068040929609	-0.572884962625	0.877386737902	26.784299100225	-225.516057424500	345.383123798243	48.969434133582	-46.582278214778	-200.537613982203	
0.493965517241	0.068230470729	-0.573190078268	0.877966991982	26.858911926265	-225.636166139905	345.611540707124	48.818593006665	-46.914786941633	-200.666899880412	
0.494827586207	0.068199857013	-0.572863239962	0.877571249330	26.846860842624	-225.507506302427	345.455756686903	48.914329140007	-46.719149872950	-200.474076904089	
0.495689655172	0.068111783688	-0.573109797380	0.877674518530	26.812190794998	-225.604563583406	345.496408588105	48.893854220595	-46.736009552419	-200.657071107873	
0.496551724138	0.068242967672	-0.573054696920	0.877833317089	26.863831345605	-225.582873297791	345.558919610597	48.846641554134	-46.875278856846	-200.575635697930	
0.497413793103	0.068029579316	-0.572896611725	0.877358122675	26.779831059635	-225.520643090837	345.371859419251	48.972194439980	-46.568587892459	-200.547711209981	
0.498275862069	0.068224973111	-0.573189453360	0.877941984332	26.856747789856	-225.635920145193	345.601696450401	48.820251115188	-46.907992002472	-200.665620470270	
0.499137931034	0.068180747210	-0.572855148571	0.877518886273	26.839338272230	-225.504321127921	345.435143979446	48.923782434096	-46.693131791527	-200.473623698985	
0.500000000000	0.068131570680	-0.573124976209	0.877703470565	26.819979940627	-225.610538726831	345.507805550995	48.882177032256	-46.754658398133	-200.659519209441	
0.500862068966	0.068269090190	-0.573034809503	0.877811267223	26.874114469756	-225.575044619800	345.550239685337	48.848007576985	-46.868755910390	-200.556354808826	
