dbx_v3_0_5_0										
Time	Cx	Cy	Cz	Fx	Fy	Fz	Mx	My	Mz	
0.000000000000	0.000000000000	0.000000000000	0.000000000000	0.000000000000	0.000000000000	0.000000000000	0.000000000000	0.000000000000	0.000000000000	
0.000862068966	1.834754842569	-0.107194429182	-0.912251029072	722.252485423088	-42.197159589706	-359.108234947823	-173.988826422850	203.390767513554	-73.202745239612	
0.001724137931	0.326575416557	0.221575355212	0.255036796330	128.556633733396	87.223288527278	100.395407467970	65.115839401733	-62.129107993728	62.107861376893	
0.002586206897	0.061314022115	0.193233121665	0.058461275361	24.136306299129	76.066349111193	23.013320608861	27.962367198388	23.567566579884	-10.787036309142	
0.003448275862	0.042334678228	0.226572160481	0.141929147913	16.665074733703	89.190284303210	55.870505124488	35.707048451851	-46.304474084837	11.992413325374	
0.004310344828	0.076989813787	0.178806627404	0.171348759616	30.307092299238	70.387349882556	67.451555180674	37.977779825249	-51.480227550692	9.917235494876	
0.005172413793	0.089292580996	0.171049658749	0.167673221747	35.150084936815	67.333813922111	66.004677211235	44.531655768282	-38.285891372248	7.381599838286	
0.006034482759	0.091344886923	0.162012371777	0.144664717139	35.957976553791	63.776279789615	56.947363801524	42.353240542283	-37.019730462873	8.248799784680	
0.006896551724	0.104653025641	0.149849956957	0.186735644648	41.196734366271	58.988536965094	73.508612886650	49.565063978822	-45.343815074153	5.660293553009	
0.007758620690	0.113637929795	0.156245834544	0.213717142707	44.733647966693	61.506278505614	84.129897856672	56.153966253590	-51.042223952411	6.849361507136	
0.008620689655	0.110477343211	0.151801941127	0.212456399136	43.489480918943	59.756936854715	83.633605296890	58.317107061904	-50.709953664674	5.569647566953	
0.009482758621	0.105335661812	0.149865662391	0.223286545497	41.465454556991	58.994719419879	87.896899741187	61.788872548286	-52.526890508459	4.765155264356	
0.010344827586	0.106131322676	0.152704609553	0.237163258539	41.778666994528	60.112272891399	93.359477220824	65.471116799837	-55.523453013270	4.728015302882	
0.011206896552	0.109715993249	0.154433174457	0.245280456876	43.189774991177	60.792723635564	96.554817839366	67.831292331065	-57.995075819118	5.653270871143	
0.012068965517	0.112987935884	0.152575940517	0.255474193157	44.477777423848	60.061622238073	100.567589024944	70.122580479441	-60.322927185887	5.529872842689	
0.012931034483	0.114340935861	0.146382885538	0.268453191371	45.010386780193	57.623721954594	105.676780455313	72.799235465630	-62.973430518974	3.890543359343	
0.013793103448	0.113426021620	0.145054191462	0.276469159428	44.650230170090	57.100680632607	108.832271705511	75.017642692323	-64.744954286913	3.608536103266	
0.014655172414	0.112271732059	0.144253614329	0.281217614471	44.195843303374	56.785532902184	110.701504246886	76.459439081888	-65.726564536209	3.449281148539	
0.015517241379	0.111938126579	0.143503705696	0.286809822536	44.064519280528	56.490330861364	112.902880736155	77.917846879022	-66.923160976683	3.177228144087	
0.016379310345	0.111780887715	0.145150138363	0.291391768877	44.002622095420	57.138450195016	114.706567013934	79.149016011784	-68.096790590681	3.588699633227	
0.017241379310	0.112303721341	0.147476798574	0.295866751751	44.208435905827	58.054341561498	116.468147050636	80.204427783297	-69.281862809085	4.272937555083	
0.018103448276	0.113683393817	0.149126778873	0.300929999982	44.751544909970	58.703857423058	118.461298143383	81.257206107983	-70.520603811184	4.819906145891	
0.018965517241	0.114789401362	0.149330591169	0.305712465024	45.186925528513	58.784088271275	120.343918743344	82.278954038524	-71.666067650639	5.002759077165	
0.019827586207	0.114861697975	0.148182770466	0.309897305943	45.215385138829	58.332247874573	121.991284203273	83.255750609740	-72.662513790224	4.849666351349	
0.020689655172	0.114386195763	0.146788876760	0.313574786503	45.028203371450	57.783540673992	123.438926914519	84.146481081671	-73.607111126744	4.637589416860	
0.021551724138	0.114245368806	0.145576914047	0.316326280856	44.972766744630	57.306450731986	124.522054528513	84.882425265365	-74.155208520652	4.378934377334	
0.022413793103	0.114490112875	0.144241467410	0.317415334914	45.069110413055	56.780751259536	124.950761395677	85.298744901879	-73.628757110984	3.786411366715	
0.023275862069	0.114446623623	0.142828529628	0.317358831316	45.051990839486	56.224547345285	124.928518715865	85.499871837021	-72.372546890214	2.937274555506	
0.024137931034	0.114128506058	0.141969139325	0.317935809178	44.926763644825	55.886247770833	125.155646441605	85.845425953362	-71.617415215956	2.360022679100	
0.025000000000	0.113891146455	0.141412188410	0.318873145509	44.833326876184	55.667003666485	125.524629522798	86.273573580058	-71.196463749947	1.965347299459	
0.025862068966	0.113735248505	0.140769778065	0.319684597192	44.771957542897	55.414118399469	125.844058026986	86.677682223545	-70.795240175022	1.567935228212	
0.026724137931	0.113552856921	0.139886547098	0.320130609167	44.700158972490	55.066433931582	126.019630942523	87.014818766120	-70.251056391594	1.082532627481	
0.027586206897	0.113409133804	0.138929288737	0.320352947466	44.643582269937	54.689608530010	126.107154564662	87.310565451728	-69.628628895633	0.565958468619	
0.028448275862	0.113393986774	0.138036129214	0.320459960148	44.637619631588	54.338015679373	126.149280179450	87.573108253387	-68.970397311357	0.071288673192	
0.029310344828	0.113448034952	0.137204728583	0.320582495105	44.658895733183	54.010734258181	126.197516147925	87.839245499792	-68.359235402205	-0.402047957875	
0.030172413793	0.113503074015	0.136359146583	0.320515152933	44.680561897642	53.677870331822	126.171006856341	88.072242816679	-67.670700925429	-0.915007676996	
0.031034482759	0.113479050563	0.135560349240	0.320406152134	44.671105049363	53.363423216808	126.128098618087	88.290163266239	-67.012912570582	-1.400200779789	
0.031896551724	0.113457124859	0.134856272015	0.320405105911	44.662473981232	53.086262740979	126.127686771711	88.512970370098	-66.472072964098	-1.827408935165	
0.032758620690	0.113490687806	0.134239465938	0.320470480790	44.675686058100	52.843456611415	126.153421637223	88.737811396226	-66.006129786870	-2.206251478644	
0.033620689655	0.113545732035	0.133679364150	0.320564055407	44.697354256006	52.622972163370	126.190257348357	88.956415174852	-65.599454887005	-2.543561237351	
0.034482758621	0.113603919028	0.133155752253	0.320675913038	44.720259605452	52.416851985734	126.234290180408	89.162358402652	-65.242994405343	-2.851817946170	
0.035344827586	0.113646313753	0.132648441721	0.320788726783	44.736948317623	52.217148851656	126.278699387453	89.356439636839	-64.913485664270	-3.145159024081	
0.036206896552	0.113659614151	0.132169212404	0.320927888717	44.742184028217	52.028499906627	126.333480577277	89.541453197410	-64.617000007459	-3.420866628351	
0.037068965517	0.113636308370	0.131732248254	0.321086954684	44.733009691666	51.856488673163	126.396097002635	89.715932075024	-64.354851592230	-3.671850581724	
0.037931034483	0.113596255392	0.131345235946	0.321267290320	44.717242809815	51.704141016468	126.467086247889	89.881455290041	-64.135460876360	-3.891887325943	
0.038793103448	0.113569248535	0.131000860505	0.321490570296	44.706611542340	51.568577390928	126.554980561655	90.040632402221	-63.965103567230	-4.081194568781	
0.039655172414	0.113566485492	0.130686964902	0.321769910103	44.705523868679	51.445012174400	126.664942865596	90.196132352323	-63.840490435435	-4.244974693469	
0.040517241379	0.113578882925	0.130397643406	0.322094810588	44.710404126393	51.331120571824	126.792840161387	90.347951531435	-63.751048346148	-4.388301423160	
0.041379310345	0.113594269625	0.130139325420	0.322443316416	44.716461111479	51.229433521747	126.930029716485	90.494819595620	-63.688511586497	-4.512060337454	
0.042241379310	0.113600991616	0.129917503766	0.322779599722	44.719107227473	51.142113277494	127.062407867407	90.633692020869	-63.639821104198	-4.618006428455	
0.043103448276	0.113596165129	0.129738418928	0.323071467963	44.717207277622	51.071616409782	127.177301997954	90.760535492635	-63.592707483324	-4.707666940654	
0.043965517241	0.113583421824	0.129611581456	0.323303327236	44.712190867102	51.021686753047	127.268573557514	90.872270526048	-63.542693297858	-4.779986924909	
0.044827586207	0.113566274324	0.129540537209	0.323476507359	44.705440742272	50.993720137336	127.336746030106	90.968813203643	-63.489325694140	-4.834984073658	
0.045689655172	0.113544991576	0.129519988675	0.323603606490	44.697062773810	50.985631192903	127.386778689361	91.051605652909	-63.434224980884	-4.874825548001	
0.046551724138	0.113520193513	0.129540221035	0.323711319046	44.687300999521	50.993595675142	127.429179809747	91.123395959152	-63.384420797987	-4.901677381256	
0.047413793103	0.113493317384	0.129585769401	0.323834409169	44.676721193327	51.011525820180	127.477634319986	91.189184928524	-63.348922775593	-4.919003600981	
0.048275862069	0.113465873187	0.129635156431	0.324003129996	44.665917766755	51.030967057937	127.544051387615	91.254704250698	-63.334100416029	-4.931963448952	
0.049137931034	0.113440118922	0.129666706408	0.324233083812	44.655779582620	51.043386727686	127.634572862825	91.323704742578	-63.342555443306	-4.945362109177	
0.050000000000	0.113419092710	0.129662426646	0.324522675693	44.647502600147	51.041701996521	127.748570902840	91.397834076035	-63.372531652831	-4.963189268150	
0.050862068966	0.113405108306	0.129610448642	0.324856777312	44.641997629912	51.021240819989	127.880090231337	91.477095327413	-63.418535087456	-4.988490499210	
0.051724137931	0.113398923681	0.129507699980	0.325212859322	44.639563048048	50.980793739686	128.020262155423	91.559863500816	-63.473269876720	-5.022525613728	
0.052586206897	0.113399840834	0.129360957283	0.325566413475	44.639924085972	50.923028377908	128.159438987297	91.643356825813	-63.529446627417	-5.064329012495	
0.053448275862	0.113406202679	0.129184974216	0.325897161056	44.642428430812	50.853752524468	128.289637996223	91.724819068367	-63.581545475978	-5.110966957916	
0.054310344828	0.113416224064	0.128998743162	0.326193154617	44.646373355837	50.780442543870	128.406156061768	91.802092332902	-63.626686745167	-5.158358746198	
0.055172413793	0.113428466088	0.128821755366	0.326451653337	44.651192436662	50.710771178408	128.507914257910	91.873904613820	-63.664538088577	-5.202181798473	
0.056034482759	0.113441767938	0.128670566206	0.326677107348	44.656428719166	50.651255463238	128.596664381959	91.939910471685	-63.696548932203	-5.238756734152	
0.056896551724	0.113455215088	0.128556092792	0.326877850974	44.661722198603	50.606192926004	128.675687245993	92.000494035026	-63.724958922645	-5.265719446110	
0.057758620690	0.113468251938	0.128482320649	0.327062821897	44.666854163379	50.577152472098	128.748501175198	92.056404632043	-63.751975505215	-5.282319541970	
0.058620689655	0.113480707399	0.128446045535	0.327239298169	44.671757264319	50.562872748979	128.817971179063	92.108518257972	-63.779225475793	-5.289503707994	
0.059482758621	0.113492746082	0.128437464269	0.327412043948	44.676496299904	50.559494727640	128.885972671915	92.157668083949	-63.807622814701	-5.289764463184	
0.060344827586	0.113504803243	0.128441575963	0.327583493095	44.681242609428	50.561113298944	128.953463744465	92.204595033773	-63.837507692404	-5.286793864448	
0.061206896552	0.113517323293	0.128440608813	0.327754608129	44.686171135502	50.560732579743	129.020823293370	92.249955041026	-63.868918704428	-5.284891624192	
0.062068965517	0.113530357020	0.128417261634	0.327925810979	44.691301871159	50.551541946742	129.088217411297	92.294329954832	-63.901833615028	-5.288218517592	
0.062931034483	0.113543167643	0.128358365193	0.328097652348	44.696344781571	50.528357323112	129.155862882428	92.338202452502	-63.936307674622	-5.299959620774	
0.063793103448	0.113553988788	0.128258068111	0.328270754998	44.700604532684	50.488875308723	129.224004857720	92.381882612854	-63.972432636323	-5.321593773399	
0.064655172414	0.113560162446	0.128119850969	0.328445470391	44.703034797205	50.434466037205	129.292781690606	92.425439703667	-64.010251468821	-5.352403940208	
0.065517241379	0.113558543512	0.127956688587	0.328621264179	44.702397502704	50.370237055109	129.361983033966	92.468640187576	-64.049608800620	-5.389411575561	
0.066379310345	0.113546256301	0.127789258975	0.328796466817	44.697560633677	50.304328275149	129.430951670952	92.510962526353	-64.090083456418	-5.427756282832	
0.067241379310	0.113521604763	0.127642562838	0.328968274864	44.687856539374	50.246581241592	129.498584024948	92.551652368661	-64.130981533304	-5.461450623829	
0.068103448276	0.113484859725	0.127541602494	0.329133209469	44.673391830168	50.206838134024	129.563510643886	92.589870024230	-64.171410984327	-5.484356496480	
0.068965517241	0.113438797234	0.127506827312	0.329287834489	44.655259299362	50.193148859719	129.624378887567	92.624845608539	-64.210446072291	-5.491267743335	
0.069827586207	0.113388601513	0.127550262639	0.329429528927	44.635499719776	50.210247205688	129.680156999158	92.656055559192	-64.247281057920	-5.478860656668	
0.070689655172	0.113341157725	0.127672943291	0.329556848027	44.616823440521	50.258540527278	129.730276249026	92.683310155974	-64.281293975214	-5.446396956869	
0.071551724138	0.113303845186	0.127864106417	0.329669843285	44.602135334263	50.333792021367	129.774756908698	92.706825520146	-64.312132283024	-5.396031430287	
0.072413793103	0.113283086042	0.128102352417	0.329769931341	44.593963483068	50.427577720452	129.814156639825	92.727185149936	-64.339724652110	-5.332647658496	
0.073275862069	0.113283026025	0.128358560733	0.329859718225	44.593939857710	50.528434297456	129.849501307415	92.745279073102	-64.364297013397	-5.263246056739	
0.074137931034	0.113304648944	0.128600168305	0.329942520807	44.602451734248	50.623543281549	129.882096599881	92.762160049240	-64.386329127263	-5.195950297703	
0.075000000000	0.113345525694	0.128796025939	0.330021989019	44.618542894448	50.700642771906	129.913379315493	92.778917585771	-64.406518891859	-5.138810252406	
0.075862068966	0.113400229607	0.128921067922	0.330101555319	44.640077126842	50.749865633117	129.944700643158	92.796514502323	-64.425683471868	-5.098591992073	
0.076724137931	0.113461280563	0.128959967227	0.330184069927	44.664109877123	50.765178370951	129.977182574260	92.815679099052	-64.444665636787	-5.079776988997	
0.077586206897	0.113520394055	0.128909251202	0.330271387687	44.687379943262	50.745213973384	130.011555269850	92.836799474136	-64.464206237641	-5.083919995391	
0.078448275862	0.113569777010	0.128777547899	0.330364222113	44.706819576653	50.693368879020	130.048099604283	92.859895687030	-64.484853899179	-5.109477049079	
0.079310344828	0.113603254169	0.128584054915	0.330462031657	44.719997883016	50.617200234831	130.086602397404	92.884612459377	-64.506877848368	-5.152095519548	
0.080172413793	0.113617053095	0.128355508421	0.330563190495	44.725429839594	50.527232752887	130.126423642409	92.910288262385	-64.530246185576	-5.205311485078	
0.081034482759	0.113610197904	0.128122231749	0.330665168912	44.722731289004	50.435403232844	130.166567515609	92.936033624907	-64.554620823992	-5.261519534721	
0.081896551724	0.113584464166	0.127913857433	0.330764922308	44.712601185650	50.353376542393	130.205835507428	92.960862151318	-64.579413376634	-5.313060881571	
0.082758620690	0.113543962166	0.127755421309	0.330859211258	44.696657546030	50.291008055209	130.242952416277	92.983804078332	-64.603848550320	-5.353248214697	
0.083620689655	0.113494432878	0.127664330323	0.330945004664	44.677160308454	50.255150026767	130.276725048714	93.004030008097	-64.627062301239	-5.377199610887	
0.084482758621	0.113442369139	0.127648649018	0.331019758826	44.656665381985	50.248977070593	130.306152074949	93.020934353807	-64.648192956389	-5.382349952382	
0.085344827586	0.113394098729	0.127706798792	0.331081715200	44.637663702713	50.271867768312	130.330541243443	93.034201948949	-64.666488963828	-5.368609956105	
0.086206896552	0.113354962972	0.127828633285	0.331130048548	44.622257885368	50.319827998973	130.349567698927	93.043823352922	-64.681394390530	-5.338161687468	
0.087068965517	0.113328706448	0.127997540780	0.331165005934	44.611921987068	50.386318548737	130.363328697455	93.050088804372	-64.692631725337	-5.294974964110	
0.087931034483	0.113317151672	0.128193166376	0.331187893234	44.607373441384	50.463326696895	130.372338298691	93.053541438748	-64.700246245430	-5.244133242360	
0.088793103448	0.113320183873	0.128394229297	0.331201030586	44.608567069425	50.542475251950	130.377509825927	93.054920643672	-64.704627754083	-5.191108072291	
0.089655172414	0.113336011152	0.128581033484	0.331207548864	44.614797488683	50.616010846288	130.380075750652	93.055083042827	-64.706479882889	-5.141082354358	
0.090517241379	0.113361626768	0.128737340618	0.331211151416	44.624881093384	50.677541255474	130.381493897655	93.054928949573	-64.706760009844	-5.098423035753	
0.091379310345	0.113393367075	0.128851499876	0.331215742858	44.637375686412	50.722480124621	130.383301321720	93.055321787618	-64.706573093889	-5.066336559290	
0.092241379310	0.113427464457	0.128916839258	0.331225070375	44.650798144033	50.748201016844	130.386973105131	93.057024111685	-64.707054346103	-5.046723574441	
0.093103448276	0.113460505548	0.128931486135	0.331242311694	44.663804791695	50.753966769802	130.393760162030	93.060636102546	-64.709235726053	-5.040193423421	
0.093965517241	0.113489748199	0.128897797259	0.331269770929	44.675316181064	50.740705120696	130.404569508735	93.066558123017	-64.713937028471	-5.046201009710	
0.094827586207	0.113513278995	0.128821607869	0.331308620125	44.684579095158	50.710713115786	130.419862521049	93.074961777980	-64.721675639303	-5.063246352967	
0.095689655172	0.113530034879	0.128711425267	0.331358829267	44.691175060041	50.667339659968	130.439627383814	93.085790108396	-64.732628294135	-5.089103335286	
0.096551724138	0.113539721963	0.128577652221	0.331419186042	44.694988387404	50.614679809838	130.463386868848	93.098767928347	-64.746625569942	-5.121044427402	
0.097413793103	0.113542679834	0.128431838577	0.331487505249	44.696152755271	50.557280170414	130.490280770820	93.113441066396	-64.763198485733	-5.156057861587	
0.098275862069	0.113539723310	0.128285947534	0.331560883322	44.694988917300	50.499850062460	130.519166099291	93.129220170217	-64.781644034451	-5.191052276865	
0.099137931034	0.113531990633	0.128151599091	0.331636067479	44.691944944023	50.446963707080	130.548762393435	93.145445742298	-64.801120791922	-5.223058652290	
0.100000000000	0.113520804486	0.128039296519	0.331709776181	44.687541509623	50.402755723699	130.577777873623	93.161445409773	-64.820737089170	-5.249425906630	
0.100862068966	0.113507551827	0.127957661819	0.331779045727	44.682324591397	50.370620168712	130.605045877381	93.176600616482	-64.839645334936	-5.268008033005	
0.101724137931	0.113493576048	0.127912759275	0.331841453759	44.676823016450	50.352944251831	130.629612841702	93.190392260373	-64.857109442113	-5.277323954390	
0.102586206897	0.113480084929	0.127907589128	0.331895322180	44.671512228260	50.350909019885	130.650818181889	93.202446110586	-64.872566234960	-5.276674011650	
0.103448275862	0.113468065905	0.127941849626	0.331939778167	44.666780931334	50.364395688033	130.668318311303	93.212549727602	-64.885655105460	-5.266188455065	
0.104310344828	0.113458239353	0.128012045178	0.331974788784	44.662912702484	50.392028214641	130.682100264151	93.220664091371	-64.896243056790	-5.246793274906	
0.105172413793	0.113451019554	0.128111863460	0.332001017217	44.660070624030	50.431321748916	130.692425104680	93.226903857278	-64.904377379942	-5.220118047052	
0.106034482759	0.113446499345	0.128232985569	0.332019832043	44.658291240677	50.479001549219	130.699831573684	93.231523747922	-64.910343898097	-5.188263520038	
0.106896551724	0.113444495879	0.128365981279	0.332032996090	44.657502574673	50.531355400456	130.705013609889	93.234870683168	-64.914550021115	-5.153602827018	
0.107758620690	0.113444604947	0.128501388502	0.332042537963	44.657545509496	50.584658545452	130.708769774418	93.237347018097	-64.917516970735	-5.118497708125	
0.108620689655	0.113446279400	0.128630717404	0.332050488649	44.658204658902	50.635568955297	130.711899567365	93.239355943837	-64.919805843009	-5.085050189266	
0.109482758621	0.113448917794	0.128747278442	0.332058700309	44.659243264747	50.681453286558	130.715132092899	93.241264012974	-64.921962488353	-5.054898819986	
0.110344827586	0.113451937106	0.128846726120	0.332068630054	44.660431818743	50.720600932297	130.719040943600	93.243357432948	-64.924454399959	-5.029087587965	
0.111206896552	0.113454833681	0.128927247757	0.332081232824	44.661572057535	50.752298329434	130.724002032862	93.245823002824	-64.927630354278	-5.008024634088	
0.112068965517	0.113457228507	0.128989397495	0.332096869296	44.662514782559	50.776763615678	130.730157340481	93.248730998643	-64.931685560531	-4.991529626596	
0.112931034483	0.113458891213	0.129035605188	0.332115347660	44.663169307886	50.794953305542	130.737431360830	93.252047009501	-64.936658656744	-4.978962382623	
0.113793103448	0.113459744381	0.129069463868	0.332135988609	44.663505157802	50.808281797489	130.745556684384	93.255645924780	-64.942438878880	-4.969404561021	
0.114655172414	0.113459854208	0.129094897379	0.332157803663	44.663548391571	50.818293716550	130.754144195154	93.259350287905	-64.948802581359	-4.961869687359	
0.115517241379	0.113459410682	0.129115355831	0.332179661956	44.663373797303	50.826347200123	130.762748727016	93.262962963767	-64.955453191507	-4.955502875195	
0.116379310345	0.113458702855	0.129133144879	0.332200517130	44.663095160536	50.833349870708	130.770958380506	93.266312989247	-64.962078260989	-4.949745379674	
0.117241379310	0.113458088747	0.129149003614	0.332219566906	44.662853416688	50.839592672487	130.778457337653	93.269285168431	-64.968395593555	-4.944434677057	
0.118103448276	0.113457960909	0.129161973614	0.332236410380	44.662803093004	50.844698321854	130.785087782710	93.271850358437	-64.974200932410	-4.939832109177	
0.118965517241	0.113458707322	0.129169584983	0.332251095141	44.663096919033	50.847694542308	130.790868448716	93.274071600379	-64.979392472953	-4.936571310845	
0.119827586207	0.113460669253	0.129168304690	0.332264131982	44.663869234445	50.847190554245	130.796000409958	93.276104994202	-64.983986958522	-4.935543639064	
0.120689655172	0.113464096865	0.129154185073	0.332276398730	44.665218516052	50.841632357294	130.800829223641	93.278176827950	-64.988109445023	-4.937735085422	
0.121551724138	0.113469108339	0.129123591617	0.332289024852	44.667191286492	50.829589222689	130.805799505027	93.280558075344	-64.991974993245	-4.944046641622	
0.122413793103	0.113475657355	0.129073907550	0.332303203162	44.669769310915	50.810031056065	130.811380806380	93.283523398259	-64.995850252362	-4.955121489972	
0.123275862069	0.113483516280	0.129004093045	0.332320027739	44.672862982115	50.782548529008	130.818003812725	93.287316670631	-65.000016021983	-4.971210298796	
0.124137931034	0.113492278812	0.128915028843	0.332340312961	44.676312358834	50.747488345478	130.825989103785	93.292112526186	-65.004721594905	-4.992089475420	
0.125000000000	0.113501385989	0.128809583747	0.332364484033	44.679897405292	50.705979812271	130.835504062732	93.297993668228	-65.010151228632	-5.017048079847	
0.125862068966	0.113510173334	0.128692413650	0.332392488475	44.683356549503	50.659855724234	130.846528030481	93.304932742466	-65.016393196879	-5.044939180661	
0.126724137931	0.113517936208	0.128569515951	0.332423800265	44.686412409896	50.611476961794	130.858853937581	93.312794124787	-65.023428469664	-5.074290890754	
0.127586206897	0.113524004032	0.128447619643	0.332457453066	44.688801013063	50.563492397819	130.872101385613	93.321341981965	-65.031126748820	-5.103455738610	
0.128448275862	0.113527815171	0.128333489591	0.332492154921	44.690301270662	50.518565025545	130.885761794247	93.330265537875	-65.039262661909	-5.130780702774	
0.129310344828	0.113528980601	0.128233249902	0.332526410397	44.690760042650	50.479105604081	130.899246485726	93.339205956596	-65.047536907761	-5.154771167433	
0.130172413793	0.113527329032	0.128151802112	0.332558690639	44.690109901603	50.447043626590	130.911953624760	93.347793174890	-65.055611826901	-5.174232011579	
0.131034482759	0.113522925686	0.128092411678	0.332587575159	44.688376521534	50.423664542071	130.923324035435	93.355676865284	-65.063144629419	-5.188367004084	
0.131896551724	0.113516064222	0.128056490260	0.332611904531	44.685675501390	50.409524051181	130.932901309178	93.362559670415	-65.069826571477	-5.196831230330	
0.132758620690	0.113507231579	0.128043588367	0.332630874788	44.682198525611	50.404445212342	130.940368963716	93.368218349463	-65.075411686797	-5.199732097619	
0.133620689655	0.113497053825	0.128051568817	0.332644118480	44.678192045723	50.407586721806	130.945582352034	93.372522425924	-65.079744203936	-5.197586976195	
0.134482758621	0.113486229203	0.128076928078	0.332651712826	44.673930925956	50.417569412343	130.948571871466	93.375438075024	-65.082770041673	-5.191244578916	
0.135344827586	0.113475458774	0.128115206141	0.332654171930	44.669691139362	50.432637597716	130.949539899494	93.377028843449	-65.084543603636	-5.181785224274	
0.136206896552	0.113465382851	0.128161437759	0.332652371901	44.665724745334	50.450836705429	130.948831316882	93.377442631713	-65.085217652199	-5.170410493113	
0.137068965517	0.113456531735	0.128210590325	0.332647471810	44.662240497777	50.470185646078	130.946902392816	93.376898013187	-65.085029609299	-5.158336395515	
0.137931034483	0.113449293807	0.128257957181	0.332640787594	44.659391282420	50.488831640991	130.944271146541	93.375660247262	-65.084274232261	-5.146696941279	
0.138793103448	0.113443903565	0.128299475826	0.332633684366	44.657269410143	50.505175483752	130.941474955944	93.374020760754	-65.083277494391	-5.136466466198	
0.139655172414	0.113440446778	0.128331964850	0.332627445474	44.655908643502	50.517964810257	130.939019011840	93.372270463672	-65.082362753486	-5.128401741786	
0.140517241379	0.113438880077	0.128353271422	0.332623182229	44.655291910431	50.526352156768	130.937340782854	93.370680642408	-65.081824319548	-5.123006714684	
0.141379310345	0.113439058605	0.128362339824	0.332621739917	44.655362188355	50.529921939209	130.936773015493	93.369481209881	-65.081899383840	-5.120516814508	
0.142241379310	0.113440767370	0.128359202966	0.332623658374	44.656034844877	50.528687112843	130.937528217453	93.368849435378	-65.082752353376	-5.120902949529	
0.143103448276	0.113443750504	0.128344912136	0.332629137466	44.657209157430	50.523061518159	130.939685065996	93.368897977569	-65.084461345163	-5.123890739664	
0.143965517241	0.113447735973	0.128321407821	0.332638058795	44.658778040177	50.513809028662	130.943196952935	93.369674458865	-65.087018984071	-5.128994588316	
0.144827586207	0.113452453186	0.128291346731	0.332650008539	44.660634974060	50.501975460010	130.947900977841	93.371160406699	-65.090335611624	-5.135561971469	
0.145689655172	0.113457644167	0.128257887822	0.332664346864	44.662678407183	50.488804337953	130.953545269108	93.373280892166	-65.094255078031	-5.142827456216	
0.146551724138	0.113463068863	0.128224454496	0.332680266211	44.664813842636	50.475643286710	130.959811931046	93.375912036240	-65.098570099806	-5.149971372600	
0.147413793103	0.113468507133	0.128194478729	0.332696880891	44.666954621363	50.463843305509	130.966352310821	93.378897064456	-65.103046095770	-5.156182104727	
0.148275862069	0.113473759085	0.128171148817	0.332713291461	44.669022055672	50.454659469883	130.972812343032	93.382057981939	-65.107440398831	-5.160716086588	
0.149137931034	0.113478646014	0.128157169954	0.332728666426	44.670945798701	50.449156681008	130.978864708270	93.385213271397	-65.111525520695	-5.162953968728	
0.150000000000	0.113483012726	0.128154561513	0.332742288865	44.672664757760	50.448129866307	130.984227190790	93.388189138506	-65.115104318723	-5.162446785247	
0.150862068966	0.113486731758	0.128164499091	0.332753612275	44.674128757006	50.452041800665	130.988684658439	93.390834698173	-65.118026251058	-5.158951129567	
0.151724137931	0.113489708724	0.128187221315	0.332762278234	44.675300641883	50.460986419543	130.992096019272	93.393029409092	-65.120194020564	-5.152448234275	
0.152586206897	0.113491887756	0.128222001919	0.332768141399	44.676158419269	50.474677827834	130.994404058242	93.394693163469	-65.121570402608	-5.143147845083	
0.153448275862	0.113493255485	0.128267197463	0.332771258490	44.676696826548	50.492469084279	130.995631102976	93.395788194035	-65.122175865258	-5.131474021254	
0.154310344828	0.113493842202	0.128320359935	0.332771886429	44.676927788281	50.513396527316	130.995878291708	93.396323077151	-65.122087014611	-5.118036346281	
0.155172413793	0.113493719227	0.128378413391	0.332770448859	44.676879379004	50.536249309826	130.995312391267	93.396348782851	-65.121427288949	-5.103586173214	
0.156034482759	0.113492991997	0.128437873575	0.332767514516	44.676593104315	50.559655851315	130.994157285162	93.395956776034	-65.120359678773	-5.088963680131	
0.156896551724	0.113491789352	0.128495101306	0.332763748434	44.676119682630	50.582183586558	130.992674764357	93.395269865489	-65.119073293935	-5.075037177619	
0.157758620690	0.113490249851	0.128546562932	0.332759877596	44.675513657049	50.602441490330	130.991151006517	93.394435496924	-65.117773059913	-5.062641663772	
0.158620689655	0.113488506878	0.128589085665	0.332756633938	44.674827534177	50.619180593048	130.989874138208	93.393612950113	-65.116664650876	-5.052518690958	
0.159482758621	0.113486674128	0.128620081409	0.332754715072	44.674106071102	50.631382088633	130.989118775430	93.392963868345	-65.115943523897	-5.045264420602	
0.160344827586	0.113484833643	0.128637729695	0.332754727971	44.673381562891	50.638329348181	130.989123853256	93.392638323733	-65.115780529860	-5.041287279307	
0.161206896552	0.113483027592	0.128641099154	0.332757155157	44.672670609907	50.639655738030	130.990079316341	93.392765556883	-65.116312718630	-5.040780706862	
0.162068965517	0.113481255326	0.128630205702	0.332762310617	44.671972955995	50.635367523378	130.992108767011	93.393442159573	-65.117632196219	-5.043710674230	
0.162931034483	0.113479475677	0.128605996698	0.332770323697	44.671272395852	50.625837632644	130.995263121395	93.394726378175	-65.119781406098	-5.049821117908	
0.163793103448	0.113477614799	0.128570269559	0.332781118830	44.670539860280	50.611773620304	130.999512632710	93.396631524688	-65.122747852786	-5.058654575977	
0.164655172414	0.113475578106	0.128525525419	0.332794426793	44.669738114482	50.594160059032	131.004751321422	93.399126451439	-65.126466159698	-5.069588451338	
0.165517241379	0.113473265533	0.128474776409	0.332809794385	44.668827768684	50.574182676887	131.010800784389	93.402135920377	-65.130820264640	-5.081881830513	
0.166379310345	0.113470587761	0.128421316544	0.332826624588	44.667773661760	50.553138165022	131.017426005217	93.405547925269	-65.135652883652	-5.094731005619	
0.167241379310	0.113467482290	0.128368481142	0.332844212218	44.666551191221	50.532339473348	131.024349387377	93.409220437338	-65.140774543986	-5.107327173662	
0.168103448276	0.113463926859	0.128319408779	0.332861803676	44.665151593094	50.513022104270	131.031274276683	93.412993805841	-65.145978509014	-5.118913472676	
0.168965517241	0.113459949598	0.128276830544	0.332878644429	44.663585941906	50.496261153218	131.037903650745	93.416701004240	-65.151053442723	-5.128834961284	
0.169827586207	0.113455633960	0.128242897484	0.332894040925	44.661887087930	50.482903381293	131.043964491564	93.420181471030	-65.155799628761	-5.136579438186	
0.170689655172	0.113451118843	0.128219063925	0.332907400885	44.660109709147	50.473521284628	131.049223649094	93.423290772447	-65.160040525231	-5.141804504750	
0.171551724138	0.113446592790	0.128206028436	0.332918279039	44.658328025233	50.468389855495	131.053505841608	93.425911836922	-65.163635498712	-5.144350943035	
0.172413793103	0.113442283836	0.128203738811	0.332926394461	44.656631802556	50.467488543234	131.056700482920	93.427960394155	-65.166485958554	-5.144240608613	
0.173275862069	0.113438444601	0.128211451555	0.332931648699	44.655120485222	50.470524670198	131.058768817413	93.429390774936	-65.168541253606	-5.141661570655	
0.174137931034	0.113435335125	0.128227841303	0.332934114146	44.653896437778	50.476976505570	131.059739342121	93.430195329572	-65.169797328457	-5.136941352050	
0.175000000000	0.113433203387	0.128251142037	0.332934024413	44.653057277820	50.486148855308	131.059704018725	93.430404184869	-65.170295205910	-5.130512977083	
0.175862068966	0.113432266520	0.128279309379	0.332931739088	44.652688479409	50.497236948446	131.058804398995	93.430079183161	-65.170113053465	-5.122876131185	
0.176724137931	0.113432692567	0.128310183273	0.332927716288	44.652856193096	50.509390477654	131.057220821174	93.429309158998	-65.169359419015	-5.114558621321	
0.177586206897	0.113434585865	0.128341641041	0.332922466836	44.653601490945	50.521773849271	131.055154370860	93.428200722367	-65.168161827930	-5.106080224327	
0.178448275862	0.113437975416	0.128371724158	0.332916523443	44.654935790256	50.533616088796	131.052814750086	93.426871829892	-65.166658421853	-5.097923024121	
0.179310344828	0.113442809058	0.128398735181	0.332910398470	44.656838556504	50.544248996022	131.050403650482	93.425442303293	-65.164986829548	-5.090508752965	
0.180172413793	0.113448952005	0.128421296305	0.332904562103	44.659256731760	50.553130197990	131.048106160675	93.424028382901	-65.163277622928	-5.084185222881	
0.181034482759	0.113456192085	0.128438374685	0.332899413180	44.662106794232	50.559853113572	131.046079283418	93.422735225177	-65.161646231785	-5.079220316178	
0.181896551724	0.113464249322	0.128449274182	0.332895272281	44.665278530960	50.564143707929	131.044449215851	93.421654052560	-65.160190117654	-5.075803669750	
0.182758620690	0.113472791604	0.128453605528	0.332892367954	44.668641206221	50.565848745249	131.043305925733	93.420857563693	-65.158984696969	-5.074052986588	
0.183620689655	0.113481453203	0.128451239258	0.332890843736	44.672050850609	50.564917261692	131.042705916163	93.420399931751	-65.158084288186	-5.074024068631	
0.184482758621	0.113489857394	0.128442255654	0.332890756232	44.675359166091	50.561380859941	131.042671470092	93.420314825016	-65.157521349644	-5.075721104856	
0.185344827586	0.113497639225	0.128426895668	0.332892090843	44.678422488875	50.555334390804	131.043196840773	93.420617525787	-65.157309955665	-5.079106505938	
0.186206896552	0.113504469461	0.128405524438	0.332894765802	44.681111215956	50.546921591825	131.044249839875	93.421304616991	-65.157446812835	-5.084107575880	
0.187068965517	0.113510075377	0.128378606849	0.332898650829	44.683317988461	50.536325464427	131.045779183493	93.422357210625	-65.157915663250	-5.090620460681	
0.187931034483	0.113514259571	0.128346701186	0.332903572230	44.684965099300	50.523765778706	131.047716496442	93.423741399430	-65.158688627718	-5.098510052726	
0.188793103448	0.113516912548	0.128310464420	0.332909330827	44.686009445380	50.509501151140	131.049983371981	93.425411880066	-65.159730372193	-5.107607690986	
0.189655172414	0.113518020852	0.128270669779	0.332915705857	44.686445730338	50.493835963923	131.052492906763	93.427312713205	-65.160998989109	-5.117706591856	
0.190517241379	0.113517667030	0.128228225858	0.332922471194	44.686306448004	50.477127885624	131.055156086203	93.429381114145	-65.162449520559	-5.128557760482	
0.191379310345	0.113516024197	0.128184195335	0.332929398056	44.685659745516	50.459795240504	131.057882850231	93.431548489744	-65.164034311834	-5.139866822384	
0.192241379310	0.113513342360	0.128139801852	0.332936270063	44.684604038621	50.442319715849	131.060588020300	93.433744461305	-65.165706075245	-5.151294511320	
0.193103448276	0.113509930468	0.128096424363	0.332942885411	44.683260945159	50.425244137945	131.063192156782	93.435898256371	-65.167418035299	-5.162460812119	
0.193965517241	0.113506132247	0.128055570474	0.332949071151	44.681765772973	50.409161976813	131.065627177491	93.437942955969	-65.169126873197	-5.172954604462	
0.194827586207	0.113502300840	0.128018832266	0.332954684642	44.680257536866	50.394699956519	131.067836931808	93.439817083600	-65.170792914561	-5.182347697294	
0.195689655172	0.113498770922	0.127987821122	0.332959626162	44.678867982301	50.382492398610	131.069782164816	93.441468731797	-65.172383045433	-5.190213793713	
0.196551724138	0.113495833843	0.127964090015	0.332963838097	44.677711799031	50.373150632550	131.071440195707	93.442856816967	-65.173870826404	-5.196150075835	
0.197413793103	0.113493714450	0.127949044400	0.332967313861	44.676877498536	50.367227915726	131.072808432465	93.443954413309	-65.175239068700	-5.199800845849	
0.198275862069	0.113492554948	0.127943853561	0.332970092589	44.676421059694	50.365184538676	131.073902280648	93.444748924153	-65.176479398639	-5.200880204692	
0.199137931034	0.113492403713	0.127949365761	0.332972262371	44.676361525912	50.367354420012	131.074756416945	93.445243899812	-65.177593938400	-5.199192784854	
0.200000000000	0.113493213520	0.127966039397	0.332973948971	44.676680307103	50.373918007955	131.075420348292	93.445457512721	-65.178593766759	-5.194649628258	
0.200862068966	0.113494845830	0.127993892444	0.332975312811	44.677322867114	50.384882378593	131.075957224537	93.445422465296	-65.179499264021	-5.187278636380	
0.201724137931	0.113497084330	0.128032479645	0.332976532244	44.678204054018	50.400072256648	131.076437255149	93.445182645120	-65.180337217749	-5.177227562118	
0.202586206897	0.113499652986	0.128080896017	0.332977796044	44.679215207153	50.419131393969	131.076934750897	93.444791328491	-65.181139848244	-5.164759993437	
0.203448275862	0.113502240674	0.128137811419	0.332979284088	44.680233852289	50.441536180616	131.077520520489	93.444306531619	-65.181940861396	-5.150243584358	
0.204310344828	0.113504526639	0.128201530049	0.332981159129	44.681133724040	50.466619062585	131.078258631766	93.443788322575	-65.182773747602	-5.134132167953	
0.205172413793	0.113506208295	0.128270074822	0.332983549204	44.681795709146	50.493601758935	131.079199486352	93.443293885602	-65.183667604715	-5.116942207328	
0.206034482759	0.113507025361	0.128341286587	0.332986543154	44.682117347596	50.521634318348	131.080378056687	93.442875089968	-65.184645693555	-5.099226093808	
0.206896551724	0.113506782081	0.128412935006	0.332990178847	44.682021580424	50.549838766930	131.081809249931	93.442574415528	-65.185722059464	-5.081543449609	
0.207758620690	0.113505362073	0.128482829340	0.332994445787	44.681462593291	50.577352718734	131.083488933541	93.442423836207	-65.186901313113	-5.064433201178	
0.208620689655	0.113502738473	0.128548925382	0.332999281320	44.680429811308	50.603371470585	131.085392444417	93.442442454095	-65.188176843195	-5.048387597738	
0.209482758621	0.113498975002	0.128609417711	0.333004581153	44.678948318477	50.627184316670	131.087478727338	93.442637275601	-65.189532356808	-5.033830533848	
0.210344827586	0.113494221879	0.128662815405	0.333010202910	44.677077248268	50.648204354852	131.089691735693	93.443002798188	-65.190941894676	-5.021100762919	
0.211206896552	0.113488703366	0.128707993396	0.333015982547	44.674904881972	50.665988701719	131.091966893871	93.443523591629	-65.192373002842	-5.010441483643	
0.212068965517	0.113482701982	0.128744221084	0.333021742094	44.672542433173	50.680249755533	131.094234143137	93.444175426385	-65.193788097250	-5.001995970057	
0.212931034483	0.113476537009	0.128771164253	0.333027308001	44.670115587350	50.690855952458	131.096425166307	93.444928989003	-65.195148543754	-4.995809711104	
0.213793103448	0.113470542916	0.128788865644	0.333032518690	44.667756008528	50.697824116992	131.098476357454	93.445751687573	-65.196416459978	-4.991837832146	
0.214655172414	0.113465045598	0.128797703647	0.333037240507	44.665591985607	50.701303202776	131.100335103919	93.446611539961	-65.197558700075	-4.989957439144	
0.215517241379	0.113460342012	0.128798337203	0.333041371190	44.663740415866	50.701552602638	131.101961150347	93.447478687013	-65.198548103613	-4.989983062622	
0.216379310345	0.113456680790	0.128791638378	0.333044850337	44.662299173295	50.698915605663	131.103330718916	93.448328567241	-65.199366501542	-4.991684426676	
0.217241379310	0.113454248860	0.128778621736	0.333047656720	44.661341842290	50.693791595574	131.104435453214	93.449142406654	-65.200004716175	-4.994804567620	
0.218103448276	0.113453160964	0.128760372148	0.333049812331	44.660913591266	50.686607633093	131.105284010921	93.449909155346	-65.200464129047	-4.999077576198	
0.218965517241	0.113453456295	0.128737979495	0.333051373764	44.661029848542	50.677792750042	131.105898670463	93.450624666553	-65.200755237168	-5.004244252693	
0.219827586207	0.113455098357	0.128712480491	0.333052431061	44.661676247450	50.667755049764	131.106314876094	93.451292344423	-65.200897841883	-5.010065363257	
0.220689655172	0.113457981494	0.128684814199	0.333053095179	44.662811196230	50.656864195082	131.106576306530	93.451921182925	-65.200918448698	-5.016331318297	
0.221551724138	0.113461939570	0.128655789222	0.333053494192	44.664369295658	50.645438493207	131.106733378350	93.452525472247	-65.200849536120	-5.022868551771	
0.222413793103	0.113466759703	0.128626066808	0.333053759661	44.666266744018	50.633738245130	131.106837880281	93.453122178273	-65.200726372829	-5.029542015558	
0.223275862069	0.113472196214	0.128596155586	0.333054022937	44.668406830499	50.621963672224	131.106941518960	93.453730256876	-65.200585984593	-5.036254630948	
0.224137931034	0.113477987474	0.128566420175	0.333054402907	44.670686563778	50.610258307639	131.107091094590	93.454367943118	-65.200463994983	-5.042943585034	
0.225000000000	0.113483870818	0.128537097749	0.333055004422	44.673002546398	50.598715514492	131.107327881158	93.455052205454	-65.200393831411	-5.049574697658	
0.225862068966	0.113489598274	0.128508323636	0.333055908865	44.675257163250	50.587388565678	131.107683915859	93.455796407200	-65.200404034204	-5.056134992463	
0.226724137931	0.113494948570	0.128480159331	0.333057175562	44.677363310693	50.576301667742	131.108182551957	93.456610261377	-65.200518030124	-5.062624836103	
0.227586206897	0.113499738411	0.128452623803	0.333058835499	44.679248834728	50.565462288662	131.108835987215	93.457498117922	-65.200752124097	-5.069049777712	
0.228448275862	0.113503828967	0.128425721684	0.333060895569	44.680859085084	50.554872251440	131.109646935230	93.458459560221	-65.201115950403	-5.075413363718	
0.229310344828	0.113507130888	0.128399469820	0.333063334982	44.682158888389	50.544538187385	131.110607211789	93.459488363338	-65.201611175894	-5.081710864367	
0.230172413793	0.113509604296	0.128373916596	0.333066111700	44.683132547179	50.534479143381	131.111700268696	93.460573695907	-65.202232601215	-5.087924944175	
0.231034482759	0.113511257408	0.128349156588	0.333069160818	44.683783295738	50.524732349633	131.112900556185	93.461699655676	-65.202967514929	-5.094022910919	
0.231896551724	0.113512140693	0.128325336077	0.333072402509	44.684131001727	50.515355389148	131.114176649945	93.462846944890	-65.203797371075	-5.099956271397	
0.232758620690	0.113512340442	0.128302653128	0.333075741768	44.684209632947	50.506426231057	131.115491151411	93.463992830565	-65.204697715445	-5.105661911059	
0.233620689655	0.113511969003	0.128281348900	0.333079077359	44.684063415635	50.498039807011	131.116804209184	93.465113133309	-65.205640359012	-5.111065342645	
0.234482758621	0.113511155635	0.128261694874	0.333082302487	44.683743232703	50.490302986486	131.118073783196	93.466182448553	-65.206593784033	-5.116085078600	
0.235344827586	0.113510035437	0.128243973543	0.333085314320	44.683302265995	50.483326972568	131.119259393239	93.467176284281	-65.207525698003	-5.120638368103	
0.236206896552	0.113508740195	0.128228457917	0.333088015093	44.682792393446	50.477219236104	131.120322554062	93.468071371003	-65.208403761579	-5.124647192706	
0.237068965517	0.113507388662	0.128215387874	0.333090321601	44.682260361491	50.472074204475	131.121230512659	93.468847767572	-65.209198311586	-5.128044669555	
0.237931034483	0.113506079843	0.128204948950	0.333092165958	44.681745143941	50.467964915229	131.121956545178	93.469489060464	-65.209883132590	-5.130780718687	
0.238793103448	0.113504886726	0.128197251653	0.333093504099	44.681275472486	50.464934868855	131.122483305154	93.469984224759	-65.210438008780	-5.132827178126	
0.239655172414	0.113503853659	0.128192316645	0.333094315055	44.680868804923	50.462992199817	131.122802538593	93.470327483049	-65.210849143557	-5.134181311676	
0.240517241379	0.113502994632	0.128190063478	0.333094607269	44.680530648692	50.462105238984	131.122917568904	93.470519692200	-65.211111117000	-5.134868046308	
0.241379310345	0.113502295257	0.128190307568	0.333094415196	44.680255339163	50.462201325369	131.122841959175	93.470567640270	-65.211226531068	-5.134940078694	
0.242241379310	0.113501715498	0.128192762295	0.333093802385	44.680027116627	50.463167629975	131.122600725501	93.470484772729	-65.211206995646	-5.134476429113	
0.243103448276	0.113501195557	0.128197049956	0.333092854648	44.679822441425	50.464855470869	131.122227648368	93.470289790266	-65.211071706423	-5.133578838074	
0.243965517241	0.113500661829	0.128202717476	0.333091679588	44.679612339184	50.467086494071	131.121765085016	93.470006655607	-65.210847294560	-5.132366857436	
0.244827586207	0.113500035003	0.128209259573	0.333090396514	44.679365588727	50.469661794677	131.121260002334	93.469662521217	-65.210565329290	-5.130971281118	
0.245689655172	0.113499237214	0.128216144353	0.333089133181	44.679051538516	50.472371993134	131.120762690381	93.469287151411	-65.210261202303	-5.129527000202	
0.246551724138	0.113498200133	0.128222843269	0.333088013790	44.678643290908	50.475009025825	131.120322041324	93.468910415057	-65.209970904986	-5.128165095905	
0.247413793103	0.113496871044	0.128228859824	0.333087154779	44.678120093869	50.477377447061	131.119983891023	93.468561455743	-65.209729463203	-5.127005377438	
0.248275862069	0.113495218751	0.128233758667	0.333086653134	44.677469667569	50.479305879750	131.119786418136	93.468266154683	-65.209567634417	-5.126149204750	
0.249137931034	0.113493236668	0.128237189467	0.333086583661	44.676689419352	50.480656416396	131.119759069862	93.468046502864	-65.209510619630	-5.125673772727	
0.250000000000	0.113490945034	0.128238907520	0.333086990014	44.675787316055	50.481332729133	131.119919031337	93.467918496219	-65.209575425570	-5.125627561375	
0.250862068966	0.113488389997	0.128238786092	0.333087885637	44.674781524229	50.481284928884	131.120271593919	93.467892144040	-65.209770551245	-5.126027951420	
0.251724137931	0.113485641709	0.128236823281	0.333089249234	44.673699658483	50.480512266971	131.120808374519	93.467970160970	-65.210094598388	-5.126860445974	
0.252586206897	0.113482789586	0.128233139440	0.333091030465	44.672576918451	50.479062120556	131.121509557454	93.468148873529	-65.210537343333	-5.128080232313	
0.253448275862	0.113479937062	0.128227969057	0.333093150208	44.671454020342	50.477026795662	131.122343995645	93.468417840401	-65.211079790826	-5.129615211724	
0.254310344828	0.113477194351	0.128221644221	0.333095510530	44.670374350283	50.474537019860	131.123273138038	93.468761643996	-65.211696586491	-5.131370971374	
0.255172413793	0.113474671608	0.128214574595	0.333097998461	44.669381270808	50.471754057002	131.124252513933	93.469160280034	-65.212357228584	-5.133236563920	
0.256034482759	0.113472471251	0.128207221813	0.333100498298	44.668515099005	50.468859629292	131.125236576306	93.469591540292	-65.213029316210	-5.135091407758	
0.256896551724	0.113470681721	0.128200073785	0.333102896418	44.667810649231	50.466045803050	131.126180597828	93.470031769935	-65.213680240033	-5.136812042813	
0.257758620690	0.113469371502	0.128193617078	0.333105093152	44.667294880568	50.463504116108	131.127045343685	93.470458365869	-65.214280472949	-5.138279051360	
0.258620689655	0.113468585411	0.128188312811	0.333107005854	44.666985435379	50.461416087914	131.127798280007	93.470850397235	-65.214804906340	-5.139382909733	
0.259482758621	0.113468341882	0.128184573851	0.333108577767	44.666889570073	50.459944243580	131.128417064607	93.471190728496	-65.215235385681	-5.140029233421	
0.260344827586	0.113468632850	0.128182748176	0.333109777240	44.667004109635	50.459225565505	131.128889238084	93.471466072021	-65.215561004836	-5.140142343493	
0.261206896552	0.113469424787	0.128183105406	0.333110602133	44.667315856377	50.459366189307	131.129213957939	93.471668398824	-65.215779370628	-5.139667866757	
0.262068965517	0.113470662081	0.128185830497	0.333111074494	44.667802917943	50.460438923100	131.129399903004	93.471794210222	-65.215895556488	-5.138573511735	
0.262931034483	0.113472271136	0.128191020708	0.333111240630	44.668436323595	50.462482053115	131.129465302585	93.471845158278	-65.215922036407	-5.136848988588	
0.263793103448	0.113474166048	0.128198689067	0.333111162164	44.669182256973	50.465500708113	131.129434414590	93.471826597907	-65.215876477905	-5.134504389405	
0.264655172414	0.113476254197	0.128208769767	0.333110913362	44.670004258003	50.469468982285	131.129336473316	93.471747602172	-65.215780740308	-5.131568173004	
0.265517241379	0.113478442397	0.128221128279	0.333110570640	44.670865644727	50.474333918877	131.129201560468	93.471619082287	-65.215658072794	-5.128084138860	
0.266379310345	0.113480642094	0.128235571386	0.333110209508	44.671731556807	50.480019457805	131.129059400524	93.471453552504	-65.215531854403	-5.124108587506	
0.267241379310	0.113482774197	0.128251859929	0.333109894940	44.672570860469	50.486431453726	131.128935570975	93.471263205011	-65.215422917591	-5.119706998157	
0.268103448276	0.113484772327	0.128269719630	0.333109680151	44.673357426014	50.493461937265	131.128851019051	93.471059803471	-65.215348724780	-5.114951363004	
0.268965517241	0.113486585180	0.128288853160	0.333109599661	44.674071056673	50.500993864318	131.128819334112	93.470853050614	-65.215321422172	-5.109917370771	
0.269827586207	0.113488177113	0.128308949219	0.333109671209	44.674697722203	50.508904691547	131.128847498887	93.470650878033	-65.215347916285	-5.104682465890	
0.270689655172	0.113489527825	0.128329692267	0.333109892200	44.675229430996	50.517070206481	131.128934492162	93.470458285449	-65.215428944388	-5.099323820796	
0.271551724138	0.113490630582	0.128350769097	0.333110244794	44.675663531710	50.525367114530	131.129073291060	93.470278108638	-65.215560146038	-5.093917149934	
0.272413793103	0.113491489921	0.128371876219	0.333110695178	44.676001811398	50.533675947491	131.129250584860	93.470110317305	-65.215732056181	-5.088535295083	
0.273275862069	0.113492118573	0.128392724488	0.333111200780	44.676249280450	50.541882882775	131.129449615732	93.469953165487	-65.215931913534	-5.083247478726	
0.274137931034	0.113492534465	0.128413045024	0.333111710969	44.676412996779	50.549882075322	131.129650451726	93.469802787875	-65.216144188951	-5.078118126439	
0.275000000000	0.113492757676	0.128432592819	0.333112174809	44.676500863731	50.557577078198	131.129833042860	93.469654533369	-65.216352663423	-5.073206199274	
0.275862068966	0.113492808032	0.128451151967	0.333112541584	44.676520686658	50.564882899362	131.129977423882	93.469502644906	-65.216540994062	-5.068563976805	
0.276724137931	0.113492703193	0.128468538680	0.333112767648	44.676479416580	50.571727190753	131.130066414287	93.469341571764	-65.216694585710	-5.064236322579	
0.277586206897	0.113492457658	0.128484605803	0.333112815584	44.676382761554	50.578052024678	131.130085284296	93.469165556557	-65.216800781846	-5.060259437416	
0.278448275862	0.113492082454	0.128499244787	0.333112659327	44.676235062274	50.583814670572	131.130023773772	93.468969794638	-65.216850215674	-5.056660220334	
0.279310344828	0.113491585661	0.128512388655	0.333112281521	44.676039499552	50.588988762979	131.129875049927	93.468749845920	-65.216836427893	-5.053455281924	
0.280172413793	0.113490973453	0.128524011860	0.333111676868	44.675798503344	50.593564245551	131.129637027804	93.468502611598	-65.216756624060	-5.050650772026	
0.281034482759	0.113490251586	0.128534130585	0.333110847978	44.675514339745	50.597547488680	131.129310734784	93.468225584489	-65.216610761426	-5.048242049676	
0.281896551724	0.113489427019	0.128542799503	0.333109807505	44.675189748648	50.600960014030	131.128901152009	93.467917692866	-65.216401853559	-5.046214337626	
0.282758620690	0.113488509475	0.128550108743	0.333108573203	44.674828556772	50.603837301117	131.128415268064	93.467578458615	-65.216134737751	-5.044543316668	
0.283620689655	0.113487512717	0.128556177350	0.333107169629	44.674436182306	50.606226212437	131.127862750443	93.467208785898	-65.215816180901	-5.043196738433	
0.284482758621	0.113486455339	0.128561147262	0.333105623162	44.674019944757	50.608182621729	131.127253982600	93.466810097283	-65.215453589576	-5.042135912676	
0.285344827586	0.113485361037	0.128565174354	0.333103963912	44.673589171954	50.609767889167	131.126600817669	93.466385122299	-65.215055161652	-5.041318077905	
0.286206896552	0.113484258185	0.128568420800	0.333102221170	44.673155033370	50.611045855032	131.125914786128	93.465937042871	-65.214628742298	-5.040698426750	
0.287068965517	0.113483178919	0.128571045464	0.333100425822	44.672730179600	50.612079055665	131.125208046047	93.465470289805	-65.214182169367	-5.040232757873	
0.287931034483	0.113482157598	0.128573196613	0.333098606330	44.672328136152	50.612925856899	131.124491801897	93.464989682356	-65.213722360394	-5.039879487273	
0.288793103448	0.113481229041	0.128575003642	0.333096791596	44.671962608861	50.613637195066	131.123777430723	93.464501202073	-65.213255877291	-5.039602007171	
0.289655172414	0.113480426405	0.128576571981	0.333095007312	44.671646650853	50.614254572741	131.123075045784	93.464011087294	-65.212788217296	-5.039370141030	
0.290517241379	0.113479779253	0.128577977665	0.333093279036	44.671391899009	50.614807921335	131.122394709005	93.463526546871	-65.212324531487	-5.039161748005	
0.291379310345	0.113479311590	0.128579265513	0.333091628682	44.671207803082	50.615314883529	131.121745046101	93.463054781188	-65.211869031007	-5.038963277623	
0.292241379310	0.113479040467	0.128580447119	0.333090077617	44.671101075236	50.615780023550	131.121134468258	93.462603624635	-65.211425764471	-5.038770416053	
0.293103448276	0.113478974812	0.128581502365	0.333088643150	44.671075230165	50.616195421692	131.120569789335	93.462180502329	-65.210998051120	-5.038587683046	
0.293965517241	0.113479115062	0.128582380438	0.333087341624	44.671130439490	50.616541075830	131.120057442734	93.461793032121	-65.210589247130	-5.038428198497	
0.294827586207	0.113479453088	0.128583003916	0.333086184960	44.671263503649	50.616786508383	131.119602121012	93.461447966743	-65.210202159464	-5.038312512439	
0.295689655172	0.113479972961	0.128583271812	0.333085183856	44.671468152126	50.616891965738	131.119208036050	93.461151818135	-65.209839780429	-5.038267761558	
0.296551724138	0.113480651885	0.128583065131	0.333084344555	44.671735410863	50.616810605718	131.118877644512	93.460909853540	-65.209504683159	-5.038326043086	
0.297413793103	0.113481461817	0.128582250886	0.333083672312	44.672054241268	50.616490077573	131.118613015518	93.460726806984	-65.209199741199	-5.038523274742	
0.298275862069	0.113482370998	0.128580688216	0.333083168506	44.672412141041	50.615874931354	131.118414691985	93.460605982457	-65.208927529157	-5.038897396490	
0.299137931034	0.113483345925	0.128578232680	0.333082834445	44.672795921891	50.614908308241	131.118283188624	93.460550085830	-65.208691048883	-5.039487164276	
0.300000000000	0.113484352924	0.128574742514	0.333082668782	44.673192327642	50.613534402024	131.118217975434	93.460560444332	-65.208493146543	-5.040330344597	
0.300862068966	0.113485359933	0.128570083010	0.333082671517	44.673588737472	50.611700184852	131.118219051810	93.460637941032	-65.208337240854	-5.041462540544	
0.301724137931	0.113486337636	0.128564132895	0.333082841486	44.673973610621	50.609357918121	131.118285960418	93.460782308076	-65.208226733362	-5.042915423286	
0.302586206897	0.113487260662	0.128556788897	0.333083180252	44.674336960725	50.606466948271	131.118419315763	93.460993099760	-65.208165698327	-5.044715599469	
0.303448275862	0.113488108012	0.128547972319	0.333083689318	44.674670520493	50.602996296519	131.118619710160	93.461268982406	-65.208158232374	-5.046882880102	
0.304310344828	0.113488863533	0.128537633736	0.333084373549	44.674967931789	50.598926506294	131.118889058017	93.461608663829	-65.208209046517	-5.049429207470	
0.305172413793	0.113489515623	0.128525759505	0.333085237802	44.675224627645	50.594252207176	131.119229271648	93.462010103212	-65.208322697994	-5.052357022802	
0.306034482759	0.113490057104	0.128512376042	0.333086289649	44.675437782047	50.588983797997	131.119643331900	93.462471333991	-65.208504039629	-5.055658374018	
0.306896551724	0.113490484414	0.128497555410	0.333087535320	44.675605992659	50.583149646039	131.120133691234	93.462989553982	-65.208757309760	-5.059313572996	
0.307758620690	0.113490797148	0.128481418021	0.333088981756	44.675729100588	50.576797152018	131.120703081589	93.463561828869	-65.209086441670	-5.063290740883	
0.308620689655	0.113490997069	0.128464135919	0.333090632030	44.675807799870	50.569994040985	131.121352713067	93.464184080782	-65.209494044904	-5.067545064740	
0.309482758621	0.113491087645	0.128445932413	0.333092487043	44.675843454891	50.562828218319	131.122082940295	93.464851719188	-65.209981639238	-5.072019117538	
0.310344827586	0.113491073168	0.128427081559	0.333094540848	44.675837756033	50.555407567145	131.122891422140	93.465558601016	-65.210548618989	-5.076643048327	
0.311206896552	0.113490958544	0.128407903415	0.333096782476	44.675792634280	50.547858077466	131.123773840548	93.466297679641	-65.211192523631	-5.081335970170	
0.312068965517	0.113490748721	0.128388758730	0.333099191688	44.675710037506	50.540321759371	131.124722228268	93.467060038011	-65.211908109157	-5.086007300777	
0.312931034483	0.113490448832	0.128370039283	0.333101741438	44.675591985972	50.532952836556	131.125725939071	93.467835656153	-65.212687779699	-5.090559325128	
0.313793103448	0.113490063964	0.128352157830	0.333104394498	44.675440482314	50.525913790372	131.126770318231	93.468612608826	-65.213520880276	-5.094889658216	
0.314655172414	0.113489599615	0.128335534186	0.333107106901	44.675257691035	50.519369881756	131.127838057428	93.469378023063	-65.214394382967	-5.098894803363	
0.315517241379	0.113489061701	0.128320581744	0.333109825638	44.675045940676	50.513483842791	131.128908289853	93.470117487326	-65.215292465526	-5.102473405882	
0.316379310345	0.113488457167	0.128307691223	0.333112493132	44.674807965519	50.508409480435	131.129958351028	93.470816213938	-65.216197481162	-5.105530332906	
0.317241379310	0.113487794044	0.128297216168	0.333115045929	44.674546926643	50.504285967903	131.130963261053	93.471458643797	-65.217089814775	-5.107980125016	
0.318103448276	0.113487082017	0.128289457155	0.333117419951	44.674266636922	50.501231627397	131.131897796293	93.472029765062	-65.217949090257	-5.109750918510	
0.318965517241	0.113486332338	0.128284649259	0.333119549811	44.673971525242	50.499338995709	131.132736217302	93.472514838686	-65.218754225117	-5.110787372013	
0.319827586207	0.113485558180	0.128282949702	0.333121374412	44.673666777497	50.498669963785	131.133454472631	93.472900775265	-65.219484767680	-5.111053708901	
0.320689655172	0.113484774272	0.128284430095	0.333122836371	44.673358191334	50.499252721724	131.134029974031	93.473175870790	-65.220121023848	-5.110535444362	
0.321551724138	0.113483996950	0.128289069987	0.333123887433	44.673052198043	50.501079218300	131.134443724988	93.473331122849	-65.220645386160	-5.109240962952	
0.322413793103	0.113483243479	0.128296755807	0.333124487509	44.672755593741	50.504104746482	131.134679945584	93.473359861868	-65.221042394398	-5.107201587856	
0.323275862069	0.113482531818	0.128307281611	0.333124609442	44.672475447767	50.508248236314	131.134727944356	93.473258899008	-65.221299923622	-5.104471388752	
0.324137931034	0.113481879687	0.128320355342	0.333124237278	44.672218736080	50.513394719388	131.134581442015	93.473027962885	-65.221409060669	-5.101125458672	
0.325000000000	0.113481304157	0.128335606656	0.333123370081	44.671992178182	50.519398409363	131.134240068990	93.472670607359	-65.221365052125	-5.097257992918	
0.325862068966	0.113480820607	0.128352599676	0.333122019239	44.671801828500	50.526087723171	131.133708309362	93.472193407050	-65.221166921159	-5.092978984605	
0.326724137931	0.113480442296	0.128370846444	0.333120211219	44.671652906292	50.533270575842	131.132996580931	93.471606600266	-65.220818123306	-5.088410939739	
0.327586206897	0.113480179392	0.128389824172	0.333117983898	44.671549413957	50.540741171538	131.132119794413	93.470923044742	-65.220325877902	-5.083684487908	
0.328448275862	0.113480038694	0.128408991897	0.333115388312	44.671494028069	50.548286559404	131.131098040456	93.470158616981	-65.219701527985	-5.078934331849	
0.329310344828	0.113480022894	0.128427809516	0.333112484158	44.671487808139	50.555694127738	131.129954818293	93.469330971208	-65.218959605651	-5.074294441140	
0.330172413793	0.113480130590	0.128445754787	0.333109340729	44.671530203074	50.562758295815	131.128717405101	93.468459752643	-65.218117933803	-5.069893939486	
0.331034482759	0.113480355892	0.128462341282	0.333106031818	44.671618893009	50.569287580707	131.127414850027	93.467565232292	-65.217196480881	-5.065852587825	
0.331896551724	0.113480688791	0.128477132969	0.333102636130	44.671749939269	50.575110338500	131.126078135165	93.466668414678	-65.216217273382	-5.062277288152	
0.332758620690	0.113481115141	0.128489758543	0.333099231902	44.671917772049	50.580080404172	131.124738058582	93.465789637617	-65.215203122394	-5.059258480709	
0.333620689655	0.113481617385	0.128499921363	0.333095897118	44.672115480898	50.584081005282	131.123425318586	93.464948665658	-65.214177438520	-5.056867812397	
0.334482758621	0.113482174858	0.128507408314	0.333092704205	44.672334930376	50.587028248447	131.122168426476	93.464163348821	-65.213162930991	-5.055155902087	
0.335344827586	0.113482764795	0.128512093691	0.333089720422	44.672567159424	50.588872650415	131.120993858253	93.463449792848	-65.212181430799	-5.054151520031	
0.336206896552	0.113483362846	0.128513941649	0.333087003002	44.672802582570	50.589600100376	131.119924144078	93.462821165295	-65.211252672288	-5.053860951487	
0.337068965517	0.113483944236	0.128513003579	0.333084600076	44.673031447294	50.589230828390	131.118978230542	93.462288023253	-65.210394233498	-5.054268796586	
0.337931034483	0.113484484353	0.128509414171	0.333082546611	44.673244064731	50.587817855307	131.118169882419	93.461857338982	-65.209620505566	-5.055338920241	
0.338793103448	0.113484959907	0.128503382788	0.333080866171	44.673431266840	50.585443597491	131.117508376241	93.461533044532	-65.208942846603	-5.057016740959	
0.339655172414	0.113485349447	0.128495184104	0.333079567908	44.673584609665	50.582216179940	131.116997313943	93.461315321619	-65.208368821739	-5.059231523023	
0.340517241379	0.113485634389	0.128485144837	0.333078649339	44.673696777251	50.578264215535	131.116635718908	93.461201389790	-65.207902634546	-5.061899806585	
0.341379310345	0.113485799341	0.128473630686	0.333078094479	44.673761710510	50.573731662254	131.116417297961	93.461185067540	-65.207544678510	-5.064928603701	
0.342241379310	0.113485832896	0.128461030462	0.333077877635	44.673774919510	50.568771575840	131.116331937128	93.461257789734	-65.207292259634	-5.068219457157	
0.343103448276	0.113485727699	0.128447741583	0.333077962554	44.673733508590	50.563540399634	131.116365365478	93.461408402348	-65.207139442888	-5.071671971838	
0.343965517241	0.113485480953	0.128434153993	0.333078307015	44.673636377053	50.558191635253	131.116500962659	93.461624350957	-65.207078020052	-5.075187899692	
0.344827586207	0.113485094199	0.128420636663	0.333078862667	44.673484130799	50.552870529362	131.116719695420	93.461891630275	-65.207097575558	-5.078674394548	
0.345689655172	0.113484573534	0.128407523713	0.333079579999	44.673279170814	50.547708607548	131.117002073872	93.462196048475	-65.207186598400	-5.082047526472	
0.346551724138	0.113483929124	0.128395104166	0.333080408390	44.673025498213	50.542819644569	131.117328170340	93.462523222263	-65.207332645385	-5.085234703666	
0.347413793103	0.113483175171	0.128383612268	0.333081300934	44.672728704129	50.538295851082	131.117679520839	93.462859802630	-65.207523462506	-5.088177125102	
0.348275862069	0.113482329200	0.128373222176	0.333082214173	44.672395687313	50.534205784529	131.118039018287	93.463193397754	-65.207747105216	-5.090830965678	
0.349137931034	0.113481411840	0.128364043729	0.333083112292	44.672034567843	50.530592682754	131.118392563142	93.463513649532	-65.207992933098	-5.093168469267	
0.350000000000	0.113480445944	0.128356122852	0.333083966076	44.671654342119	50.527474623898	131.118728655761	93.463811983280	-65.208251562326	-5.095177718516	
0.350862068966	0.113479456245	0.128349443047	0.333084756122	44.671264746524	50.524845114386	131.119039658217	93.464082453616	-65.208515631068	-5.096862317332	
0.351724137931	0.113478468389	0.128343931272	0.333085470791	44.670875876252	50.522675400126	131.119320987974	93.464321259160	-65.208779506819	-5.098239823472	
0.352586206897	0.113477508525	0.128339464396	0.333086108302	44.670498025309	50.520917011541	131.119571944782	93.464527323929	-65.209039778099	-5.099340222669	
0.353448275862	0.113476602315	0.128335879324	0.333086673686	44.670141295214	50.519505745432	131.119794508301	93.464701568032	-65.209294705096	-5.100203338484	
0.354310344828	0.113475774530	0.128332982805	0.333087179914	44.669815437072	50.518365528716	131.119993785621	93.464847245628	-65.209544461100	-5.100876507849	
0.355172413793	0.113475048095	0.128330563860	0.333087644095	44.669529475460	50.517413309535	131.120176510799	93.464969015672	-65.209790379544	-5.101411450329	
0.356034482759	0.113474443759	0.128328404802	0.333088087993	44.669291577920	50.516563394704	131.120351251439	93.465073105770	-65.210035026243	-5.101861674524	
0.356896551724	0.113473979239	0.128326293722	0.333088533875	44.669108719359	50.515732366669	131.120526773062	93.465166267674	-65.210281342326	-5.102279354837	
0.357758620690	0.113473669026	0.128324034488	0.333089004884	44.668986603858	50.514843017732	131.120712186071	93.465255866618	-65.210532660383	-5.102713007875	
0.358620689655	0.113473523695	0.128321457201	0.333089521004	44.668929394118	50.513828466981	131.120915357197	93.465348825073	-65.210791859128	-5.103204879779	
0.359482758621	0.113473549897	0.128318425298	0.333090099730	44.668939708764	50.512634956204	131.121143173190	93.465451743408	-65.211061436504	-5.103789335736	
0.360344827586	0.113473749895	0.128314842427	0.333090752545	44.669018438008	50.511224556900	131.121400153906	93.465569929573	-65.211342776356	-5.104491120939	
0.361206896552	0.113474121789	0.128310655496	0.333091486211	44.669164834277	50.509576368498	131.121688962172	93.465707639766	-65.211636362644	-5.105324731913	
0.362068965517	0.113474659305	0.128305857220	0.333092300002	44.669376427739	50.507687523943	131.122009311475	93.465867265103	-65.211941218860	-5.106293716242	
0.362931034483	0.113475352280	0.128300484814	0.333093187763	44.669649218082	50.505572672666	131.122358779105	93.466049746556	-65.212255300464	-5.107391084820	
0.363793103448	0.113476186708	0.128294618359	0.333094135928	44.669977691277	50.503263338552	131.122732024920	93.466253950759	-65.212575117722	-5.108599606049	
0.364655172414	0.113477145465	0.128288375671	0.333095126309	44.670355106336	50.500805900341	131.123121889112	93.466477272012	-65.212896293574	-5.109893120264	
0.365517241379	0.113478208572	0.128281907381	0.333096134766	44.670773599235	50.498259653650	131.123518868810	93.466715188572	-65.213213334642	-5.111237608018	
0.366379310345	0.113479354114	0.128275389162	0.333097134517	44.671224542634	50.495693752407	131.123912421571	93.466962026023	-65.213520302700	-5.112593121374	
0.367241379310	0.113480558647	0.128269014900	0.333098095210	44.671698707827	50.493184519844	131.124290599166	93.467210651975	-65.213810668460	-5.113915295058	
0.368103448276	0.113481798208	0.128262987789	0.333098986471	44.672186661759	50.490811943264	131.124641444620	93.467453347600	-65.214078024626	-5.115157537923	
0.368965517241	0.113483048770	0.128257513130	0.333099777072	44.672678946642	50.488656840310	131.124952665198	93.467681578682	-65.214315948119	-5.116272624447	
0.369827586207	0.113484287240	0.128252789792	0.333100438427	44.673166470945	50.486797494985	131.125213008054	93.467886909422	-65.214518684088	-5.117214797072	
0.370689655172	0.113485491840	0.128249004012	0.333100943589	44.673640662635	50.485307220219	131.125411865623	93.468060783279	-65.214680953043	-5.117941118789	
0.371551724138	0.113486642984	0.128246322409	0.333101270457	44.674093811192	50.484251605215	131.125540537060	93.468195415277	-65.214798553676	-5.118413210292	
0.372413793103	0.113487723496	0.128244887762	0.333101400404	44.674519155441	50.483686855532	131.125591691049	93.468283524840	-65.214868076124	-5.118598141060	
0.373275862069	0.113488719271	0.128244814288	0.333101321063	44.674911143202	50.483657932401	131.125560458396	93.468319156894	-65.214887399543	-5.118469638862	
0.374137931034	0.113489619267	0.128246185842	0.333101024505	44.675265427165	50.484197845610	131.125443718177	93.468297326702	-65.214855302106	-5.118008418732	
0.375000000000	0.113490415905	0.128249053639	0.333100509557	44.675579024209	50.485326755836	131.125241008618	93.468214740243	-65.214771858374	-5.117202825121	
0.375862068966	0.113491104807	0.128253436810	0.333099779557	44.675850210807	50.487052194120	131.124953643421	93.468069333244	-65.214637963209	-5.116048615794	
0.376724137931	0.113491684944	0.128259322287	0.333098844262	44.676078582282	50.489369016212	131.124585463905	93.467860882792	-65.214455656064	-5.114549102461	
0.377586206897	0.113492158143	0.128266667255	0.333097717272	44.676264857173	50.492260367830	131.124141823382	93.467590443427	-65.214227593485	-5.112714495675	
0.378448275862	0.113492529022	0.128275400610	0.333096417653	44.676410853871	50.495698258749	131.123630227839	93.467260860551	-65.213957338855	-5.110561679042	
0.379310344828	0.113492804327	0.128285426632	0.333094967168	44.676519228018	50.499645009166	131.123059243143	93.466876122283	-65.213648823555	-5.108113268626	
0.380172413793	0.113492992737	0.128296627315	0.333093391756	44.676593395897	50.504054165721	131.122439081179	93.466441797869	-65.213306640369	-5.105397181330	
0.381034482759	0.113493104110	0.128308866567	0.333091718713	44.676637237740	50.508872155242	131.121780486604	93.465964332940	-65.212935527359	-5.102445566602	
0.381896551724	0.113493149237	0.128321992757	0.333089978169	44.676655002309	50.514039288800	131.121095320530	93.465451441456	-65.212540692543	-5.099294314975	
0.382758620690	0.113493139098	0.128335842884	0.333088200330	44.676651010770	50.519491400909	131.120395472908	93.464911373852	-65.212127340413	-5.095981989752	
0.383620689655	0.113493084644	0.128350244891	0.333086417042	44.676629575106	50.525160760745	131.119693480314	93.464353289602	-65.211701038806	-5.092549379447	
0.384482758621	0.113492996132	0.128365021446	0.333084659165	44.676594732363	50.530977561502	131.119001491024	93.463786523415	-65.211267290115	-5.089038507326	
0.385344827586	0.113492883013	0.128379991797	0.333082958268	44.676550202899	50.536870650414	131.118331931783	93.463220958952	-65.210831933001	-5.085492278911	
0.386206896552	0.113492753388	0.128394975066	0.333081344143	44.676499175883	50.542768824457	131.117696530398	93.462666310035	-65.210400743359	-5.081953595370	
0.387068965517	0.113492614044	0.128409791631	0.333079846611	44.676444323099	50.548601375073	131.117107025715	93.462132506994	-65.209979849366	-5.078465099897	
0.387931034483	0.113492470066	0.128424265992	0.333078493147	44.676387646013	50.554299217195	131.116574233593	93.461629000471	-65.209575335788	-5.075068381741	
0.388793103448	0.113492325024	0.128438227815	0.333077310740	44.676330550181	50.559795298087	131.116108778475	93.461165163135	-65.209193643208	-5.071803795951	
0.389655172414	0.113492180744	0.128451514527	0.333076323568	44.676273754065	50.565025621367	131.115720177445	93.460749615780	-65.208841146402	-5.068709726440	
0.390517241379	0.113492037636	0.128463972177	0.333075554838	44.676217419529	50.569929583727	131.115417566497	93.460390641348	-65.208524510443	-5.065822447054	
0.391379310345	0.113491894602	0.128475457911	0.333075024447	44.676161114040	50.574450950753	131.115208777552	93.460095529047	-65.208250220499	-5.063175416313	
0.392241379310	0.113491749477	0.128485840753	0.333074750753	44.676103985843	50.578538163594	131.115101037972	93.459870995920	-65.208024878182	-5.060799161367	
0.393103448276	0.113491599039	0.128495004016	0.333074748183	44.676044765470	50.582145288270	131.115100026059	93.459722545346	-65.207854674303	-5.058720598116	
0.393965517241	0.113491439517	0.128502846000	0.333075028919	44.675981969747	50.585232290384	131.115210537991	93.459654894390	-65.207745626235	-5.056962945339	
0.394827586207	0.113491266663	0.128509282267	0.333075600461	44.675913925448	50.587765931295	131.115435525940	93.459671347802	-65.207703004017	-5.055545091449	
0.395689655172	0.113491076288	0.128514246136	0.333076467273	44.675838984368	50.589719961576	131.115776746974	93.459774235624	-65.207731528661	-5.054481572488	
0.396551724138	0.113490864340	0.128517690647	0.333077628356	44.675755551048	50.591075895711	131.116233808101	93.459964310372	-65.207834780167	-5.053782029285	
0.397413793103	0.113490627431	0.128519588641	0.333079078938	44.675662291375	50.591823042360	131.116804830811	93.460241206544	-65.208015392903	-5.053451299763	
0.398275862069	0.113490362871	0.128519934193	0.333080808166	44.675558147320	50.591959069366	131.117485542677	93.460602874874	-65.208274486475	-5.053489019060	
0.399137931034	0.113490069148	0.128518742056	0.333082800946	44.675442522898	50.591489783822	131.118270001777	93.461046080011	-65.208611902293	-5.053889876422	
0.400000000000	0.113489745887	0.128516048362	0.333085035865	44.675315271244	50.590429409123	131.119149779290	93.461565888450	-65.209025701155	-5.054643401867	
0.400862068966	0.113489394239	0.128511909269	0.333087487294	44.675176844750	50.588800052406	131.120114785815	93.462156220949	-65.209512482149	-5.055734420375	
0.401724137931	0.113489016743	0.128506400834	0.333090123627	44.675028242918	50.586631653162	131.121152579983	93.462809407928	-65.210066982175	-5.057143043490	
0.402586206897	0.113488617593	0.128499616825	0.333092909709	44.674871117344	50.583961123454	131.122249322961	93.463516807726	-65.210682504513	-5.058845323060	
0.403448275862	0.113488202392	0.128491667794	0.333095805432	44.674707673239	50.580831982160	131.123389226501	93.464268435068	-65.211350637212	-5.060813432297	
0.404310344828	0.113487778289	0.128482678170	0.333098768488	44.674540724712	50.577293210527	131.124555635640	93.465053645715	-65.212061796913	-5.063016486408	
0.405172413793	0.113487353606	0.128472784706	0.333101753278	44.674373548156	50.573398641580	131.125730599932	93.465860831184	-65.212805058809	-5.065420864524	
0.406034482759	0.113486937859	0.128462133085	0.333104713908	44.674209888957	50.569205623764	131.126896054224	93.466678157131	-65.213568796740	-5.067991135344	
0.406896551724	0.113486541269	0.128450876028	0.333107603309	44.674053771028	50.564774276028	131.128033468551	93.467493304481	-65.214340594240	-5.070690448210	
0.407758620690	0.113486174679	0.128439169725	0.333110376333	44.673909462804	50.560166081655	131.129125071365	93.468294236467	-65.215107940958	-5.073481486361	
0.408620689655	0.113485848986	0.128427171915	0.333112988906	44.673781253218	50.555443135677	131.130153512780	93.469068955413	-65.215858177136	-5.076326847756	
0.409482758621	0.113485574981	0.128415038458	0.333115401067	44.673673391142	50.550666792290	131.131103061259	93.469806265410	-65.216579194538	-5.079189950145	
0.410344827586	0.113485362747	0.128402921692	0.333117575960	44.673589845052	50.545897019149	131.131959209531	93.470495509390	-65.217259360636	-5.082035332404	
0.411206896552	0.113485221479	0.128390967384	0.333119482646	44.673534234816	50.541191197705	131.132709777819	93.471127292643	-65.217888172275	-5.084829451899	
0.412068965517	0.113485158890	0.128379313566	0.333121094798	44.673509596581	50.536603664079	131.133344402655	93.471693167407	-65.218456112122	-5.087540859902	
0.412931034483	0.113485181076	0.128368088019	0.333122393146	44.673518330018	50.532184719962	131.133855498120	93.472186288756	-65.218955214954	-5.090140858896	
0.413793103448	0.113485291991	0.128357407673	0.333123363788	44.673561991738	50.527980394514	131.134237592091	93.472601023134	-65.219378825521	-5.092603533879	
0.414655172414	0.113485493410	0.128347376656	0.333124000226	44.673641280644	50.524031677906	131.134488126034	93.472933520178	-65.219722057605	-5.094906264890	
0.415517241379	0.113485784533	0.128338086232	0.333124301278	44.673755881523	50.520374496129	131.134606635364	93.473181236082	-65.219981444836	-5.097029622138	
0.416379310345	0.113486162093	0.128329613355	0.333124272737	44.673904508127	50.517039142647	131.134595400417	93.473343419918	-65.220155295450	-5.098957751427	
0.417241379310	0.113486620124	0.128322021059	0.333123924961	44.674084812400	50.514050429973	131.134458497977	93.473420557803	-65.220243249751	-5.100678157134	
0.418103448276	0.113487150249	0.128315357400	0.333123274246	44.674293496547	50.511427276235	131.134202343762	93.473414787174	-65.220246553760	-5.102181988965	
0.418965517241	0.113487741632	0.128309656185	0.333122340220	44.674526294786	50.509182989016	131.133834663730	93.473329280414	-65.220167553016	-5.103463741697	
0.419827586207	0.113488381439	0.128304936204	0.333121147080	44.674778155180	50.507324965548	131.133364983376	93.473168610553	-65.220009920360	-5.104521470091	
0.420689655172	0.113489054963	0.128301202207	0.333119720925	44.675043288384	50.505855074758	131.132803576485	93.472938100847	-65.219778123417	-5.105356427835	
0.421551724138	0.113489746236	0.128298444362	0.333118091003	44.675315408524	50.504769447300	131.132161956671	93.472644169337	-65.219477643163	-5.105973227067	
0.422413793103	0.113490438281	0.128296639453	0.333116287115	44.675587832312	50.504058943666	131.131451854991	93.472293671546	-65.219114449866	-5.106379426089	
0.423275862069	0.113491113815	0.128295750570	0.333114340978	44.675853756941	50.503709034181	131.130685756679	93.471894248881	-65.218695241698	-5.106585636148	
0.424137931034	0.113491755569	0.128295728545	0.333112283784	44.676106383689	50.503700364171	131.129875940806	93.471453686268	-65.218226952388	-5.106605054423	
0.425000000000	0.113492347007	0.128296511928	0.333110147736	44.676339203880	50.504008743557	131.129035084239	93.470980281660	-65.217717025983	-5.106453509761	
0.425862068966	0.113492872631	0.128298028732	0.333107963793	44.676546116041	50.504605834147	131.128175373319	93.470482231108	-65.217172964147	-5.106148929923	
0.426724137931	0.113493318643	0.128300196748	0.333105763365	44.676721688751	50.505459275374	131.127309173373	93.469968026285	-65.216602637504	-5.105711314617	
0.427586206897	0.113493673151	0.128302925670	0.333103576216	44.676861241381	50.506533517308	131.126448200752	93.469445869092	-65.216013866082	-5.105162127361	
0.428448275862	0.113493926714	0.128306117795	0.333101432275	44.676961056345	50.507790099276	131.125604236973	93.468924094188	-65.215414754511	-5.104524190182	
0.429310344828	0.113494072385	0.128309670526	0.333099359619	44.677018399898	50.509188634503	131.124788334380	93.468410606563	-65.214813288795	-5.103821000875	
0.430172413793	0.113494106083	0.128313477453	0.333097386320	44.677031665122	50.510687233920	131.124011544170	93.467913319181	-65.214217675757	-5.103076557804	
0.431034482759	0.113494026456	0.128317431174	0.333095538438	44.677000319972	50.512243618815	131.123284123924	93.467439602032	-65.213635935540	-5.102314619773	
0.431896551724	0.113493835055	0.128321424641	0.333093841819	44.676924974694	50.513815649559	131.122616248948	93.466996722532	-65.213076225412	-5.101558487298	
0.432758620690	0.113493536014	0.128325354166	0.333092320029	44.676807257092	50.515362509809	131.122017195344	93.466591294326	-65.212546410776	-5.100830240008	
0.433620689655	0.113493136050	0.128329120853	0.333090996060	44.676649810887	50.516845268715	131.121496013753	93.466229710026	-65.212054359552	-5.100150517111	
0.434482758621	0.113492643988	0.128332633572	0.333089890157	44.676456110489	50.518228052958	131.121060674538	93.465917582140	-65.211607482851	-5.099537781096	
0.435344827586	0.113492070630	0.128335810239	0.333089021427	44.676230407659	50.519478550190	131.120718698122	93.465660163087	-65.211212996297	-5.099008149982	
0.436206896552	0.113491428181	0.128338580516	0.333088405569	44.675977507253	50.520569071730	131.120476265194	93.465461777021	-65.210877432341	-5.098574741703	
0.437068965517	0.113490730047	0.128340886694	0.333088056399	44.675702686263	50.521476899883	131.120338814360	93.465326229389	-65.210606875988	-5.098247611454	
0.437931034483	0.113489990228	0.128342685874	0.333087983546	44.675411456160	50.522185148515	131.120310135662	93.465256235569	-65.210406461317	-5.098033226607	
0.438793103448	0.113489223111	0.128343950248	0.333088193946	44.675109480111	50.522682870019	131.120392959697	93.465253828964	-65.210280598259	-5.097934553139	
0.439655172414	0.113488442893	0.128344668580	0.333088689572	44.674802346585	50.522965641878	131.120588063316	93.465319798236	-65.210232473356	-5.097950697328	
0.440517241379	0.113487663421	0.128344845730	0.333089468990	44.674495506996	50.523035377229	131.120894881824	93.465454107677	-65.210264289699	-5.098077167821	
0.441379310345	0.113486897698	0.128344503351	0.333090525200	44.674194079555	50.522900599390	131.121310659685	93.465655358106	-65.210376795096	-5.098305700032	
0.442241379310	0.113486157812	0.128343678604	0.333091847333	44.673902822747	50.522575937371	131.121831118232	93.465921234924	-65.210569558323	-5.098624698688	
0.443103448276	0.113485454541	0.128342424070	0.333093418682	44.673625979935	50.522082089291	131.122449680786	93.466248007512	-65.210840546176	-5.099019238298	
0.443965517241	0.113484797398	0.128340805717	0.333095218605	44.673367294915	50.521445023262	131.123158221413	93.466631018638	-65.211186455155	-5.099471668774	
0.444827586207	0.113484194336	0.128338902113	0.333097220796	44.673129899331	50.520695668245	131.123946385300	93.467064233970	-65.211602353625	-5.099961764474	
0.445689655172	0.113483651897	0.128336801790	0.333099395433	44.672916367932	50.519868874684	131.124802432949	93.467540781842	-65.212082081086	-5.100467456737	
0.446551724138	0.113483175016	0.128334601935	0.333101707712	44.672728643210	50.519002900522	131.125712662939	93.468052558511	-65.212617962824	-5.100965088336	
0.447413793103	0.113482767240	0.128332405342	0.333104120229	44.672568122085	50.518138210011	131.126662351753	93.468590820579	-65.213201279762	-5.101430224019	
0.448275862069	0.113482430610	0.128330318798	0.333106591760	44.672435607506	50.517316840722	131.127635271612	93.469145844411	-65.213822053471	-5.101837957993	
0.449137931034	0.113482165929	0.128328449857	0.333109079854	44.672331415351	50.516581130623	131.128614711715	93.469707565973	-65.214469579722	-5.102163748264	
0.450000000000	0.113481972676	0.128326905155	0.333111539798	44.672255341338	50.515973057680	131.129583070111	93.470265285310	-65.215132272579	-5.102383722520	
0.450862068966	0.113481849308	0.128325787229	0.333113927344	44.672206777514	50.515532985286	131.130522929263	93.470808341393	-65.215798245698	-5.102475483370	
0.451724137931	0.113481793185	0.128325192985	0.333116197785	44.672184684652	50.515299060879	131.131416689874	93.471325845980	-65.216455196094	-5.102418362257	
0.452586206897	0.113481800871	0.128325210766	0.333118308731	44.672187710158	50.515306060530	131.132247665163	93.471807375483	-65.217091010974	-5.102194149092	
0.453448275862	0.113481868062	0.128325919160	0.333120219188	44.672214159896	50.515584920072	131.132999718123	93.472242713992	-65.217693666390	-5.101787252580	
0.454310344828	0.113481989879	0.128327384479	0.333121892287	44.672262113298	50.516161743966	131.133658334736	93.472622540738	-65.218251833476	-5.101185317941	
0.455172413793	0.113482160790	0.128329660052	0.333123294266	44.672329392448	50.517057524929	131.134210224653	93.472938160057	-65.218754765127	-5.100379263230	
0.456034482759	0.113482374892	0.128332784239	0.333124397047	44.672413673976	50.518287363319	131.134644334953	93.473182162448	-65.219192875085	-5.099363760978	
0.456896551724	0.113482625831	0.128336780291	0.333125177036	44.672512456265	50.519860411922	131.134951378232	93.473348120037	-65.219557587119	-5.098137132406	
0.457758620690	0.113482907080	0.128341654971	0.333125617469	44.672623169936	50.521779332966	131.135124755179	93.473431201575	-65.219841863654	-5.096701681019	
0.458620689655	0.113483211856	0.128347399030	0.333125706959	44.672743145417	50.524040485438	131.135159982948	93.473427815640	-65.220039996600	-5.095063438855	
0.459482758621	0.113483533408	0.128353986451	0.333125441551	44.672869724370	50.526633628258	131.135055504889	93.473336164379	-65.220148067877	-5.093232351814	
0.460344827586	0.113483864932	0.128361375545	0.333124822982	44.673000229354	50.529542349989	131.134812004580	93.473155822704	-65.220163668548	-5.091221883106	
0.461206896552	0.113484199868	0.128369508796	0.333123860429	44.673132076975	50.532744009774	131.134433094833	93.472888222334	-65.220086282022	-5.089049060468	
0.462068965517	0.113484531819	0.128378314531	0.333122568475	44.673262749569	50.536210393485	131.133924516326	93.472536162157	-65.219916926691	-5.086733951689	
0.462931034483	0.113484854844	0.128387707315	0.333120968568	44.673389908556	50.539907869128	131.133294712048	93.472104221797	-65.219658461787	-5.084299592665	
0.463793103448	0.113485163383	0.128397590113	0.333119086725	44.673511365466	50.543798239430	131.132553923064	93.471598206023	-65.219315157780	-5.081771357792	
0.464655172414	0.113485452539	0.128407855144	0.333116954743	44.673625191750	50.547839075712	131.131714667225	93.471025494357	-65.218892933572	-5.079176794960	
0.465517241379	0.113485717983	0.128418386434	0.333114607711	44.673729684018	50.551984725159	131.130790756241	93.470394429338	-65.218398867107	-5.076544919339	
0.466379310345	0.113485956217	0.128429061003	0.333112085043	44.673823464990	50.556186776368	131.129797706516	93.469714615043	-65.217841379210	-5.073905986564	
0.467241379310	0.113486164454	0.128439751684	0.333109427872	44.673905437490	50.560395170165	131.128751709210	93.468996264589	-65.217229702846	-5.071290742988	
0.468103448276	0.113486340837	0.128450328503	0.333106679997	44.673974870819	50.564558742071	131.127670006380	93.468250464587	-65.216574033286	-5.068730170904	
0.468965517241	0.113486484283	0.128460661615	0.333103885239	44.674031338555	50.568626378809	131.126569847914	93.467488500556	-65.215884976734	-5.066254730336	
0.469827586207	0.113486594655	0.128470622729	0.333101088391	44.674074786635	50.572547577986	131.125468866742	93.466722106566	-65.215173688195	-5.063894111590	
0.470689655172	0.113486672556	0.128480088002	0.333098332617	44.674105452362	50.576273589359	131.124384054587	93.465962788061	-65.214451319868	-5.061676503405	
0.471551724138	0.113486719452	0.128488939356	0.333095660479	44.674123912950	50.579757930650	131.123332165414	93.465222075551	-65.213729165869	-5.059628386886	
0.472413793103	0.113486737421	0.128497067178	0.333093111444	44.674130986571	50.582957453453	131.122328736293	93.464510862949	-65.213018128088	-5.057773862862	
0.473275862069	0.113486729235	0.128504371379	0.333090723044	44.674127763800	50.585832756957	131.121388541129	93.463839681958	-65.212328882959	-5.056134518203	
0.474137931034	0.113486698067	0.128510763763	0.333088528543	44.674115494630	50.588349123337	131.120524674337	93.463218070856	-65.211671377543	-5.054728840886	
0.475000000000	0.113486647550	0.128516168695	0.333086558252	44.674095608552	50.590476778432	131.119749067645	93.462654882197	-65.211055028075	-5.053572184701	
0.475862068966	0.113486581465	0.128520525026	0.333084837381	44.674069594094	50.592191650843	131.119071645652	93.462157692883	-65.210488253755	-5.052676294513	
0.476724137931	0.113486503784	0.128523786265	0.333083387527	44.674039015130	50.593475439998	131.118500909852	93.461733153304	-65.209978711635	-5.052049388157	
0.477586206897	0.113486418368	0.128525921982	0.333082224711	44.674005391138	50.594316166417	131.118043166369	93.461386444761	-65.209532870132	-5.051695806994	
0.478448275862	0.113486329016	0.128526917423	0.333081361021	44.673970217564	50.594708022627	131.117703174179	93.461121673614	-65.209156280386	-5.051616225200	
0.479310344828	0.113486239183	0.128526774342	0.333080802824	44.673934854625	50.594651698433	131.117483439654	93.460941377864	-65.208853188109	-5.051807431585	
0.480172413793	0.113486152060	0.128525510046	0.333080552554	44.673900558586	50.594154007491	131.117384920853	93.460846965880	-65.208626838313	-5.052262667292	
0.481034482759	0.113486070328	0.128523157661	0.333080607067	44.673868384695	50.593227989737	131.117406379713	93.460838270141	-65.208479121877	-5.052971534659	
0.481896551724	0.113485996276	0.128519764641	0.333080959544	44.673839233997	50.591892324858	131.117545132728	93.460914027332	-65.208410909738	-5.053920454642	
0.482758620690	0.113485931597	0.128515392508	0.333081597973	44.673813773194	50.590171231914	131.117796450568	93.461071474586	-65.208421730001	-5.055092689032	
0.483620689655	0.113485877551	0.128510114903	0.333082507141	44.673792498050	50.588093698881	131.118154345319	93.461306865472	-65.208510127816	-5.056468898893	
0.484482758621	0.113485834802	0.128504016900	0.333083667214	44.673775669856	50.585693216045	131.118611008755	93.461615102851	-65.208673369781	-5.058027257735	
0.485344827586	0.113485803617	0.128497192700	0.333085055804	44.673763393689	50.583006865062	131.119157628227	93.461990284056	-65.208907827104	-5.059744084676	
0.486206896552	0.113485783737	0.128489744652	0.333086646626	44.673755567928	50.580074935949	131.119783856209	93.462425363513	-65.209208705205	-5.061594018601	
0.487068965517	0.113485774605	0.128481780722	0.333088411623	44.673751973120	50.576939929614	131.120478648642	93.462912720205	-65.209570448512	-5.063550693985	
0.487931034483	0.113485775256	0.128473413369	0.333090319692	44.673752229525	50.573646115481	131.121229761024	93.463443842913	-65.209986494791	-5.065586942267	
0.488793103448	0.113485784557	0.128464756941	0.333092338850	44.673755890789	50.570238506693	131.122024604253	93.464009912841	-65.210449700779	-5.067675475231	
0.489655172414	0.113485801102	0.128455926550	0.333094435019	44.673762403964	50.566762417305	131.122849762438	93.464601504369	-65.210952120032	-5.069789078743	
0.490517241379	0.113485823453	0.128447035547	0.333096574223	44.673771202234	50.563262467778	131.123691861514	93.465209175482	-65.211485448247	-5.071901269524	
0.491379310345	0.113485850025	0.128438194533	0.333098721410	44.673781662245	50.559782196840	131.124537103327	93.465823176744	-65.212040822646	-5.073986448663	
0.492241379310	0.113485879313	0.128429509044	0.333100842674	44.673793191737	50.556363148124	131.125372140266	93.466434042061	-65.212609283597	-5.076020501818	
0.493103448276	0.113485909769	0.128421078814	0.333102904089	44.673805180486	50.553044582493	131.126183617662	93.467032298090	-65.213181591055	-5.077980885463	
0.493965517241	0.113485939998	0.128412995767	0.333104873925	44.673817080245	50.549862685597	131.126959044978	93.467609047382	-65.213748696490	-5.079847147184	
0.494827586207	0.113485968622	0.128405343622	0.333106721477	44.673828348000	50.546850413545	131.127686334992	93.468155669936	-65.214301568603	-5.081600925659	
0.495689655172	0.113485994456	0.128398196254	0.333108419235	44.673838517821	50.544036847299	131.128354658615	93.468664390349	-65.214831666256	-5.083226376426	
0.496551724138	0.113486016352	0.128391617688	0.333109941671	44.673847136998	50.541447190149	131.128953966530	93.469127962946	-65.215330762734	-5.084710075586	
0.497413793103	0.113486033358	0.128385660858	0.333111267327	44.673853831344	50.539102280133	131.129475811945	93.469540214182	-65.215791407716	-5.086041345740	
0.498275862069	0.113486044548	0.128380368002	0.333112377516	44.673858236299	50.537018743544	131.129912838346	93.469895702830	-65.216206737102	-5.087212062635	
0.499137931034	0.113486049176	0.128375769812	0.333113258285	44.673860058454	50.535208662912	131.130259553849	93.470190229562	-65.216570910680	-5.088216884636	
0.500000000000	0.113486046500	0.128371886204	0.333113898994	44.673859004749	50.533679877997	131.130511769347	93.470420464523	-65.216878894298	-5.089052969911	
0.500862068966	0.113486035928	0.128368725833	0.333114294117	44.673854843172	50.532435795791	131.130667309927	93.470584417270	-65.217126860392	-5.089720120138	
