dbx_v3_0_m15_0										
Time	Cx	Cy	Cz	Fx	Fy	Fz	Mx	My	Mz	
0.000000000000	0.000000000000	0.000000000000	0.000000000000	0.000000000000	0.000000000000	0.000000000000	0.000000000000	0.000000000000	0.000000000000	
0.000862068966	1.912918267296	0.002789308150	14.893686451680	760.541800824621	1.108978611188	5921.461103976596	2830.147776045109	-3935.773589444759	229.756992817689	
0.001724137931	-0.094692487949	0.267873964589	3.303568737658	-37.648025292379	106.501856825425	1313.439345444632	456.180353785245	-787.624178862499	313.185484425229	
0.002586206897	-0.515450407712	0.733029096307	2.670800088999	-204.933785211298	291.439147449961	1061.861943637354	767.628305848944	-592.674279093366	362.876387988219	
0.003448275862	-0.577364010706	0.513676327296	2.928935722426	-229.549517060164	204.228442836188	1164.492015637687	842.307252584754	-758.463787428427	345.382474671590	
0.004310344828	-0.568455190193	0.503503639984	3.196906864322	-226.007530707866	200.183965840244	1271.032508407656	831.570990691899	-833.907915138404	374.008991853521	
0.005172413793	-0.632816048329	0.415310740794	3.299906025631	-251.596247061467	165.120059808642	1311.983117205285	836.071781330353	-837.733073350882	371.704135140610	
0.006034482759	-0.687259409306	0.447782991982	3.566361460449	-273.241945420874	178.030441196947	1417.920992179146	866.120062175263	-911.285714390907	394.454314340587	
0.006896551724	-0.763863092112	0.392047559267	3.615087059324	-303.698188046317	155.871038418990	1437.293411455178	883.543644243231	-928.985647959433	405.825708197117	
0.007758620690	-0.804870987638	0.365184192845	3.601892406218	-320.002187670576	145.190648449407	1432.047455364617	913.989010274665	-919.309039923233	413.430477861664	
0.008620689655	-0.839524360790	0.389179609262	3.653314806467	-333.779743811915	154.730793224392	1452.492074226082	917.941852474900	-934.067104769937	424.959661252521	
0.009482758621	-0.884093982867	0.358486629756	3.814735414844	-351.499821672297	142.527818165314	1516.669996662634	945.362522700345	-975.451951301511	422.326338751310	
0.010344827586	-0.921618665546	0.334340613645	3.893793467019	-366.418958693515	132.927797667735	1548.102052280758	970.558799045373	-994.940999682663	426.826690197206	
0.011206896552	-0.953942564537	0.359077038591	3.908199677509	-379.270357923641	142.762554069338	1553.829701734773	978.747342401052	-1000.119217453828	442.820946499241	
0.012068965517	-0.980592317767	0.375540180958	3.934702284156	-389.865819140949	149.308002537652	1564.366660124603	987.369647513663	-1005.141468868136	452.845225818707	
0.012931034483	-1.002307448990	0.362856031245	3.983257258014	-398.499363651372	144.265013388628	1583.671241971128	1000.719409395796	-1015.092213815187	455.252425401766	
0.013793103448	-1.025847293562	0.353700061511	4.035159973325	-407.858381278069	140.624764963827	1604.306825438278	1013.114623712240	-1027.578995273039	460.319415124013	
0.014655172414	-1.048889577041	0.353446034482	4.083837703039	-417.019577588517	140.523768398943	1623.660212799259	1024.318890569171	-1039.482865514765	466.294103797795	
0.015517241379	-1.068144604171	0.348196094153	4.124751143867	-424.675029083029	138.436486814233	1639.926658939140	1034.734106960714	-1049.994054822037	471.289471927136	
0.016379310345	-1.082420568943	0.351224533643	4.160237274876	-430.350895188520	139.640539733200	1654.035304584729	1044.953225302748	-1057.180225473240	476.787404798306	
0.017241379310	-1.092156885321	0.355421797284	4.187217061459	-434.221878971923	141.309296053270	1664.761981110440	1052.802833206980	-1060.813311194699	481.166529095202	
0.018103448276	-1.096689140029	0.356742820920	4.206441228879	-436.023821698276	141.834511224223	1672.405163340933	1059.071726713806	-1061.067440927571	483.203880592161	
0.018965517241	-1.103036677545	0.354417641508	4.217144726233	-438.547488127334	140.910061828090	1676.660680835808	1064.332216899875	-1058.003854492891	483.254806576185	
0.019827586207	-1.108514857011	0.344845083124	4.228248141538	-440.725513476375	137.104185269391	1681.075198495023	1070.864564362300	-1053.386135703051	480.378001242049	
0.020689655172	-1.110396926052	0.333864143001	4.236374106836	-441.473790181081	132.738361533910	1684.305935733751	1076.802857932434	-1047.102996410228	476.117758219564	
0.021551724138	-1.112544551723	0.321460835040	4.232338558828	-442.327647412447	127.807029999933	1682.701474632848	1081.034351486984	-1035.832636158704	469.521573985167	
0.022413793103	-1.112577218309	0.306393164902	4.221188515738	-442.340635057612	121.816396120360	1678.268418607467	1085.138005045920	-1019.416177126417	460.721909907834	
0.023275862069	-1.111852164558	0.289351404033	4.206805494865	-442.052366763773	115.040899371758	1672.549988926981	1089.657116075452	-1000.226177085417	450.658919921643	
0.024137931034	-1.113489445930	0.274681112382	4.188083097559	-442.703320306495	109.208256011329	1665.106301443641	1093.506171823907	-980.420631330745	440.832116230176	
0.025000000000	-1.119424884219	0.264431369754	4.173535814293	-445.063143516096	105.133143211309	1659.322563998214	1096.147436816529	-965.346252921159	434.116508729366	
0.025862068966	-1.124246007346	0.257661090379	4.167962677529	-446.979935115287	102.441402243608	1657.106785340673	1099.399889603605	-956.412419191127	430.440970779739	
0.026724137931	-1.125744135931	0.256016547600	4.169671409118	-447.575564019632	101.787561696441	1657.786146200914	1101.913314942881	-952.306511299048	429.822899580645	
0.027586206897	-1.124842254588	0.256366067535	4.175407642483	-447.216992264614	101.926524518453	1660.066769125413	1104.426506745814	-951.201553361294	430.253944598329	
0.028448275862	-1.121009979287	0.251963809055	4.182143842602	-445.693348725581	100.176265947768	1662.744960795843	1107.273952543005	-950.653387255346	428.655080892213	
0.029310344828	-1.115642175128	0.249706465151	4.193271443748	-443.559206607978	99.278786726126	1667.169094308831	1110.840081595259	-952.313339105930	427.451376289745	
0.030172413793	-1.106339827592	0.248180484373	4.215087364753	-439.860761009151	98.672084292223	1675.842711018822	1115.670997617354	-958.274573011742	427.309300523551	
0.031034482759	-1.093143336332	0.245608740715	4.239883794371	-434.614074101813	97.649605398747	1685.701324195307	1120.409628820080	-964.306794354309	426.591107462839	
0.031896551724	-1.076506138417	0.242225398437	4.263680699650	-427.999424286792	96.304449532636	1695.162544522877	1125.134879761586	-969.300571948485	425.277317736215	
0.032758620690	-1.054202563910	0.234872499481	4.285528477853	-419.131925340079	93.381069527666	1703.848827080084	1130.112582054722	-972.540381514351	422.232207767189	
0.033620689655	-1.028360833970	0.228694085918	4.307688490269	-408.857719609225	90.924643731845	1712.659248328587	1134.657182858184	-976.010629035908	419.406212977880	
0.034482758621	-0.999882259533	0.220889328963	4.337017853603	-397.535152065132	87.821613136748	1724.320074192434	1139.842163657969	-980.841281271527	415.867694950073	
0.035344827586	-0.973790004256	0.213794824997	4.366262158187	-387.161341978677	85.000966319457	1735.947082231759	1144.870725731120	-986.474165585229	412.613297932596	
0.036206896552	-0.948074596744	0.213784042951	4.387551194502	-376.937359766472	84.996679572347	1744.411219092083	1149.293804158286	-991.219899915019	410.863743123003	
0.037068965517	-0.926467030077	0.211247963809	4.393373539819	-368.346580983483	83.988380247349	1746.726078575474	1152.494496042504	-993.255579873075	408.521476157399	
0.037931034483	-0.914034705862	0.208218680145	4.394264399140	-363.403713110723	82.783991700281	1747.080268173570	1154.661048119599	-994.123077709098	406.375657039426	
0.038793103448	-0.903769365543	0.217953975696	4.374827860144	-359.322398950063	86.654569621087	1739.352650835241	1153.092465948295	-992.396050218648	407.945524333935	
0.039655172414	-0.883688047178	0.227390905624	4.339906225898	-351.338428963993	90.406522751857	1725.468438921172	1151.043671323548	-987.832022093305	409.822797252450	
0.040517241379	-0.848367844651	0.232120556448	4.312179599013	-337.295753490260	92.286946613209	1714.444832161453	1149.810883763219	-983.199027422379	409.256642413840	
0.041379310345	-0.813887440013	0.241378594603	4.282216932129	-323.586966510013	95.967775601613	1702.532216228436	1147.415420333903	-977.776410299986	409.029289101775	
0.042241379310	-0.784736894471	0.259676030005	4.231689483769	-311.997235374829	103.242505896740	1682.443414096485	1142.383719972760	-968.787165775433	410.751215551303	
0.043103448276	-0.761628160755	0.276401396344	4.165689836781	-302.809619648960	109.892209886709	1656.203144853262	1137.102498165563	-956.070402570302	411.458688957997	
0.043965517241	-0.749843993016	0.284443989464	4.111815934401	-298.124447100344	113.089799851361	1634.783852960767	1133.824589344561	-947.150053638326	411.470600485370	
0.044827586207	-0.751250156584	0.301106594309	4.039975252084	-298.683512372880	119.714551003449	1606.221293422176	1128.976554537941	-932.687555939780	414.618453390456	
0.045689655172	-0.750345532139	0.315126503449	3.966186137117	-298.323850009972	125.288614008485	1576.884072205156	1122.205942900403	-916.106937198600	416.944526357951	
0.046551724138	-0.745425304092	0.325748256158	3.916245859414	-296.367656081708	129.511631306532	1557.028718535510	1115.809345023877	-906.332302866933	418.943107483771	
0.047413793103	-0.744068247514	0.337049813335	3.881974622047	-295.828114862624	134.004926600447	1543.403092689824	1110.172783855147	-899.370266376767	421.471225275822	
0.048275862069	-0.740096048899	0.346076144747	3.856616074269	-294.248840338022	137.593633166655	1533.320991471512	1105.216044618314	-894.426186115537	423.468244151117	
0.049137931034	-0.732854463531	0.357779767676	3.839921571108	-291.369716607900	142.246782551684	1526.683558124149	1099.973448629806	-893.619545088474	427.296607804155	
0.050000000000	-0.726930051857	0.367406100862	3.824746111852	-289.014277381603	146.074039001534	1520.650069235276	1095.236827254326	-891.163610145684	430.541368060749	
0.050862068966	-0.725997095284	0.373490255189	3.815283079131	-288.643350675664	148.492989025418	1516.887738104972	1090.780393088870	-889.627545133355	432.823189497839	
0.051724137931	-0.734319082894	0.381996268236	3.797455346373	-291.952022850357	151.874826394641	1509.799753109246	1084.715553321011	-886.660781799699	436.432885811477	
0.052586206897	-0.752083112779	0.387648432258	3.770930776654	-299.014680732662	154.122024864685	1499.254062598278	1077.888943606585	-881.572941299449	440.000275192327	
0.053448275862	-0.776352731508	0.391293145310	3.729387549428	-308.663843401389	155.571097036372	1482.737224745406	1069.917376339324	-872.091835566218	443.334028221974	
0.054310344828	-0.798861635859	0.388944668505	3.701105257632	-317.612977790767	154.637385016968	1471.492695639482	1063.814018486364	-865.809975908203	445.558214260687	
0.055172413793	-0.815626614324	0.387585920196	3.706253582167	-324.278430847503	154.097171196174	1473.539576617251	1061.060816938096	-867.548005290731	447.589141780227	
0.056034482759	-0.830041379948	0.380788884588	3.717629369321	-330.009481668518	151.394792433143	1478.062384410703	1061.520630025750	-869.421231665116	447.517842863171	
0.056896551724	-0.841837538653	0.370692700243	3.728158378400	-334.699421608951	147.380731636748	1482.248528514737	1062.488222888379	-871.033972956196	446.115977493897	
0.057758620690	-0.850938105861	0.360283272035	3.759821548071	-338.317642988788	143.242130730558	1494.837233684612	1065.678446557357	-877.914366110132	444.432380861909	
0.058620689655	-0.858989279698	0.354217199626	3.798348159368	-341.518644491765	140.830369751151	1510.154719453039	1068.981136330934	-885.598733656075	444.070369824439	
0.059482758621	-0.865830411707	0.354988461770	3.820231300165	-344.238555189014	141.137009668555	1518.855061539616	1071.258712415587	-888.465511698590	445.166624716008	
0.060344827586	-0.872937929635	0.354005902308	3.829976533616	-347.064376122569	140.746361748483	1522.729590590633	1073.949862421009	-887.092800525203	444.624091005924	
0.061206896552	-0.883473384907	0.336400982675	3.829845155879	-351.253083116758	133.746963232685	1522.677357172034	1076.261743743772	-884.334180763040	439.107266840435	
0.062068965517	-0.891047958453	0.314533682995	3.839051528550	-354.264596940163	125.052919288012	1526.337644895668	1078.113782023825	-885.351376785335	432.298669225437	
0.062931034483	-0.889395714460	0.302929475224	3.851800674635	-353.607694528939	120.439295576977	1531.406475429825	1080.130251494006	-886.021172686420	427.793748181873	
0.063793103448	-0.881925909413	0.295847857367	3.864682385702	-350.637834771036	117.623772044480	1536.528011409580	1082.694069470991	-884.731607937027	424.714344919435	
0.064655172414	-0.877871718689	0.287864313992	3.871552376368	-349.025961662708	114.449659193102	1539.259395788149	1085.362646923350	-881.841196778198	420.584072000415	
0.065517241379	-0.872534183172	0.283263636616	3.887407691342	-346.903853811163	112.620512848619	1545.563183048319	1088.923693052258	-883.296096148516	417.586659831965	
0.066379310345	-0.870982143661	0.277551850397	3.900198139472	-346.286790895051	110.349609667990	1550.648434530554	1092.412921755469	-883.671197043059	414.399519496067	
0.067241379310	-0.867723183279	0.274465040876	3.919524270026	-344.991087027236	109.122349877864	1558.332155463842	1095.706398531602	-887.449004883174	412.529753981105	
0.068103448276	-0.862808068140	0.274127395300	3.935621132860	-343.036925898935	108.988108086550	1564.731977796367	1098.376112603765	-891.300750518525	411.945263316239	
0.068965517241	-0.855920264549	0.279042024355	3.933341078207	-340.298459422677	110.942075956319	1563.825469190752	1098.585396049783	-892.215246977023	413.221243180944	
0.069827586207	-0.852359130805	0.292452868033	3.909795617492	-338.882616876323	116.273985518830	1554.464218686733	1095.662443617093	-888.789529724317	417.425713203796	
0.070689655172	-0.846427153398	0.309295327688	3.880563218164	-336.524169650981	122.970243699533	1542.841943962563	1090.464015257241	-887.599362880257	422.757869809234	
0.071551724138	-0.842723605900	0.316824044387	3.842511014062	-335.051705964705	125.963525667571	1527.713073938341	1085.656636612797	-883.926238944694	426.813514593786	
0.072413793103	-0.836842507113	0.320744239921	3.828883674096	-332.713487161382	127.522124705551	1522.295089356628	1083.754732718949	-887.035430888354	430.817597678795	
0.073275862069	-0.833227342884	0.332017012051	3.838316362050	-331.276163068504	132.003975583809	1526.045355954843	1084.110431584458	-896.708731710220	437.162874038796	
0.074137931034	-0.831876124199	0.345761049147	3.839419088875	-330.738942890559	137.468356839454	1526.483780251400	1083.985810020126	-904.221289968661	443.866752408745	
0.075000000000	-0.834528121434	0.361490197728	3.837075433873	-331.793329158488	143.721982617426	1525.551985293758	1083.380218535283	-911.026164938820	451.065161738555	
0.075862068966	-0.838414869656	0.378573452433	3.833993255036	-333.338630148305	150.513976566544	1524.326566579776	1082.078574489784	-917.196727031792	459.119792856979	
0.076724137931	-0.843279750932	0.390486334111	3.836052570854	-335.272819198761	155.250323455933	1525.145313406191	1080.098343842696	-925.469623707149	466.296870640659	
0.077586206897	-0.846160793141	0.399666316789	3.850284210234	-336.418269617216	158.900118994274	1530.803556535654	1078.992041875267	-936.948222676760	473.141724899394	
0.078448275862	-0.850966637840	0.406181073001	3.848851910512	-338.328986788897	161.490268561136	1530.234099999630	1077.478469340545	-942.284707451478	478.091836460403	
0.079310344828	-0.857072589977	0.416075606603	3.839103280557	-340.756603229182	165.424156659006	1526.358220560120	1074.271443143316	-947.062804564985	483.905601448724	
0.080172413793	-0.857813463536	0.422007544497	3.847910729615	-341.051161193446	167.782588174776	1529.859903450447	1073.626628584247	-957.684494009484	488.577028365907	
0.081034482759	-0.853853849743	0.427667714935	3.866108113122	-339.476890166603	170.032969851494	1537.094854916855	1074.409641449357	-966.977189425434	491.710503147277	
0.081896551724	-0.854610581318	0.429672147069	3.871808498553	-339.777752992285	170.829895915146	1539.361225349463	1074.422133576622	-969.032693493071	492.613766484172	
0.082758620690	-0.855580581582	0.425134202976	3.875969773526	-340.163407601760	169.025691192219	1541.015673223921	1073.913701606929	-969.171602147935	490.712345951940	
0.083620689655	-0.854255679793	0.420474956744	3.877422157244	-339.636650546796	167.173258926496	1541.593114794594	1072.977798618621	-967.837473381852	488.360347689581	
0.084482758621	-0.853872146010	0.413654124439	3.871345568045	-339.484164432509	164.461419025667	1539.177172528853	1071.009895267171	-964.726999473559	485.251747639724	
0.085344827586	-0.853363580397	0.408917309001	3.869922468964	-339.281967917517	162.578146642711	1538.611374002135	1069.019318631529	-964.159272691443	483.893236668809	
0.086206896552	-0.855577403571	0.409115920764	3.877419340202	-340.162144081963	162.657111097341	1541.591994789186	1067.482101916620	-967.151761726461	485.365938483176	
0.087068965517	-0.856171615134	0.417471647496	3.883942326644	-340.398391882053	165.979197338435	1544.185416547184	1066.098850455013	-969.680799717847	488.847488588202	
0.087931034483	-0.852840066104	0.419211559039	3.875435403469	-339.073828076741	166.670954785987	1540.803217327592	1065.452610756139	-963.404715924249	488.248111312199	
0.088793103448	-0.848464724050	0.407594865422	3.871263526973	-337.334270991633	162.052366927779	1539.144554478518	1066.165852748740	-953.753676832729	481.793503125811	
0.089655172414	-0.840791095015	0.395766082321	3.874428830503	-334.283374492525	157.349456116082	1540.403022071061	1068.043986490710	-944.493854843430	473.873292720610	
0.090517241379	-0.833660505426	0.379494290263	3.858651536313	-331.448380682382	150.880085079261	1534.130254467593	1069.147140180475	-925.793908480316	462.205461015980	
0.091379310345	-0.830354741841	0.363698331254	3.820212788967	-330.134068705469	144.599896680106	1518.847701821449	1068.349828825750	-901.757752951392	450.229717175606	
0.092241379310	-0.828556369435	0.349549181106	3.775169101133	-329.419068272960	138.974449781968	1500.939143966593	1066.646229884071	-878.258062622986	439.084537864047	
0.093103448276	-0.824678772558	0.339342602475	3.731220911708	-327.877405692688	134.916498208556	1483.466136520779	1063.588217033642	-859.315447849866	431.578979573793	
0.093965517241	-0.816692728385	0.334413167218	3.706335852631	-324.702298569464	132.956643659781	1473.572285869880	1059.713312559556	-849.898210703313	427.947924151289	
0.094827586207	-0.810035885592	0.341993756207	3.693714264181	-322.055657940673	135.970549114937	1468.554169950637	1056.591443542339	-845.480935221200	428.783000174834	
0.095689655172	-0.812540353880	0.345753828109	3.666403438449	-323.051389360375	137.465485884866	1457.695878229870	1054.045311921751	-837.054861833405	428.675675256475	
0.096551724138	-0.810528775294	0.341638550599	3.652677168892	-322.251621996117	135.829325771995	1452.238561027021	1053.282765276359	-832.974005454001	426.360903932986	
0.097413793103	-0.800493966324	0.345008492811	3.671343479599	-318.261962941943	137.169154013537	1459.659949490157	1054.504297263995	-840.295647494042	427.361266694308	
0.098275862069	-0.792862389544	0.351881266788	3.688187055090	-315.227785660875	139.901644986379	1466.356651307230	1055.540234623944	-847.962573944202	430.251557285302	
0.099137931034	-0.789328813715	0.354415877774	3.700344369773	-313.822899644587	140.909360599311	1471.190180350275	1056.504900092082	-855.295215004335	432.436931097969	
0.100000000000	-0.784881986023	0.361276406132	3.714180103929	-312.054921159003	143.636982934891	1476.691018703461	1056.851248243146	-864.636367495390	435.977633784707	
0.100862068966	-0.780400752230	0.374180483216	3.719972406075	-310.273263428369	148.767411239619	1478.993933564164	1056.605059178708	-871.802242633761	440.936865323694	
0.101724137931	-0.775671503423	0.382152049156	3.723923593210	-308.392999401657	151.936762078737	1480.564854303563	1056.949035749140	-876.844829177759	443.354325568177	
0.102586206897	-0.774832420663	0.386551911910	3.723787395963	-308.059395230496	153.686068151559	1480.510704734617	1057.022783098798	-881.103601920921	444.787980877402	
0.103448275862	-0.775792926734	0.390993104025	3.722757154553	-308.441275120173	155.451806033438	1480.101099331872	1057.370880192832	-885.140477163502	446.597552540092	
0.104310344828	-0.778379367535	0.392859055985	3.729635037710	-309.469597332526	156.193674877302	1482.835621622687	1057.859640645733	-891.535291338401	448.400316651776	
0.105172413793	-0.783983710207	0.395084829870	3.740710936157	-311.697782896264	157.078602429249	1487.239199075323	1058.900623452657	-898.033492645280	451.011309238593	
0.106034482759	-0.797115096377	0.396689956694	3.746371435133	-316.918585194065	157.716771903293	1489.489711372941	1060.059423816832	-902.482178917915	453.808322159650	
0.106896551724	-0.812700968643	0.397689481219	3.750794588819	-323.115246893231	158.114164826901	1491.248277500289	1060.959754743895	-907.111653568885	456.442354282108	
0.107758620690	-0.826400268808	0.400037114824	3.762319477796	-328.561841551826	159.047541605195	1495.830365489534	1062.012044013949	-913.471868251833	459.806686501343	
0.108620689655	-0.840493006766	0.404027883272	3.776757211265	-334.164859981246	160.634199160948	1501.570547911253	1062.995469384950	-920.120584850252	463.703591429688	
0.109482758621	-0.852409177881	0.410555159525	3.790839587176	-338.902514691261	163.229326469939	1507.169446577486	1063.568842288234	-927.407537700616	468.624728252868	
0.110344827586	-0.859255914254	0.418633820923	3.805776473874	-341.624653582341	166.441256531654	1513.108083320063	1063.362290948931	-935.763771993412	474.869034583932	
0.111206896552	-0.868060232913	0.425207380196	3.809215699630	-345.125091882209	169.054785135013	1514.475457449425	1062.207457398002	-941.149851684465	480.917535787857	
0.112068965517	-0.875102586838	0.429754772313	3.812953085544	-347.925004783822	170.862746221720	1515.961374679661	1060.859330477527	-947.423677854288	486.269105333140	
0.112931034483	-0.878540979554	0.430605580586	3.819300465983	-349.292047711476	171.201012245541	1518.484978657877	1059.682377405387	-952.545686318493	489.807109096421	
0.113793103448	-0.877303931127	0.430368446727	3.832105010203	-348.800219568726	171.106732100352	1523.575834491335	1059.576953306633	-954.689553663432	490.961369773697	
0.114655172414	-0.872516377314	0.428075899438	3.841597038005	-346.896774523075	170.195256647515	1527.349693542943	1060.048866954725	-953.157478148158	489.730835403099	
0.115517241379	-0.869513684731	0.425306636526	3.841701680343	-345.702958110045	169.094247661539	1527.391297449165	1061.273760042772	-947.796766307910	488.090185176653	
0.116379310345	-0.870178952079	0.417843784705	3.838457491567	-345.967456408444	166.127152380915	1526.101466505588	1062.509045978195	-941.614438660313	484.870606198716	
0.117241379310	-0.872889124057	0.410269282646	3.844789338449	-347.044971905195	163.115666979333	1528.618894621703	1064.013518385030	-940.467962618736	482.803933471493	
0.118103448276	-0.877554227934	0.399016853206	3.853972708342	-348.899733064636	158.641903987713	1532.270036855613	1065.524626266312	-941.611105634511	479.142782419244	
0.118965517241	-0.878571009245	0.386650627606	3.869319071346	-349.303986974988	153.725315731913	1538.371473992382	1067.624898064209	-944.572702428137	474.801657491987	
0.119827586207	-0.874783228472	0.375880524523	3.887485005934	-347.798033657859	149.443317000677	1545.593921935700	1070.615614000688	-946.908586669142	470.028210778148	
0.120689655172	-0.868523549436	0.371183812075	3.892627931624	-345.309298175250	147.575988843366	1547.638656429617	1072.828865468559	-943.929350969909	466.450230974304	
0.121551724138	-0.865468073349	0.363438050575	3.873800233204	-344.094495993204	144.496413776928	1540.153103122905	1074.074050062371	-931.495808308571	460.270736311064	
0.122413793103	-0.855493257716	0.360941016610	3.863880824504	-340.128689207794	143.503638109935	1536.209325134406	1074.959353404483	-923.957341452057	455.921898651378	
0.123275862069	-0.847248776469	0.360796998691	3.835236460232	-336.850832164861	143.446379183168	1524.820842542545	1074.432710777898	-911.441728304552	452.480469109678	
0.124137931034	-0.836255077430	0.357180977713	3.805340857909	-332.479935714290	142.008714462457	1512.934890269620	1072.990386535020	-899.649517204097	447.947335292662	
0.125000000000	-0.827959853320	0.354478833304	3.782398778872	-329.181904224732	140.934390582326	1503.813533437945	1071.355180903033	-889.964567276744	443.626632641923	
0.125862068966	-0.823261973455	0.354049062322	3.755057160814	-327.314111923407	140.763521391640	1492.942999243716	1069.708925591797	-879.570812243781	440.166584134307	
0.126724137931	-0.821406797955	0.357643243391	3.726916174156	-326.576527605383	142.192502958371	1481.754650512217	1067.565007795610	-870.272999518326	438.360921184384	
0.127586206897	-0.822311251168	0.356189023865	3.714587502723	-326.936121889842	141.614331503610	1476.852993115698	1067.186023819145	-866.402372856957	437.058878376758	
0.128448275862	-0.828582693154	0.347933038998	3.717212750608	-329.429534108791	138.331900829358	1477.896744324902	1068.890972632866	-866.596377211854	435.794901922974	
0.129310344828	-0.832121892782	0.340931091443	3.727805319932	-330.836656046189	135.548052771745	1482.108158835616	1070.482701777723	-869.550763056119	434.882193235470	
0.130172413793	-0.834872351013	0.348687881604	3.744568021920	-331.930188630562	138.632012634483	1488.772706806286	1071.203217232002	-876.693232450493	439.053513469334	
0.131034482759	-0.836789175714	0.356455793645	3.763335464259	-332.692283559047	141.720394356751	1496.234303382544	1071.731568419576	-884.982246346060	443.720975488452	
0.131896551724	-0.838422600028	0.365050389196	3.782606663150	-333.341703605032	145.137450531576	1503.896184477678	1071.545463829274	-894.276628684116	449.215809827017	
0.132758620690	-0.841781241545	0.372296386842	3.792430032045	-334.677038894326	148.018328503862	1507.801778771364	1070.670613936660	-901.179147763612	454.222074896252	
0.133620689655	-0.846050196759	0.379226526058	3.789845998994	-336.374298490488	150.773626860693	1506.774413837012	1068.968315045308	-905.205186435574	458.613478648409	
0.134482758621	-0.845876570760	0.388106830657	3.789867576691	-336.305267924913	154.304275800458	1506.782992740397	1066.976745770368	-911.924886978841	464.393306598928	
0.135344827586	-0.845523151264	0.393264495189	3.793295030635	-336.164754707731	156.354870192191	1508.145686609486	1065.440752723535	-917.341772663389	467.923391412832	
0.136206896552	-0.845384897485	0.398100351488	3.793212756317	-336.109787498657	158.277519435152	1508.112975824326	1063.505448528857	-921.180561613503	470.808356419016	
0.137068965517	-0.848314931086	0.399881578837	3.785270655593	-337.274716011213	158.985703301928	1504.955339823925	1061.620135810565	-921.214350538721	472.319359022373	
0.137931034483	-0.849582493231	0.396200137537	3.788590729650	-337.778675857742	157.522028641408	1506.275341386398	1061.276775989671	-924.835698121997	472.388057136491	
0.138793103448	-0.846548153090	0.398424626711	3.795118005654	-336.572276946393	158.406445414976	1508.870468596833	1061.253938319695	-928.566999071637	473.904234381944	
0.139655172414	-0.842681614156	0.403843901562	3.799738371186	-335.035010804781	160.561051351077	1510.707442597311	1061.332922130455	-930.459726363963	475.576001784028	
0.140517241379	-0.837904584424	0.411954903994	3.802731090266	-333.135749943784	163.785839624585	1511.897293725663	1060.886687633515	-933.269423503357	478.429568254923	
0.141379310345	-0.832352322295	0.416652789707	3.797576655175	-330.928270664361	165.653634251001	1509.847983301093	1059.637306486344	-933.926186795102	480.322506428718	
0.142241379310	-0.823570399622	0.420024806931	3.793023456003	-327.436736604526	166.994287479765	1508.037713433735	1058.070489976278	-934.388999546739	481.536120497865	
0.143103448276	-0.811973729806	0.416218632369	3.777554183610	-322.826109848421	165.481021124079	1501.887409741358	1057.097928227036	-926.471207668500	478.002962487927	
0.143965517241	-0.803343275567	0.407801230453	3.756503887463	-319.394796905789	162.134413942221	1493.518191665864	1057.047269460850	-913.468314432539	471.303115339895	
0.144827586207	-0.799704653595	0.404284610783	3.741148904679	-317.948146437571	160.736269388798	1487.413327460044	1056.958224058315	-904.850086772232	466.820981903644	
0.145689655172	-0.799633485783	0.398983801175	3.723920693354	-317.919851399076	158.628763096162	1480.563701372990	1056.859584186129	-896.473505175109	462.215621392987	
0.146551724138	-0.798774624698	0.386429140066	3.711100478932	-317.578383722208	153.637256280761	1475.466615349958	1058.343536982317	-885.780031124079	454.221044940111	
0.147413793103	-0.797260456954	0.369951774696	3.694092784399	-316.976377937508	147.086153003021	1468.704662762087	1060.031021535120	-870.976187742271	443.763132591544	
0.148275862069	-0.797012258256	0.357286254755	3.679789318145	-316.877698611991	142.050570715443	1463.017862563112	1061.023419721000	-859.110679425876	434.789422997690	
0.149137931034	-0.795784661346	0.350246003304	3.669409194732	-316.389628222007	139.251493719557	1458.890912714894	1061.240785164922	-851.054497984481	429.276097738719	
0.150000000000	-0.795125369141	0.352595368773	3.668026316780	-316.127505532494	140.185559055790	1458.341105383438	1060.841919779231	-849.563418334800	429.283445238967	
0.150862068966	-0.794268642655	0.361329049162	3.668307050095	-315.786886534124	143.657912854150	1458.452719885846	1060.188272609970	-850.830783485814	432.271737433244	
0.151724137931	-0.794532877476	0.370835569480	3.667084414855	-315.891941533069	147.437533868493	1457.966622166394	1059.323047633773	-853.237271280512	436.757466114053	
0.152586206897	-0.795304878659	0.378590211477	3.672615652372	-316.198875279387	150.520639660241	1460.165742439384	1058.319624708965	-860.344929030834	441.884718955826	
0.153448275862	-0.797353656643	0.383949521428	3.683921321345	-317.013432453100	152.651404633929	1464.660672508743	1057.660897527783	-869.949183185625	446.831546519827	
0.154310344828	-0.799287278301	0.390711740097	3.697185580128	-317.782205548404	155.339940810130	1469.934302560965	1056.994941417524	-880.425747274737	452.443635887422	
0.155172413793	-0.799620894737	0.398743244977	3.705012231989	-317.914845426196	158.533122290784	1473.046038175757	1056.009935540506	-888.863993124965	458.135788693254	
0.156034482759	-0.798750694072	0.406813173738	3.707488673679	-317.568869337310	161.741580413144	1474.030626725532	1054.587436252500	-894.555368838335	463.206473214850	
0.156896551724	-0.797897686307	0.416689850567	3.706561312888	-317.229728835035	165.668368980436	1473.661924801316	1053.364692564182	-898.045672766494	468.216415178366	
0.157758620690	-0.800739581667	0.425056710811	3.699996546886	-318.359615172317	168.994881704711	1471.051892243982	1051.699976762720	-899.295172374851	472.615885048234	
0.158620689655	-0.805481340913	0.424236930325	3.694860782256	-320.244853124273	168.668951769419	1469.010004857921	1050.525843421904	-900.330381307337	472.946569186370	
0.159482758621	-0.809511012972	0.421765795051	3.701318533816	-321.846978053899	167.686472955332	1471.577490403370	1049.764990829243	-905.328106580178	473.116815180863	
0.160344827586	-0.813938837215	0.416930507232	3.704537180175	-323.607401110733	165.764049729655	1472.857166142784	1049.403124250417	-907.690776704059	471.639049350642	
0.161206896552	-0.818373332820	0.414265024707	3.707891523027	-325.370476580602	164.704301953755	1474.190792360253	1049.030789893927	-910.313433784562	471.277387146972	
0.162068965517	-0.820055099791	0.413820722451	3.707911390323	-326.039116795066	164.527655390244	1474.198691239030	1048.322039161278	-910.984905696237	471.618382387272	
0.162931034483	-0.820450293327	0.413341290521	3.707542735534	-326.196238617084	164.337041902252	1474.052120743841	1047.805788364534	-910.759221374536	471.909814617861	
0.163793103448	-0.822360002173	0.410052699951	3.702085748726	-326.955504410099	163.029557605841	1471.882521213783	1047.377645046734	-907.803905556776	470.465051792025	
0.164655172414	-0.822758839543	0.403351515124	3.699027034864	-327.114074954832	160.365287384567	1470.666431750811	1047.218444001542	-905.111913356461	467.059341885459	
0.165517241379	-0.818597451943	0.394733063004	3.699104728199	-325.459582301576	156.938746267843	1470.697321219444	1047.803372452297	-900.752918728027	461.804629507665	
0.166379310345	-0.817446980498	0.381496636209	3.683415780799	-325.002175605560	151.676181712252	1464.459678705943	1048.764309316121	-886.935663230583	453.172722016297	
0.167241379310	-0.816053638188	0.367664583712	3.663940974576	-324.448207833957	146.176807120458	1456.716847008197	1049.568035029436	-870.927239353315	443.558493661405	
0.168103448276	-0.809068237307	0.361124646387	3.651288133094	-321.670938435558	143.576645997227	1451.686305447224	1050.035550049087	-859.741436478428	437.927452965139	
0.168965517241	-0.801727154206	0.359431169096	3.644912101627	-318.752256201734	142.903349970775	1449.151310336834	1050.532961029282	-852.525319863238	435.313595987299	
0.169827586207	-0.796558538381	0.367929264908	3.647008880037	-316.697307773152	146.282039590164	1449.984951614079	1050.584135993399	-851.768898047906	438.290862028533	
0.170689655172	-0.795197069708	0.380791658478	3.652649759902	-316.156012384575	151.395895281475	1452.227663707209	1050.020890217780	-856.532701483404	444.548971025799	
0.171551724138	-0.799816740402	0.393298646816	3.661527899149	-317.992710130377	156.368448263256	1455.757451741647	1049.026893145948	-866.354571278341	451.886395305605	
0.172413793103	-0.806584564404	0.401716456471	3.667641322085	-320.683474886057	159.715217554477	1458.188038436601	1047.556649352534	-875.900159128971	457.565212355821	
0.173275862069	-0.809826513845	0.407676761193	3.667084374301	-321.972415510337	162.084927209349	1457.966606042883	1045.640503528818	-881.753248328199	461.485715507264	
0.174137931034	-0.811556965393	0.413286217670	3.664132097644	-322.660411834860	164.315145930093	1456.792834092758	1043.856969830307	-886.236789716334	465.567426173422	
0.175000000000	-0.812086108210	0.415191036441	3.661232308508	-322.870789474690	165.072467517107	1455.639930234124	1042.671394818241	-888.114355383213	467.572535275757	
0.175862068966	-0.813151469911	0.413829087068	3.662767806513	-323.294358071696	164.530981010981	1456.250416545888	1042.451898603055	-890.249962073915	468.216785850751	
0.176724137931	-0.810949746367	0.412151540883	3.673176896691	-322.418992501884	163.864018905084	1460.388883057790	1043.404197891727	-894.318616492491	468.149074121965	
0.177586206897	-0.807050292991	0.411666469011	3.684854483461	-320.868640171877	163.671163077721	1465.031680935418	1044.601604445504	-898.629487627060	468.354574140878	
0.178448275862	-0.801075344014	0.412481128678	3.699882249959	-318.493108225607	163.995057067573	1471.006449847258	1046.342375465234	-903.401087762446	468.818412567290	
0.179310344828	-0.797529633466	0.416161715469	3.709471430934	-317.083397663943	165.458391991060	1474.818935248120	1047.667782824326	-906.132256536364	470.257231204239	
0.180172413793	-0.795078851466	0.422346788217	3.711883534660	-316.109010944055	167.917465358875	1475.777944183946	1048.523546494099	-907.000436757656	472.397745593358	
0.181034482759	-0.794653998143	0.427949282937	3.708869817810	-315.940096925740	170.144916210301	1474.579744721116	1048.496090300069	-907.539472717080	474.407003685023	
0.181896551724	-0.795292178890	0.430605856213	3.702214116202	-316.193826080205	171.201121830025	1471.933557806940	1048.299263689513	-907.003373833685	475.439791513335	
0.182758620690	-0.796453346536	0.431196790661	3.700127894606	-316.655485392855	171.436066708116	1471.104113728367	1048.219600263452	-908.679127924886	476.349794688451	
0.183620689655	-0.800449890622	0.429708652410	3.696140138792	-318.244439238000	170.844409780070	1469.518653941718	1048.097907917858	-909.282584338786	476.506413245650	
0.184482758621	-0.803037551629	0.426805670727	3.697887341309	-319.273246581923	169.690236622378	1470.213310149004	1048.755300212887	-909.716974052377	476.051927206350	
0.185344827586	-0.802595154030	0.425908055269	3.709584225165	-319.097357276080	169.333360906180	1474.863780200168	1049.740658274305	-913.097413982859	476.510732709033	
0.186206896552	-0.800632463728	0.428976799238	3.722282923054	-318.317027012088	170.553438159157	1479.912553441207	1050.325337708817	-917.248880905362	478.279560173861	
0.187068965517	-0.797811074923	0.430859087771	3.727822263193	-317.195293711019	171.301802129989	1482.114895170421	1050.321011283363	-918.665805588481	479.596491172851	
0.187931034483	-0.795248274516	0.430739932296	3.725828780382	-316.176370492741	171.254428062013	1481.322322360426	1049.743477331097	-916.247482016415	479.481529595224	
0.188793103448	-0.794042239383	0.427781363220	3.709261777655	-315.696872676560	170.078154359706	1474.735580885938	1048.654547580809	-907.374872264435	477.336275050432	
0.189655172414	-0.793388611604	0.422109944108	3.689090394900	-315.437002060913	167.823300413040	1466.715802922751	1047.753159151918	-896.646750673557	473.438997571707	
0.190517241379	-0.794644674635	0.413358041028	3.672738147328	-315.936390066808	164.343701601553	1460.214444224667	1047.715976906892	-886.573789694884	468.190156553431	
0.191379310345	-0.795161694799	0.403738314522	3.661052393325	-316.141947959065	160.519071848602	1455.568399202512	1048.039887153000	-878.599265136384	462.923201478871	
0.192241379310	-0.793244765137	0.398272809846	3.650989795907	-315.379811299867	158.346085767505	1451.567691962453	1047.990306649147	-872.369616352455	459.269609159264	
0.193103448276	-0.790109794380	0.396498059663	3.642951230775	-314.133403470908	157.640477105085	1448.371703453251	1047.449134510817	-867.462995910630	457.114865407384	
0.193965517241	-0.787605453048	0.393667675107	3.632823104286	-313.137722526710	156.515167255774	1444.344943036761	1047.020584178857	-862.015524695948	454.448278829050	
0.194827586207	-0.783237280075	0.390884938451	3.618058538746	-311.401015738824	155.408801352001	1438.474818078166	1046.052249038319	-854.748240040091	451.578798712257	
0.195689655172	-0.778145934401	0.389377809528	3.603915368745	-309.376788528789	154.809594075586	1432.851748778389	1044.596912426930	-847.793186516001	449.053467275899	
0.196551724138	-0.772005207477	0.389927549479	3.598817979946	-306.935346260521	155.028160764695	1430.825118930643	1043.777266650703	-844.974908803040	448.009863810807	
0.197413793103	-0.767418651237	0.394289131805	3.604655822179	-305.111814224856	156.762247229944	1433.146139708450	1043.468012066252	-848.386524444866	449.709076971911	
0.198275862069	-0.764743352909	0.399464964325	3.614412984780	-304.048163862248	158.820064886460	1437.025411574040	1043.242769865313	-854.954721279051	452.718237364464	
0.199137931034	-0.765392193996	0.402785959693	3.629250540377	-304.306131375970	160.140432745592	1442.924556062609	1043.252661813429	-864.554024387798	455.841893863022	
0.200000000000	-0.768683314308	0.407201069215	3.647482110849	-305.614621451820	161.895800658772	1450.173099649536	1043.678138014668	-876.200895040742	459.683205538529	
0.200862068966	-0.769668343224	0.411279667439	3.670733622355	-306.006251182296	163.517377749124	1459.417481249836	1044.527514472160	-888.184265479591	462.388778686550	
0.201724137931	-0.769291208953	0.415787391132	3.686032579096	-305.856309398384	165.309567386167	1465.500070511065	1044.962842130661	-896.285077655941	464.580949540112	
0.202586206897	-0.769117285917	0.418382785176	3.689525349046	-305.787160735953	166.341449246429	1466.888732845981	1045.162009986286	-899.172211484498	465.428758861011	
0.203448275862	-0.772431370047	0.414981138082	3.680559144491	-307.104780811771	164.989015715251	1463.323931633573	1044.801059163214	-896.403846216480	463.530083241405	
0.204310344828	-0.775654501291	0.409641367378	3.674576597893	-308.386239660824	162.866019193833	1460.945379010102	1044.778468177186	-894.530505082094	460.578053655481	
0.205172413793	-0.776073686629	0.407997075108	3.668803216785	-308.552900190452	162.212278244614	1458.649986812654	1044.529782804722	-892.579055023653	459.898750557439	
0.206034482759	-0.778665086184	0.405885837282	3.658323753235	-309.583193914046	161.372888164399	1454.483541117744	1044.721012777412	-886.095990168165	458.431887248219	
0.206896551724	-0.781699791758	0.405211603219	3.653629738264	-310.789738115002	161.104824861677	1452.617285428596	1044.820536049005	-881.258303378433	457.387325474409	
0.207758620690	-0.783029435189	0.403393743601	3.656889342215	-311.318380360821	160.382076665105	1453.913245167792	1045.139187934571	-879.955296844082	455.896719414140	
0.208620689655	-0.783255150274	0.400224923103	3.666614397674	-311.408120607560	159.122210789343	1457.779751812756	1045.589196349256	-881.417043032640	454.625537110133	
0.209482758621	-0.782159008591	0.396696065990	3.671386087780	-310.972314444875	157.719200849364	1459.676889734646	1045.716953559006	-880.669486207475	453.035893257049	
0.210344827586	-0.780849356612	0.393711294120	3.672246115256	-310.451620439607	156.532509388382	1460.018821147146	1045.156943751599	-880.079889218624	452.026762156400	
0.211206896552	-0.776349685460	0.390665616912	3.672382635266	-308.662632347823	155.321603063687	1460.073099040818	1044.853326263058	-878.275827246712	450.544019914308	
0.212068965517	-0.775679496484	0.386975814821	3.666920406013	-308.396177298437	153.854604303564	1457.901415208946	1044.856834736884	-874.346357428727	449.199236353823	
0.212931034483	-0.773696132497	0.382215583344	3.664659699008	-307.607627550280	151.962022125974	1457.002598878935	1045.300967463135	-871.178697174159	447.384356286979	
0.213793103448	-0.774461650005	0.377908960532	3.665511117035	-307.911983504047	150.249786571891	1457.341107329840	1046.187055484716	-869.704614832150	445.727800120392	
0.214655172414	-0.778025549574	0.372782775962	3.662158304258	-309.328925692911	148.211708045158	1456.008089442673	1046.741291556922	-867.418285457527	443.872536420087	
0.215517241379	-0.780797007672	0.369615151189	3.657165276546	-310.430807445123	146.952317567948	1454.022951681003	1046.874033000259	-865.915817839735	443.103352453808	
0.216379310345	-0.783366387429	0.368206646104	3.658768577787	-311.452346494085	146.392321350789	1454.660395336530	1047.286342341951	-867.391963220253	443.273337462591	
0.217241379310	-0.785244935470	0.371004015764	3.665035372827	-312.199223313023	147.504505072714	1457.151960013738	1047.905640637580	-871.076548239340	445.389991545945	
0.218103448276	-0.787396794512	0.372379646147	3.669491765198	-313.054763656152	148.051430901729	1458.923741242860	1048.655245271711	-873.442510505149	446.405053947361	
0.218965517241	-0.789040778727	0.373416741895	3.673839889878	-313.708382128245	148.463761465663	1460.652477190927	1048.907163248800	-875.522935770023	447.118112940499	
0.219827586207	-0.787904166314	0.371961419469	3.679111734009	-313.256485533402	147.885151517883	1462.748467332018	1049.698378274456	-876.710951040557	445.849743232484	
0.220689655172	-0.786580809659	0.371119393772	3.676045435554	-312.730342796194	147.550377287924	1461.529362371330	1050.106994505114	-874.243132834322	444.530524418731	
0.221551724138	-0.783855455266	0.372057796674	3.668036276163	-311.646791045088	147.923469356338	1458.345065054408	1050.029638546726	-870.425366957084	443.791197677351	
0.222413793103	-0.779542352173	0.372783231432	3.649447861860	-309.931979048349	148.211889131596	1450.954646796598	1049.466880128710	-861.965768552673	442.150323047654	
0.223275862069	-0.772788119397	0.369184716298	3.624187521348	-307.246617918794	146.781184418958	1440.911591015758	1048.975320035434	-848.534762129698	437.734698807124	
0.224137931034	-0.767221107448	0.365093528644	3.602295668270	-305.033274377367	145.154601998018	1432.207785083242	1049.123685965456	-835.777119613029	433.156839423038	
0.225000000000	-0.764750848985	0.361860384954	3.596119894998	-304.051144166919	143.869162381392	1429.752409019342	1050.162291978008	-830.443052150559	429.963058785816	
0.225862068966	-0.763132760267	0.365098292585	3.604448398978	-303.407821277353	145.156496055130	1433.063671985276	1051.022110533283	-833.926359643344	431.425755434744	
0.226724137931	-0.763814584547	0.377967098566	3.623032606848	-303.678902313251	150.272901205711	1440.452417841058	1051.071909363318	-846.097396406310	438.699701603149	
0.227586206897	-0.763471397348	0.389520326735	3.635144713550	-303.542457272898	154.866256346446	1445.267973006506	1050.943601499282	-854.856347604847	445.280423637161	
0.228448275862	-0.767677896399	0.396432838604	3.640372475353	-305.214885425134	157.614546388594	1447.346436809120	1050.551568255673	-860.223881468319	449.602187804077	
0.229310344828	-0.770769859953	0.401594060841	3.645131937896	-306.444194366324	159.666555259737	1449.238713272142	1050.215314375631	-865.880344689545	452.963941110287	
0.230172413793	-0.775722886210	0.405466436555	3.652424449088	-308.413428270911	161.206141999566	1452.138084191223	1050.168204144020	-872.798525886602	456.398393014589	
0.231034482759	-0.780859888777	0.408979768454	3.664585663510	-310.455807838244	162.602979394709	1456.973163700518	1050.077618572097	-882.467465647585	460.620977385582	
0.231896551724	-0.782426738037	0.412892109263	3.681007932763	-311.078758843845	164.158455535703	1463.502361755891	1049.921962735597	-893.426758257892	464.711862930938	
0.232758620690	-0.784886224591	0.417492132532	3.697790071462	-312.056606337309	165.987341819204	1470.174637412380	1049.665056814723	-904.320322002867	469.172055719160	
0.233620689655	-0.788512747839	0.423344326862	3.708910933551	-313.498446570906	168.314068731956	1474.596091598144	1049.095316298030	-913.001286951835	473.411311266071	
0.234482758621	-0.790842342543	0.429539541440	3.714901521051	-314.424651407813	170.777174308732	1476.977841139355	1048.799090818138	-918.317472039127	477.391810882901	
0.235344827586	-0.794002251424	0.435973077711	3.710501684443	-315.680974185324	173.335032291707	1475.228545461297	1047.929969288818	-919.599378799560	480.883895038055	
0.236206896552	-0.797003014557	0.439411782016	3.701381143791	-316.874023483801	174.702199101677	1471.602383000080	1046.650921131250	-918.080010400844	482.240645379294	
0.237068965517	-0.798084316108	0.438896352707	3.694587287002	-317.303929477857	174.497273704575	1468.901268077850	1045.505075775305	-916.684143822809	481.915018701659	
0.237931034483	-0.797427278721	0.439851194313	3.696231390156	-317.042703263469	174.876901505436	1469.554933838111	1044.305733275667	-917.809414141808	482.206982683534	
0.238793103448	-0.796358636634	0.438919361171	3.691926085428	-316.617830443906	174.506421454986	1467.843222330693	1043.469352426029	-914.387563335527	480.649614486122	
0.239655172414	-0.794283396224	0.428295629502	3.671734872911	-315.792752286861	170.282617357899	1459.815560411833	1042.956372517673	-900.060577710454	473.133025210275	
0.240517241379	-0.791681453541	0.412575320945	3.639345768713	-314.758266805937	164.032506214178	1446.938236767256	1042.857504959317	-876.830320789266	461.913098764106	
0.241379310345	-0.791340034684	0.400823736020	3.612627213156	-314.622524826252	159.360288004737	1436.315420985342	1042.927976635861	-857.073252911851	453.811409681695	
0.242241379310	-0.793460257825	0.390737047398	3.598087575454	-315.465487306122	155.350002536907	1430.534723278800	1043.781098516486	-845.472441451610	448.000555337088	
0.243103448276	-0.790578483420	0.389479880933	3.606485614534	-314.319745779713	154.850175824914	1433.873632145901	1044.438821409202	-845.576726062355	447.514998873761	
0.243965517241	-0.787969503782	0.395256039163	3.619454537761	-313.282462532294	157.146672155883	1439.029842107565	1044.507897683618	-850.216730790964	451.118111223178	
0.244827586207	-0.787227218672	0.399461426104	3.638297132210	-312.987343360744	158.818658153516	1446.521317807042	1044.522404357398	-858.217252273085	454.634893713702	
0.245689655172	-0.788195573813	0.404225456961	3.658175513215	-313.372343898858	160.712750895955	1454.424603559557	1044.663358854609	-866.681144502871	457.937894816752	
0.246551724138	-0.793115044424	0.404472581795	3.668174891586	-315.328236684042	160.811003272895	1458.400176046594	1044.547800033241	-871.985896017665	459.471080493992	
0.247413793103	-0.796559368352	0.401830672053	3.670812170124	-316.697637754762	159.760627610072	1459.448710425951	1044.229032419217	-874.490992036096	459.175403181281	
0.248275862069	-0.799386904089	0.401786821271	3.668209622913	-317.821814965033	159.743193329956	1458.413984595697	1043.040544888487	-875.982142790073	459.663973460660	
0.249137931034	-0.803446043484	0.402517109545	3.668178500776	-319.435655575999	160.033542776050	1458.401610995384	1041.930115367422	-879.124842863228	460.864552347985	
0.250000000000	-0.808272962850	0.401196282156	3.671081971965	-321.354751655538	159.508405628918	1459.555978771661	1041.801642061497	-882.022230215844	461.143639993659	
0.250862068966	-0.812520047521	0.396958519958	3.676990999487	-323.043315918358	157.823547813331	1461.905301536405	1043.554031849764	-883.954048897812	459.531858296498	
0.251724137931	-0.816465452690	0.389656196991	3.688485020277	-324.611937852457	154.920275909646	1466.475116891422	1046.054823982170	-887.850465415987	456.790113426149	
0.252586206897	-0.817546852264	0.382096757045	3.704761882474	-325.041882818242	151.914778932524	1472.946503724095	1049.069930242951	-892.319383674310	453.925682825882	
0.253448275862	-0.818970282768	0.380977381185	3.710242140246	-325.607813113119	151.469735280184	1475.125355370033	1051.283990935889	-894.032797294505	453.498027273228	
0.254310344828	-0.819649326056	0.382217777496	3.707833682770	-325.877788476949	151.962894480911	1474.167796117461	1052.404753595621	-892.852294997301	454.034324619097	
0.255172413793	-0.819755842452	0.387642023718	3.692276893494	-325.920137474798	154.119476944869	1467.982697290501	1051.628114058960	-887.491608478079	455.169729014759	
0.256034482759	-0.817403347053	0.393469328349	3.679268694128	-324.984827734949	156.436308162382	1462.810871844416	1050.403630163014	-883.942438963674	456.091319756520	
0.256896551724	-0.815523538946	0.395478175430	3.669884432529	-324.237449936621	157.234989529016	1459.079858691326	1049.412748388526	-880.913790460872	455.961348906547	
0.257758620690	-0.817023643742	0.393721158987	3.664087770013	-324.833864546710	156.536431481889	1456.775210226087	1048.731785578033	-878.526373488006	455.142365815408	
0.258620689655	-0.815604348432	0.393707665505	3.671849032345	-324.269578330682	156.531066716797	1459.860948143700	1049.286331644272	-880.857618814926	455.800267545109	
0.259482758621	-0.811299051507	0.392531079186	3.682435832952	-322.557869925308	156.063277217662	1464.070069116821	1050.348663037680	-883.140112530316	455.974201785954	
0.260344827586	-0.807460987638	0.395807519872	3.700194567175	-321.031924956017	157.365930939151	1471.130621539399	1051.834155364803	-888.383043194678	458.183771824603	
0.261206896552	-0.807174161627	0.400347378243	3.718904058476	-320.917888107396	159.170896744651	1478.569177827710	1053.261780974128	-895.744583696274	461.669481967343	
0.262068965517	-0.809409277881	0.405317649785	3.735303259892	-321.806530016720	161.146987063562	1485.089204527592	1054.504354466980	-903.255974713164	465.451219300151	
0.262931034483	-0.812876903789	0.414551119587	3.747183878910	-323.185195533863	164.818048117858	1489.812724365002	1054.883547886924	-911.280429937767	471.358909146817	
0.263793103448	-0.814949308289	0.424188323582	3.748877269009	-324.009146184506	168.649626605454	1490.485985725447	1053.997176462527	-916.758260670115	477.147326641702	
0.264655172414	-0.815655246262	0.429761943831	3.742968663444	-324.289814389829	170.865597488136	1488.136830723142	1053.132807731253	-918.471779567074	480.975874249628	
0.265517241379	-0.815233859353	0.427141737681	3.732806441177	-324.122278555067	169.823850781862	1484.096514440151	1052.167014664344	-916.422259869211	480.901415632772	
0.266379310345	-0.815699397246	0.420591008392	3.726102659645	-324.307368024592	167.219398968613	1481.431211815299	1051.709324387928	-913.049216631477	478.251270729163	
0.267241379310	-0.817412933492	0.414079815249	3.718349900075	-324.988639129811	164.630666013612	1478.348854442731	1051.456203542663	-908.012041158248	475.074032001259	
0.268103448276	-0.819568599841	0.407789122931	3.711467295756	-325.845693189741	162.129600209683	1475.612455103184	1051.296465305521	-903.802862990077	472.197854069754	
0.268965517241	-0.820700936524	0.402856462933	3.712312823685	-326.295889831733	160.168463562102	1475.948621757347	1051.730371654337	-902.245206794060	469.923340841089	
0.269827586207	-0.820855443123	0.399364967534	3.712789688625	-326.357318868559	158.780307965710	1476.138214656748	1052.467340673573	-900.052254996103	467.871151413653	
0.270689655172	-0.821543470928	0.397367645263	3.714987704114	-326.630866314391	157.986208655370	1477.012105970512	1053.363456863319	-899.014136475667	466.362818620930	
0.271551724138	-0.821778974430	0.394556440671	3.717142958864	-326.724498259218	156.868524413922	1477.868996385919	1054.113195514598	-898.181669302244	464.241530432954	
0.272413793103	-0.821730417912	0.395439910683	3.720750434023	-326.705193063121	157.219776156100	1479.303263443360	1054.414081533110	-899.334707889066	464.318480819053	
0.273275862069	-0.822271981204	0.398837294340	3.704047949219	-326.920508860230	158.570514621010	1472.662656738863	1053.286112487684	-893.334155000003	464.595797079122	
0.274137931034	-0.820468137514	0.403643343983	3.681245704383	-326.203333144163	160.481313275190	1463.596895463528	1051.840820855852	-885.046456840935	464.810983542395	
0.275000000000	-0.813278567109	0.403524830777	3.665112724594	-323.344889625594	160.434194562157	1457.182713681142	1050.972213647932	-878.051626897354	463.134302423068	
0.275862068966	-0.804488935951	0.403327544718	3.651804208530	-319.850290810727	160.355757183172	1451.891487732186	1050.134985572915	-870.585186426952	461.116667756667	
0.276724137931	-0.799963197652	0.400977852108	3.637135268759	-318.050938891099	159.421561781495	1446.059381855008	1049.643364504624	-861.895817188080	458.554367064935	
0.277586206897	-0.796384531546	0.394547573795	3.627998027293	-316.628125794023	156.864999103806	1442.426579451620	1050.828623623529	-854.010742457655	454.497585296209	
0.278448275862	-0.793159548906	0.390071558435	3.635330907299	-315.345930863651	155.085416128009	1445.342000282589	1052.554620816396	-853.378569459534	452.055840484274	
0.279310344828	-0.791549086216	0.386953503303	3.646033059442	-314.705639945145	153.845733646085	1449.596982946004	1053.819829984543	-855.698032282830	450.747424627139	
0.280172413793	-0.792848118940	0.381242126345	3.655985236305	-315.222111925981	151.574993180540	1453.553788964677	1054.493843602444	-859.933907034528	449.342439563257	
0.281034482759	-0.793395446160	0.380011816846	3.669818001051	-315.439719356789	151.085844314248	1459.053446733927	1054.311566811108	-867.177237450054	450.159725149556	
0.281896551724	-0.792957896586	0.385602451344	3.675689860858	-315.265757538031	153.308579755436	1461.387992285490	1052.809178942230	-872.782556042674	452.907012995127	
0.282758620690	-0.792660832172	0.392703981133	3.670769722412	-315.147650085362	156.132019913394	1459.431833981339	1050.802872064613	-875.267921787886	456.069921417929	
0.283620689655	-0.795825754410	0.394262317589	3.666784411051	-316.405966083056	156.751586381355	1457.847346064909	1050.294362959329	-877.197249037780	457.644623078857	
0.284482758621	-0.799938605673	0.392779228173	3.673698210575	-318.041161563944	156.161936779165	1460.596148055438	1050.453794825131	-882.304374357008	458.553172609496	
0.285344827586	-0.801240705164	0.392985311676	3.682116550275	-318.558852836386	156.243871863103	1463.943128083322	1050.509221859872	-887.689786168754	459.984253304986	
0.286206896552	-0.801387307533	0.395483249851	3.694022574948	-318.617139294035	157.237007027346	1468.676748750642	1051.107969566999	-893.402922143480	462.242175108948	
0.287068965517	-0.802378917675	0.399478828751	3.706714553644	-319.011385601489	158.825577132017	1473.722850562136	1051.847767404827	-898.798424791229	464.742498180215	
0.287931034483	-0.803582945248	0.403815192937	3.711671859449	-319.490085248128	160.549637319627	1475.693785937884	1051.827914633811	-901.589983470553	467.040477072479	
0.288793103448	-0.804423332137	0.405091899848	3.703650691350	-319.824207917561	161.057232960194	1472.504714175121	1051.168625826036	-899.912923272727	467.714941478708	
0.289655172414	-0.804223363798	0.406289198147	3.697779746671	-319.744704112541	161.533257168793	1470.170532461718	1050.143499346443	-898.902456100938	468.279075097037	
0.290517241379	-0.802593973638	0.408141797178	3.695147142421	-319.096887973369	162.269817129371	1469.123856494657	1049.385487728622	-898.451783246662	468.687121337442	
0.291379310345	-0.801135324971	0.406821207697	3.692202071258	-318.516955572225	161.744774570469	1467.952949319112	1048.867368845896	-896.542278816102	467.379302719260	
0.292241379310	-0.798754080215	0.404087966683	3.689981379066	-317.570215606687	160.658087241319	1467.070042157018	1048.405825785366	-895.446313780687	466.125022863644	
0.293103448276	-0.795473792895	0.399381059190	3.690396198717	-316.266032532743	158.786705718115	1467.234966968306	1048.324625172992	-894.445688275256	463.867182448357	
0.293965517241	-0.792627264457	0.396618491267	3.693801453331	-315.134304167285	157.688358538882	1468.588834784109	1048.247320670901	-894.873295306296	462.507183826441	
0.294827586207	-0.791518110946	0.394679695689	3.693947296458	-314.693324736354	156.917528385845	1468.646819380803	1048.130681726057	-894.269953086166	461.473093748252	
0.295689655172	-0.792086609664	0.394075664872	3.686966471716	-314.919349573100	156.677376627703	1465.871369372704	1047.744635148448	-891.176534937384	460.986480418102	
0.296551724138	-0.793207010114	0.392938115242	3.673810868175	-315.364800583699	156.225107412218	1460.640938685216	1046.941366829177	-885.881222800815	460.096165242364	
0.297413793103	-0.794735302586	0.391509875157	3.657709410799	-315.972422105621	155.657264914507	1454.239289645537	1046.385766295664	-879.066977174414	458.841854383548	
0.298275862069	-0.797668469894	0.390787486854	3.647460333662	-317.138596523511	155.370056354866	1450.164441433036	1046.236633683709	-874.903773148973	458.146797071941	
0.299137931034	-0.800947112256	0.388528654953	3.637041848555	-318.442125591594	154.471985532150	1446.022239666903	1046.184149088861	-870.480991724689	456.886830931198	
0.300000000000	-0.798634165565	0.387109346787	3.630766828165	-317.522539704633	153.907694204726	1443.527404738680	1046.201494835090	-866.121732335441	455.228331406802	
0.300862068966	-0.795731810805	0.390058606407	3.626063848535	-316.368615800080	155.080266635333	1441.657584863014	1046.522152341159	-861.900840333136	454.938998086469	
0.301724137931	-0.798412070308	0.390588289017	3.613804951659	-317.434238636182	155.290858887661	1436.783668571869	1046.392856207392	-854.816767415303	453.564568848037	
0.302586206897	-0.801435940347	0.389007971513	3.612172156297	-318.636474823941	154.662553151294	1436.134498585786	1046.028590814796	-853.332856580963	452.593773116411	
0.303448275862	-0.800390423977	0.388295709918	3.612884481592	-318.220796372318	154.379370787717	1436.417706275577	1045.441100401607	-853.499258616774	452.420869176426	
0.304310344828	-0.796482129462	0.390506319622	3.617306957961	-316.666928964915	155.258269334520	1438.176003113831	1045.023427285879	-855.562544352877	453.409592993429	
0.305172413793	-0.794021360412	0.390366459984	3.617433305331	-315.688571574469	155.202663665191	1438.226236549558	1044.684023195801	-856.655021548609	453.299847184154	
0.306034482759	-0.793372379385	0.390464597423	3.620670490182	-315.430548423414	155.241681340809	1439.513282858708	1044.417299380498	-860.485708009137	454.133520596626	
0.306896551724	-0.791822878170	0.389908325665	3.624164852643	-314.814494687739	155.020517722945	1440.902578347360	1044.238525016636	-863.469723231102	454.489235853989	
0.307758620690	-0.792344025549	0.390180672212	3.632078979311	-315.021693485906	155.128797797862	1444.049092368018	1044.248188026543	-868.236643096085	455.492129073369	
0.308620689655	-0.792948552647	0.389926640588	3.636787449466	-315.262042556637	155.027799405956	1445.921095177489	1044.311439930114	-871.565250079963	456.024604339137	
0.309482758621	-0.793365548294	0.393576370673	3.640749482366	-315.427832504504	156.478866259468	1447.496327997675	1044.303724477807	-874.760862828243	457.698064140453	
0.310344827586	-0.793136516580	0.396637426537	3.639653061559	-315.336773625956	157.695886860411	1447.060410860374	1044.048817841240	-876.330782886653	459.011665291808	
0.311206896552	-0.792831221751	0.402109686200	3.637716398043	-315.215393908483	159.871558602478	1446.290428376911	1043.517723130023	-877.964705551705	461.524872054955	
0.312068965517	-0.793447394936	0.405809339474	3.635965812064	-315.460373253269	161.342474015369	1445.594426965841	1043.139825625156	-879.229618915879	463.104635006986	
0.312931034483	-0.792945032583	0.413755366498	3.640256105222	-315.260643042446	164.501671041981	1447.300170143801	1042.615256173566	-883.980273451640	467.025171171902	
0.313793103448	-0.793068399190	0.420732846111	3.642302646588	-315.309691380306	167.275791087328	1448.113838078515	1041.662114316099	-888.859375356212	470.871408487985	
0.314655172414	-0.791830133683	0.427807162937	3.646926364314	-314.817379348734	170.088411861928	1449.952144850952	1040.422599101803	-896.222569264313	475.573850703753	
0.315517241379	-0.786525332730	0.432927479090	3.655982782263	-312.708286169576	172.124157212008	1453.552813281888	1039.635248127012	-903.727525600937	479.043614481243	
0.316379310345	-0.777474156774	0.434246385977	3.659363087303	-309.109701860453	172.648530801822	1454.896761597100	1038.967651408828	-905.420322971831	479.589761891952	
0.317241379310	-0.767110943578	0.429197552037	3.647303749351	-304.989475209601	170.641205490452	1450.102186334928	1038.484363290958	-895.841691440436	475.250857443381	
0.318103448276	-0.762535115121	0.416299505315	3.618847295607	-303.170208346700	165.513174748706	1438.788413579951	1038.411333678858	-877.318939737254	466.141407978206	
0.318965517241	-0.763024570666	0.405268851038	3.593353090896	-303.364807043189	161.127585562057	1428.652377611445	1038.391980222400	-862.162450399000	458.168014780773	
0.319827586207	-0.764207084400	0.401193293537	3.577689264088	-303.834953175754	159.507217407959	1422.424722592738	1037.727802248135	-854.342008301805	454.902491346424	
0.320689655172	-0.764507567618	0.404364380325	3.574161394892	-303.954419883506	160.767984319934	1421.022105430467	1036.528093356156	-854.070756890929	456.151294758504	
0.321551724138	-0.767196689088	0.408297437740	3.569769204123	-305.023566077763	162.331697009758	1419.275849600439	1034.949002093657	-853.575083287893	457.856019711441	
0.322413793103	-0.772741729662	0.408552091518	3.565415253907	-307.228174197207	162.432942758842	1417.544797524073	1033.845082065405	-853.864692805065	458.391415752502	
0.323275862069	-0.776624104268	0.408207354271	3.571634297108	-308.771736316292	162.295881447248	1420.017376931335	1032.769150202785	-858.833427066659	459.194102965535	
0.324137931034	-0.776042601086	0.411610500931	3.591847456734	-308.540541139095	163.648911178543	1428.053764624949	1032.235773555358	-868.423224518504	461.828207869724	
0.325000000000	-0.777000708311	0.414210157389	3.599798923293	-308.921467291236	164.682487697700	1431.215124312793	1031.981829046189	-871.316904640841	463.241527038418	
0.325862068966	-0.779238996554	0.412748595126	3.599735294702	-309.811370325685	164.101396903172	1431.189826732767	1031.924082314763	-870.353429492857	462.205195828291	
0.326724137931	-0.779693384764	0.407731790303	3.598030682755	-309.992026882491	162.106805790915	1430.512103767820	1032.220479269724	-868.314459528672	459.456900576750	
0.327586206897	-0.778871577876	0.401882415874	3.596852510168	-309.665291286167	159.781200019767	1430.043683597050	1032.857951824221	-865.485230390252	456.250951274640	
0.328448275862	-0.777553095770	0.395421473839	3.596733361658	-309.141086581745	157.212445999336	1429.996312298627	1033.770377674113	-862.714724901887	452.592511770367	
0.329310344828	-0.778851002516	0.389173847356	3.586156782376	-309.657110894191	154.728502394798	1425.791255139971	1034.482688264229	-856.622639345004	448.862535792650	
0.330172413793	-0.780386689664	0.383120940775	3.579309118647	-310.267672405923	152.321975911033	1423.068747548680	1034.931966161934	-852.783514847882	445.797334045484	
0.331034482759	-0.779598235411	0.378856673353	3.581752600629	-309.954197215750	150.626580096320	1424.040231913065	1035.737276870411	-852.205481732602	443.302447726902	
0.331896551724	-0.780845183607	0.375002976664	3.576332352381	-310.449961327952	149.094419799802	1421.885238971616	1036.356555939379	-848.463320071184	441.359321161986	
0.332758620690	-0.781392770768	0.373809875516	3.580792757517	-310.667672106736	148.620064302379	1423.658615604090	1037.259156402964	-848.681718379784	441.108079317031	
0.333620689655	-0.781596084903	0.374898948153	3.588072076411	-310.748506139738	149.053059940039	1426.552741503156	1038.214648518362	-850.808824839693	442.218757193472	
0.334482758621	-0.782288802160	0.377155885018	3.598487709920	-311.023918027023	149.950377330513	1430.693809525298	1039.223978370614	-855.157158364147	443.949770688504	
0.335344827586	-0.782386353357	0.380876817292	3.608149459038	-311.062702623283	151.429752890071	1434.535146710802	1039.814431078987	-859.960599306649	446.340064504179	
0.336206896552	-0.784454527074	0.385197695949	3.614353259512	-311.884971190959	153.147656310687	1437.001665884977	1039.871804469052	-864.438885616488	449.255218464814	
0.337068965517	-0.787325345271	0.390846832987	3.616462808448	-313.026356726423	155.393651306796	1437.840384493155	1039.504085320138	-867.910793336348	452.638656490184	
0.337931034483	-0.789959337959	0.397228512623	3.610536848992	-314.073584711505	157.930892027366	1435.484329896811	1038.556118825540	-868.996221362373	456.320488928946	
0.338793103448	-0.793734868941	0.403163330459	3.608035082579	-315.574667732727	160.290468555762	1434.489672693842	1037.820652624720	-871.497571619489	460.000268964196	
0.339655172414	-0.796130845461	0.408519565339	3.603983783938	-316.527264782045	162.420010936797	1432.878949425331	1036.968822553347	-872.624921088254	463.383223227623	
0.340517241379	-0.796081292327	0.411151207152	3.610061376070	-316.507563349887	163.466304256078	1435.295290438798	1037.072412430736	-876.277043273150	465.695264577355	
0.341379310345	-0.794824754322	0.411463699996	3.621457518071	-316.007986502426	163.590545774468	1439.826190952290	1037.929117982278	-880.340059706865	466.779782929601	
0.342241379310	-0.791313563358	0.411613795572	3.636620124829	-314.612000304570	163.650221068357	1445.854569919760	1039.371931950157	-885.234576959017	467.446492713260	
0.343103448276	-0.786733908646	0.412002878660	3.648798122699	-312.791212191734	163.804913486609	1450.696322225179	1040.809731619055	-888.552594998503	467.931958760697	
0.343965517241	-0.782518966117	0.412026051720	3.657134940879	-311.115427064936	163.814126677184	1454.010890766762	1042.101016461423	-890.248600380527	467.937370389514	
0.344827586207	-0.779654431391	0.412530283352	3.659825921917	-309.976539723965	164.014600079443	1455.080776291872	1042.820781498660	-890.872255962372	468.025907236201	
0.345689655172	-0.776331160037	0.414620868745	3.654998710837	-308.655266973706	164.845779124949	1453.161564232128	1042.895528078405	-889.550789828999	468.408921990901	
0.346551724138	-0.773970030401	0.414536414068	3.649523426481	-307.716524416735	164.812201468565	1450.984689926797	1042.934650974743	-887.766505198442	467.850586155385	
0.347413793103	-0.771388622572	0.412351716344	3.645912323479	-306.690203223239	163.943605057727	1449.548980504862	1043.290527946194	-885.706965388500	466.438300080835	
0.348275862069	-0.769043728615	0.408884334707	3.641548636405	-305.757915679704	162.565036658279	1447.814057229422	1043.544538407189	-882.518415141358	464.184863264673	
0.349137931034	-0.766463912400	0.407685797367	3.634064230567	-304.732227283192	162.088519829321	1444.838392460402	1043.169980732483	-878.339817208323	462.407135803040	
0.350000000000	-0.762529825633	0.402009522540	3.618783692181	-303.168105341555	159.831735337699	1438.763126004936	1042.534768543662	-868.864646956818	457.953132499361	
0.350862068966	-0.757252878730	0.398714643775	3.607833938238	-301.070086430503	158.521750968911	1434.409701331580	1042.066386571870	-861.318452209699	454.365821536168	
0.351724137931	-0.755292118173	0.395776878804	3.589997647842	-300.290523398192	157.353748603035	1427.318313973560	1041.477312650521	-851.183893584301	450.930562102830	
0.352586206897	-0.756463050617	0.392599874607	3.571522996869	-300.756065018401	156.090629036116	1419.973125964028	1040.663895756567	-841.897647745937	447.742013084841	
0.353448275862	-0.758142152075	0.389115841762	3.559243477725	-301.423645472843	154.705440416527	1415.091010631030	1040.262716488904	-835.756416980735	444.821396088156	
0.354310344828	-0.758522832319	0.387960935094	3.555747401155	-301.574997071841	154.246270356051	1413.701033643687	1039.578790168030	-834.018419017752	443.683659723212	
0.355172413793	-0.757159187251	0.388105995091	3.560274173806	-301.032836388360	154.303943594282	1415.500796802903	1039.495646391481	-835.851613161434	443.593656942941	
0.356034482759	-0.757572411736	0.389294240731	3.568760610609	-301.197126990370	154.776368629071	1418.874851010353	1039.376588884355	-839.821873465381	444.587453778415	
0.356896551724	-0.757437903251	0.391120960634	3.580548758700	-301.143648842633	155.502639514970	1423.561606075140	1039.258303845463	-846.091468247294	446.376717230032	
0.357758620690	-0.760031138071	0.390229694838	3.587024386237	-302.174672234401	155.148288309734	1426.136198786624	1039.401172634926	-850.085190181033	447.128822226101	
0.358620689655	-0.759678030721	0.390286731832	3.594758307969	-302.034283120773	155.170965189719	1429.211066574800	1039.001184563175	-855.064249376278	448.463051127727	
0.359482758621	-0.756453670513	0.393668989113	3.598679197831	-300.752335658002	156.515689680620	1430.769941665092	1038.925536688432	-857.158289576016	450.287812194573	
0.360344827586	-0.758608393621	0.395496152965	3.594430425344	-301.609014702494	157.242137072795	1429.080706356730	1038.838024036319	-856.524093635030	451.431121445139	
0.361206896552	-0.761156159889	0.396013840134	3.590684732099	-302.621960617724	157.447960153949	1427.591486281674	1038.741785650157	-855.874361818098	451.694013083539	
0.362068965517	-0.763078079900	0.396964209750	3.590624804334	-303.386081349629	157.825809971906	1427.567660083362	1038.441169390928	-857.849347673353	452.951682043034	
0.362931034483	-0.764151175726	0.396463349468	3.596581776070	-303.812724895284	157.626676957649	1429.936044602643	1038.358518048524	-861.354444111673	453.575519967841	
0.363793103448	-0.764760511312	0.397630002255	3.607144790462	-304.054985734052	158.090517063319	1434.135708605803	1038.443044410547	-866.756870881894	455.012378660953	
0.364655172414	-0.765616533082	0.400167539621	3.611886108055	-304.395324549920	159.099396152119	1436.020770964242	1038.332865607739	-869.901956877003	456.513744306815	
0.365517241379	-0.767104008563	0.402814411200	3.612668828124	-304.986717972723	160.151744551854	1436.331966346286	1037.910562517337	-871.406162814093	458.033466513177	
0.366379310345	-0.769837042622	0.401622128919	3.608561698664	-306.073323020283	159.677714621113	1434.699045751114	1037.695510903717	-869.891007166432	457.646082004839	
0.367241379310	-0.767703594031	0.397096848050	3.604230015398	-305.225102340418	157.878544567868	1432.976846612585	1037.952132700943	-865.139216843750	454.790969418414	
0.368103448276	-0.761274565980	0.388786475713	3.591170894486	-302.669036743850	154.574490416052	1427.784775678216	1038.405395464479	-852.941112898753	448.736150824754	
0.368965517241	-0.759363490991	0.377367607092	3.566095241429	-301.909227797341	150.034554208373	1417.815148298382	1038.808484388373	-834.065670030936	440.128838909451	
0.369827586207	-0.766265652948	0.367599883257	3.544443594549	-304.653402900952	146.151083386507	1409.206844017524	1038.671253673052	-819.926189539428	433.770415544082	
0.370689655172	-0.771835776337	0.361224072507	3.533892890707	-306.867983495322	143.616176029213	1405.012074467496	1037.879111206451	-813.604055274746	430.239465183850	
0.371551724138	-0.771851245840	0.365711231994	3.541288250332	-306.874133890586	145.400189708901	1407.952336068279	1036.122717651634	-819.604556203247	433.556217000510	
0.372413793103	-0.770629816830	0.374825209261	3.553534742294	-306.388515746390	149.023742686530	1412.821320389082	1034.462771615563	-828.160421831866	438.949783326359	
0.373275862069	-0.770467729550	0.380386455080	3.560255219268	-306.324072767305	151.234793718972	1415.493260820397	1033.737303180710	-833.323600130812	441.958651817529	
0.374137931034	-0.770769907625	0.382030654648	3.563321326791	-306.444213319641	151.888497811708	1416.712289869951	1033.394511495243	-836.361893668452	442.757891508784	
0.375000000000	-0.771102052049	0.383112264381	3.571610291387	-306.576267952194	152.318526333041	1420.007832689820	1033.903125580451	-841.668055368597	444.253937948609	
0.375862068966	-0.772160888291	0.377462154218	3.582153029183	-306.997242144372	150.072144440349	1424.199435083889	1035.273683281763	-846.041461037886	443.001764938042	
0.376724137931	-0.775023862756	0.369055613384	3.597341276889	-308.135509153498	146.729855428658	1430.238008429858	1037.331391065548	-852.091617252724	441.136597647542	
0.377586206897	-0.775835814694	0.364188886618	3.617562908588	-308.458326599317	144.794932645145	1438.277764467033	1039.631496443666	-860.216084086304	440.368809844075	
0.378448275862	-0.775879307181	0.366085742335	3.633245231242	-308.475618427923	145.549088265782	1444.512773100780	1041.131454488584	-865.827410182163	441.757041439845	
0.379310344828	-0.777067371710	0.369400100069	3.641686211913	-308.947971456302	146.866817121421	1447.868754769977	1042.455912190121	-868.264555306299	442.955973803521	
0.380172413793	-0.779334103583	0.372717047453	3.631884154547	-309.849183164856	148.185575575415	1443.971633555856	1042.584435598791	-864.340812311018	443.358106431849	
0.381034482759	-0.779483294077	0.374858932019	3.622363657494	-309.908498614519	149.037150246843	1440.186455643603	1042.150776000356	-861.857071457054	443.877893387465	
0.381896551724	-0.779101076216	0.374592313132	3.618296488534	-309.756535687028	148.931147386110	1438.569422622367	1041.888106106372	-861.010315966544	443.848672921545	
0.382758620690	-0.780419445837	0.376484141244	3.621071099832	-310.280695669673	149.683304121814	1439.672558030116	1041.826469442510	-863.119265929972	445.272937903983	
0.383620689655	-0.781799242826	0.377486886757	3.629838705966	-310.829278065846	150.081977651804	1443.158400092548	1042.227324038812	-867.482547026245	446.948488606794	
0.384482758621	-0.781971606183	0.381806782270	3.644519715442	-310.897806627590	151.799490191966	1448.995304666785	1042.965925184678	-874.688895665013	450.248493147769	
0.385344827586	-0.783925400599	0.388813559368	3.657850108739	-311.674600048045	154.585258388761	1454.295228608756	1043.672592142335	-881.513606825938	454.555816413968	
0.386206896552	-0.786033345191	0.396471958691	3.670764509581	-312.512680797914	157.630099829509	1459.429761453540	1043.937320063219	-889.628942347262	459.638573479961	
0.387068965517	-0.787631793616	0.403456630023	3.671214111052	-313.148195061318	160.407079172309	1459.608514889323	1043.633185115639	-892.870752561283	463.848452388679	
0.387931034483	-0.785602786004	0.409608762465	3.669145265094	-312.341498230926	162.853056068579	1458.785979051177	1043.013828034898	-893.382525404161	466.672950096140	
0.388793103448	-0.780444727362	0.415094218893	3.661722055208	-310.290747147775	165.033974606336	1455.834644688811	1042.488744557272	-890.289586320174	468.330248121204	
0.389655172414	-0.774167515414	0.414414966853	3.646664727480	-307.795040896065	164.763916246544	1449.848122764763	1042.410751091860	-881.198040371012	466.236864472748	
0.390517241379	-0.769891359002	0.408730210365	3.632889147171	-306.094918233176	162.503759599753	1444.371200496638	1043.038866260746	-871.897386608016	462.209634018565	
0.391379310345	-0.766355493821	0.401435371977	3.628953552892	-304.689122011588	159.603463429571	1442.806479195389	1044.393442661503	-865.938569043432	457.767264133316	
0.392241379310	-0.765492986799	0.395292218977	3.632755787892	-304.346204776502	157.161056597351	1444.318179252601	1045.809846793262	-864.548337626532	454.326187219787	
0.393103448276	-0.765822329755	0.390314054302	3.636735045476	-304.477145595397	155.181828111228	1445.900260296207	1046.716649325301	-864.498964789511	451.635683262675	
0.393965517241	-0.766376005881	0.388403427557	3.642593196182	-304.697277236778	154.422197378290	1448.229355356590	1046.867596923732	-867.296563543630	450.871058648174	
0.394827586207	-0.766228954457	0.392349882966	3.649250199749	-304.638812242850	155.991236868839	1450.876059906071	1046.634286670775	-871.638690622818	452.613400182803	
0.395689655172	-0.769077012428	0.395574582952	3.649278905629	-305.771148723301	157.273319420962	1450.887472846443	1045.916371435753	-873.896277309963	453.960256825702	
0.396551724138	-0.773777897433	0.396269443485	3.644355393921	-307.640135814022	157.549583435982	1448.929973394026	1044.790297521037	-873.980992910246	454.170489039651	
0.397413793103	-0.776882173675	0.398488277074	3.641160662459	-308.874340057671	158.431751651318	1447.659805786268	1043.214930656356	-875.202255094244	455.156112063074	
0.398275862069	-0.777571228419	0.398707122554	3.634173432300	-309.148295795645	158.518760667055	1444.881809099940	1042.293314650073	-872.306756029155	454.434417881327	
0.399137931034	-0.778882445154	0.396760160511	3.625776729892	-309.669611919999	157.744683674811	1441.543431669230	1041.768499035833	-867.829162782194	452.889850198900	
0.400000000000	-0.779199697227	0.390080399002	3.613587153920	-309.795745622177	155.088930978021	1436.697076119216	1042.175657503618	-859.478328900333	448.648636499924	
0.400862068966	-0.776822752478	0.379954046970	3.602075292357	-308.850715261348	151.062876053714	1432.120167595091	1043.286166046839	-849.561191591146	442.518715880947	
0.401724137931	-0.771071713077	0.372319743379	3.593441596543	-306.564205723892	148.027614641637	1428.687565860694	1044.660440089354	-838.289377131380	436.559071724970	
0.402586206897	-0.770654359905	0.370552210196	3.591586043317	-306.398273630430	147.324875328028	1427.949831365674	1045.823602390270	-833.703462173086	434.657140554206	
0.403448275862	-0.773505030017	0.373150094742	3.592803923020	-307.531648651042	148.357747366947	1428.434038369057	1046.001429154846	-834.090007172549	435.931307030986	
0.404310344828	-0.777597776797	0.379265615811	3.597909791113	-309.158850951923	150.789168241570	1430.464039431307	1045.453703139841	-839.617042597874	439.884973387056	
0.405172413793	-0.779088053270	0.386349844331	3.603446642716	-309.751357998423	153.605729726748	1432.665391763316	1044.734524423713	-845.541157151495	444.538409066933	
0.406034482759	-0.783622778572	0.389434857516	3.611415071515	-311.554282988087	154.832275326705	1435.833495331936	1044.246987769110	-852.189565763411	447.434049305703	
0.406896551724	-0.787896199377	0.390663315449	3.618506495956	-313.253318023050	155.320688043543	1438.652917785561	1043.549429686744	-857.846815653596	449.369840314821	
0.407758620690	-0.792944806873	0.393589932557	3.630915013666	-315.260553304530	156.484258220100	1443.586320621444	1042.491155313079	-866.925487676531	452.733513484526	
0.408620689655	-0.795316625236	0.396283253146	3.646776214100	-316.203545506313	157.555073908292	1449.892447834177	1041.861793426436	-876.743394569187	455.961369049513	
0.409482758621	-0.795551872619	0.398808376851	3.660165397768	-316.297075622861	158.559017549252	1455.215745767383	1041.790505004455	-883.962635148432	458.702946747153	
0.410344827586	-0.797422313236	0.398707008746	3.666720696861	-317.040729075852	158.518715418952	1457.822014452098	1042.157285200634	-887.168871906043	459.726146118837	
0.411206896552	-0.798458996784	0.397946691385	3.674019460109	-317.452895756601	158.216426949758	1460.723871075823	1042.761490759255	-889.805870137344	460.097448048891	
0.412068965517	-0.798962047770	0.395405191725	3.679183699287	-317.652899755444	157.205972524344	1462.777079428344	1043.666582943679	-891.089136059207	459.566304863112	
0.412931034483	-0.800040072995	0.392434894488	3.677759087466	-318.081503141191	156.025035916404	1462.210679463537	1044.219416465058	-888.882091299493	458.191756234552	
0.413793103448	-0.801671920095	0.388753618599	3.671848201299	-318.730296115398	154.561427020094	1459.860617734881	1044.457260539455	-885.343181773314	456.257408212420	
0.414655172414	-0.803904240967	0.386413514268	3.660285414034	-319.617826630937	153.631043745549	1455.263462069846	1044.494744309292	-879.796856472667	454.228381690699	
0.415517241379	-0.804530330085	0.384836879792	3.651028316281	-319.866748371691	153.004202314560	1451.583006968641	1044.582020985434	-874.891211969449	452.347786504075	
0.416379310345	-0.804441953989	0.385004652087	3.643540410778	-319.831611630047	153.070905552963	1448.605950795897	1044.792577760390	-870.365745734145	451.226496594887	
0.417241379310	-0.805939811482	0.384976158053	3.634518766426	-320.427132753166	153.059576839036	1445.019107719900	1044.786708067354	-865.459139592819	450.160724118226	
0.418103448276	-0.805597538470	0.385576600267	3.624859997740	-320.291051176927	153.298301833725	1441.178955500190	1044.695490056074	-860.461142801866	449.411308974769	
0.418965517241	-0.802167175492	0.386207805117	3.619023602508	-318.927200728356	153.549257497382	1438.858510023683	1044.846548763784	-856.293622506626	449.124884582501	
0.419827586207	-0.798853434430	0.385393543573	3.615728126405	-317.609717050569	153.225521793568	1437.548288163914	1045.311586445253	-851.451118858625	447.866564359692	
0.420689655172	-0.797302711365	0.385929030555	3.615977165651	-316.993177529122	153.438421759647	1437.647301676175	1045.332441244238	-849.998442012598	447.772786124778	
0.421551724138	-0.794315743281	0.390458944064	3.619521888556	-315.805612893267	155.239433667098	1439.056619569211	1044.989582727015	-851.415569511840	449.707284126609	
0.422413793103	-0.792474797232	0.395771011097	3.620747342001	-315.073685948518	157.351415708513	1439.543837756127	1044.071571889434	-853.694534967534	452.436853997722	
0.423275862069	-0.791295801636	0.400943850875	3.622483706271	-314.604938564323	159.408043504818	1440.234184871977	1042.972751481510	-858.108406997509	455.594336128082	
0.424137931034	-0.789143320632	0.404408217113	3.629040071481	-313.749150940317	160.785413035899	1442.840877425746	1042.035872744329	-865.386977231044	458.768628064464	
0.425000000000	-0.786200965845	0.406594639949	3.642123373127	-312.579323746554	161.654695320264	1448.042562184038	1042.097900274313	-873.326731240108	461.105809049498	
0.425862068966	-0.782840842526	0.409361459735	3.655494332465	-311.243399319523	162.754732963480	1453.358614452110	1042.687992666147	-880.566212294357	463.383578083479	
0.426724137931	-0.781467651760	0.410410663597	3.661202600226	-310.697443438508	163.171877495208	1455.628118757059	1043.426557554437	-883.623779121862	464.231159756405	
0.427586206897	-0.782894267696	0.410091490441	3.662773356193	-311.264640203608	163.044980005041	1456.252622998560	1044.139954138268	-884.991857677791	464.328507911595	
0.428448275862	-0.783831272241	0.411149302507	3.660282934113	-311.637176310566	163.465547003428	1455.262476097868	1044.711227978079	-884.236557517302	464.387394604467	
0.429310344828	-0.783480746040	0.410799742405	3.651549166313	-311.497813415231	163.326568211625	1451.790087546905	1045.107058725422	-879.385099392765	463.095556718506	
0.430172413793	-0.784757621683	0.406953797942	3.643897625729	-312.005476140670	161.797490060576	1448.747973017285	1045.624622609350	-873.944998677932	460.228919953318	
0.431034482759	-0.785635257979	0.402983440792	3.640500302501	-312.354408502632	160.218947668657	1447.397258577344	1046.183907341816	-870.689899757596	457.326835592721	
0.431896551724	-0.786468193112	0.398562271568	3.633253644680	-312.685568488196	158.461170527332	1444.516118131773	1046.199722468290	-865.992998802617	454.300171964678	
0.432758620690	-0.785949205529	0.394055032212	3.627684684476	-312.479228385900	156.669173454147	1442.301999999178	1046.304087687633	-862.380788597860	451.601588969752	
0.433620689655	-0.785692804094	0.391367768994	3.623084637286	-312.377287799732	155.600766067270	1440.473104204868	1046.253273368951	-859.220586033233	450.140690732885	
0.434482758621	-0.786104814417	0.390295186160	3.618012705481	-312.541095673018	155.174326478037	1438.456595598817	1045.975609785642	-856.080206712621	449.452628734124	
0.435344827586	-0.788288049207	0.389374277514	3.614229008350	-313.409110447746	154.808189810589	1436.952265863875	1045.505343228819	-853.826619281276	449.177047845627	
0.436206896552	-0.789571761526	0.393090376753	3.612792016619	-313.919491312163	156.285643842587	1436.380943870059	1044.757776179669	-853.211354227489	450.888298568047	
0.437068965517	-0.791685471102	0.397225681664	3.609697247740	-314.759864115978	157.929766488905	1435.150519582203	1043.805585990350	-852.912870421789	453.168239976106	
0.437931034483	-0.791762998852	0.401336016015	3.609970016306	-314.790687750729	159.563961291258	1435.258967444230	1042.591336244685	-854.113971664734	455.631473284686	
0.438793103448	-0.793414943811	0.406374396642	3.613940446777	-315.447471271435	161.567130554008	1436.837538987156	1041.268404678048	-857.849410917064	459.202281905932	
0.439655172414	-0.794858199438	0.409856248633	3.621819244384	-316.021283677460	162.951452105146	1439.970006810199	1040.672383420560	-862.978111295523	462.152450058517	
0.440517241379	-0.795328932265	0.410856293737	3.636131335809	-316.208438559140	163.349052001372	1445.660236221255	1040.742365911743	-870.102158042153	464.327134289618	
0.441379310345	-0.794701366825	0.411780878144	3.651435526014	-315.958929859214	163.716650085268	1451.744906213570	1041.267315032111	-877.118785037309	466.312875442974	
0.442241379310	-0.793763909080	0.412364140328	3.666388895329	-315.586213568236	163.948544609747	1457.690096147616	1042.056201022182	-883.140964918535	467.677844260665	
0.443103448276	-0.794135023752	0.410995986554	3.672653271604	-315.733762068226	163.404591345919	1460.180699167350	1042.820289640564	-885.695080252717	467.640733126902	
0.443965517241	-0.792552622804	0.404735430929	3.675296468177	-315.104627992178	160.915507347351	1461.231586450959	1043.976236328423	-886.036593517423	464.863935059772	
0.444827586207	-0.790782961218	0.397328600732	3.678779042031	-314.401042463792	157.970685254055	1462.616195002093	1044.873877758669	-886.516842650208	461.709568115778	
0.445689655172	-0.788437602101	0.393462155307	3.678222288498	-313.468569980885	156.433456290274	1462.394839839086	1045.890965793059	-885.081581561079	459.211564234923	
0.446551724138	-0.785082275094	0.391195739024	3.675125051873	-312.134552481025	155.532370053908	1461.163434420300	1046.391315493170	-882.609488382802	456.901688940352	
0.447413793103	-0.784967904548	0.389653464761	3.668376460870	-312.089080815100	154.919189624319	1458.480316358251	1046.546342252861	-879.505499736399	454.925273265374	
0.448275862069	-0.786336727975	0.387929596507	3.661352360420	-312.633300320799	154.233810699068	1455.687660709193	1046.493594066750	-876.783042728314	452.912124707147	
0.449137931034	-0.786644697323	0.387675661640	3.652824887334	-312.755743378838	154.132850775987	1452.297291215565	1046.101449876813	-873.664251204043	451.542733134641	
0.450000000000	-0.788768331949	0.386588848915	3.638435456934	-313.600062203310	153.700753638854	1446.576313222750	1045.294270984216	-868.650646459038	450.326712087956	
0.450862068966	-0.787781719380	0.386151143389	3.632223451372	-313.207802841056	153.526729816213	1444.106531853691	1045.274038069923	-866.096911557224	449.798021371932	
0.451724137931	-0.784881471354	0.388161426565	3.635955722005	-312.054716535881	154.325982148550	1445.590415340383	1046.032024621649	-867.462653118748	450.830149865706	
0.452586206897	-0.780842122933	0.390586171296	3.638640071601	-310.448744459180	155.290016919713	1446.657664323564	1046.941462685541	-866.958130082096	451.249514919525	
0.453448275862	-0.777742715225	0.397029864956	3.645615821389	-309.216475856858	157.851913297889	1449.431096621692	1047.787061206585	-869.881478204908	454.034524918310	
0.454310344828	-0.778971162745	0.401072829044	3.645028525260	-309.704884433976	159.459322898243	1449.197598273476	1047.714039432806	-870.681734824678	456.052798165996	
0.455172413793	-0.780862301419	0.405382937734	3.645679000525	-310.456767061387	161.172944374486	1449.456215506461	1047.015524828551	-873.579620851898	458.329404874888	
0.456034482759	-0.781192012041	0.412055582121	3.647884236817	-310.587854057846	163.825867431811	1450.332977681635	1045.989863847832	-878.221700514920	461.655861184566	
0.456896551724	-0.781183977144	0.413535743343	3.650582824989	-310.584659527668	164.414352836843	1451.405887665933	1045.471430229551	-881.147134219892	462.769952971927	
0.457758620690	-0.784027295241	0.411367497475	3.658117901526	-311.715111519816	163.552297387467	1454.401698191116	1045.802702284206	-885.893871713220	463.596718934304	
0.458620689655	-0.788598922513	0.408809012074	3.658935027112	-313.532708066985	162.535089738005	1454.726572585870	1045.738094073296	-887.678767900170	463.982986814428	
0.459482758621	-0.792897538775	0.409588424670	3.660787859549	-315.241760360976	162.844970128369	1455.463225344333	1045.370829874872	-890.364589425344	465.963451056243	
0.460344827586	-0.793853589579	0.411336286607	3.668156289239	-315.621868917217	163.539888509283	1458.392780088861	1045.307451758813	-894.180923520655	468.028265198739	
0.461206896552	-0.795693633977	0.415097911426	3.675359626585	-316.353437381817	165.035442690622	1461.256697094851	1045.122656351122	-897.308517072842	470.396814603701	
0.462068965517	-0.798328089529	0.417888939013	3.679198433521	-317.400849393308	166.145104919131	1462.782937494248	1044.654830631080	-899.484684497583	471.864430655422	
0.462931034483	-0.799471657374	0.419781516161	3.679652778330	-317.855511342361	166.897559458001	1462.963576795662	1044.281700231236	-900.023549002798	472.941746568904	
0.463793103448	-0.801900412343	0.417773043851	3.675373331048	-318.821140511950	166.099027092951	1461.262145742374	1044.040727235217	-897.614167198224	472.079217893529	
0.464655172414	-0.804246761178	0.411442525388	3.672193633855	-319.754006489123	163.582127132329	1459.997955488714	1044.253997831468	-894.873944661238	469.252147266327	
0.465517241379	-0.803861075501	0.406449183406	3.671812257027	-319.600664820142	161.596864422301	1459.846326940537	1044.525000953790	-892.245003033951	466.712839325468	
0.466379310345	-0.803052442838	0.404230070146	3.673870945226	-319.279167058193	160.714585015059	1460.664824236953	1044.973883716358	-891.277838635857	465.372263484450	
0.467241379310	-0.802516033866	0.402475980836	3.669453153618	-319.065900525833	160.017190742978	1458.908389975136	1045.303132090512	-887.039587556455	463.868857881118	
0.468103448276	-0.801357036003	0.400310575091	3.662169921574	-318.605103879865	159.156264475006	1456.012708278041	1045.736184174232	-881.490419253342	461.952312373531	
0.468965517241	-0.799935314637	0.395644377161	3.647513710515	-318.039853107252	157.301068339771	1450.185663106786	1046.059109343577	-871.809001774377	458.170702536636	
0.469827586207	-0.799746508627	0.389973197004	3.623524217538	-317.964787243234	155.046309397423	1440.647873384564	1045.898254273623	-858.765422023010	453.317816109105	
0.470689655172	-0.797242383973	0.384606081764	3.604365340199	-316.969192446133	152.912441181350	1433.030649312753	1045.911079372239	-846.878568615921	448.975710239188	
0.471551724138	-0.794892251787	0.377361190982	3.592239131428	-316.034822277309	150.032003278733	1428.209487418972	1045.911321642763	-837.535841434257	444.144479898565	
0.472413793103	-0.790611536354	0.375178044474	3.594553107227	-314.332887030029	149.164023603419	1429.129482460665	1045.737274810668	-836.248058770767	442.471537800663	
0.473275862069	-0.785807031333	0.374492121305	3.606148350059	-312.422702489997	148.891312922879	1433.739541873964	1045.292301714290	-840.859770132862	442.663028683546	
0.474137931034	-0.783281268038	0.378195213012	3.624512569080	-311.418504559403	150.363595394928	1441.040824131314	1044.422556134938	-851.305275345667	445.870562644469	
0.475000000000	-0.782437001346	0.385019802374	3.639127390042	-311.082839350225	153.076929034145	1446.851413346384	1043.262890510180	-861.807930533847	450.476490515713	
0.475862068966	-0.782474048291	0.392334012347	3.649287900121	-311.097568547424	155.984926996953	1450.891048894161	1042.440656299521	-870.878044875573	455.076053204493	
0.476724137931	-0.782440540349	0.396805632758	3.656380716041	-311.084246394056	157.762762620087	1453.711024574903	1041.739632461248	-877.517014462868	457.948231571155	
0.477586206897	-0.782429189021	0.401146144257	3.665595091563	-311.079733310663	159.488471704678	1457.374494087718	1041.462289787519	-884.973255304986	461.236880543175	
0.478448275862	-0.779983341568	0.402525051805	3.673320425660	-310.107308478059	160.036700475147	1460.445947587141	1041.732381303348	-889.164318621825	462.370256204659	
0.479310344828	-0.776440241630	0.400937581841	3.678574144773	-308.698635847681	159.405551049892	1462.534731547936	1042.821765549773	-890.368162031641	461.106375332018	
0.480172413793	-0.772621256120	0.399191116879	3.675993707166	-307.180276089754	158.711188081028	1461.508796097496	1043.531449496445	-889.099760563316	459.513113067486	
0.481034482759	-0.769410426101	0.400054072775	3.672457957857	-305.903707986094	159.054283780451	1460.103045944413	1043.674828050877	-888.233892049197	459.068510686445	
0.481896551724	-0.767987731017	0.402092593099	3.661278004045	-305.338070081005	159.864762693907	1455.658097955343	1043.420908168251	-884.446844180606	458.578507499594	
0.482758620690	-0.766896797354	0.405351200053	3.647822515212	-304.904334533401	161.160326045044	1450.308438284574	1042.581410088615	-880.385293309144	458.721758778722	
0.483620689655	-0.769066472149	0.405994909832	3.631305390558	-305.766958098360	161.416253442667	1443.741527432404	1042.214479965917	-874.045606567036	457.749320506187	
0.484482758621	-0.771539714959	0.402165020536	3.620856126526	-306.750274831382	159.893558536189	1439.587088520963	1042.418409681981	-868.172703568823	455.406250074966	
0.485344827586	-0.772552626345	0.396650207545	3.624992716396	-307.152990128874	157.700968358971	1441.231722043841	1043.519368326343	-866.930213003188	452.839217830524	
0.486206896552	-0.771506149261	0.391088366933	3.635692782878	-306.736929715179	155.489680847189	1445.485875485925	1045.065954154878	-867.214654554076	450.527634007590	
0.487068965517	-0.771658938064	0.385144732370	3.644896613348	-306.797675787442	153.126598947140	1449.145152476392	1046.495857507090	-866.545331732377	447.890105437443	
0.487931034483	-0.771686746732	0.380522766406	3.648469021650	-306.808732012255	151.288988643694	1450.565477583859	1047.249448392109	-864.415092859470	445.847103112305	
0.488793103448	-0.773531171945	0.379453930631	3.649949144073	-307.542042209899	150.864038817464	1451.153947563159	1047.264312806563	-863.016927876966	445.492842348674	
0.489655172414	-0.775700864752	0.380962926993	3.645495696111	-308.404672936568	151.463988554009	1449.383336977835	1046.351037874023	-861.468415918205	446.591556627570	
0.490517241379	-0.776181790318	0.384477933609	3.641462787761	-308.595880267533	152.861491786351	1447.779925357058	1045.270406207200	-861.064425744077	448.627466068820	
0.491379310345	-0.777265284339	0.387628634044	3.637003349782	-309.026657947872	154.114153451797	1446.006933249247	1044.194986644096	-861.109559432838	450.907068305720	
0.492241379310	-0.778353203019	0.388582450798	3.634551092561	-309.459194792752	154.493373789993	1445.031960007904	1043.665365840969	-861.229868830793	452.251758460929	
0.493103448276	-0.780869612581	0.389501587273	3.640689924333	-310.459673847420	154.858805874233	1447.472648797877	1043.886066691862	-864.077695353585	453.852542126836	
0.493965517241	-0.784021403029	0.391537373573	3.648197894909	-311.712768882537	155.668197788729	1450.457682481694	1044.629608598870	-866.502409674017	455.466856596926	
0.494827586207	-0.787665099304	0.389543101405	3.652803929020	-313.161436802068	154.875311144578	1452.288958567865	1045.907906088258	-866.877998282389	455.248669664672	
0.495689655172	-0.789033082958	0.383831691929	3.664026555792	-313.705322429346	152.604557750467	1456.750872556133	1048.174397215819	-867.847514834659	452.929233011757	
0.496551724138	-0.792881727027	0.374744729630	3.670668012728	-315.235473895390	148.991745436741	1459.391396045480	1050.707222064637	-865.975685202782	448.667161236043	
0.497413793103	-0.796675052395	0.367519712792	3.673606814711	-316.743631643617	146.119209055507	1460.559810708145	1052.669354228978	-863.621481116883	444.832676292790	
0.498275862069	-0.797649512628	0.360875308191	3.674945273439	-317.131059456420	143.477513627622	1461.091957757381	1054.308044302443	-861.246030195629	441.281201967097	
0.499137931034	-0.797190629959	0.355640341697	3.669924292294	-316.948615984008	141.396185370014	1459.095706214758	1055.276063422294	-855.510581518045	437.920557297709	
0.500000000000	-0.799642002425	0.348232527203	3.655078561353	-317.923237462374	138.450971937924	1453.193311356997	1055.292328345636	-846.136883273728	433.467449157268	
0.500862068966	-0.801963911985	0.343492505992	3.648687168465	-318.846386824116	136.566424997386	1450.652208822686	1054.849446796775	-841.640379797828	430.372316961365	
