dbx_v3_0_m15_0										
Time	Cx	Cy	Cz	Fx	Fy	Fz	Mx	My	Mz	
0.000000000000	0.000000000000	0.000000000000	0.000000000000	0.000000000000	0.000000000000	0.000000000000	0.000000000000	0.000000000000	0.000000000000	
0.000862068966	1.991255492303	-0.326035351183	2.244397648310	791.687877375992	-129.625874793809	892.332710215604	476.935850304148	-434.970669563805	-187.282457402236	
0.001724137931	0.362019766843	0.028113011300	0.608148782374	143.932640431187	11.177234829262	241.789172965350	119.577544060588	-23.281890480676	-17.056622701782	
0.002586206897	0.070042310286	0.071308033171	0.332103161435	27.847580670040	28.350809647241	132.038328563187	173.092124239485	94.575726584545	-78.266381973690	
0.003448275862	0.048799224158	0.061375527658	0.448255243988	19.401706280489	24.401821565504	178.218337128192	193.132883226580	9.147295156466	-65.043415793884	
0.004310344828	0.097843440995	0.028545382764	0.526239066721	38.900817306492	11.349138057094	209.223322338678	190.559850128453	-5.440576112762	-67.002088212270	
0.005172413793	0.108758719310	0.003576114788	0.561219484469	43.240538428950	1.421799832832	223.130916207581	201.845277571200	1.569718226759	-72.966579578122	
0.006034482759	0.106888315709	0.002432307685	0.599996286182	42.496899120625	0.967042409016	238.547885028701	206.203984363079	-11.088125430071	-70.251820208387	
0.006896551724	0.109637882828	-0.015855288989	0.637558530534	43.590078255314	-6.303781776698	253.481967377998	213.523679570539	-19.831262498900	-71.476303213989	
0.007758620690	0.116361951679	-0.015273211189	0.660501007965	46.263448807975	-6.072357963966	262.603489618284	226.551035384524	-23.166959204688	-70.367004999513	
0.008620689655	0.108929144884	-0.014400754558	0.661074933549	43.308296615383	-5.725484676874	262.831672254366	226.176364474256	-23.386616889988	-69.215296227340	
0.009482758621	0.099430228620	-0.020750588045	0.698945078552	39.531695931068	-8.250065884114	277.888170443180	234.417004480604	-31.557902217470	-71.162830332644	
0.010344827586	0.098234599042	-0.025795821353	0.725143924589	39.056334810459	-10.255961192007	288.304367103424	241.319928292222	-37.817820282250	-72.233233104790	
0.011206896552	0.099729309645	-0.019874894322	0.733083540499	39.650605243969	-7.901905586574	291.461017614209	243.297825611704	-40.214978199963	-69.111174163440	
0.012068965517	0.101231965174	-0.017718829665	0.748278383213	40.248034439017	-7.044692507321	297.502217662275	247.519353118029	-43.157076057104	-68.063995503481	
0.012931034483	0.100421887809	-0.025574780632	0.763383359682	39.925962042124	-10.168079320196	303.507688484524	250.190129455187	-46.513030656510	-69.804427987047	
0.013793103448	0.097577887969	-0.029204067212	0.778968019090	38.795238131702	-11.611019314648	309.703872738195	253.767497797754	-50.526101926912	-70.232373719076	
0.014655172414	0.094975973021	-0.031600226068	0.792565555923	37.760762882153	-12.563689590170	315.110012289050	256.258791546450	-54.358343126491	-70.180689285759	
0.015517241379	0.093271018244	-0.033195206526	0.807482395353	37.082903092868	-13.197825540180	321.040683160091	259.347467627076	-58.458785140255	-69.898482899442	
0.016379310345	0.091766818603	-0.030887895303	0.818374930752	36.484859986326	-12.280479508117	325.371362102343	261.251131743433	-61.818746539972	-68.725607236627	
0.017241379310	0.090785365469	-0.027134462021	0.829521439307	36.094651621868	-10.788180986372	329.803016268391	263.632972175139	-65.392821009806	-66.936980025642	
0.018103448276	0.090819513914	-0.024979061678	0.839184382373	36.108228438157	-9.931232026783	333.644831100826	265.378634710467	-68.549431333475	-65.697167214923	
0.018965517241	0.090236560800	-0.024320757105	0.848922985462	35.876456616421	-9.669501800585	337.516727016587	267.259913494031	-71.699352781043	-64.690012110029	
0.019827586207	0.089099394465	-0.025356045878	0.860557590271	35.424339444022	-10.081114260639	342.142439598973	269.755572272145	-75.497263189173	-64.027776808181	
0.020689655172	0.087311533793	-0.026891061852	0.867797015010	34.713517741131	-10.691409394946	345.020706514985	271.209259747273	-77.466727604948	-63.975156041986	
0.021551724138	0.085523999902	-0.029049720527	0.873303948851	34.002825960285	-11.549653809485	347.210165768646	272.929847657195	-78.279834175823	-64.219699535299	
0.022413793103	0.085101276573	-0.032608889535	0.873645748576	33.834758659672	-12.964716300410	347.346059278864	273.826326468137	-75.845864256636	-66.140003330937	
0.023275862069	0.085510436791	-0.036928442108	0.870624851308	33.997433507868	-14.682093814918	346.145004087750	274.211167949274	-71.170147343188	-69.110451467215	
0.024137931034	0.085111381530	-0.044363724485	0.862292546590	33.838776211567	-17.638230255034	342.832227469321	273.982206183219	-62.952351380310	-74.194482067291	
0.025000000000	0.084105197791	-0.050866663661	0.854534342557	33.438735397154	-20.223683569909	339.747703104389	273.500075257841	-55.687291816645	-78.580881758377	
0.025862068966	0.083106446248	-0.056473573709	0.849343585652	33.041649492513	-22.452891590365	337.683950194775	273.850083937773	-49.877117392984	-82.330791550908	
0.026724137931	0.082424499090	-0.061433849817	0.844698696866	32.770519393570	-24.425009421760	335.837224770500	274.039715247747	-44.988689379731	-85.510309295813	
0.027586206897	0.081622472014	-0.064749117459	0.842715849136	32.451647648721	-25.743101054122	335.048879670198	274.491763894886	-42.104895722954	-87.426074427708	
0.028448275862	0.081113905516	-0.067734219813	0.841686393501	32.249450626464	-26.929924822020	334.639586362763	275.068540291998	-39.865718753104	-89.063463130700	
0.029310344828	0.080885080475	-0.069867932355	0.841244118568	32.158473847242	-27.778251096757	334.463745691502	275.669196551821	-37.998634026061	-90.400607900326	
0.030172413793	0.080563441269	-0.071917567583	0.841308911578	32.030595802054	-28.593149721801	334.489506243183	276.361441365883	-36.468789129308	-91.563565948410	
0.031034482759	0.080117179346	-0.073459992853	0.841599040131	31.853169973954	-29.206390660840	334.604856211748	276.985319121282	-35.295097034298	-92.476969990014	
0.031896551724	0.079701794318	-0.074904071847	0.841824724661	31.688020251925	-29.780530864312	334.694584379269	277.554423415618	-34.209418417288	-93.334396480618	
0.032758620690	0.079363057059	-0.076143970670	0.842278984101	31.553344323682	-30.273492652192	334.875189878150	278.123242617009	-33.303756518365	-94.070807055175	
0.033620689655	0.079041226711	-0.077276045262	0.842979757521	31.425390283807	-30.723585437339	335.153804964769	278.698475732622	-32.608128602226	-94.707511256898	
0.034482758621	0.078797515153	-0.078357690163	0.843593246330	31.328494889312	-31.153628271790	335.397717237853	279.236006209320	-31.914281220859	-95.308628839039	
0.035344827586	0.078546608438	-0.079434074171	0.844197714023	31.228738828242	-31.581579468153	335.638042874954	279.729708576604	-31.303219899091	-95.876328222345	
0.036206896552	0.078328564250	-0.080415781696	0.844789734093	31.142048325110	-31.971888973951	335.873419557657	280.198205048127	-30.759770707458	-96.376043971517	
0.037068965517	0.078149707266	-0.081268293660	0.845400805736	31.070937959609	-32.310832615025	336.116370808515	280.639551347666	-30.294553467719	-96.801198281602	
0.037931034483	0.077981985831	-0.082010279954	0.845970243575	31.004254890643	-32.605833209776	336.342769196384	281.040909425651	-29.874688663604	-97.181097221385	
0.038793103448	0.077832126278	-0.082646514409	0.846412766357	30.944673389484	-32.858788747947	336.518708408530	281.402409947272	-29.461252522064	-97.533386748264	
0.039655172414	0.077586075793	-0.083163715659	0.846281345515	30.846848079404	-33.064418794876	336.466457811808	281.392854352106	-29.045660508534	-97.745076590453	
0.040517241379	0.077299038867	-0.083633829932	0.847471564936	30.732727286998	-33.251327894086	336.939667950233	282.112652289711	-28.927849345430	-97.908033930086	
0.041379310345	0.077162284275	-0.084130719558	0.847924143945	30.678356086151	-33.448882399389	337.119605339646	282.350187610381	-28.705275234674	-98.138788590543	
0.042241379310	0.077050224797	-0.084635317601	0.848468175880	30.633803224557	-33.649501634370	337.335902790787	282.613058438690	-28.533715955696	-98.372588107419	
0.043103448276	0.076940983568	-0.085306038252	0.849233245238	30.590370848724	-33.916168272891	337.640080802564	282.930084373000	-28.444249560711	-98.616076309101	
0.043965517241	0.076869708108	-0.085589242313	0.850044657791	30.562032989763	-34.028765186020	337.962684046691	283.225187807974	-28.379715923460	-98.768758079786	
0.044827586207	0.076800733795	-0.085980580118	0.850973170429	30.534610025693	-34.184354158674	338.331844208130	283.508888261750	-28.388725653057	-98.918347095404	
0.045689655172	0.076773244753	-0.086146031989	0.851933116176	30.523680870043	-34.250134889119	338.713501616878	283.792053220199	-28.427354042476	-99.002105765600	
0.046551724138	0.076668636139	-0.086297825347	0.852817592059	30.482090339867	-34.310485236712	339.065153545590	284.059899562764	-28.462788613729	-99.079372320494	
0.047413793103	0.076513303899	-0.086461028634	0.853761035929	30.420332995360	-34.375371969691	339.440250100179	284.330712806179	-28.541618683585	-99.157592613521	
0.048275862069	0.076370524273	-0.086648447379	0.854649175087	30.363566347636	-34.449886339934	339.793358481994	284.591536663454	-28.605365545760	-99.234515800823	
0.049137931034	0.076263293718	-0.086784291760	0.855314130662	30.320933380347	-34.503895657153	340.057733028776	284.729655943013	-28.650041320335	-99.275605275823	
0.050000000000	0.075946380845	-0.086889411406	0.855754069505	30.194934441290	-34.545689364597	340.232644912396	284.783928527199	-28.687455645103	-99.148803045268	
0.050862068966	0.075717528336	-0.086948815224	0.856346491727	30.103946741255	-34.569307269184	340.468181483599	284.962243750439	-28.758375450991	-99.076236030185	
0.051724137931	0.075465039158	-0.087037934862	0.857335187057	30.003561520774	-34.604739657173	340.861269216735	285.420106108638	-28.889359554899	-99.033078131948	
0.052586206897	0.075367957649	-0.087262171633	0.857665010500	29.964963634147	-34.693892221573	340.992401169519	285.544169348751	-28.871343396424	-99.099822514883	
0.053448275862	0.075289944127	-0.087675309864	0.858071928944	29.933946841183	-34.858148656914	341.154184727976	285.705277470507	-28.885058937279	-99.210075810438	
0.054310344828	0.075208513923	-0.087925123240	0.858529462712	29.901571635797	-34.957470025745	341.336092041451	285.855882550903	-28.929266465057	-99.259857099894	
0.055172413793	0.075202269809	-0.088087669161	0.859007704951	29.899089086900	-35.022095402133	341.526232676449	285.996872698808	-28.981120129675	-99.290465523462	
0.056034482759	0.075241123756	-0.088267728662	0.859367604982	29.914536727023	-35.093683866834	341.669322547179	286.089222703323	-28.987221081308	-99.337454856834	
0.056896551724	0.075335511936	-0.088252173826	0.859875440842	29.952063794092	-35.087499539777	341.871229081085	286.204749812006	-29.071353793077	-99.319024660899	
0.057758620690	0.075392933975	-0.088178025754	0.860437380906	29.974893778681	-35.058019581175	342.094646486749	286.337165239929	-29.157295311256	-99.292870077176	
0.058620689655	0.075366231626	-0.088072941963	0.860970656742	29.964277397928	-35.016240129113	342.306667503699	286.466695080332	-29.241968101584	-99.261162081651	
0.059482758621	0.075231552909	-0.088079067607	0.861369392579	29.910731528101	-35.018675576422	342.465197802853	286.576006010242	-29.286916517436	-99.272760793433	
0.060344827586	0.075121353314	-0.088129240552	0.861808403450	29.866918123091	-35.038623449781	342.639740741197	286.699819546189	-29.365845218295	-99.283693493520	
0.061206896552	0.075081838197	-0.088196987330	0.862336546691	29.851207613073	-35.065558367736	342.849721129336	286.828898248915	-29.481793768481	-99.279643489071	
0.062068965517	0.075073502346	-0.088323641677	0.862796107748	29.847893426671	-35.115913890306	343.032434457353	286.950924522541	-29.555689179662	-99.301486322780	
0.062931034483	0.075050459089	-0.088472971460	0.863196126867	29.838731836359	-35.175284764455	343.191474966278	287.059708572431	-29.622156821560	-99.328688342279	
0.063793103448	0.075028745963	-0.088608914075	0.863587910266	29.830099082129	-35.229333137794	343.347241099181	287.157833634356	-29.708411824409	-99.344436874197	
0.064655172414	0.075037276157	-0.088736984548	0.864063670590	29.833490536326	-35.280251687121	343.536394968380	287.272636337823	-29.817295337785	-99.349760417559	
0.065517241379	0.075052053650	-0.088863057987	0.864543839124	29.839365805569	-35.330376250807	343.727301463986	287.389750987020	-29.918168095002	-99.360031418720	
0.066379310345	0.075016225939	-0.088977882582	0.864935989783	29.825121342814	-35.376028473952	343.883213612989	287.489726903973	-30.002563435923	-99.375704670502	
0.067241379310	0.074927249053	-0.089093107857	0.865287491799	29.789745710673	-35.421840000475	344.022964582001	287.584510580539	-30.086817353089	-99.394280091593	
0.068103448276	0.074827568567	-0.089217772812	0.865623949214	29.750114516644	-35.471404575988	344.156734084605	287.675683550526	-30.157542450236	-99.418142515636	
0.068965517241	0.074759546414	-0.089298047217	0.865979240121	29.723070114645	-35.503320256109	344.297991449452	287.763367901217	-30.232232137600	-99.428822893187	
0.069827586207	0.074704418187	-0.089301818816	0.866316354292	29.701152109285	-35.504819776941	344.432022066573	287.846041724060	-30.305746063998	-99.419779051406	
0.070689655172	0.074633993232	-0.089233684501	0.866566867045	29.673152395857	-35.477730781494	344.531621495401	287.918349692156	-30.349545798509	-99.393925703100	
0.071551724138	0.074554763475	-0.089099741114	0.866750763098	29.641652049334	-35.424477265841	344.604735305581	287.973717093573	-30.386389919619	-99.352041422169	
0.072413793103	0.074509461672	-0.088917541663	0.866948300320	29.623640855350	-35.352037994381	344.683272602660	288.018479147813	-30.442985821633	-99.292092140255	
0.073275862069	0.074520055514	-0.088669996548	0.867245009997	29.627852779319	-35.253618446087	344.801239109341	288.081783163931	-30.525953459973	-99.203632555778	
0.074137931034	0.074561784781	-0.088447484475	0.867539144270	29.644443595747	-35.165151591120	344.918181680942	288.142966611731	-30.583619790337	-99.136348510391	
0.075000000000	0.074609982012	-0.088217408105	0.867828432502	29.663605960398	-35.073677305541	345.033197552804	288.202042680762	-30.655521552742	-99.062028859913	
0.075862068966	0.074621771158	-0.088065566589	0.868090490011	29.668293115857	-35.013307811081	345.137386972152	288.260890874702	-30.723072583180	-99.003740048657	
0.076724137931	0.074649754859	-0.088021805306	0.868371858617	29.679418938968	-34.995909101068	345.249254140785	288.324492957348	-30.794706176074	-98.974048077356	
0.077586206897	0.074691309679	-0.088070900097	0.868632708724	29.695940398694	-35.015428319539	345.352963518490	288.383685770838	-30.851985263267	-98.968046147783	
0.078448275862	0.074699836244	-0.088224756201	0.868826127898	29.699330410020	-35.076598778250	345.429863552357	288.440265931672	-30.876539514003	-98.999521316903	
0.079310344828	0.074725802172	-0.088387659233	0.869058136729	29.709654002475	-35.141366135414	345.522106149958	288.499710726360	-30.934514695134	-99.017726040436	
0.080172413793	0.074776376522	-0.088500808141	0.869320434664	29.729761467466	-35.186352135200	345.626391158122	288.561971752727	-31.011277265004	-99.014672363496	
0.081034482759	0.074800800107	-0.088622419595	0.869538400504	29.739471851481	-35.234702692804	345.713050511318	288.625677032829	-31.055248070718	-99.038125904033	
0.081896551724	0.074707498710	-0.088784941431	0.869642286880	29.702376870398	-35.299318493552	345.754353892656	288.669132404827	-31.067995667221	-99.088373005892	
0.082758620690	0.074544059811	-0.088969817758	0.869701681693	29.637396462297	-35.372822042886	345.777968217020	288.693917152013	-31.088376957195	-99.142082062004	
0.083620689655	0.074430890283	-0.089141636603	0.869855114615	29.592402264206	-35.441134169245	345.838970426637	288.733947310122	-31.133051803544	-99.182992792190	
0.084482758621	0.074400591548	-0.089256245086	0.870063640147	29.580356024603	-35.486700470124	345.921876480616	288.781225393797	-31.177772212930	-99.202704033790	
0.085344827586	0.074395305226	-0.089264025248	0.870202685199	29.578254276584	-35.489793724523	345.977158327989	288.812093640365	-31.202493818381	-99.199980441419	
0.086206896552	0.074370555868	-0.089180832883	0.870301745516	29.568414370657	-35.456717915078	346.016542953496	288.838116552548	-31.226789976695	-99.176479762209	
0.087068965517	0.074332089313	-0.089047151372	0.870409339050	29.553120750580	-35.403568516864	346.059320234990	288.863240326859	-31.256679138224	-99.137314098229	
0.087931034483	0.074325608753	-0.088888617296	0.870539726651	29.550544194941	-35.340538178843	346.111160033189	288.887412898442	-31.285903645156	-99.092638751259	
0.088793103448	0.074346352567	-0.088693002182	0.870715173982	29.558791567223	-35.262765078180	346.180914781406	288.916796127239	-31.328300670182	-99.030828056650	
0.089655172414	0.074397588470	-0.088461098865	0.870929856625	29.579162054030	-35.170564431155	346.266268793553	288.951492793940	-31.386126404457	-98.958938112848	
0.090517241379	0.074437613232	-0.088233703212	0.871122974089	29.595075189691	-35.080155951436	346.343048873115	288.987494926291	-31.431504007390	-98.888003707656	
0.091379310345	0.074425775487	-0.088069856892	0.871295784525	29.590368712111	-35.015013559796	346.411755238522	289.022869140662	-31.476997822384	-98.836513061763	
0.092241379310	0.074428167715	-0.087974223113	0.871456499700	29.591319819773	-34.976991264826	346.475652742419	289.057279013418	-31.523095373079	-98.803089554200	
0.093103448276	0.074413727903	-0.087950042603	0.871617240936	29.585578806179	-34.967377522783	346.539560608001	289.094618825165	-31.569194025656	-98.782683383161	
0.093965517241	0.074420642830	-0.087996396168	0.871794943223	29.588328058616	-34.985806878353	346.610211886427	289.132685434756	-31.615624509396	-98.786328398590	
0.094827586207	0.074422579459	-0.088071930629	0.871958725382	29.589098027909	-35.015838040597	346.675328768773	289.170621862265	-31.656729695186	-98.791777991792	
0.095689655172	0.074425550082	-0.088171870490	0.872118609422	29.590279095148	-35.055572357278	346.738895828342	289.209827307826	-31.695423692715	-98.803674479227	
0.096551724138	0.074443163917	-0.088271733716	0.872244019056	29.597282043456	-35.095276205524	346.788756475302	289.243293791147	-31.722515661604	-98.821012981769	
0.097413793103	0.074439930845	-0.088376552750	0.872343503033	29.595996631336	-35.136950394825	346.828309540406	289.275031686396	-31.744402827015	-98.838434940216	
0.098275862069	0.074418574857	-0.088480354018	0.872414372979	29.587505869416	-35.178219938693	346.856486174523	289.301220897708	-31.760112434887	-98.857853695169	
0.099137931034	0.074395334377	-0.088582571924	0.872463876126	29.578265866380	-35.218859965584	346.876167748154	289.322621971420	-31.771129052906	-98.879281452778	
0.100000000000	0.074370687357	-0.088678181586	0.872494978766	29.568466648369	-35.256872672010	346.888533606213	289.339314163474	-31.776287031285	-98.901577948997	
0.100862068966	0.074350401848	-0.088754486212	0.872534286024	29.560401489782	-35.287210038247	346.904161475098	289.355606099017	-31.783384076101	-98.919676212883	
0.101724137931	0.074340233022	-0.088791565081	0.872596466860	29.556358544944	-35.301951939230	346.928883472787	289.372233506726	-31.797556430711	-98.925473316546	
0.102586206897	0.074339727301	-0.088782320908	0.872668768303	29.556157479077	-35.298276619920	346.957629244637	289.388840629785	-31.814074564123	-98.919180675040	
0.103448275862	0.074337859957	-0.088733142848	0.872737694578	29.555415056159	-35.278724295000	346.985033109676	289.404464935967	-31.829002674093	-98.904526128763	
0.104310344828	0.074325606837	-0.088655138078	0.872803574286	29.550543432937	-35.247710981831	347.011225713346	289.419064169409	-31.844071779985	-98.884174360576	
0.105172413793	0.074306918848	-0.088554967017	0.872874063785	29.543113419918	-35.207884744117	347.039251088352	289.433556958145	-31.862884300788	-98.857496600995	
0.106034482759	0.074294674485	-0.088439497303	0.872956789426	29.538245278119	-35.161976032978	347.072141336434	289.449033527888	-31.886353459203	-98.825364853445	
0.106896551724	0.074289260270	-0.088317853511	0.873046299011	29.536092682291	-35.113612618160	347.107728760242	289.464775198277	-31.911575741434	-98.790690109789	
0.107758620690	0.074282010612	-0.088201736283	0.873131474975	29.533210347076	-35.067446467170	347.141593213615	289.480131555985	-31.934489137889	-98.757056844668	
0.108620689655	0.074273635294	-0.088094299619	0.873216363949	29.529880469148	-35.024731554384	347.175343564459	289.495896443379	-31.958932904300	-98.724864479773	
0.109482758621	0.074270429532	-0.087996861057	0.873302727609	29.528605915030	-34.985991709917	347.209680224403	289.511495358820	-31.984970149117	-98.694220258186	
0.110344827586	0.074269529595	-0.087912739953	0.873387267246	29.528248115717	-34.952546650407	347.243291684972	289.527369771500	-32.010380755566	-98.666038274802	
0.111206896552	0.074269252437	-0.087840463467	0.873471943467	29.528137922915	-34.923810800953	347.276957449216	289.543708362293	-32.036041399652	-98.641287973434	
0.112068965517	0.074266273485	-0.087780239866	0.873555487100	29.526953544420	-34.899866965264	347.310172916211	289.560072116639	-32.061552688351	-98.619899697208	
0.112931034483	0.074254204425	-0.087740471863	0.873631988967	29.522155100121	-34.884055912336	347.340588702029	289.576140744614	-32.084109433909	-98.604471278824	
0.113793103448	0.074237833766	-0.087723303170	0.873705291692	29.515646416361	-34.877229944415	347.369732565870	289.591849815252	-32.105078261280	-98.595633768550	
0.114655172414	0.074228834077	-0.087714293493	0.873783263657	29.512068299541	-34.873647856523	347.400732836592	289.607815439073	-32.128073742804	-98.587176645409	
0.115517241379	0.074233433677	-0.087702091038	0.873871329795	29.513897018890	-34.868796376663	347.435746371666	289.625287789040	-32.152944352185	-98.577188479261	
0.116379310345	0.074239177834	-0.087684934414	0.873961414991	29.516180793889	-34.861975207243	347.471562648454	289.643299845922	-32.175463742030	-98.567083296455	
0.117241379310	0.074235098994	-0.087667334822	0.874047978286	29.514559119283	-34.854977921476	347.505978679737	289.661535748861	-32.195051657258	-98.558307749429	
0.118103448276	0.074226099290	-0.087650575850	0.874131167298	29.510980996696	-34.848314851350	347.539053155821	289.680221671328	-32.213058002280	-98.550500604870	
0.118965517241	0.074222423822	-0.087633084919	0.874211000122	29.509519695624	-34.841360767271	347.570793271124	289.698757365822	-32.230563893901	-98.541937778308	
0.119827586207	0.074218286564	-0.087619514404	0.874278724623	29.507874795393	-34.835965371342	347.597719332094	289.715542377982	-32.246101658340	-98.532951123247	
0.120689655172	0.074207785027	-0.087618727639	0.874328792033	29.503699570413	-34.835652567444	347.617625246364	289.729516061301	-32.259512409610	-98.527470167496	
0.121551724138	0.074194090736	-0.087638850912	0.874365398188	29.498254963122	-34.843653224082	347.632179204730	289.740789356562	-32.272214498814	-98.527828549930	
0.122413793103	0.074183807689	-0.087688028602	0.874403390515	29.494166605864	-34.863205401513	347.647284280334	289.751885357020	-32.285743406863	-98.536565086723	
0.123275862069	0.074177678007	-0.087769196709	0.874452593566	29.491729553153	-34.895476401604	347.666846540733	289.764463241572	-32.300198583024	-98.553489201119	
0.124137931034	0.074175262753	-0.087874389100	0.874510843082	29.490769290856	-34.937299031428	347.690005515777	289.778709795890	-32.314945432139	-98.575249610547	
0.125000000000	0.074183640519	-0.087986938110	0.874566676704	29.494100142175	-34.982046522071	347.712203973807	289.793085650496	-32.328263130247	-98.598006713270	
0.125862068966	0.074203174239	-0.088091925226	0.874607094805	29.501866402964	-35.023787538081	347.728273493925	289.805596607281	-32.337754940770	-98.618600217608	
0.126724137931	0.074222120573	-0.088187519424	0.874627789894	29.509399129447	-35.061794096223	347.736501494318	289.815393462412	-32.342266892514	-98.638077293731	
0.127586206897	0.074228381426	-0.088278519620	0.874634689546	29.511888333422	-35.097974160359	347.739244673933	289.822938346493	-32.343314623931	-98.658432097054	
0.128448275862	0.074225569842	-0.088365884316	0.874641046034	29.510770497622	-35.132708814425	347.741771900733	289.829606175345	-32.344838346974	-98.678949974407	
0.129310344828	0.074225746488	-0.088442556076	0.874657211183	29.510840728817	-35.163192146962	347.748198877248	289.836635718798	-32.349205277538	-98.696610761368	
0.130172413793	0.074231364882	-0.088502059368	0.874682911585	29.513074502560	-35.186849600620	347.758416901405	289.844166846724	-32.355073482086	-98.710143148540	
0.131034482759	0.074232810950	-0.088543323618	0.874711314700	29.513649433800	-35.203255534930	347.769709476299	289.851655779521	-32.360451482265	-98.720095767229	
0.131896551724	0.074225437645	-0.088567804020	0.874741031357	29.510717938498	-35.212988508937	347.781524292401	289.859264359618	-32.366446966516	-98.726668076149	
0.132758620690	0.074213974603	-0.088577978771	0.874774430221	29.506160436154	-35.217033809511	347.794803088476	289.866960949743	-32.374227886177	-98.729882765279	
0.133620689655	0.074200363182	-0.088580473905	0.874805547419	29.500748776268	-35.218025830473	347.807174734546	289.874361222347	-32.379883150408	-98.732088706948	
0.134482758621	0.074184358217	-0.088572008916	0.874840148583	29.494385486248	-35.214660300881	347.820931543945	289.881549163158	-32.389279107815	-98.729938065962	
0.135344827586	0.074168332739	-0.088553271785	0.874878272986	29.488014040164	-35.207210749821	347.836089130641	289.887819798977	-32.402565111537	-98.723446323678	
0.136206896552	0.074150982449	-0.088536783039	0.874915438861	29.481115872682	-35.200655116762	347.850865623733	289.893770186338	-32.415109892312	-98.718540066728	
0.137068965517	0.074133146555	-0.088527785852	0.874958931342	29.474024637264	-35.197077994533	347.868157462666	289.900574849449	-32.428994454174	-98.715425257499	
0.137931034483	0.074120816975	-0.088522952052	0.875016137260	29.469122615079	-35.195156161447	347.890901521608	289.909613960132	-32.446208208761	-98.712087453763	
0.138793103448	0.074118151700	-0.088515755612	0.875081000723	29.468062948974	-35.192294984707	347.916690084567	289.920125637868	-32.464462851459	-98.706981756402	
0.139655172414	0.074121160791	-0.088503370312	0.875140609816	29.469259310147	-35.187370809056	347.940389602664	289.930231613808	-32.480253687700	-98.699875451335	
0.140517241379	0.074123663187	-0.088486327305	0.875185110546	29.470254218197	-35.180594811575	347.958082303975	289.938751080268	-32.491811775355	-98.692064133924	
0.141379310345	0.074121310597	-0.088470931862	0.875213961168	29.469318870290	-35.174473856397	347.969552799635	289.945639932242	-32.499473623616	-98.685233404915	
0.142241379310	0.074116055861	-0.088462255061	0.875232210271	29.467229680314	-35.171024114050	347.976808319762	289.951164161991	-32.504465815422	-98.680414981371	
0.143103448276	0.074114336842	-0.088459656802	0.875245226247	29.466546228752	-35.169991092245	347.981983240757	289.955688808681	-32.508002845310	-98.676964930283	
0.143965517241	0.074118866754	-0.088459973253	0.875254991952	29.468347241650	-35.170116907676	347.985865911959	289.959635519197	-32.510224170043	-98.674280164627	
0.144827586207	0.074125462851	-0.088461914252	0.875258617078	29.470969732932	-35.170888614665	347.987307197756	289.962601950805	-32.510200065667	-98.672600268601	
0.145689655172	0.074128732689	-0.088467230001	0.875254130978	29.472269762382	-35.173002062150	347.985523604058	289.964430766505	-32.507637353448	-98.672699052075	
0.146551724138	0.074128958990	-0.088477336464	0.875243719058	29.472359735584	-35.177020212587	347.981384009410	289.965417779574	-32.503416249135	-98.674847915980	
0.147413793103	0.074129186425	-0.088490876525	0.875230656673	29.472450159777	-35.182403500835	347.976190636555	289.965782148685	-32.498725860227	-98.678138336196	
0.148275862069	0.074130629142	-0.088505689146	0.875217504496	29.473023758590	-35.188292736328	347.970961564211	289.965668725584	-32.494529327046	-98.681801997783	
0.149137931034	0.074131519918	-0.088520215379	0.875205245388	29.473377915112	-35.194068109024	347.966087560419	289.965080831610	-32.491357999353	-98.685409079568	
0.150000000000	0.074130252154	-0.088534943069	0.875195652977	29.472873874881	-35.199923577414	347.962273787714	289.964238179160	-32.489752359124	-98.689213044697	
0.150862068966	0.074127526970	-0.088550464140	0.875193440587	29.471790390119	-35.206094479805	347.961394180763	289.963913260591	-32.490684878513	-98.693286770788	
0.151724137931	0.074126186868	-0.088564652927	0.875204738113	29.471257589334	-35.211735690071	347.965885876679	289.965187093345	-32.495275940331	-98.696613207154	
0.152586206897	0.074129220129	-0.088571887388	0.875232109108	29.472463559944	-35.214611983616	347.976768099128	289.968661867236	-32.503614632646	-98.697480278564	
0.153448275862	0.074136576542	-0.088565927669	0.875271558004	29.475388339387	-35.212242504869	347.992452280632	289.974035823712	-32.514340114007	-98.694449783551	
0.154310344828	0.074144996248	-0.088543095722	0.875315921709	29.478735865287	-35.203164927443	348.010090503043	289.980490307816	-32.526007178293	-98.686773408395	
0.155172413793	0.074151169067	-0.088503844727	0.875359819458	29.481190068592	-35.187559428039	348.027543469912	289.987244684065	-32.537720375984	-98.674753328192	
0.156034482759	0.074153222944	-0.088452964593	0.875401281904	29.482006653548	-35.167330388635	348.044028203099	289.994017533192	-32.548894701249	-98.659989562830	
0.156896551724	0.074151110171	-0.088396589992	0.875441090242	29.481166652699	-35.144916847069	348.059855292352	290.000960488370	-32.559629696985	-98.644088084453	
0.157758620690	0.074146131125	-0.088339275173	0.875480131068	29.479187072210	-35.122129491296	348.075377232788	290.007798124457	-32.570347596536	-98.627597955663	
0.158620689655	0.074140558994	-0.088285558289	0.875517028198	29.476971691549	-35.100772610458	348.090046877428	290.014462948854	-32.580374877862	-98.612200823005	
0.159482758621	0.074134884242	-0.088238524703	0.875551674664	29.474715510889	-35.082072890585	348.103821697739	290.021213014280	-32.589729274593	-98.598405238003	
0.160344827586	0.074129595418	-0.088200236688	0.875583526749	29.472612768164	-35.066850254898	348.116485522363	290.027886955081	-32.598358670297	-98.586712069874	
0.161206896552	0.074124814090	-0.088172188306	0.875612201322	29.470711796951	-35.055698715344	348.127886024156	290.034205471391	-32.606085749950	-98.577673744192	
0.162068965517	0.074119788712	-0.088155677800	0.875638131818	29.468713795806	-35.049134430763	348.138195529438	290.040310478922	-32.612957587475	-98.571640095661	
0.162931034483	0.074114307497	-0.088151397676	0.875661397645	29.466534561926	-35.047432729500	348.147445609568	290.046220742263	-32.619044820607	-98.568809389444	
0.163793103448	0.074108656749	-0.088158920041	0.875681824454	29.464287924791	-35.050423488330	348.155566946870	290.051815641248	-32.624343142345	-98.569046660085	
0.164655172414	0.074103186218	-0.088177000286	0.875699471531	29.462112938536	-35.057611873152	348.162583111669	290.057076206013	-32.628919862165	-98.571997410853	
0.165517241379	0.074098102136	-0.088203379953	0.875714325074	29.460091597700	-35.068099961354	348.168488617092	290.061958966226	-32.632825566156	-98.577104835155	
0.166379310345	0.074093356042	-0.088235102807	0.875726516223	29.458204634742	-35.080712405642	348.173335601823	290.066395088089	-32.636103004091	-98.583642494722	
0.167241379310	0.074088682218	-0.088268697750	0.875736079782	29.456346405239	-35.094069159152	348.177137903289	290.070283046736	-32.638773317809	-98.590772879331	
0.168103448276	0.074083876540	-0.088300572538	0.875742948128	29.454435752770	-35.106742009579	348.179868635801	290.073515629933	-32.640854376545	-98.597622895164	
0.168965517241	0.074078926191	-0.088327506317	0.875747338552	29.452467581852	-35.117450402589	348.181614190661	290.076054704038	-32.642442283843	-98.603383700513	
0.169827586207	0.074073941555	-0.088346924461	0.875749765432	29.450485779058	-35.125170712381	348.182579075168	290.077906800407	-32.643714316523	-98.607384659462	
0.170689655172	0.074069043203	-0.088357225878	0.875750956266	29.448538281328	-35.129266373037	348.183052529411	290.079126670445	-32.644892827461	-98.609191555740	
0.171551724138	0.074064309972	-0.088357931200	0.875751818545	29.446656432283	-35.129546796619	348.183395356267	290.079830728192	-32.646227935852	-98.608646009941	
0.172413793103	0.074059738455	-0.088349492922	0.875753308029	29.444838878272	-35.126191887126	348.183987548625	290.080179938648	-32.647971914421	-98.605813836427	
0.173275862069	0.074055372910	-0.088332988740	0.875756394526	29.443103215186	-35.119630116735	348.185214685143	290.080360534070	-32.650407628300	-98.600902256863	
0.174137931034	0.074051716916	-0.088309759609	0.875762086635	29.441649656563	-35.110394626363	348.187477766971	290.080571763609	-32.653817161644	-98.594161702850	
0.175000000000	0.074049185207	-0.088281840883	0.875770682743	29.440643093936	-35.099294635848	348.190895426779	290.080960646089	-32.658029313500	-98.586157033308	
0.175862068966	0.074047392372	-0.088252410618	0.875781305940	29.439930294617	-35.087593684408	348.195119021606	290.081569664138	-32.662323473228	-98.577918487273	
0.176724137931	0.074045991192	-0.088223894317	0.875793557520	29.439373210182	-35.076256108462	348.199990032849	290.082475006174	-32.666595045649	-98.569860287260	
0.177586206897	0.074046806846	-0.088195787057	0.875809129542	29.439697499842	-35.065081160228	348.206181192373	290.083912871121	-32.671902793729	-98.561233997434	
0.178448275862	0.074051864764	-0.088166788765	0.875828584493	29.441708438319	-35.053551953826	348.213916136291	290.085976009998	-32.678411662138	-98.551584730128	
0.179310344828	0.074059390435	-0.088138235724	0.875849743157	29.444700511653	-35.042199770721	348.222328445591	290.088542284980	-32.685075398768	-98.541854685244	
0.180172413793	0.074065656423	-0.088113955091	0.875869851554	29.447191757383	-35.032546221791	348.230323187971	290.091439969333	-32.690987755581	-98.533766330825	
0.181034482759	0.074068569979	-0.088098063722	0.875887018785	29.448350135802	-35.026228094929	348.237148574636	290.094476404576	-32.695753875783	-98.528419393213	
0.181896551724	0.074069990480	-0.088092501600	0.875901139962	29.448914901561	-35.024016693964	348.242762904014	290.097472728324	-32.699581512506	-98.525725285712	
0.182758620690	0.074073438070	-0.088096294203	0.875912761557	29.450285602306	-35.025524565685	348.247383444376	290.100334773090	-32.702508505204	-98.525086799764	
0.183620689655	0.074079488069	-0.088107467729	0.875921244659	29.452690974703	-35.029966961336	348.250756175186	290.102912538633	-32.704116082594	-98.526230970484	
0.184482758621	0.074086500563	-0.088124318818	0.875925674142	29.455479017884	-35.036666655782	348.252517259126	290.105034963837	-32.704351318153	-98.528976415898	
0.185344827586	0.074093449568	-0.088145922657	0.875926113449	29.458241819064	-35.045255958961	348.252691919978	290.106734211480	-32.703380942451	-98.533267809697	
0.186206896552	0.074099949365	-0.088172457433	0.875922959625	29.460826023169	-35.055805715518	348.251438015232	290.108020470491	-32.701175741971	-98.539396983816	
0.187068965517	0.074105108364	-0.088204170736	0.875916917466	29.462877149569	-35.068414362387	348.249035759823	290.108872542417	-32.698092393356	-98.547229701692	
0.187931034483	0.074108983360	-0.088240436663	0.875909525494	29.464417779600	-35.082833052058	348.246096842966	290.109445667479	-32.694785420445	-98.556419848193	
0.188793103448	0.074112390038	-0.088280574553	0.875902004439	29.465772214151	-35.098791165291	348.243106604702	290.109883448727	-32.691500644165	-98.566971524150	
0.189655172414	0.074115004356	-0.088324637383	0.875894633500	29.466811620637	-35.116309765445	348.240176050047	290.110189577430	-32.688311766576	-98.578863042633	
0.190517241379	0.074115055607	-0.088373840087	0.875886954750	29.466831997208	-35.135871887911	348.237123115349	290.110388983173	-32.685001893695	-98.592397794442	
0.191379310345	0.074112643656	-0.088428613387	0.875880013944	29.465873048110	-35.157648781147	348.234363573943	290.110610351121	-32.682043878841	-98.607701171617	
0.192241379310	0.074109487068	-0.088487419690	0.875874927589	29.464618044748	-35.181029124479	348.232341329566	290.110905038612	-32.679912873826	-98.623868047919	
0.193103448276	0.074106822427	-0.088548575087	0.875872301228	29.463558630933	-35.205343426095	348.231297134888	290.111417313216	-32.678567896133	-98.640487731608	
0.193965517241	0.074104724876	-0.088610329399	0.875872021464	29.462724681682	-35.229895845464	348.231185905456	290.112132117381	-32.677798480614	-98.657279736799	
0.194827586207	0.074102116660	-0.088670827668	0.875873849443	29.461687701354	-35.253948884560	348.231912677494	290.113111705898	-32.677638270430	-98.673558713063	
0.195689655172	0.074099877902	-0.088727917244	0.875877966161	29.460797610691	-35.276646687497	348.233549411622	290.114381745903	-32.678194969838	-98.688821544312	
0.196551724138	0.074099559566	-0.088778062757	0.875885090820	29.460671046016	-35.296583654596	348.236382049847	290.115983830047	-32.679812390470	-98.701836496749	
0.197413793103	0.074101389262	-0.088818506429	0.875895314957	29.461398500592	-35.312663341619	348.240446985462	290.117968766672	-32.682326730365	-98.712037539771	
0.198275862069	0.074103438827	-0.088848275728	0.875907707082	29.462213371205	-35.324499087017	348.245373874669	290.120244498063	-32.685236644358	-98.719530955212	
0.199137931034	0.074103439663	-0.088868102437	0.875921315885	29.462213703764	-35.332381834972	348.250784493529	290.122756872996	-32.688345861162	-98.724482183316	
0.200000000000	0.074102521719	-0.088878012096	0.875936215810	29.461848745332	-35.336321739469	348.256708439547	290.125492127161	-32.691874833290	-98.726734011474	
0.200862068966	0.074103176865	-0.088876519645	0.875952299287	29.462109219782	-35.335728367463	348.263102944865	290.128398985117	-32.695800233056	-98.725717534061	
0.201724137931	0.074106628789	-0.088861917526	0.875969464838	29.463481643766	-35.329922824064	348.269927663549	290.131420103534	-32.700057667696	-98.721108240230	
0.202586206897	0.074110613667	-0.088834292247	0.875986320409	29.465065960554	-35.318939502966	348.276629139678	290.134426594217	-32.703983698297	-98.713191199192	
0.203448275862	0.074112948285	-0.088795398530	0.876002782619	29.465994163395	-35.303476050605	348.283174222367	290.137467215242	-32.707578271602	-98.702696571546	
0.204310344828	0.074114563505	-0.088745780904	0.876019983651	29.466636346106	-35.283748962096	348.290013047571	290.140606090948	-32.711469579396	-98.689430143166	
0.205172413793	0.074116751635	-0.088685909014	0.876038556914	29.467506307703	-35.259944960390	348.297397447884	290.143922240942	-32.715798359594	-98.673363174914	
0.206034482759	0.074118658157	-0.088617943276	0.876057327297	29.468264307184	-35.232922987779	348.304860219390	290.147264654824	-32.719990189396	-98.655457794749	
0.206896551724	0.074116937488	-0.088546007657	0.876074381777	29.467580199854	-35.204322661266	348.311640777952	290.150451695363	-32.723656912875	-98.636849649642	
0.207758620690	0.074111040287	-0.088474682801	0.876089158284	29.465235577286	-35.175965162978	348.317515655214	290.153421992212	-32.726909228811	-98.618741335680	
0.208620689655	0.074103254378	-0.088406961220	0.876102259301	29.462140037588	-35.149040263200	348.322724387322	290.156188672394	-32.729998309246	-98.601651026985	
0.209482758621	0.074095708957	-0.088343999952	0.876114539943	29.459140111995	-35.124007979444	348.327606952767	290.158788584604	-32.733113074388	-98.585603952777	
0.210344827586	0.074088868513	-0.088285757120	0.876126321897	29.456420472764	-35.100851662354	348.332291249068	290.161252949012	-32.736191251692	-98.570656007871	
0.211206896552	0.074082054807	-0.088232721364	0.876137400217	29.453711464278	-35.079765585820	348.336695792558	290.163603624001	-32.738988926706	-98.557206884948	
0.212068965517	0.074074114707	-0.088186299691	0.876147070820	29.450554621102	-35.061309152073	348.340540652789	290.165777235987	-32.741287061647	-98.545616806258	
0.212931034483	0.074065191733	-0.088147798179	0.876155045323	29.447007004899	-35.046001633241	348.343711173897	290.167734962701	-32.743180044085	-98.536016698637	
0.213793103448	0.074056742577	-0.088117064447	0.876160991002	29.443647770311	-35.033782446476	348.346075070368	290.169314466420	-32.744802657293	-98.528080768837	
0.214655172414	0.074050221219	-0.088092905084	0.876164722892	29.441054993987	-35.024177112000	348.347558803747	290.170387822708	-32.746214373324	-98.521405752631	
0.215517241379	0.074046104472	-0.088073974105	0.876166993369	29.439418248241	-35.016650490499	348.348461505170	290.171028030168	-32.747604441336	-98.515730069035	
0.216379310345	0.074044197608	-0.088059104853	0.876169905961	29.438660113106	-35.010738739580	348.349619499847	290.171605902023	-32.749429554427	-98.510915379404	
0.217241379310	0.074044267278	-0.088047342309	0.876175396537	29.438687812870	-35.006062160586	348.351802455599	290.172501628568	-32.752013806930	-98.506885369698	
0.218103448276	0.074045351215	-0.088038497662	0.876183256544	29.439118766658	-35.002545685596	348.354927454880	290.173783311935	-32.755095035562	-98.503690936027	
0.218965517241	0.074045877268	-0.088033696850	0.876191581740	29.439327916041	-35.000636968193	348.358237405215	290.175232968674	-32.758107812197	-98.501672225572	
0.219827586207	0.074044636090	-0.088034750471	0.876198439512	29.438834445712	-35.001055868988	348.360963934089	290.176577266065	-32.760639616521	-98.501187514659	
0.220689655172	0.074042468911	-0.088042819446	0.876203455542	29.437972813809	-35.004263950377	348.362958218410	290.177720656603	-32.762708417681	-98.502395894937	
0.221551724138	0.074041902135	-0.088056973638	0.876207586408	29.437747473655	-35.009891406066	348.364600577476	290.178728988162	-32.764597267495	-98.504871636216	
0.222413793103	0.074044811649	-0.088074757357	0.876211884583	29.438904244889	-35.016961897515	348.366309455769	290.179756080203	-32.766427201817	-98.508032159782	
0.223275862069	0.074050472635	-0.088093849603	0.876216473240	29.441154952453	-35.024552636096	348.368133824309	290.180866917602	-32.768071366660	-98.511525770908	
0.224137931034	0.074056392442	-0.088113051563	0.876220915257	29.443508562996	-35.032186994765	348.369899891730	290.182035032876	-32.769530112214	-98.515127130291	
0.225000000000	0.074061157199	-0.088132254814	0.876224966058	29.445402945974	-35.039821866963	348.371510418085	290.183222933046	-32.770913437768	-98.518860325272	
0.225862068966	0.074064831018	-0.088151991516	0.876228289574	29.446863591134	-35.047668829944	348.372831789302	290.184359789621	-32.772092509894	-98.522964934172	
0.226724137931	0.074067615864	-0.088173260418	0.876230278579	29.447970796419	-35.056124968222	348.373622582572	290.185368913287	-32.772707719462	-98.527834799327	
0.227586206897	0.074069321072	-0.088197128095	0.876230159764	29.448648756806	-35.065614333424	348.373575343578	290.186158515572	-32.772352572835	-98.533828130167	
0.228448275862	0.074070057356	-0.088224068453	0.876227349405	29.448941490585	-35.076325342169	348.372457994734	290.186620460658	-32.770845110025	-98.540934575366	
0.229310344828	0.074071038409	-0.088253011002	0.876221819809	29.449331539705	-35.087832386286	348.370259525255	290.186666292705	-32.768373565177	-98.548540906396	
0.230172413793	0.074073940207	-0.088281237184	0.876213942725	29.450485243205	-35.099054615893	348.367127736607	290.186236100555	-32.765241253230	-98.555723648704	
0.231034482759	0.074079390315	-0.088305652846	0.876204319034	29.452652109328	-35.108761849941	348.363301527413	290.185345685400	-32.761674678560	-98.561826366766	
0.231896551724	0.074086177006	-0.088324364917	0.876193854801	29.455350377314	-35.116201437844	348.359141134147	290.184147574317	-32.757928925428	-98.566662357704	
0.232758620690	0.074092490349	-0.088337347015	0.876183869744	29.457860450628	-35.121362889867	348.355171252486	290.182905348071	-32.754371986740	-98.570459708740	
0.233620689655	0.074097071002	-0.088346166193	0.876175404499	29.459681637117	-35.124869238411	348.351805621191	290.181827553082	-32.751251800162	-98.573661831632	
0.234482758621	0.074099095830	-0.088353500962	0.876168476090	29.460486672853	-35.127785412717	348.349051008699	290.180948014104	-32.748517952698	-98.576866483820	
0.235344827586	0.074098189334	-0.088362229818	0.876162492961	29.460126266130	-35.131255851154	348.346672222642	290.180176842098	-32.746056308728	-98.580632725266	
0.236206896552	0.074094995377	-0.088374410700	0.876157245828	29.458856405447	-35.136098753697	348.344586055539	290.179473815468	-32.743905186949	-98.585291316215	
0.237068965517	0.074091120190	-0.088390751689	0.876153159812	29.457315699737	-35.142595641052	348.342961527886	290.178898103907	-32.742185701037	-98.590912856488	
0.237931034483	0.074087948638	-0.088410628582	0.876150846128	29.456054746796	-35.150498341377	348.342041648395	290.178542963745	-32.741020223477	-98.597233940754	
0.238793103448	0.074086000280	-0.088432607368	0.876150907738	29.455280114150	-35.159236716914	348.342066143332	290.178520163550	-32.740539119749	-98.603829257294	
0.239655172414	0.074085215633	-0.088455006579	0.876153814398	29.454968152436	-35.168142246005	348.343221779926	290.178924923141	-32.740841436579	-98.610271733623	
0.240517241379	0.074085341993	-0.088476370326	0.876159795350	29.455018390900	-35.176636093214	348.345599700175	290.179824298758	-32.741961609071	-98.616189500412	
0.241379310345	0.074086140816	-0.088495633352	0.876168786189	29.455335988879	-35.184294730676	348.349174298442	290.181249816818	-32.743848652492	-98.621331703394	
0.242241379310	0.074087358970	-0.088512034588	0.876180352393	29.455820305190	-35.190815571483	348.353772815966	290.183176629241	-32.746361010675	-98.625546091147	
0.243103448276	0.074088660368	-0.088525136167	0.876193710425	29.456337718051	-35.196024526883	348.359083732850	290.185523869988	-32.749287736504	-98.628765265986	
0.243965517241	0.074089666032	-0.088534859718	0.876207922094	29.456737552452	-35.199890438420	348.364734040534	290.188173217936	-32.752390204206	-98.631014513579	
0.244827586207	0.074090061346	-0.088541415233	0.876222119354	29.456894722332	-35.202496794869	348.370378619130	290.190992707254	-32.755450405565	-98.632393185131	
0.245689655172	0.074089687338	-0.088545114208	0.876235619370	29.456746023266	-35.203967441604	348.375745986104	290.193855598153	-32.758303255259	-98.633022577506	
0.246551724138	0.074088554438	-0.088546266580	0.876247936719	29.456295602149	-35.204425604293	348.380643145704	290.196649917865	-32.760837435562	-98.633016662009	
0.247413793103	0.074086752536	-0.088545247218	0.876258777742	29.455579197895	-35.204020324063	348.384953344467	290.199287293880	-32.762994426189	-98.632493453369	
0.248275862069	0.074084345921	-0.088542604839	0.876267982596	29.454622370429	-35.202969761177	348.388613030956	290.201702222819	-32.764755613260	-98.631600944284	
0.249137931034	0.074081421676	-0.088539056084	0.876275559733	29.453459742432	-35.201558838920	348.391625566221	290.203863505451	-32.766152988868	-98.630524818454	
0.250000000000	0.074078178469	-0.088535316334	0.876281798679	29.452170300811	-35.200071980738	348.394106060793	290.205787295089	-32.767305510014	-98.629429971645	
0.250862068966	0.074074799470	-0.088532018482	0.876287185286	29.450826870804	-35.198760813427	348.396247680246	290.207524440535	-32.768369085002	-98.628453542412	
0.251724137931	0.074071281687	-0.088529757597	0.876292169541	29.449428262813	-35.197861925624	348.398229331521	290.209125836680	-32.769471066107	-98.627739244969	
0.252586206897	0.074067497488	-0.088529074357	0.876297055702	29.447923732435	-35.197590281438	348.400171982551	290.210625382144	-32.770710258844	-98.627407292589	
0.253448275862	0.074063379518	-0.088530460437	0.876301994251	29.446286500352	-35.198141362095	348.402135461862	290.212051511231	-32.772124773177	-98.627583933502	
0.254310344828	0.074059058778	-0.088534204345	0.876307081467	29.444568650984	-35.199629873670	348.404158049082	290.213423608788	-32.773739112169	-98.628325478094	
0.255172413793	0.074054833233	-0.088540191882	0.876312385099	29.442888649213	-35.202010412345	348.406266678948	290.214754530197	-32.775573412962	-98.629535280700	
0.256034482759	0.074051100919	-0.088547924124	0.876317915153	29.441404747050	-35.205084614422	348.408465330191	290.216051054184	-32.777597336654	-98.631066101755	
0.256896551724	0.074048177522	-0.088556571858	0.876323489689	29.440242456239	-35.208522800152	348.410681666909	290.217280356551	-32.779723347060	-98.632694763982	
0.257758620690	0.074046086344	-0.088565256359	0.876328730429	29.439411040938	-35.211975603826	348.412765292436	290.218398793084	-32.781794949982	-98.634209527513	
0.258620689655	0.074044729422	-0.088573133790	0.876333255773	29.438871552741	-35.215107530913	348.414564488737	290.219356663470	-32.783681131155	-98.635443142656	
0.259482758621	0.074044259274	-0.088579118383	0.876336931964	29.438684630595	-35.217486898892	348.416026077070	290.220117306772	-32.785398037962	-98.636079241985	
0.260344827586	0.074044959238	-0.088582132475	0.876339758495	29.438962923621	-35.218685248453	348.417149855992	290.220672898902	-32.786931072745	-98.635866445562	
0.261206896552	0.074046521602	-0.088581684489	0.876341509456	29.439584091966	-35.218507137243	348.417846007008	290.220986236852	-32.788136627624	-98.634811908260	
0.262068965517	0.074048178916	-0.088577879201	0.876341964116	29.440243010397	-35.216994221876	348.418026771617	290.221020764777	-32.788983473369	-98.632971477925	
0.262931034483	0.074049726526	-0.088571074894	0.876341257670	29.440858312753	-35.214288950367	348.417745901165	290.220799063269	-32.789538664106	-98.630448115743	
0.263793103448	0.074051441729	-0.088561736004	0.876339667323	29.441540247220	-35.210575973287	348.417113607567	290.220360322232	-32.789808866322	-98.627424084220	
0.264655172414	0.074053371910	-0.088550223927	0.876337507127	29.442307653067	-35.205998975458	348.416254751881	290.219743095273	-32.789881807164	-98.623931831190	
0.265517241379	0.074055491442	-0.088536732298	0.876335150628	29.443150341193	-35.200634943161	348.415317849675	290.219010519421	-32.789869221047	-98.619984838135	
0.266379310345	0.074057723744	-0.088521626788	0.876332747823	29.444037864762	-35.194629259989	348.414362537084	290.218205341781	-32.789729497602	-98.615779818170	
0.267241379310	0.074059678392	-0.088505490687	0.876330180546	29.444814998347	-35.188213832586	348.413341833318	290.217330560393	-32.789433860941	-98.611454388461	
0.268103448276	0.074061290661	-0.088488759399	0.876327498216	29.445456007734	-35.181561768784	348.412275386278	290.216416223769	-32.789053223468	-98.607054864441	
0.268965517241	0.074062871709	-0.088471678649	0.876324727019	29.446084604535	-35.174770765670	348.411173607611	290.215480308312	-32.788538172585	-98.602692907556	
0.269827586207	0.074064345727	-0.088454466194	0.876321636024	29.446670647813	-35.167927398597	348.409944682584	290.214495674826	-32.787805808373	-98.598414923253	
0.270689655172	0.074065541060	-0.088437179980	0.876318099698	29.447145891023	-35.161054706411	348.408538702127	290.213450052767	-32.786901355335	-98.594152374564	
0.271551724138	0.074066719937	-0.088419722714	0.876314194511	29.447614591752	-35.154114006930	348.406986069125	290.212356119037	-32.785849410580	-98.589911935729	
0.272413793103	0.074067950244	-0.088402115217	0.876309804231	29.448103740209	-35.147113578317	348.405240571691	290.211193976490	-32.784582518960	-98.585736222078	
0.273275862069	0.074068865031	-0.088384584123	0.876304750771	29.448467443184	-35.140143526193	348.403231405613	290.209944834741	-32.783079652157	-98.581653038232	
0.274137931034	0.074069397818	-0.088367352626	0.876299131815	29.448679269692	-35.133292588647	348.400997408174	290.208620498824	-32.781397841761	-98.577728539672	
0.275000000000	0.074069841343	-0.088350476678	0.876293160051	29.448855607278	-35.126583010756	348.398623140772	290.207234201321	-32.779611203882	-98.573954179326	
0.275862068966	0.074070375851	-0.088333975796	0.876287021107	29.449068118265	-35.120022552655	348.396182405650	290.205807176589	-32.777780176130	-98.570288743117	
0.276724137931	0.074070965051	-0.088317924620	0.876280973241	29.449302373648	-35.113640889977	348.393777881007	290.204375122200	-32.775969701384	-98.566758838214	
0.277586206897	0.074071440318	-0.088302481276	0.876275275102	29.449491331775	-35.107500890219	348.391512402126	290.202977129353	-32.774246298772	-98.563416094012	
0.278448275862	0.074071702283	-0.088287892502	0.876270123263	29.449595484276	-35.101700652073	348.389464122191	290.201652811019	-32.772661281941	-98.560319933995	
0.279310344828	0.074071788314	-0.088274370225	0.876265689831	29.449629688560	-35.096324434641	348.387701468295	290.200435926762	-32.771254468743	-98.557505167123	
0.280172413793	0.074071754338	-0.088262003681	0.876262125812	29.449616180165	-35.091407715939	348.386284477708	290.199357733965	-32.770061611522	-98.554972276855	
0.281034482759	0.074071604236	-0.088250756414	0.876259465984	29.449556502533	-35.086936002068	348.385226977024	290.198435347464	-32.769090230852	-98.552700964901	
0.281896551724	0.074071318778	-0.088240546478	0.876257672085	29.449443009469	-35.082876712580	348.384513754715	290.197675854292	-32.768330562268	-98.550663487474	
0.282758620690	0.074070876279	-0.088231284086	0.876256698369	29.449267079500	-35.079194149801	348.384126622423	290.197083451099	-32.767773917551	-98.548831671233	
0.283620689655	0.074070254717	-0.088222839256	0.876256461246	29.449019957805	-35.075836635017	348.384032346620	290.196654020649	-32.767404404568	-98.547167062058	
0.284482758621	0.074069449307	-0.088215045769	0.876256830813	29.448699740997	-35.072738082753	348.384179279746	290.196373225588	-32.767195148094	-98.545621597446	
0.285344827586	0.074068473728	-0.088207727507	0.876257669247	29.448311868011	-35.069828471393	348.384512626284	290.196222857032	-32.767118342672	-98.544145279168	
0.286206896552	0.074067356914	-0.088200717375	0.876258837000	29.447867842396	-35.067041367524	348.384976904253	290.196182263905	-32.767145824780	-98.542691703831	
0.287068965517	0.074066144351	-0.088193864542	0.876260200738	29.447385748976	-35.064316802470	348.385519102304	290.196229357068	-32.767250566727	-98.541219075929	
0.287931034483	0.074064897204	-0.088187036532	0.876261647947	29.446889905634	-35.061602106956	348.386094486921	290.196342030326	-32.767410123320	-98.539690681350	
0.288793103448	0.074063679671	-0.088180123103	0.876263099475	29.446405835893	-35.058853449958	348.386671588786	290.196501241233	-32.767609098926	-98.538076808421	
0.289655172414	0.074062548502	-0.088173045435	0.876264510608	29.445956103011	-35.056039494614	348.387232630321	290.196691847838	-32.767839183165	-98.536358133803	
0.290517241379	0.074061547000	-0.088165768846	0.876265875822	29.445557923894	-35.053146452127	348.387775415221	290.196904655653	-32.768101066436	-98.534528211867	
0.291379310345	0.074060705645	-0.088158313031	0.876267221499	29.445223415729	-35.050182152156	348.388310432458	290.197135953387	-32.768402506274	-98.532595337098	
0.292241379310	0.074060042622	-0.088150755120	0.876268600010	29.444959809924	-35.047177260833	348.388858504005	290.197387667041	-32.768757052769	-98.530582182740	
0.293103448276	0.074059566035	-0.088143223834	0.876270079119	29.444770327051	-35.044182954954	348.389446571283	290.197665835812	-32.769181955987	-98.528523819260	
0.293965517241	0.074059273420	-0.088135888012	0.876271736500	29.444653988595	-35.041266362236	348.390105516703	290.197980225676	-32.769697136519	-98.526464733888	
0.294827586207	0.074059152967	-0.088128942391	0.876273647606	29.444606098524	-35.038504906261	348.390865338706	290.198342114428	-32.770321682162	-98.524456012867	
0.295689655172	0.074059183394	-0.088122593922	0.876275879793	29.444618196106	-35.035980867605	348.391752816755	290.198763537762	-32.771072490742	-98.522551927774	
0.296551724138	0.074059336635	-0.088117051638	0.876278482068	29.444679121948	-35.033777353645	348.392787434924	290.199255037211	-32.771961358187	-98.520807739833	
0.297413793103	0.074059579949	-0.088112520327	0.876281480969	29.444775858979	-35.031975785007	348.393979744726	290.199824821757	-32.772993316072	-98.519278193140	
0.298275862069	0.074059880468	-0.088109195333	0.876284874009	29.444895340220	-35.030653826217	348.395328757339	290.200476923634	-32.774164492189	-98.518016366988	
0.299137931034	0.074060208221	-0.088107257849	0.876288631585	29.445025649139	-35.029883516845	348.396822702797	290.201211294672	-32.775462658686	-98.517072188547	
0.300000000000	0.074060540338	-0.088106870639	0.876292695887	29.445157692709	-35.029729569178	348.398438597469	290.202022850762	-32.776866773358	-98.516491649802	
0.300862068966	0.074060861881	-0.088108174751	0.876296988377	29.445285532722	-35.030248060792	348.400145215215	290.202902574403	-32.778349224113	-98.516315859161	
0.301724137931	0.074061166284	-0.088111287367	0.876301414566	29.445406557775	-35.031485581844	348.401904989594	290.203837707031	-32.779877470128	-98.516580670648	
0.302586206897	0.074061452664	-0.088116301361	0.876305874926	29.445520417290	-35.033479056867	348.403678349609	290.204813602682	-32.781417346216	-98.517316419631	
0.303448275862	0.074061723955	-0.088123285325	0.876310270088	29.445628277903	-35.036255757410	348.405425788242	290.205814204590	-32.782934741158	-98.518548033900	
0.304310344828	0.074061983303	-0.088132283503	0.876314510079	29.445731390131	-35.039833273196	348.407111533408	290.206823870679	-32.784398576936	-98.520294590898	
0.305172413793	0.074062232441	-0.088143314381	0.876318515845	29.445830442750	-35.044218954675	348.408704154782	290.207827444980	-32.785781574057	-98.522568847938	
0.306034482759	0.074062469147	-0.088156367734	0.876322223561	29.445924553205	-35.049408736456	348.410178277069	290.208811376876	-32.787061751139	-98.525376050524	
0.306896551724	0.074062687058	-0.088171399127	0.876325581765	29.446011190596	-35.055384951670	348.411513439410	290.209763091153	-32.788221906056	-98.528712407218	
0.307758620690	0.074062875003	-0.088188322568	0.876328552507	29.446085914369	-35.062113412052	348.412694553639	290.210671534849	-32.789250169192	-98.532562760421	
0.308620689655	0.074063019027	-0.088207001744	0.876331106170	29.446143175759	-35.069539921152	348.413709844740	290.211526071033	-32.790138528630	-98.536898307792	
0.309482758621	0.074063103945	-0.088227241565	0.876333221188	29.446176937644	-35.077586914959	348.414550738617	290.212316710077	-32.790882547747	-98.541674130044	
0.310344827586	0.074063116914	-0.088248781142	0.876334878633	29.446182093823	-35.086150669096	348.415209709218	290.213032946337	-32.791479534265	-98.546827460699	
0.311206896552	0.074063049435	-0.088271290495	0.876336062716	29.446155265304	-35.095099988661	348.415680479828	290.213664168985	-32.791928316648	-98.552276663694	
0.312068965517	0.074062899952	-0.088294372058	0.876336756967	29.446095833679	-35.104276808741	348.415956501687	290.214198861606	-32.792227796629	-98.557921866272	
0.312931034483	0.074062673788	-0.088317568472	0.876336946878	29.446005914851	-35.113499291695	348.416032006604	290.214625486471	-32.792377356910	-98.563646975100	
0.313793103448	0.074062383107	-0.088340376283	0.876336618544	29.445890345133	-35.122567272941	348.415901466925	290.214932217550	-32.792376228883	-98.569323579607	
0.314655172414	0.074062044425	-0.088362265262	0.876335763637	29.445755691303	-35.131269942952	348.415561571016	290.215108319481	-32.792224717457	-98.574815977663	
0.315517241379	0.074061676852	-0.088382701282	0.876334379782	29.445609550463	-35.139394942105	348.415011375043	290.215144260769	-32.791924241644	-98.579987356999	
0.316379310345	0.074061298882	-0.088401171207	0.876332476230	29.445459276616	-35.146738256832	348.414254556335	290.215033269515	-32.791478914132	-98.584706087225	
0.317241379310	0.074060926842	-0.088417207124	0.876330073785	29.445311359890	-35.153113853038	348.413299387029	290.214771412388	-32.790895574893	-98.588852039608	
0.318103448276	0.074060572664	-0.088430408395	0.876327208849	29.445170545129	-35.158362444441	348.412160339060	290.214358880395	-32.790184979161	-98.592321954890	
0.318965517241	0.074060243793	-0.088440459436	0.876323930953	29.445039791666	-35.162358560201	348.410857105766	290.213799636677	-32.789361194072	-98.595033941192	
0.319827586207	0.074059942683	-0.088447142655	0.876320303962	29.444920075688	-35.165015689384	348.409415078358	290.213102144678	-32.788441995081	-98.596930407659	
0.320689655172	0.074059668334	-0.088450345610	0.876316400894	29.444810999574	-35.166289127746	348.407863287880	290.212278443566	-32.787447488112	-98.597979817561	
0.321551724138	0.074059417146	-0.088450062979	0.876312302818	29.444711131385	-35.166176758503	348.406233965515	290.211344321111	-32.786399832489	-98.598176876005	
0.322413793103	0.074059185275	-0.088446393373	0.876308092246	29.444618943904	-35.164717788155	348.404559916716	290.210317960392	-32.785321432276	-98.597541768987	
0.323275862069	0.074058969759	-0.088439532323	0.876303851476	29.444533258593	-35.161989956266	348.402873861759	290.209219804383	-32.784234468288	-98.596118250045	
0.324137931034	0.074058770513	-0.088429761905	0.876299656445	29.444454041805	-35.158105411336	348.401205991889	290.208071080338	-32.783159181781	-98.593971261585	
0.325000000000	0.074058590616	-0.088417438432	0.876295576206	29.444382518069	-35.153205816871	348.399583761228	290.206893663413	-32.782113691627	-98.591183899250	
0.325862068966	0.074058437132	-0.088402978571	0.876291668507	29.444321495476	-35.147456832674	348.398030129415	290.205708749180	-32.781112738902	-98.587854332594	
0.326724137931	0.074058320103	-0.088386845018	0.876287981097	29.444274966628	-35.141042418082	348.396564080602	290.204536911273	-32.780168009071	-98.584092403417	
0.327586206897	0.074058252118	-0.088369531727	0.876284549139	29.444247937113	-35.134158960511	348.395199594670	290.203397028645	-32.779287403765	-98.580016395101	
0.328448275862	0.074058246308	-0.088351549462	0.876281397931	29.444245627027	-35.127009530988	348.393946730426	290.202306552852	-32.778475799159	-98.575749608882	
0.329310344828	0.074058315218	-0.088333411405	0.876278541413	29.444273024524	-35.119798160900	348.392811029548	290.201280638446	-32.777734684372	-98.571417160750	
0.330172413793	0.074058468534	-0.088315619394	0.876275985439	29.444333980431	-35.112724372676	348.391794819727	290.200332530194	-32.777063155743	-98.567142613182	
0.331034482759	0.074058712082	-0.088298650506	0.876273726601	29.444430810822	-35.105977843669	348.390896745685	290.199472807323	-32.776457733193	-98.563044846532	
0.331896551724	0.074059046081	-0.088282944607	0.876271755541	29.444563602534	-35.099733456784	348.390113086939	290.198709830804	-32.775913450893	-98.559234825451	
0.332758620690	0.074059464966	-0.088268892703	0.876270055904	29.444730144114	-35.094146668887	348.389437341395	290.198049090466	-32.775423778031	-98.555812701855	
0.333620689655	0.074059956716	-0.088256826851	0.876268607811	29.444925655053	-35.089349500274	348.388861605387	290.197493751828	-32.774981792654	-98.552864968924	
0.334482758621	0.074060503812	-0.088247011567	0.876267387258	29.445143170606	-35.085447117502	348.388376335366	290.197044181350	-32.774580226108	-98.550462137514	
0.335344827586	0.074061083692	-0.088239637497	0.876266370098	29.445373720821	-35.082515317793	348.387971930413	290.196698679297	-32.774212734821	-98.548656678726	
0.336206896552	0.074061670677	-0.088234817225	0.876265532097	29.445607095355	-35.080598862990	348.387638756170	290.196453249744	-32.773874039427	-98.547481690282	
0.337068965517	0.074062237135	-0.088232583831	0.876264853374	29.445832309380	-35.079710905224	348.387368907763	290.196302543363	-32.773561198359	-98.546950010180	
0.337931034483	0.074062755791	-0.088232891849	0.876264318716	29.446038517591	-35.079833367673	348.387156337168	290.196239834648	-32.773273668851	-98.547054177278	
0.338793103448	0.074063200927	-0.088235620973	0.876263921754	29.446215495820	-35.080918419282	348.386998512461	290.196258076900	-32.773014349843	-98.547766908841	
0.339655172414	0.074063550363	-0.088240581945	0.876263664597	29.446354425166	-35.082890813522	348.386896271394	290.196349934677	-32.772789300793	-98.549042420880	
0.340517241379	0.074063786062	-0.088247524735	0.876263560718	29.446448135168	-35.085651143611	348.386854970767	290.196508769008	-32.772608303517	-98.550818206134	
0.341379310345	0.074063895280	-0.088256148319	0.876263632957	29.446491558227	-35.089079728088	348.386883691810	290.196728533330	-32.772484040014	-98.553017534782	
0.342241379310	0.074063870261	-0.088266112066	0.876263914440	29.446481611234	-35.093041137218	348.386995604226	290.197004517874	-32.772432063797	-98.555552257198	
0.343103448276	0.074063708470	-0.088277047972	0.876264444597	29.446417285929	-35.097389059307	348.387206385577	290.197332974392	-32.772469433417	-98.558326135054	
0.343965517241	0.074063411519	-0.088288573752	0.876265268185	29.446299223279	-35.101971505055	348.387533829503	290.197711542306	-32.772614204068	-98.561238262897	
0.344827586207	0.074062984809	-0.088300306022	0.876266429797	29.446129571034	-35.106636047655	348.387995665745	290.198138582258	-32.772883724439	-98.564186782017	
0.345689655172	0.074062436160	-0.088311873530	0.876267971807	29.445911437902	-35.111235083551	348.388608741527	290.198613326678	-32.773293933491	-98.567072439834	
0.346551724138	0.074061775402	-0.088322929650	0.876269928444	29.445648732437	-35.115630800929	348.389386665637	290.199135012417	-32.773857645463	-98.569802177563	
0.347413793103	0.074061013232	-0.088333164055	0.876272323859	29.445345707138	-35.119699819156	348.390339040148	290.199702886808	-32.774583986544	-98.572292297076	
0.348275862069	0.074060161206	-0.088342312748	0.876275166955	29.445006956672	-35.123337177024	348.391469404747	290.200315289863	-32.775476978268	-98.574471382749	
0.349137931034	0.074059231126	-0.088350166353	0.876278450681	29.444637173481	-35.126459631316	348.392774956059	290.200969675517	-32.776535378912	-98.576282547487	
0.350000000000	0.074058235567	-0.088356575950	0.876282148515	29.444241356630	-35.129007973280	348.394245149261	290.201661792119	-32.777751764669	-98.577685201428	
0.350862068966	0.074057187732	-0.088361456463	0.876286215645	29.443824756194	-35.130948378742	348.395862167919	290.202385852098	-32.779112908612	-98.578655966430	
0.351724137931	0.074056102292	-0.088364787127	0.876290587489	29.443393204444	-35.132272591781	348.397600335712	290.203133915356	-32.780599424132	-98.579188993518	
0.352586206897	0.074054995372	-0.088366609341	0.876295182900	29.442953112487	-35.132997071610	348.399427389698	290.203896285768	-32.782186689618	-98.579295392697	
0.353448275862	0.074053885287	-0.088367021750	0.876299904613	29.442511762585	-35.133161038367	348.401304659025	290.204661144285	-32.783845012331	-98.579002111755	
0.354310344828	0.074052792262	-0.088366173230	0.876304644172	29.442077195332	-35.132823681566	348.403189023578	290.205415193680	-32.785541020701	-98.578350065438	
0.355172413793	0.074051738718	-0.088364253900	0.876309283849	29.441658324917	-35.132060590102	348.405033676869	290.206143535271	-32.787238238113	-98.577391918752	
0.356034482759	0.074050748474	-0.088361485088	0.876313702719	29.441264621112	-35.130959759624	348.406790541401	290.206830534659	-32.788898806549	-98.576189388619	
0.356896551724	0.074049846484	-0.088358108503	0.876317779373	29.440906005939	-35.129617289379	348.408411346499	290.207459890556	-32.790484306282	-98.574810490037	
0.357758620690	0.074049057565	-0.088354375546	0.876321398386	29.440592345869	-35.128133131892	348.409850201974	290.208015650292	-32.791957620349	-98.573326603316	
0.358620689655	0.074048405754	-0.088350536946	0.876324453006	29.440333197222	-35.126606972499	348.411064664847	290.208482377103	-32.793283780078	-98.571809759532	
0.359482758621	0.074047912819	-0.088346833464	0.876326851159	29.440137215146	-35.125134533633	348.412018128043	290.208846203704	-32.794431726220	-98.570329989624	
0.360344827586	0.074047597573	-0.088343487627	0.876328517217	29.440011878936	-35.123804288027	348.412680523147	290.209094969222	-32.795374918153	-98.568953072957	
0.361206896552	0.074047474525	-0.088340696985	0.876329396679	29.439962957305	-35.122694778528	348.413030181536	290.209219173576	-32.796092728415	-98.567738483804	
0.362068965517	0.074047553477	-0.088338628621	0.876329456234	29.439994347264	-35.121872433668	348.413053859413	290.209211944776	-32.796570568814	-98.566737808882	
0.362931034483	0.074047838608	-0.088337415211	0.876328686470	29.440107710342	-35.121390003432	348.412747814923	290.209069765790	-32.796800712538	-98.565993400684	
0.363793103448	0.074048328574	-0.088337152239	0.876327099792	29.440302512117	-35.121285450312	348.412116979883	290.208792164920	-32.796781793188	-98.565537499624	
0.364655172414	0.074049016158	-0.088337896608	0.876324730980	29.440575883028	-35.121581397996	348.411175182234	290.208382141768	-32.796518991830	-98.565391583147	
0.365517241379	0.074049888920	-0.088339666224	0.876321633074	29.440922877828	-35.122284966142	348.409943509900	290.207845548199	-32.796022936950	-98.565566159332	
0.366379310345	0.074050929383	-0.088342440854	0.876317876204	29.441336547663	-35.123388109833	348.408449844998	290.207191228389	-32.795309377893	-98.566060775797	
0.367241379310	0.074052116134	-0.088346163846	0.876313542134	29.441808378453	-35.124868305594	348.406726695643	290.206430151815	-32.794397690642	-98.566864454709	
0.368103448276	0.074053424372	-0.088350745076	0.876308722278	29.442328510996	-35.126689721240	348.404810406187	290.205575371074	-32.793310308868	-98.567956336113	
0.368965517241	0.074054827273	-0.088356064701	0.876303511959	29.442886279569	-35.128804709811	348.402738875677	290.204641042584	-32.792071146086	-98.569306724080	
0.369827586207	0.074056296686	-0.088361978061	0.876298008708	29.443470492045	-35.131155756838	348.400550880900	290.203642357517	-32.790705106314	-98.570878313440	
0.370689655172	0.074057804515	-0.088368321227	0.876292307283	29.444069978180	-35.133677687384	348.398284095347	290.202594609157	-32.789236725124	-98.572627757654	
0.371551724138	0.074059323354	-0.088374917439	0.876286499139	29.444673841687	-35.136300224181	348.395974880187	290.201513245219	-32.787690016638	-98.574507335638	
0.372413793103	0.074060827689	-0.088381583793	0.876280668874	29.445271938473	-35.138950648399	348.393656870342	290.200413105021	-32.786087523266	-98.576466835679	
0.373275862069	0.074062294288	-0.088388138314	0.876274895282	29.445855032308	-35.141556609759	348.391361392493	290.199308681253	-32.784450608980	-98.578455393841	
0.374137931034	0.074063703094	-0.088394406658	0.876269249326	29.446415148486	-35.144048792038	348.389116660316	290.198213572325	-32.782798941763	-98.580423372880	
0.375000000000	0.074065037271	-0.088400228522	0.876263796588	29.446945593817	-35.146363461951	348.386948748418	290.197140954757	-32.781151175457	-98.582324018179	
0.375862068966	0.074066283727	-0.088405463009	0.876258596344	29.447441162264	-35.148444601142	348.384881223837	290.196103208848	-32.779524734541	-98.584114971519	
0.376724137931	0.074067432796	-0.088409993078	0.876253704778	29.447898011830	-35.150245676440	348.382936423946	290.195112523683	-32.777936698629	-98.585759408288	
0.377586206897	0.074068478411	-0.088413728437	0.876249174385	29.448313730036	-35.151730789004	348.381135219765	290.194180590459	-32.776403667509	-98.587226903455	
0.378448275862	0.074069417487	-0.088416607183	0.876245057130	29.448687089682	-35.152875327172	348.379498272220	290.193319218985	-32.774942612500	-98.588493846383	
0.379310344828	0.074070249816	-0.088418595725	0.876241403391	29.449018009160	-35.153665936401	348.378045610326	290.192539973431	-32.773570593651	-98.589543552591	
0.380172413793	0.074070977269	-0.088419687531	0.876238264359	29.449307231683	-35.154100018837	348.376797587068	290.191854684093	-32.772305378480	-98.590365955274	
0.381034482759	0.074071603555	-0.088419900398	0.876235689968	29.449556231796	-35.154184651075	348.375774054614	290.191274928247	-32.771164856096	-98.590957066383	
0.381896551724	0.074072133362	-0.088419272995	0.876233730189	29.449766873416	-35.153935206744	348.374994881512	290.190812368438	-32.770167325689	-98.591318140901	
0.382758620690	0.074072572125	-0.088417860493	0.876232431824	29.449941317913	-35.153373621123	348.374478674463	290.190478043060	-32.769330573418	-98.591454756249	
0.383620689655	0.074072925247	-0.088415730115	0.876231838795	29.450081712850	-35.152526620315	348.374242896670	290.190282532630	-32.768671861625	-98.591375764727	
0.384482758621	0.074073197981	-0.088412956443	0.876231988102	29.450190147298	-35.151423857627	348.374302258603	290.190235096570	-32.768206759248	-98.591092324757	
0.385344827586	0.074073394822	-0.088409617293	0.876232909597	29.450268407820	-35.150096270726	348.374668628668	290.190343735731	-32.767948972549	-98.590616963602	
0.386206896552	0.074073519574	-0.088405789895	0.876234621709	29.450318006830	-35.148574565286	348.375349333829	290.190614268109	-32.767909106473	-98.589962844767	
0.387068965517	0.074073574943	-0.088401548079	0.876237131370	29.450340020509	-35.146888094333	348.376347130777	290.191050396943	-32.768094534563	-98.589143166596	
0.387931034483	0.074073562802	-0.088396960052	0.876240430202	29.450335193642	-35.145063976355	348.377658687640	290.191652841317	-32.768508291864	-98.588170817857	
0.388793103448	0.074073483975	-0.088392087314	0.876244495225	29.450303853441	-35.143126662025	348.379274868618	290.192419523531	-32.769149171705	-98.587058183621	
0.389655172414	0.074073338657	-0.088386984132	0.876249286041	29.450246077473	-35.141097727295	348.381179612201	290.193344856960	-32.770010910480	-98.585817181054	
0.390517241379	0.074073126339	-0.088381697993	0.876254746749	29.450161663697	-35.138996052172	348.383350693035	290.194420137366	-32.771082633675	-98.584459393106	
0.391379310345	0.074072846333	-0.088376270345	0.876260804381	29.450050338358	-35.136838115500	348.385759099930	290.195633049279	-32.772348409821	-98.582996347723	
0.392241379310	0.074072497774	-0.088370737970	0.876267372116	29.449911757305	-35.134638541199	348.388370315044	290.196968297305	-32.773788075584	-98.581439804047	
0.393103448276	0.074072080177	-0.088365134267	0.876274348923	29.449745728242	-35.132410608427	348.391144169970	290.198407340494	-32.775377142343	-98.579802081347	
0.393965517241	0.074071593461	-0.088359490807	0.876281623885	29.449552218669	-35.130166868909	348.394036565630	290.199929248560	-32.777087942063	-98.578096306660	
0.394827586207	0.074071038483	-0.088353838459	0.876289076727	29.449331569299	-35.127919595491	348.396999683491	290.201510627131	-32.778889793287	-98.576336623644	
0.395689655172	0.074070417022	-0.088348208536	0.876296582859	29.449084487310	-35.125681237848	348.399983988413	290.203126644199	-32.780750348493	-98.574538268173	
0.396551724138	0.074069732245	-0.088342633339	0.876304014341	29.448812231971	-35.123464638257	348.402938613895	290.204751077812	-32.782635883432	-98.572717569730	
0.397413793103	0.074068988612	-0.088337146644	0.876311245150	29.448516576597	-35.121283225907	348.405813455257	290.206357435956	-32.784512702465	-98.570891818258	
0.398275862069	0.074068192239	-0.088331783594	0.876318152097	29.448199952814	-35.119150972186	348.408559534921	290.207919045261	-32.786347408569	-98.569079070583	
0.399137931034	0.074067350697	-0.088326580617	0.876324619852	29.447865370870	-35.117082360821	348.411130999682	290.209410182455	-32.788108232118	-98.567297863754	
0.400000000000	0.074066473256	-0.088321574885	0.876330541385	29.447516515615	-35.115092170339	348.413485296222	290.210806125057	-32.789765162121	-98.565566913405	
0.400862068966	0.074065570565	-0.088316803972	0.876335822376	29.447157622018	-35.113195340096	348.415584924762	290.212084221079	-32.791291098051	-98.563904779018	
0.401724137931	0.074064654784	-0.088312305209	0.876340380876	29.446793523434	-35.111406711735	348.417397303431	290.213223835637	-32.792661763947	-98.562329564094	
0.402586206897	0.074063739157	-0.088308115393	0.876344150874	29.446429486360	-35.109740915264	348.418896187781	290.214207302537	-32.793856629683	-98.560858634224	
0.403448275862	0.074062838039	-0.088304270287	0.876347081030	29.446071217960	-35.108212168977	348.420061165777	290.215019720680	-32.794858579476	-98.559508399639	
0.404310344828	0.074061966398	-0.088300804539	0.876349137338	29.445724669033	-35.106834249190	348.420878717704	290.215649752830	-32.795654598221	-98.558294139197	
0.405172413793	0.074061139758	-0.088297751388	0.876350300950	29.445396011425	-35.105620370584	348.421341348891	290.216089248864	-32.796235213163	-98.557229887368	
0.406034482759	0.074060373649	-0.088295142747	0.876350570021	29.445091420366	-35.104583221022	348.421448326756	290.216333880785	-32.796594984025	-98.556328355873	
0.406896551724	0.074059683508	-0.088293008971	0.876349956783	29.444817032454	-35.103734869546	348.421204514477	290.216382593369	-32.796731773172	-98.555600891097	
0.407758620690	0.074059084098	-0.088291378921	0.876348488799	29.444578717450	-35.103086790449	348.420620870069	290.216238087261	-32.796647107123	-98.555057441015	
0.408620689655	0.074058589380	-0.088290279583	0.876346205525	29.444382026417	-35.102649713435	348.419713080848	290.215906118485	-32.796345349957	-98.554706521412	
0.409482758621	0.074058211937	-0.088289735904	0.876343159244	29.444231961773	-35.102433556165	348.418501933278	290.215395859724	-32.795834013266	-98.554555166474	
0.410344827586	0.074057962837	-0.088289770103	0.876339411402	29.444132924047	-35.102447153129	348.417011857824	290.214719084961	-32.795122906522	-98.554608850934	
0.411206896552	0.074057851075	-0.088290401186	0.876335033479	29.444088489484	-35.102698060305	348.415271273398	290.213890449588	-32.794224461184	-98.554871387054	
0.412068965517	0.074057883462	-0.088291643946	0.876330103333	29.444101366030	-35.103192159675	348.413311134616	290.212926602748	-32.793152911937	-98.555344785432	
0.412931034483	0.074058064116	-0.088293508234	0.876324706185	29.444173190762	-35.103933367843	348.411165324149	290.211846427863	-32.791924672642	-98.556029102706	
0.413793103448	0.074058394410	-0.088295997812	0.876318931106	29.444304509870	-35.104923179908	348.408869255132	290.210670121768	-32.790557569286	-98.556922266222	
0.414655172414	0.074058872557	-0.088299109600	0.876312872197	29.444494612778	-35.106160371563	348.406460340561	290.209419429991	-32.789071270348	-98.558019915078	
0.415517241379	0.074059493667	-0.088302832648	0.876306625228	29.444741555034	-35.107640589265	348.403976656397	290.208116720706	-32.787486556493	-98.559315244449	
0.416379310345	0.074060249470	-0.088307147655	0.876300288969	29.445042048814	-35.109356159771	348.401457472111	290.206785235919	-32.785825775350	-98.560798902910	
0.417241379310	0.074061128531	-0.088312026339	0.876293961900	29.445391547916	-35.111295837726	348.398941941523	290.205448174471	-32.784112106478	-98.562458920757	
0.418103448276	0.074062116161	-0.088317431468	0.876287743583	29.445784212108	-35.113444821366	348.396469648962	290.204128966707	-32.782369991624	-98.564280723997	
0.418965517241	0.074063194820	-0.088323316829	0.876281731312	29.446213067937	-35.115784736675	348.394079276695	290.202850368950	-32.780624344116	-98.566247198362	
0.419827586207	0.074064344237	-0.088329627917	0.876276021396	29.446670055425	-35.118293913059	348.391809115419	290.201634759797	-32.778900906148	-98.568338858973	
0.420689655172	0.074065542005	-0.088336302550	0.876270705640	29.447146266717	-35.120947629122	348.389695665138	290.200503242666	-32.777225362751	-98.570534074226	
0.421551724138	0.074066763897	-0.088343272214	0.876265872462	29.447632069490	-35.123718643639	348.387774079156	290.199475960026	-32.775623598047	-98.572809398689	
0.422413793103	0.074067984627	-0.088350463243	0.876261603174	29.448117410079	-35.126577669563	348.386076685833	290.198571202518	-32.774120701848	-98.575139947692	
0.423275862069	0.074069178297	-0.088357798657	0.876257972950	29.448591992311	-35.129494100010	348.384633373300	290.197805742322	-32.772741130315	-98.577499867507	
0.424137931034	0.074070319255	-0.088365199711	0.876255046987	29.449045616876	-35.132436627607	348.383470062358	290.197193955564	-32.771507629573	-98.579862819556	
0.425000000000	0.074071382594	-0.088372587959	0.876252881448	29.449468381707	-35.135374064158	348.382609082478	290.196748185930	-32.770441342706	-98.582202533123	
0.425862068966	0.074072345007	-0.088379886893	0.876251519677	29.449851019769	-35.138275990998	348.382067666176	290.196477897386	-32.769560708602	-98.584493333283	
0.426724137931	0.074073185239	-0.088387023930	0.876250993331	29.450185081091	-35.141113550467	348.381858400488	290.196390089355	-32.768881585344	-98.586710701739	
0.427586206897	0.074073884838	-0.088393931818	0.876251318892	29.450463229413	-35.143860004153	348.381987837842	290.196488505604	-32.768416203557	-98.588831769107	
0.428448275862	0.074074428472	-0.088400550255	0.876252499233	29.450679368669	-35.146491377351	348.382457120427	290.196774128552	-32.768173388448	-98.590835802875	
0.429310344828	0.074074804487	-0.088406826791	0.876254520658	29.450828865612	-35.148986816700	348.383260803187	290.197244473540	-32.768157648949	-98.592704585409	
0.430172413793	0.074075005019	-0.088412717843	0.876257355124	29.450908593668	-35.151328994744	348.384387736436	290.197894189561	-32.768369572801	-98.594422756481	
0.431034482759	0.074075026318	-0.088418188913	0.876260957990	29.450917061761	-35.153504194856	348.385820172352	290.198714464134	-32.768805115555	-98.595978014708	
0.431896551724	0.074074868620	-0.088423214874	0.876265271019	29.450854363575	-35.155502427958	348.387534956117	290.199693750077	-32.769456217269	-98.597361265570	
0.432758620690	0.074074536224	-0.088427779454	0.876270220908	29.450722208816	-35.157317224201	348.389502944172	290.200817295372	-32.770310323140	-98.598566613690	
0.433620689655	0.074074037140	-0.088431874822	0.876275723066	29.450523781969	-35.158945469935	348.391690504829	290.202068001775	-32.771351233303	-98.599591302150	
0.434482758621	0.074073382949	-0.088435500419	0.876281680876	29.450263687282	-35.160386942683	348.394059224318	290.203426078096	-32.772558847445	-98.600435500801	
0.435344827586	0.074072588264	-0.088438662000	0.876287990116	29.449947734575	-35.161643931426	348.396567666198	290.204870019511	-32.773910219880	-98.601102061284	
0.436206896552	0.074071670432	-0.088441370044	0.876294538763	29.449582820678	-35.162720601499	348.399171292247	290.206376365026	-32.775379482998	-98.601596144096	
0.437068965517	0.074070648877	-0.088443638509	0.876301211835	29.449176668686	-35.163622502956	348.401824387234	290.207920769317	-32.776939046893	-98.601924847561	
0.437931034483	0.074069544717	-0.088445483107	0.876307891459	29.448737674289	-35.164355882627	348.404480087308	290.209477829737	-32.778559629709	-98.602096744160	
0.438793103448	0.074068380061	-0.088446920095	0.876314461833	29.448274627755	-35.164927203403	348.407092351441	290.211022208831	-32.780211521039	-98.602121461977	
0.439655172414	0.074067177610	-0.088447964713	0.876320809259	29.447796554427	-35.165342524972	348.409615975748	290.212528485569	-32.781864635112	-98.602009212738	
0.440517241379	0.074065959981	-0.088448630291	0.876326826918	29.447312446651	-35.165607146934	348.412008490216	290.213972279433	-32.783489753624	-98.601770406619	
0.441379310345	0.074064749354	-0.088448927109	0.876332414580	29.446831123105	-35.165725156528	348.414230045526	290.215330076712	-32.785058522171	-98.601415247237	
0.442241379310	0.074063566881	-0.088448862009	0.876337482931	29.446360992442	-35.165699273994	348.416245132054	290.216580307343	-32.786544599674	-98.600953445525	
0.443103448276	0.074062432416	-0.088448437816	0.876341952748	29.445909949314	-35.165530622467	348.418022252068	290.217703100633	-32.787923535911	-98.600393934573	
0.443965517241	0.074061364044	-0.088447653532	0.876345758601	29.445485183544	-35.165218804908	348.419535391662	290.218681273274	-32.789173777410	-98.599744720263	
0.444827586207	0.074060377931	-0.088446504322	0.876348847367	29.445093122497	-35.164761899502	348.420763430247	290.219499979384	-32.790276390203	-98.599012737610	
0.445689655172	0.074059487974	-0.088444982241	0.876351181240	29.444739291477	-35.164156746942	348.421691336827	290.220147580733	-32.791215899402	-98.598203843808	
0.446551724138	0.074058705779	-0.088443076676	0.876352735567	29.444428304592	-35.163399128373	348.422309309413	290.220615170365	-32.791979848584	-98.597322806619	
0.447413793103	0.074058040433	-0.088440775451	0.876353501187	29.444163774890	-35.162484201900	348.422613706377	290.220897311765	-32.792559476571	-98.596373416927	
0.448275862069	0.074057498595	-0.088438065539	0.876353481662	29.443948349657	-35.161406788980	348.422605943894	290.220991431137	-32.792949127988	-98.595358576019	
0.449137931034	0.074057084377	-0.088434934335	0.876352695056	29.443783663973	-35.160161878012	348.422293203067	290.220898427488	-32.793146789996	-98.594280486500	
0.450000000000	0.074056799526	-0.088431370435	0.876351170677	29.443670412297	-35.158744934466	348.421687136998	290.220621942831	-32.793153383566	-98.593140792965	
0.450862068966	0.074056643393	-0.088427364860	0.876348950442	29.443608336426	-35.157152388738	348.420804411203	290.220168857686	-32.792973193026	-98.591940804299	
0.451724137931	0.074056613179	-0.088422911707	0.876346085300	29.443596324008	-35.155381894054	348.419665281231	290.219548458769	-32.792613072577	-98.590681642258	
0.452586206897	0.074056703971	-0.088418009170	0.876342636317	29.443632421382	-35.153432732268	348.418294026923	290.218772842694	-32.792082802543	-98.589364453315	
0.453448275862	0.074056909033	-0.088412659921	0.876338670930	29.443713950239	-35.151305965958	348.416717459255	290.217856006658	-32.791394243060	-98.587990529487	
0.454310344828	0.074057219879	-0.088406871828	0.876334263898	29.443837537228	-35.149004722466	348.414965301516	290.216814186560	-32.790561645016	-98.586561480884	
0.455172413793	0.074057626599	-0.088400658001	0.876329493495	29.443999241673	-35.146534215106	348.413068673760	290.215664898096	-32.789600775594	-98.585079307811	
0.456034482759	0.074058117955	-0.088394037181	0.876324442435	29.444194596248	-35.143901894573	348.411060462155	290.214427235743	-32.788529203846	-98.583546521138	
0.456896551724	0.074058681725	-0.088387033466	0.876319194100	29.444418741039	-35.141117341602	348.408973816999	290.213120890557	-32.787365414574	-98.581966160565	
0.457758620690	0.074059304816	-0.088379676392	0.876313833507	29.444666471163	-35.138192299326	348.406842540214	290.211766434870	-32.786129081511	-98.580341864362	
0.458620689655	0.074059973616	-0.088372000398	0.876308443635	29.444932374153	-35.135140460344	348.404699622812	290.210384340502	-32.784840180605	-98.578677841172	
0.459482758621	0.074060674119	-0.088364044685	0.876303106501	29.445210881887	-35.131977409799	348.402577673012	290.208995271783	-32.783519260272	-98.576978900914	
0.460344827586	0.074061392277	-0.088355852496	0.876297899633	29.445496408549	-35.128720340895	348.400507514340	290.207619125936	-32.782186563620	-98.575250394923	
0.461206896552	0.074062114128	-0.088347470843	0.876292897294	29.445783403826	-35.125387944234	348.398518673324	290.206275354064	-32.780862305352	-98.573498223783	
0.462068965517	0.074062826142	-0.088338949696	0.876288167166	29.446066488109	-35.122000087312	348.396638058035	290.204982043421	-32.779565814189	-98.571728761925	
0.462931034483	0.074063515345	-0.088330341655	0.876283771763	29.446340502929	-35.118577682666	348.394890523980	290.203756283940	-32.778315828481	-98.569948856909	
0.463793103448	0.074064169638	-0.088321701121	0.876279765367	29.446600638134	-35.115142359777	348.393297651924	290.202613308923	-32.777129672505	-98.568165750323	
0.464655172414	0.074064777904	-0.088313083974	0.876276195687	29.446842473847	-35.111716334941	348.391878410346	290.201566922206	-32.776023585873	-98.566387077430	
0.465517241379	0.074065330291	-0.088304546767	0.876273101078	29.447062093093	-35.108322092587	348.390648048907	290.200628710145	-32.775011948951	-98.564620789410	
0.466379310345	0.074065818278	-0.088296146429	0.876270512486	29.447256107968	-35.104982267386	348.389618870350	290.199808539425	-32.774107660556	-98.562875154168	
0.467241379310	0.074066234903	-0.088287939504	0.876268450976	29.447421750734	-35.101719339542	348.388799250556	290.199113848748	-32.773321427131	-98.561158677690	
0.468103448276	0.074066574772	-0.088279981879	0.876266929968	29.447556876796	-35.098555528639	348.388194524653	290.198550221392	-32.772662200556	-98.559480100224	
0.468965517241	0.074066834218	-0.088272328042	0.876265953086	29.447660027824	-35.095512498709	348.387806133913	290.198120758176	-32.772136540722	-98.557848309047	
0.469827586207	0.074067011234	-0.088265030830	0.876265516664	29.447730406329	-35.092611256832	348.387632620146	290.197826722388	-32.771749120033	-98.556272320959	
0.470689655172	0.074067105555	-0.088258140694	0.876265607885	29.447767906599	-35.089871860788	348.387668887966	290.197666988625	-32.771502162523	-98.554761177372	
0.471551724138	0.074067118513	-0.088251705436	0.876266207515	29.447773058646	-35.087313316294	348.387907290238	290.197638751042	-32.771396014498	-98.553323905462	
0.472413793103	0.074067053039	-0.088245769475	0.876267288284	29.447747027174	-35.084953283746	348.388336985020	290.197737037004	-32.771428657060	-98.551969390178	
0.473275862069	0.074066913445	-0.088240373588	0.876268817782	29.447691526940	-35.082807974716	348.388945086187	290.197955464330	-32.771596335765	-98.550706311698	
0.474137931034	0.074066705355	-0.088235554180	0.876270757008	29.447608794050	-35.080891863557	348.389716088179	290.198285804522	-32.771893137702	-98.549542996125	
0.475000000000	0.074066435436	-0.088231343054	0.876273063361	29.447501479329	-35.079217594157	348.390633053199	290.198718772350	-32.772311669102	-98.548487335051	
0.475862068966	0.074066111280	-0.088227766733	0.876275689290	29.447372600582	-35.077795712666	348.391677075933	290.199243622092	-32.772842684804	-98.547546624881	
0.476724137931	0.074065741101	-0.088224846312	0.876278585307	29.447225423811	-35.076634604877	348.392828480807	290.199848952537	-32.773475800863	-98.546727481863	
0.477586206897	0.074065333596	-0.088222596887	0.876281698679	29.447063407264	-35.075740273511	348.394066302590	290.200522320787	-32.774199163398	-98.546035686066	
0.478448275862	0.074064897649	-0.088221027545	0.876284976414	29.446890082212	-35.075116330734	348.395369471892	290.201251047770	-32.775000182933	-98.545476109394	
0.479310344828	0.074064442191	-0.088220140968	0.876288363945	29.446709000461	-35.074763843622	348.396716294197	290.202021836732	-32.775865230399	-98.545052582001	
0.480172413793	0.074063975935	-0.088219933611	0.876291808047	29.446523625404	-35.074681402108	348.398085608040	290.202821567306	-32.776780380838	-98.544767849627	
0.481034482759	0.074063507271	-0.088220395518	0.876295255490	29.446337292706	-35.074865047958	348.399456250212	290.203636908528	-32.777731124770	-98.544623476364	
0.481896551724	0.074063044040	-0.088221510704	0.876298655858	29.446153120150	-35.075308426515	348.400808176211	290.204455092344	-32.778703109681	-98.544619841476	
0.482758620690	0.074062593486	-0.088223257195	0.876301960147	29.445973987844	-35.076002800007	348.402121902722	290.205263513436	-32.779681854996	-98.544756084542	
0.483620689655	0.074062162086	-0.088225607589	0.876305123465	29.445802471008	-35.076937275155	348.403379581840	290.206050474620	-32.780653479434	-98.545030142757	
0.484482758621	0.074061755556	-0.088228529274	0.876308103555	29.445640841971	-35.078098885174	348.404564412877	290.206804767038	-32.781604407571	-98.545438734940	
0.485344827586	0.074061378738	-0.088231985126	0.876310863356	29.445491025824	-35.079472870679	348.405661660975	290.207516380833	-32.782522069796	-98.545977431865	
0.486206896552	0.074061035656	-0.088235933823	0.876313369423	29.445354622378	-35.081042802642	348.406658028652	290.208176059428	-32.783394587291	-98.546640668670	
0.487068965517	0.074060729451	-0.088240330607	0.876315594320	29.445232880924	-35.082790885937	348.407542608235	290.208775969177	-32.784211431158	-98.547421835722	
0.487931034483	0.074060462479	-0.088245127617	0.876317514912	29.445126737264	-35.084698092316	348.408306201806	290.209309221747	-32.784963072143	-98.548313306891	
0.488793103448	0.074060236273	-0.088250274642	0.876319114566	29.445036801981	-35.086744457978	348.408942195680	290.209770496816	-32.785641585730	-98.549306539505	
0.489655172414	0.074060051667	-0.088255719413	0.876320381277	29.444963406057	-35.088909202592	348.409445817669	290.210155527257	-32.786240254584	-98.550392109304	
0.490517241379	0.074059908780	-0.088261408300	0.876321309654	29.444906596482	-35.091171003273	348.409814923594	290.210461670376	-32.786754109016	-98.551559813841	
0.491379310345	0.074059807136	-0.088267286548	0.876321898867	29.444866184811	-35.093508090222	348.410049184358	290.210687352951	-32.787179473985	-98.552798712858	
0.492241379310	0.074059745664	-0.088273298903	0.876322154399	29.444841744568	-35.095898495835	348.410150779226	290.210832588795	-32.787514439148	-98.554097237689	
0.493103448276	0.074059722811	-0.088279389812	0.876322085815	29.444832658641	-35.098320133404	348.410123511793	290.210898383823	-32.787758348222	-98.555443243486	
0.493965517241	0.074059736536	-0.088285504021	0.876321708288	29.444838115521	-35.100751034444	348.409973413513	290.210887202170	-32.787912200083	-98.556824134176	
0.494827586207	0.074059784420	-0.088291586772	0.876321040208	29.444857153280	-35.103169428531	348.409707796646	290.210802335271	-32.787978085524	-98.558226937742	
0.495689655172	0.074059863651	-0.088297584425	0.876320104513	29.444888653859	-35.105553988836	348.409335781048	290.210648322891	-32.787959528390	-98.559638457900	
0.496551724138	0.074059971125	-0.088303444706	0.876318926194	29.444931383826	-35.107883932755	348.408867302382	290.210430295181	-32.787860882578	-98.561045382313	
0.497413793103	0.074060103434	-0.088309117392	0.876317533482	29.444983987651	-35.110139292071	348.408313584789	290.210154358995	-32.787687629147	-98.562434467687	
0.498275862069	0.074060256960	-0.088314554639	0.876315955308	29.445045026693	-35.112301045048	348.407686130863	290.209826925210	-32.787445752468	-98.563792682724	
0.499137931034	0.074060427860	-0.088319711733	0.876314222432	29.445112973514	-35.114351414265	348.406997169856	290.209455074355	-32.787142014236	-98.565107423244	
0.500000000000	0.074060612169	-0.088324547488	0.876312364933	29.445186251563	-35.116274024683	348.406258661178	290.209045884145	-32.786783330992	-98.566366680705	
0.500862068966	0.074060805790	-0.088329025025	0.876310413359	29.445263231953	-35.118054214056	348.405482750028	290.208606789356	-32.786377047499	-98.567559270953	
