dbx_v3_0_15_0										
Time	Cx	Cy	Cz	Fx	Fy	Fz	Mx	My	Mz	
0.000000000000	0.000000000000	0.000000000000	0.000000000000	0.000000000000	0.000000000000	0.000000000000	0.000000000000	0.000000000000	0.000000000000	
0.000862068966	2.065731437451	0.181779062326	13.689608311614	819.430355046856	72.107767196223	5430.367372962956	2545.835964561801	-3763.515893459748	337.270120211169	
0.001724137931	-0.100678867899	0.384814862963	3.359509668941	-39.937098778783	152.647616271823	1332.643803978836	460.535728989731	-946.639781607655	420.829580755790	
0.002586206897	-0.462851444309	0.793945150864	2.787640660682	-183.603016572278	314.940628324169	1105.795910790784	735.560724486698	-774.178181083716	446.990621129506	
0.003448275862	-0.522870341426	0.634341957008	3.014761392080	-207.411196707745	251.629541782643	1195.889723662218	787.678140092308	-935.529195140921	446.860653281325	
0.004310344828	-0.505947147828	0.634052723697	3.310695760446	-200.698136971280	251.514809271786	1313.280397079074	786.334159467786	-1028.015767063671	479.564998728348	
0.005172413793	-0.553938285268	0.563853924270	3.399367260597	-219.735168638917	223.668485158566	1348.454436421278	793.354670696880	-1024.231561895450	471.776743068755	
0.006034482759	-0.592868657751	0.593016393672	3.650970053948	-235.177993571244	235.236597170960	1448.259746322028	824.641899561230	-1093.507989209452	488.791042881424	
0.006896551724	-0.632077043814	0.549493488529	3.693521051930	-250.731100393350	217.972015257336	1465.138793980965	842.839043505694	-1107.587196626807	490.312932668076	
0.007758620690	-0.660600873532	0.527569825354	3.670060342196	-262.045878049927	209.275378911248	1455.832444976394	867.220535048315	-1092.437775772161	492.749785696769	
0.008620689655	-0.699172701729	0.545685818303	3.694998073197	-277.346476328096	216.461595989256	1465.724695923463	864.644314099202	-1099.248874797878	503.924227731056	
0.009482758621	-0.737786067788	0.520380673323	3.829518291316	-292.663551764556	206.423599975037	1519.085916116605	888.076610916107	-1130.494070834644	501.087202804183	
0.010344827586	-0.765900903432	0.493115711855	3.893739898654	-303.816090442027	195.608187743360	1544.561219221768	909.569329413192	-1141.883173869312	500.671271228108	
0.011206896552	-0.788524502068	0.508064544508	3.903458964081	-312.790375834144	201.538061794895	1548.416559315365	916.353913980286	-1142.565434204018	511.263810369623	
0.012068965517	-0.806897945583	0.517448396268	3.923466687389	-320.078717905054	205.260429978846	1556.353184336943	924.634163377477	-1143.064074344643	516.850700223850	
0.012931034483	-0.824732226025	0.504447411408	3.960127553586	-327.153185810157	200.103224426307	1570.895745901116	935.713759609987	-1147.166996694742	515.542386278712	
0.013793103448	-0.842219135169	0.493514772907	4.001047086985	-334.089859139705	195.766486510376	1587.127627341956	946.804879444635	-1153.452265281495	514.638740365992	
0.014655172414	-0.862586321960	0.477223597034	4.036532025296	-342.169075441148	189.304134344303	1601.203724104362	956.226344145752	-1158.053372747254	513.469735932534	
0.015517241379	-0.876097285987	0.467526411474	4.075426108762	-347.528578544426	185.457473513867	1616.632153979715	967.372589407446	-1165.455572130640	514.251861428533	
0.016379310345	-0.888356112291	0.470840017981	4.110361706260	-352.391386075397	186.771908540147	1630.490339289794	977.286794893120	-1172.602197866084	518.787130628247	
0.017241379310	-0.897152793496	0.476555115859	4.136026469044	-355.880836578190	189.038962523359	1640.670987799541	984.363241712455	-1176.448408973740	523.629327356655	
0.018103448276	-0.904533916899	0.478126083027	4.158481662854	-358.808766347157	189.662130743916	1649.578470690557	991.397946051812	-1179.085682947150	527.165993124657	
0.018965517241	-0.906969772053	0.475658650091	4.182650011304	-359.775016662920	188.683354214909	1659.165524453793	999.223237160737	-1181.113663488807	527.815386067315	
0.019827586207	-0.911012849348	0.471563632403	4.204418601381	-361.378816752170	187.058950510867	1667.800646702621	1005.230676363698	-1183.172511521892	528.365866827992	
0.020689655172	-0.913827797875	0.462994902269	4.220937307818	-362.495445094448	183.659923198476	1674.353255253615	1011.524560750013	-1182.077792313975	526.354460907457	
0.021551724138	-0.915586058721	0.452389369360	4.228793333954	-363.192908609372	179.452940896976	1677.469568521155	1017.624996249780	-1175.303988037938	521.710117046435	
0.022413793103	-0.918311492716	0.437071487512	4.222159141292	-364.274028500288	173.376673123998	1674.837929794975	1022.149802459000	-1159.757015186180	512.625208111759	
0.023275862069	-0.924211566898	0.417897225655	4.207022438743	-366.614458526106	165.770663980417	1668.833531876049	1025.320400804260	-1140.323644242787	502.013015399548	
0.024137931034	-0.929907156363	0.399399299551	4.197147088145	-368.873773949592	158.432942396731	1664.916196883012	1030.332647290057	-1123.430071412151	491.825706443026	
0.025000000000	-0.937170082599	0.389655274756	4.197967537918	-371.754817494995	154.567701469039	1665.241651313504	1035.006765804338	-1114.979568455829	486.368556189007	
0.025862068966	-0.947830120388	0.387314077239	4.205482042677	-375.983420687106	153.638999761985	1668.222490541307	1038.152060401235	-1113.166932756888	486.539530465944	
0.026724137931	-0.958627499754	0.385971563724	4.217739016099	-380.266504270431	153.106454095012	1673.084563074554	1042.542884184405	-1114.194085232718	487.958934122868	
0.027586206897	-0.968651408143	0.386193167689	4.230187290183	-384.242768881317	153.194359527509	1678.022520384657	1047.030750013769	-1115.990693319121	489.821730516622	
0.028448275862	-0.979072204794	0.384591593919	4.239133374134	-388.376470360761	152.559050339084	1681.571235680066	1049.714157202573	-1117.052530992218	490.340850036927	
0.029310344828	-0.988781690679	0.381803801486	4.249919921475	-392.228010460355	151.453194223445	1685.850022436413	1053.045598889303	-1118.334432699488	490.384334279042	
0.030172413793	-0.993815688952	0.375812008880	4.266209330056	-394.224887168252	149.076381510316	1692.311673556906	1057.720064245810	-1121.430746534194	490.642457478051	
0.031034482759	-1.002101260149	0.378487932145	4.281040072709	-397.511591540855	150.137861580367	1698.194703895449	1060.692300446710	-1125.898778262867	493.230845779519	
0.031896551724	-1.009380981806	0.385367213289	4.296335370240	-400.399297461304	152.866721531934	1704.262012965320	1062.504811237795	-1132.544782837902	497.381907594505	
0.032758620690	-1.017630628774	0.385854646523	4.306679006208	-403.671751479798	153.060075605581	1708.365106494215	1065.077520251710	-1136.342764124086	499.847911283847	
0.033620689655	-1.023612868137	0.388524384273	4.318543833338	-406.044774630872	154.119102017457	1713.071623194037	1067.806304568541	-1140.507242282167	502.535597045403	
0.034482758621	-1.028996920312	0.391382241903	4.324167486796	-408.180510044512	155.252751459963	1715.302403181446	1068.762413364282	-1142.058440514945	504.200573987656	
0.035344827586	-1.036502327901	0.393255014737	4.328866702436	-411.157740624341	155.995639368889	1717.166478961137	1070.173162277960	-1143.848068868452	506.021589133105	
0.036206896552	-1.044184915994	0.395273481493	4.333608209304	-414.205254823971	156.796320861676	1719.047330743738	1072.100428360818	-1145.586848744653	508.025963296183	
0.037068965517	-1.050198864222	0.399165680910	4.339528252627	-416.590856186369	158.340271005480	1721.395682089837	1073.124984336938	-1148.738758514654	510.594603233544	
0.037931034483	-1.054691326670	0.403019392436	4.346181252161	-418.372917509694	159.868953847374	1724.034781089710	1073.559673902265	-1152.723557329650	513.346187283564	
0.038793103448	-1.059879987401	0.406602673953	4.354400118401	-420.431145422669	161.290363035579	1727.295025068878	1074.621374949795	-1157.119622381589	516.342236971562	
0.039655172414	-1.064036597126	0.411388858144	4.364025756259	-422.079981336505	163.188937332077	1731.113304494661	1075.995142201486	-1162.153191555355	519.410563921853	
0.040517241379	-1.067342699399	0.416536064320	4.371413143947	-423.391439597923	165.230721132152	1734.043719168453	1076.237190553539	-1166.650462292535	522.206378092376	
0.041379310345	-1.070057291043	0.421162636574	4.379741274890	-424.468258566151	167.065980874106	1737.347306058723	1076.581280255054	-1171.855337277538	525.679562107169	
0.042241379310	-1.072522889490	0.424932052433	4.388371760572	-425.446307393893	168.561225473608	1740.770830442462	1077.664143499164	-1176.532729406023	528.704278727149	
0.043103448276	-1.074338035956	0.428685968994	4.396051415551	-426.166336186325	170.050321841346	1743.817181140384	1078.501817021938	-1180.508731108394	531.075933464138	
0.043965517241	-1.076048750392	0.430605919646	4.400545569489	-426.844939083181	170.811924156046	1745.599913440556	1078.644711383631	-1183.082494626804	532.517588210860	
0.044827586207	-1.078281183550	0.430248481457	4.404226723236	-427.730496354834	170.670136265786	1747.060146396043	1079.557279155015	-1184.685728865689	533.390179476198	
0.045689655172	-1.080556844326	0.430690905835	4.409195045011	-428.633201074119	170.845636313467	1749.030970677636	1080.825255337472	-1186.831352674150	534.516799597705	
0.046551724138	-1.081798797815	0.431935044294	4.411942135250	-429.125856784288	171.339158753170	1750.120681125170	1081.044744810001	-1188.140800588506	535.576148055021	
0.047413793103	-1.083148399006	0.431539420185	4.412663717403	-429.661213976931	171.182223346159	1750.406916939491	1081.434126572194	-1188.534881371054	536.045277542583	
0.048275862069	-1.084883159007	0.431373502823	4.414220430586	-430.349355222302	171.116407567555	1751.024430916866	1082.419612492102	-1189.139345108421	536.761190899730	
0.049137931034	-1.085997060539	0.432415838643	4.415184729539	-430.791215529678	171.529879326648	1751.406947162281	1083.199802656574	-1189.509708304656	537.409518303746	
0.050000000000	-1.086474756024	0.433128566592	4.414052462459	-430.980706851641	171.812602872052	1750.957801645079	1083.143358697257	-1189.194013301353	537.737926290282	
0.050862068966	-1.086158914416	0.434128634812	4.414250480373	-430.855419412778	172.209308001219	1751.036351008532	1083.589315009083	-1189.255615934120	538.453574670952	
0.051724137931	-1.085896385239	0.436820896095	4.415674523367	-430.751279845948	173.277269004735	1751.601237631642	1084.447982758748	-1189.462812210267	539.485164593392	
0.052586206897	-1.085920650709	0.439181296138	4.414015621941	-430.760905425912	174.213587933098	1750.943187819211	1084.612495106013	-1188.917490295861	540.142494499567	
0.053448275862	-1.085589922576	0.440816277841	4.410978588747	-430.629712828993	174.862149315823	1749.738463360320	1084.548202022950	-1187.681596155124	540.464223211355	
0.054310344828	-1.085500137555	0.442231257574	4.408760300072	-430.594097080542	175.423440741962	1748.858516895033	1084.927239155601	-1187.226287550913	541.133454415258	
0.055172413793	-1.084326205736	0.444038913302	4.406758507008	-430.128424075057	176.140498123241	1748.064449490563	1085.262768500068	-1186.685768580772	541.581060712293	
0.056034482759	-1.082196363983	0.445738017283	4.404108511952	-429.283562563689	176.814495407516	1747.013254572424	1085.037172539051	-1185.839152441137	541.787146451879	
0.056896551724	-1.080964295428	0.446785820738	4.400834081731	-428.794827990043	177.230136057074	1745.714359919424	1084.968309875341	-1184.826810593538	542.037429123889	
0.057758620690	-1.079512113049	0.447784105329	4.397691395144	-428.218779090079	177.626133660014	1744.467725076343	1085.187703910289	-1184.034136474382	542.238366113765	
0.058620689655	-1.077588027820	0.448860580107	4.394210280867	-427.455536679278	178.053147594749	1743.086843391399	1085.127355461868	-1183.170833747068	542.255292776878	
0.059482758621	-1.075440559889	0.449062217661	4.389342915022	-426.603683249744	178.133132790039	1741.156066113170	1084.765541970716	-1181.719533001023	542.017706477798	
0.060344827586	-1.072717888420	0.449532981234	4.384925230860	-425.523659192520	178.319874374588	1739.403667696007	1084.722298777345	-1180.339584563634	541.934641671997	
0.061206896552	-1.069750863102	0.450203347060	4.379924907870	-424.346705322570	178.585793795273	1737.420149234484	1084.727242082661	-1178.618811622659	541.684231517527	
0.062068965517	-1.066913711099	0.450671314512	4.373100521716	-423.221269348220	178.771426219778	1734.713064921309	1084.345760149604	-1176.440838523992	541.226188992922	
0.062931034483	-1.063546372552	0.450894605084	4.368239472250	-421.885519999849	178.860000692321	1732.784793212024	1084.013807755460	-1175.250601516857	540.962944769871	
0.063793103448	-1.059599257170	0.452548316729	4.364645714307	-420.319785897079	179.515991832256	1731.359228255483	1083.979626581693	-1174.447137732322	541.197617371952	
0.064655172414	-1.055757641745	0.453922365779	4.359691595812	-418.795901313252	180.061046954375	1729.394038103615	1083.700631566046	-1173.225812013885	541.186087130832	
0.065517241379	-1.052027670493	0.455002524070	4.354926339281	-417.316303524278	180.489522058004	1727.503765350392	1083.232534773877	-1172.395089726558	541.186215790000	
0.066379310345	-1.048846646623	0.455788463409	4.349390668828	-416.054461122156	180.801286956405	1725.307886291895	1082.908731129899	-1171.307354151046	541.195104972971	
0.067241379310	-1.045139474955	0.456895362309	4.345380058804	-414.583907428156	181.240369473110	1723.716965256825	1082.659336780506	-1170.648148851207	541.256506156885	
0.068103448276	-1.041390970168	0.458408132335	4.340987406545	-413.096957792345	181.840452164127	1721.974496446822	1082.169929070034	-1170.120707990498	541.419465868447	
0.068965517241	-1.037468703980	0.459294253651	4.335542642867	-411.541080820038	182.191957055371	1719.814678111831	1081.677656922994	-1168.929834768874	541.295873493946	
0.069827586207	-1.034101819001	0.459457416227	4.330029034419	-410.205511392351	182.256680070943	1717.627550566267	1081.358587035294	-1167.505236111376	540.886667254091	
0.070689655172	-1.031297356580	0.459805635584	4.323836415146	-409.093042657863	182.394811052332	1715.171074318958	1080.879979740401	-1166.002762276350	540.529165209134	
0.071551724138	-1.029294440502	0.460205783488	4.319494738111	-408.298529778362	182.553540949850	1713.448826261888	1080.297761198580	-1165.555460259642	540.500522264252	
0.072413793103	-1.028021688034	0.460412879696	4.318198704328	-407.793656788885	182.635691473308	1712.934718085140	1079.900628126793	-1166.533141967941	540.935542494807	
0.073275862069	-1.026704994409	0.461797455095	4.318575427225	-407.271353305708	183.184922167305	1713.084155796269	1079.694952689999	-1167.456235008028	541.531667675771	
0.074137931034	-1.025843400820	0.462721514486	4.318042674272	-406.929578025563	183.551476261017	1712.872824384304	1079.324375935779	-1167.836625462823	541.851238820444	
0.075000000000	-1.025158502656	0.464238591469	4.316862263865	-406.657893945263	184.153267427309	1712.404581464906	1078.861006098788	-1167.854107779325	542.335551506459	
0.075862068966	-1.025720283422	0.464766675610	4.312572505397	-406.880740054274	184.362746823955	1710.702928364536	1078.487802141672	-1166.826856645571	542.475043918222	
0.076724137931	-1.026324249289	0.465230599154	4.309849533223	-407.120320067371	184.546775118762	1709.622785024202	1078.092434415780	-1166.486355202339	542.482561144401	
0.077586206897	-1.026783542892	0.466577044401	4.307097517163	-407.302511766296	185.080880417851	1708.531120611082	1077.650013753813	-1166.339508580076	542.828889071669	
0.078448275862	-1.025815451737	0.466844064846	4.302571649854	-406.918491237509	185.186801572082	1706.735808312411	1077.252763510708	-1165.519318455262	542.880546587325	
0.079310344828	-1.022395745163	0.467159221188	4.300381860252	-405.561968641630	185.311817180938	1705.867166804344	1077.109749674929	-1165.003197174045	542.785398468385	
0.080172413793	-1.019487413893	0.466539416535	4.293507406387	-404.408297412912	185.065954268589	1703.140221728580	1076.984513281926	-1162.431713363383	542.186566306244	
0.081034482759	-1.019711693194	0.466859496380	4.286119568371	-404.497264092604	185.192922923215	1700.209628419542	1076.869334726314	-1159.699079913439	541.977136461410	
0.081896551724	-1.018146683376	0.467868987339	4.283317968168	-403.876459022368	185.593365846154	1699.098295064426	1076.868509602017	-1159.090550573247	542.160243023841	
0.082758620690	-1.015429505646	0.468201797941	4.278966149437	-402.798614210483	185.725384512452	1697.372024019395	1076.824042616369	-1157.829256222932	541.918272966150	
0.083620689655	-1.013913660540	0.467762027548	4.271071659895	-402.197311703132	185.550937242849	1694.240453162173	1076.405069791736	-1155.236578445758	541.369457246797	
0.084482758621	-1.012391301414	0.466181867298	4.269306697873	-401.593425226385	184.924122328338	1693.540331437590	1076.305393539310	-1154.551163527766	540.510076293678	
0.085344827586	-1.014094649174	0.465983176924	4.270087600494	-402.269105924559	184.845306214555	1693.850098380448	1076.439813790978	-1154.559117905387	540.406329240233	
0.086206896552	-1.017481578284	0.464820444711	4.270908824459	-403.612626419402	184.384075847031	1694.175859916111	1076.533327237558	-1154.427270709085	540.201947615270	
0.087068965517	-1.019620455214	0.464730553855	4.274725354844	-404.461071987052	184.348418116103	1695.689793814499	1076.456705368806	-1155.228198482774	540.292006601999	
0.087931034483	-1.019211501883	0.466545822297	4.282663247655	-404.298849169937	185.068495293739	1698.838581796663	1076.613506981549	-1157.465673152924	541.198553425131	
0.088793103448	-1.020697359472	0.468151245532	4.285247801119	-404.888256287231	185.705331480627	1699.863817470437	1076.699581977307	-1157.005104057750	541.809601437951	
0.089655172414	-1.022709125932	0.466538479564	4.286667421630	-405.686279919557	185.065582592665	1700.426949791857	1076.834170333759	-1156.098448667234	541.082678337973	
0.090517241379	-1.023215211961	0.464971443314	4.286618618215	-405.887033147457	184.443973680904	1700.407590547276	1077.042188868355	-1155.371909141535	540.410914174261	
0.091379310345	-1.025807310636	0.465206047631	4.274180782186	-406.915261841288	184.537036068194	1695.473773784913	1076.782926306365	-1151.329983717984	540.490911283878	
0.092241379310	-1.026769145334	0.466400086015	4.260702159542	-407.296800570682	185.010684907187	1690.127099798752	1076.227912679426	-1147.588209280771	541.017301524532	
0.093103448276	-1.022656027389	0.468802322615	4.256456198711	-405.665216892096	185.963599480080	1688.442820260536	1075.661603582867	-1146.941768204302	541.876767799397	
0.093965517241	-1.017441899169	0.472238252218	4.255849496509	-403.596886584765	187.326557395785	1688.202154803643	1075.376644996947	-1147.449070055108	542.963859999389	
0.094827586207	-1.013805773073	0.475151102017	4.253094867430	-402.154515111211	188.482021025619	1687.109453862943	1075.265782224400	-1147.103079806439	543.904973991743	
0.095689655172	-1.014757294970	0.473330766062	4.248707432468	-402.531962978389	187.759933676186	1685.369054640114	1075.275547622850	-1146.674877147151	543.514888054856	
0.096551724138	-1.015488237273	0.472373527899	4.253547619221	-402.821911759000	187.380218291423	1687.289050568827	1075.519792426457	-1149.977964386113	543.857789892966	
0.097413793103	-1.016612441857	0.472009034460	4.266018158517	-403.267859060831	187.235631738213	1692.235840000207	1075.923769769908	-1156.148414941058	544.730153267347	
0.098275862069	-1.017735649156	0.474159767266	4.276539558183	-403.713410762168	188.088780271933	1696.409448489261	1075.979875878652	-1161.885596253064	546.497485385186	
0.099137931034	-1.018628534177	0.477053840912	4.283479073408	-404.067598666872	189.236795813920	1699.162201979928	1075.800341364955	-1165.763544197105	548.329495613717	
0.100000000000	-1.020254075446	0.476832497744	4.289030332373	-404.712415236635	189.148993833688	1701.364264659444	1075.674847764469	-1168.167881033747	548.685538744455	
0.100862068966	-1.021412682266	0.478220312106	4.299767107120	-405.172009151044	189.699509353168	1705.623307719862	1075.849200782795	-1172.030075726733	549.306753639179	
0.101724137931	-1.018523251426	0.476206423136	4.309570189946	-404.025835308591	188.900643767796	1709.511975673100	1076.220446429710	-1174.642849774380	547.792194742727	
0.102586206897	-1.017645105588	0.471244562706	4.299457214774	-403.677494114520	186.932382560291	1705.500380222662	1076.265648499143	-1169.038558698593	544.419563495111	
0.103448275862	-1.019367097599	0.462497729573	4.280148071439	-404.360570578105	183.462705694226	1697.840866555321	1076.068744898210	-1159.732812339265	539.052708610460	
0.104310344828	-1.015048669140	0.456488605186	4.265566399726	-402.647544721413	181.079017843482	1692.056637195741	1075.782650633218	-1151.320116577463	534.084735528831	
0.105172413793	-1.011578765033	0.453683744037	4.247912040715	-401.271109865073	179.966390942849	1685.053540176591	1075.438342753236	-1141.717390799176	530.727196286103	
0.106034482759	-1.010791027577	0.451982931766	4.228854229863	-400.958631692872	179.291716017766	1677.493724592497	1074.976377634897	-1131.847757394534	528.211146064936	
0.106896551724	-1.010614839310	0.451616529721	4.214779826535	-400.888741671559	179.146372362455	1671.910717476191	1074.644435626076	-1125.346771218351	527.361558866628	
0.107758620690	-1.008911354422	0.453459179734	4.209867493115	-400.213006577723	179.877311208922	1669.962102547230	1074.468516965392	-1122.790664894381	528.003831628111	
0.108620689655	-1.009239226705	0.456127150296	4.210658493235	-400.343066321535	180.935636616420	1670.275874946215	1074.050309100876	-1123.650931707975	529.644879530118	
0.109482758621	-1.010079461171	0.457594017783	4.218098420633	-400.676368905857	181.517510776749	1673.227130970275	1073.745777322365	-1127.680795772285	531.049231570492	
0.110344827586	-1.012625678120	0.457045503452	4.229021663510	-401.686397325523	181.299927171796	1677.560141848218	1073.554773747801	-1133.484275600443	532.349223854297	
0.111206896552	-1.016397916727	0.457549634238	4.238670043041	-403.182761647073	181.499904797786	1681.387442397050	1073.146474863276	-1138.850207501779	534.075330853243	
0.112068965517	-1.018863180856	0.457236488743	4.248119809568	-404.160677858175	181.375686847975	1685.135957523636	1072.686304532122	-1143.759090106861	535.287573256366	
0.112931034483	-1.014248325715	0.453125316929	4.260320737046	-402.330066038072	179.744875156732	1689.975797860114	1073.123122153133	-1146.300643944933	533.179876006909	
0.113793103448	-1.013146511094	0.448246435548	4.249602666562	-401.893000343184	177.809529917853	1685.724174370895	1073.588034822110	-1139.275296529368	529.475508334022	
0.114655172414	-1.013083932742	0.437136365234	4.232735874219	-401.868176883415	173.402408693476	1679.033487775310	1073.851479104018	-1127.979998838226	521.774567016668	
0.115517241379	-1.002684116384	0.435750788714	4.224839606115	-397.742797825561	172.852780876848	1675.901211401773	1073.734164111774	-1121.665632368249	519.143006979770	
0.116379310345	-1.003381486906	0.435883750685	4.210032417434	-398.019429416816	172.905523974582	1670.027524407153	1073.197987366814	-1114.885514878506	518.331595326919	
0.117241379310	-0.999462562126	0.437505061873	4.210311563982	-396.464877907562	173.548662563615	1670.138255720571	1073.275276436023	-1115.595496801516	518.680849747368	
0.118103448276	-0.999484264966	0.436844052460	4.199801653311	-396.473486948360	173.286454626855	1665.969204663508	1073.395019387416	-1111.563644144586	517.304480796506	
0.118965517241	-0.998376740971	0.434134153383	4.194843914783	-396.034156469824	172.211497097445	1664.002578523930	1073.752128685174	-1109.212560771764	515.180038989892	
0.119827586207	-0.998653041133	0.433630961442	4.194466140373	-396.143758684252	172.011891890643	1663.852723701130	1074.461100071736	-1109.092666421944	514.840269319017	
0.120689655172	-1.000056277059	0.430968963156	4.191963420289	-396.700391599877	170.955935553969	1662.859949533907	1074.635857028703	-1107.602349031203	513.652531146186	
0.121551724138	-0.999299941935	0.431484319469	4.198928099916	-396.400370044548	171.160366100530	1665.622685190779	1074.710959586477	-1111.111199259869	515.023496612029	
0.122413793103	-1.000972531413	0.431745931660	4.205729306474	-397.063849606575	171.264141919129	1668.320574666425	1074.553998007946	-1113.857026162105	516.206269702908	
0.123275862069	-1.003167048476	0.436190700762	4.219880340680	-397.934366394689	173.027284337857	1673.933979571678	1074.343613504855	-1120.338426473586	519.317720423913	
0.124137931034	-1.004879848254	0.440005732896	4.233416437029	-398.613796501086	174.540623913094	1679.303452115779	1074.036619809816	-1126.822243046481	522.065516341776	
0.125000000000	-1.006611447380	0.441599309594	4.241444625827	-399.300683896382	175.172760838568	1682.488058535459	1073.720108536067	-1131.857146371218	524.149311227289	
0.125862068966	-1.010482572217	0.443084160798	4.238593275521	-400.836274216951	175.761768745056	1681.356990405850	1073.477591351380	-1131.423501596875	525.198447158591	
0.126724137931	-1.007228230665	0.443951666809	4.236644645176	-399.545348298076	176.105889353005	1680.584011485938	1073.469814375143	-1130.142723601716	524.772618559818	
0.127586206897	-1.000828049592	0.445409862743	4.220273060510	-397.006536836961	176.684323698532	1674.089762914843	1073.391772917883	-1122.619839609565	523.589864770753	
0.128448275862	-0.996310462538	0.442874352008	4.196190714572	-395.214509133709	175.678542199459	1664.536824462087	1073.014862166685	-1110.692427249669	519.963816211604	
0.129310344828	-0.991153008846	0.441848606662	4.182354574015	-393.168660369017	175.271651517851	1659.048330961124	1072.747524814698	-1103.752051942677	517.929349987132	
0.130172413793	-0.988416435777	0.438159398591	4.174952805350	-392.083121851684	173.808223588693	1656.112211669138	1072.939628899410	-1099.583996432411	515.549351532004	
0.131034482759	-0.987792691287	0.435947597356	4.178000675458	-391.835696092497	172.930850548393	1657.321234894412	1073.346793755559	-1100.165098429203	514.675870801947	
0.131896551724	-0.986997083086	0.434189851322	4.187730235783	-391.520095768729	172.233591248104	1661.180738083764	1073.821468267444	-1103.834746594425	514.606037412249	
0.132758620690	-0.987854763381	0.435169080548	4.199059929248	-391.860318730896	172.622030005310	1665.674978995382	1073.995882660154	-1109.444965854517	516.326627877107	
0.133620689655	-0.990720780992	0.438885053900	4.208441100769	-392.997205059027	174.096075134378	1669.396283987589	1073.653823834779	-1115.544773561280	519.667921261993	
0.134482758621	-0.992453657049	0.443766011878	4.219440135252	-393.684598984760	176.032244113674	1673.759359733066	1072.942192457134	-1122.633387744550	523.229518698369	
0.135344827586	-0.994416950812	0.449328897570	4.232100432729	-394.463394561072	178.238918861064	1678.781422073082	1072.325521840505	-1129.937381724091	526.785205721799	
0.136206896552	-0.995515449211	0.452954864724	4.244404774871	-394.899144783432	179.677260505337	1683.662284738640	1071.907246716980	-1135.915773926034	528.759070726828	
0.137068965517	-0.995626800972	0.454497803002	4.246357386108	-394.943315584630	180.289310279938	1684.436842791055	1071.580810479296	-1137.258292936231	529.659521741620	
0.137931034483	-1.002148266040	0.451026932529	4.227533133913	-397.530237746762	178.912492087473	1676.969674803778	1070.995756453619	-1130.264631263558	528.009940497588	
0.138793103448	-1.002020787785	0.443657981819	4.214974450549	-397.479669918803	175.989390958561	1671.987920553916	1070.979325531177	-1124.252348753884	523.610269116217	
0.139655172414	-0.995868440865	0.440497224701	4.208692698750	-395.039168830784	174.735587932707	1669.496087388388	1071.299205782598	-1120.829093252440	520.799359745618	
0.140517241379	-0.991965308447	0.437967482260	4.196494255605	-393.490881804840	173.732094589432	1664.657232532411	1071.914510480316	-1113.417395984702	517.426139074380	
0.141379310345	-0.988675134879	0.436990451874	4.184076258072	-392.185742111508	173.344528063809	1659.731285266108	1072.195875693323	-1107.269554948563	515.111690555812	
0.142241379310	-0.986415824718	0.438171796377	4.173301813410	-391.289523322420	173.813141518263	1655.457299376437	1072.143615761655	-1103.053228233045	514.715295043604	
0.143103448276	-0.986064227662	0.440864062214	4.169606316005	-391.150052481616	174.881104328562	1653.991376606535	1071.943414174443	-1102.753930923686	516.050047018384	
0.143965517241	-0.986117768931	0.443653931007	4.172902991649	-391.171291128943	175.987784090344	1655.299095531013	1071.687204200167	-1106.006265626711	518.334829056381	
0.144827586207	-0.988344055054	0.444995695566	4.179527400994	-392.054410006181	176.520032663183	1657.926853429978	1071.172854471430	-1111.008892433211	520.559567339541	
0.145689655172	-0.992359554151	0.446859459841	4.190622273859	-393.647270429161	177.259347074274	1662.327946159537	1070.577261371961	-1118.322053039049	523.471257814555	
0.146551724138	-0.995481081640	0.448912669500	4.207268709829	-394.885511921548	178.073810314682	1668.931222214685	1070.186231686857	-1127.267657130972	526.423771743341	
0.147413793103	-1.001086114230	0.452377166366	4.222110760481	-397.108905418884	179.448100237117	1674.818738188325	1069.936113901141	-1134.709586391222	529.486433616651	
0.148275862069	-1.006587037361	0.451910323025	4.234235507300	-399.291000977321	179.262913722598	1679.628359328066	1070.186445314767	-1138.665685573557	529.736459248629	
0.149137931034	-1.005227321732	0.451135039613	4.244761467802	-398.751631608973	178.955375796802	1683.803777001162	1070.660023054602	-1141.207414213677	529.119921544507	
0.150000000000	-1.006445827650	0.448555019329	4.231862699837	-399.234986181869	177.931938335703	1678.687118648873	1070.607937544174	-1134.014628076631	526.560505656895	
0.150862068966	-1.002198609637	0.443311559785	4.221155472458	-397.550207947361	175.851972935636	1674.439796381377	1070.572432905473	-1127.496908923545	522.332093568840	
0.151724137931	-0.995057453110	0.439555947998	4.197136732258	-394.717467775167	174.362204108758	1664.912088929680	1070.171501641440	-1114.839420909716	518.504742028098	
0.152586206897	-0.993116010598	0.432993323315	4.178677302864	-393.947340110761	171.758954830413	1657.589638146473	1070.080076689299	-1104.111904121251	513.658596638940	
0.153448275862	-0.988863465024	0.433635594869	4.173554725498	-392.260448549367	172.013729869325	1655.557624054948	1070.324424230244	-1100.305433706588	512.815042069686	
0.154310344828	-0.987871459382	0.436115679861	4.166384251050	-391.866941668277	172.997525191959	1652.713254106163	1070.573083182661	-1097.558453414265	513.129068506367	
0.155172413793	-0.986108606682	0.436586334122	4.162798844698	-391.167656665590	173.184223414724	1651.291002042520	1070.807519756348	-1096.883511533277	513.270506654953	
0.156034482759	-0.984818980859	0.435130303885	4.158027623691	-390.656090385887	172.606648153772	1649.398363312786	1070.874892857232	-1095.985862843326	513.066144525899	
0.156896551724	-0.986159608600	0.432533324884	4.160732739179	-391.187888007682	171.576483541679	1650.471423297551	1070.923037681936	-1098.330096250644	512.875808242360	
0.157758620690	-0.985966904483	0.433793429795	4.178053646976	-391.111446510895	172.076339522695	1657.342247533707	1071.204154348880	-1106.576122117834	514.993432832086	
0.158620689655	-0.987211326285	0.438718923900	4.190905613717	-391.605081346765	174.030175007049	1662.440340866925	1071.085894877791	-1113.290651085625	518.530954086092	
0.159482758621	-0.990944099301	0.442284604334	4.198681233697	-393.085790534244	175.444602231771	1665.524758776024	1070.595219855739	-1117.092228227983	520.786547914764	
0.160344827586	-0.992759363463	0.445238959063	4.210757224440	-393.805866014419	176.616529957167	1670.315039449789	1070.379479025028	-1121.746492799468	522.809678118024	
0.161206896552	-0.990337438916	0.447565432671	4.222341362050	-392.845141664883	177.539391012595	1674.910212773385	1070.423405852140	-1125.226319173863	523.940073092149	
0.162068965517	-0.987609447422	0.447521350143	4.219387348586	-391.763007270201	177.521904440481	1673.738420420264	1070.305904671131	-1122.781860336958	523.634597059287	
0.162931034483	-0.989414934407	0.443409110506	4.199648142426	-392.479204358625	175.890669167080	1665.908310262383	1070.131228257091	-1113.516894935608	521.119899607161	
0.163793103448	-0.984719302488	0.436621194686	4.185600041354	-390.616550162416	173.198051835702	1660.335736673738	1070.370674916857	-1105.581272659085	516.686033570141	
0.164655172414	-0.976830358500	0.432836429790	4.170357693082	-387.487179105035	171.696718609915	1654.289431413679	1070.813522264077	-1096.274249847884	513.202386560068	
0.165517241379	-0.973314452207	0.426200997148	4.149198323000	-386.092496190368	169.064588011194	1645.895973375383	1071.318475006457	-1083.923135391567	508.194614768318	
0.166379310345	-0.970071395862	0.424761230867	4.139652464240	-384.806046865732	168.493464304966	1642.109340567535	1071.990049587250	-1077.887045196335	505.877366006396	
0.167241379310	-0.967991902969	0.426168777398	4.134589722610	-383.981157643245	169.051807143027	1640.101062000393	1072.364177061700	-1075.650031871403	505.856368702145	
0.168103448276	-0.967631972296	0.426450922541	4.131689018165	-383.838381039277	169.163727933236	1638.950416166120	1072.491053508565	-1075.474757537625	506.048064574360	
0.168965517241	-0.968095375466	0.427374272832	4.137934481282	-384.022202913379	169.530000742294	1641.427854407656	1072.476071230068	-1080.998150840345	507.522199632519	
0.169827586207	-0.969695677021	0.429706481074	4.149876740720	-384.657007441757	170.455136601488	1646.165086805697	1072.292909563612	-1088.828836948528	509.995179109757	
0.170689655172	-0.972896477209	0.433334260334	4.166676184964	-385.926694675721	171.894197068483	1652.829057887251	1072.030591905581	-1098.580902874961	513.228076298974	
0.171551724138	-0.974771852406	0.437154188567	4.181717631598	-386.670614885289	173.409478818748	1658.795669873578	1071.622704322431	-1107.133006689520	516.261874896767	
0.172413793103	-0.978963905134	0.441282847362	4.194003224534	-388.333510261065	175.047227211605	1663.669095140434	1071.021817541549	-1114.668812437664	519.671988351875	
0.173275862069	-0.983064502835	0.444172064087	4.206559932140	-389.960127433682	176.193316119494	1668.650065650443	1070.718106642039	-1120.751943045122	522.008420132398	
0.174137931034	-0.981782867372	0.446819603221	4.223983933374	-389.451730754704	177.243536827263	1675.561784792276	1070.812068386302	-1127.331619806110	523.504009925401	
0.175000000000	-0.978904272122	0.445156234118	4.222205289788	-388.309855152968	176.583714785658	1674.856235891139	1070.974295236036	-1124.862891659366	522.124363798926	
0.175862068966	-0.980316729567	0.438614764802	4.204380194997	-388.870146042984	173.988857377469	1667.785411732691	1070.901115926809	-1115.438383264523	517.998479411259	
0.176724137931	-0.977357729495	0.430234439164	4.188439063627	-387.696375612056	170.664565996305	1661.461914543460	1071.008152299739	-1105.339071919332	512.051550812648	
0.177586206897	-0.969547801523	0.425132565820	4.172678816237	-384.598348475156	168.640764736612	1655.210170061863	1071.030339673194	-1095.450529649408	507.700974655883	
0.178448275862	-0.966694819107	0.419890464306	4.152015889886	-383.466632922941	166.561338037213	1647.013640363465	1071.149225395167	-1083.549718154965	503.278434584505	
0.179310344828	-0.965267484541	0.418567503776	4.138772696837	-382.900440605342	166.036548610291	1641.760356134377	1071.120900459365	-1076.491342441560	501.312960173195	
0.180172413793	-0.964147249669	0.421598196374	4.130265999732	-382.456068000994	167.238757894065	1638.385935963719	1070.914796958922	-1073.314079498543	502.229800910077	
0.181034482759	-0.965479683409	0.423971472381	4.125800320048	-382.984615242290	168.180184434799	1636.614498775730	1070.509596930431	-1073.413651952741	503.559967242134	
0.181896551724	-0.967424835252	0.427364233195	4.132928837073	-383.756214317097	169.526018238492	1639.442225135019	1069.876241118624	-1080.443938177494	506.676542731015	
0.182758620690	-0.968758578131	0.429343397845	4.145802855368	-384.285280865027	170.311109447490	1644.549065835968	1069.245795273561	-1089.141757609848	509.370356663823	
0.183620689655	-0.970303096139	0.432561199421	4.163036221144	-384.897957284105	171.587540759003	1651.385164072526	1068.779019236386	-1098.622882987441	512.575782842600	
0.184482758621	-0.973290134400	0.435674410736	4.181166705535	-386.082849849757	172.822483407827	1658.577129587480	1068.567983949398	-1107.176604321449	515.382327523978	
0.185344827586	-0.976907855287	0.438700648657	4.195011032971	-387.517920380638	174.022925618917	1664.068870643774	1068.546247658947	-1113.032894655598	517.467309375530	
0.186206896552	-0.974642889913	0.438534963975	4.204471804289	-386.619458292459	173.957202139494	1667.821751129594	1068.808437167732	-1116.156913713916	517.493452515016	
0.187068965517	-0.968591924875	0.436024990005	4.196487363729	-384.219173173544	172.961550514850	1664.654498676124	1069.059581808615	-1110.907241068385	515.468027686219	
0.187931034483	-0.967857637978	0.429771252334	4.174690764532	-383.927897666120	170.480829939633	1656.008265823709	1069.113881007911	-1098.651788613903	510.736996403028	
0.188793103448	-0.962448326090	0.422203064464	4.157464375948	-381.782142278512	167.478695799001	1649.174935286593	1069.421737766448	-1087.895475884955	505.145014824049	
0.189655172414	-0.957303617868	0.416550951746	4.133296114064	-379.741349362189	165.236626647689	1639.587915861966	1069.644791322009	-1073.645284874344	500.131967953060	
0.190517241379	-0.956526179413	0.411920679281	4.115024047605	-379.432956577829	163.399899113343	1632.339787845923	1070.038012697764	-1062.338375291268	495.825114276912	
0.191379310345	-0.953029474832	0.410772407475	4.108182637065	-378.045890561401	162.944404871792	1629.625950332405	1070.589702973149	-1057.524771780266	493.877543095620	
0.192241379310	-0.954997744005	0.410362027651	4.097559552171	-378.826659773492	162.781616196445	1625.412005543145	1070.560467392520	-1053.556767678148	493.591696013332	
0.193103448276	-0.958193865882	0.409580085805	4.101206056958	-380.094491224003	162.471437015670	1626.858494016041	1070.569866248958	-1057.944526147616	494.485182109127	
0.193965517241	-0.958345767139	0.411768339066	4.117383445255	-380.154747121239	163.339469091101	1633.275709146597	1070.593940921361	-1068.560304196781	497.735031433876	
0.194827586207	-0.959737015648	0.416739447904	4.137904150261	-380.706624891196	165.311398939525	1641.415822756712	1070.490679095862	-1081.042790002496	502.386106560691	
0.195689655172	-0.961446855341	0.422142453322	4.156294491377	-381.384880796962	167.454652688493	1648.710867735512	1070.341909383935	-1091.498454131170	506.471867744010	
0.196551724138	-0.964299518069	0.428830875511	4.174712608068	-382.516469535668	170.107803078575	1656.016930675546	1070.171194434449	-1101.215793785777	510.631352018839	
0.197413793103	-0.966588810985	0.434502527662	4.189026735998	-383.424581825966	172.357623094404	1661.695031284027	1069.907136699055	-1108.330910519552	513.954896003613	
0.198275862069	-0.967892951679	0.436641614357	4.197106755588	-383.941905836789	173.206151871480	1664.900197841992	1069.507208302000	-1112.900365387583	515.680468631262	
0.199137931034	-0.967417571336	0.433909917589	4.196550874193	-383.753332880592	172.122547675757	1664.679691884352	1069.208183676985	-1113.099592367397	515.019814311765	
0.200000000000	-0.965339107321	0.430068982578	4.188983638112	-382.928851791351	170.598932997582	1661.677935297634	1069.101222748707	-1108.740388179359	513.313797903486	
0.200862068966	-0.965917511250	0.426481945232	4.176296104008	-383.158291944335	169.176033954330	1656.645068785278	1069.374555059879	-1101.888875298439	511.033917573809	
0.201724137931	-0.965893081131	0.423101357740	4.163535242317	-383.148601051991	167.835029040194	1651.583114827237	1070.060260225087	-1094.060912272046	507.962682252940	
0.202586206897	-0.962703995874	0.419825782030	4.150110162874	-381.883560874358	166.535679996810	1646.257680254650	1070.666964646650	-1085.857045198976	504.848043428903	
0.203448275862	-0.959332552921	0.419110324327	4.141302408587	-380.546183398219	166.251873617746	1642.763837302974	1071.291771938496	-1079.670858691148	503.014659465585	
0.204310344828	-0.957043092945	0.418072043551	4.135110730555	-379.638004839115	165.840010405512	1640.307734425269	1071.664954225045	-1076.227142393454	501.975513761019	
0.205172413793	-0.956511741754	0.418095478155	4.143197198941	-379.427229475405	165.849306399012	1643.515459079555	1072.173308020510	-1079.631163883332	502.633774172726	
0.206034482759	-0.957751864227	0.418214247795	4.155634932406	-379.919158861711	165.896419710198	1648.449235157282	1072.407967413431	-1086.234982948391	504.091756767948	
0.206896551724	-0.958883143732	0.423574792212	4.165782952715	-380.367912629733	168.022830111763	1652.474732244471	1071.937117478019	-1093.227962138907	508.006444633144	
0.207758620690	-0.959499456911	0.429324729285	4.176586478965	-380.612390550630	170.303704039160	1656.760254161937	1071.219981164639	-1100.794682332708	512.006643709494	
0.208620689655	-0.961324922546	0.434318935005	4.187533531657	-381.336512731504	172.284795914284	1661.102709871365	1070.479458254612	-1107.885447252836	515.537634342092	
0.209482758621	-0.965029998492	0.436720880981	4.196644369566	-382.806235098500	173.237595202749	1664.716779448370	1069.913298063874	-1113.459983025089	517.423401113840	
0.210344827586	-0.968763068394	0.437845000670	4.203718805981	-384.287062053868	173.683508828731	1667.523053215517	1069.546654674457	-1117.947941771195	518.557992787149	
0.211206896552	-0.971138499694	0.437655321405	4.209721721540	-385.229343551782	173.608267224575	1669.904278160383	1069.391341460829	-1120.493341123717	518.696926522330	
0.212068965517	-0.970338505304	0.436741236257	4.213438536673	-384.912003323173	173.245669694055	1671.378657205582	1069.615326258590	-1121.390680618556	518.062613712237	
0.212931034483	-0.970665305194	0.433169387991	4.203335364265	-385.041637672054	171.828795825796	1667.370950296704	1069.894857129349	-1115.929881331109	515.505180423323	
0.213793103448	-0.970446634821	0.427210633547	4.187649542723	-384.954895931173	169.465088626788	1661.148728916908	1070.206149232319	-1107.512282794242	511.243513894110	
0.214655172414	-0.968048191266	0.423838127637	4.174013831753	-384.003485976069	168.127289499342	1655.739741437137	1070.447785370509	-1099.804450007986	507.910139397985	
0.215517241379	-0.962410223284	0.423575589186	4.163150634935	-381.767027731072	168.023146253751	1651.430549513973	1070.705879102084	-1093.554658768728	506.037647574830	
0.216379310345	-0.959254640681	0.426063209948	4.149678626093	-380.515277321488	169.009930850793	1646.086499078281	1070.762363600832	-1087.357014569837	505.765657212025	
0.217241379310	-0.957381409106	0.430412592166	4.136928706141	-379.772207439965	170.735235385039	1641.028885468001	1070.556757968728	-1082.429489294133	506.970536987575	
0.218103448276	-0.958432357425	0.434319021168	4.128575148368	-380.189095588297	172.284830093110	1637.715212312027	1070.225674827349	-1080.420883161162	508.868839538851	
0.218965517241	-0.958798592174	0.435444834676	4.131430640538	-380.334372880823	172.731415620185	1638.847923428202	1070.051444489742	-1082.661103621896	510.023361097138	
0.219827586207	-0.958445478333	0.439021473041	4.143540966582	-380.194300365052	174.150189615801	1643.651824163032	1069.910424387534	-1088.603095204101	512.431176821085	
0.220689655172	-0.959752168744	0.439261823293	4.145516243882	-380.712635792301	174.245531289091	1644.435373345632	1069.292109140221	-1090.402479946479	513.118322734830	
0.221551724138	-0.961748223818	0.438530089057	4.148115486271	-381.504427062057	173.955268366536	1645.466435794018	1068.403269725805	-1092.678260681558	513.487161123675	
0.222413793103	-0.961108304035	0.437221378808	4.158746963308	-381.250584919174	173.436131713474	1649.683709562011	1067.962799352640	-1096.892042658084	513.170592451684	
0.223275862069	-0.958864170511	0.435165969140	4.165540755938	-380.360386369181	172.620795778061	1652.378658094929	1067.631793069242	-1097.599851134037	511.706085054637	
0.224137931034	-0.955887055482	0.428586775261	4.162304652313	-379.179430131860	170.010973862848	1651.094966762175	1067.444592222522	-1093.117748983452	507.497082298044	
0.225000000000	-0.955912298716	0.421087881885	4.148103350782	-379.189443569053	167.036327328523	1645.461621911734	1067.414874687592	-1083.981034767676	502.483766977619	
0.225862068966	-0.957309140949	0.415766027436	4.132777354164	-379.743540247011	164.925264389027	1639.382135187421	1067.315855038314	-1076.127316393377	499.075922562626	
0.226724137931	-0.953708275328	0.415016249460	4.119715449434	-378.315155830449	164.627843910372	1634.200764058066	1067.272232299666	-1069.793467191208	497.723072485712	
0.227586206897	-0.951572728846	0.415252271591	4.111819071311	-377.468031378247	164.721468712936	1631.068444042521	1067.574031199675	-1065.439160843250	496.827336769922	
0.228448275862	-0.950065012865	0.418975072106	4.111774747430	-376.869953516515	166.198222027915	1631.050861731016	1068.166068261896	-1065.822537475557	498.342791260698	
0.229310344828	-0.949102819864	0.419452953467	4.108591396189	-376.488272656128	166.387787082898	1629.788096111750	1068.593776433624	-1064.592988908781	498.343993433877	
0.230172413793	-0.947877447178	0.418527855105	4.115850459606	-376.002194186591	166.020820851983	1632.667607361540	1069.319166122416	-1067.944233125960	498.378240668884	
0.231034482759	-0.947121941997	0.418032727729	4.122545172378	-375.702501851132	165.824414681316	1635.323253087706	1069.814654600268	-1070.832338363018	498.550426693851	
0.231896551724	-0.949017188010	0.419208464789	4.126732369924	-376.454304377703	166.290803786520	1636.984222519385	1069.828920952641	-1073.559613293754	499.775002725212	
0.232758620690	-0.950470274090	0.419803208654	4.128410924182	-377.030711756219	166.526725633507	1637.650068179051	1069.556370738881	-1074.935826974183	500.555106178076	
0.233620689655	-0.952352126640	0.419582557504	4.130301826105	-377.777201389130	166.439198161853	1638.400147500422	1068.973389102103	-1076.612825806662	500.945928522091	
0.234482758621	-0.953909408203	0.422271016609	4.137956355928	-378.394940830524	167.505650924754	1641.436531599648	1068.192127736095	-1080.768957935733	502.701742939769	
0.235344827586	-0.957321746847	0.427389990495	4.146340372559	-379.748540730465	169.536235594460	1644.762287116917	1067.281471462901	-1085.302782673287	505.841841593605	
0.236206896552	-0.961597000704	0.429563698207	4.154977078830	-381.444440169448	170.398497769553	1648.188279071899	1066.865885457237	-1089.579613735735	507.633379315772	
0.237068965517	-0.966428656518	0.429291626205	4.156716060389	-383.361052061432	170.290572773650	1648.878094916292	1066.959663790588	-1090.709720094045	507.800450642353	
0.237931034483	-0.973627197868	0.425202023783	4.153168144912	-386.216555534594	168.668317186845	1647.470714660570	1067.458964077128	-1088.772395648478	506.136788895659	
0.238793103448	-0.975972595770	0.421736568327	4.155736635571	-387.146923442658	167.293647012822	1648.489578572300	1068.197388498562	-1088.857391512332	504.608204522405	
0.239655172414	-0.975331634715	0.421939427592	4.159307322013	-386.892668249985	167.374116834184	1649.905991570566	1068.850387745585	-1089.820781096476	504.617739591667	
0.240517241379	-0.972869796483	0.426005985140	4.154889735625	-385.916111016734	168.987231024780	1648.153631937877	1069.272353149385	-1088.138506461325	505.641456389199	
0.241379310345	-0.971299227282	0.431871974811	4.146955492109	-385.293100661150	171.314140472700	1645.006291551375	1069.275893202205	-1086.338166326793	507.539091042068	
0.242241379310	-0.973115519640	0.437002711228	4.138952208939	-386.013584003892	173.349391080373	1641.831564647817	1068.867867161502	-1086.582519173522	510.635018440895	
0.243103448276	-0.974610370871	0.439878862447	4.137312899127	-386.606558701979	174.490297188538	1641.181286399383	1068.467170040499	-1089.448259894556	513.526866066391	
0.243965517241	-0.974542340655	0.443793747807	4.139933005311	-386.579572607039	176.043246348398	1642.220625057416	1067.869891345611	-1094.269668105877	516.972952095040	
0.244827586207	-0.972830007293	0.447775907052	4.152660681741	-385.900327517908	177.622881583290	1647.269415150376	1067.518558468742	-1101.524378070399	520.377601154992	
0.245689655172	-0.973795254549	0.450653915751	4.165896515996	-386.283219934101	178.764524512788	1652.519780307645	1067.328411214079	-1108.420141931284	523.312403030354	
0.246551724138	-0.977805816061	0.449799431153	4.178981081652	-387.874121725144	178.425569213543	1657.710140529114	1067.401377729347	-1113.929083733522	524.236434000186	
0.247413793103	-0.982526147462	0.446619364731	4.192853365035	-389.746573664572	177.164106610000	1663.212971096264	1067.875077473052	-1119.059051824363	523.794787855203	
0.248275862069	-0.985155559500	0.446548596434	4.204956451332	-390.789603751045	177.136034378778	1668.013999982062	1068.202678188449	-1123.370176034403	524.167787340347	
0.249137931034	-0.985769658232	0.444974748745	4.205266373974	-391.033203249519	176.511723518496	1668.136939496927	1068.452174861350	-1122.132911882631	522.930287599148	
0.250000000000	-0.984493100468	0.439746415794	4.193799543086	-390.526820782056	174.437758505968	1663.588299177197	1068.358862169062	-1115.584254557433	519.174435857427	
0.250862068966	-0.982273162475	0.433172221816	4.176514237316	-389.646220068796	171.829919942168	1656.731597484400	1068.318320114207	-1106.281368438094	514.070913535129	
0.251724137931	-0.978517008586	0.429955866564	4.161495230980	-388.156236201793	170.554062355615	1650.773887071653	1068.193868934807	-1098.769412996834	510.823889355074	
0.252586206897	-0.973163010200	0.429056665947	4.152238228023	-386.032422467561	170.197369192318	1647.101837025941	1068.221618633589	-1093.243723094210	509.184050583915	
0.253448275862	-0.970907741514	0.430506082918	4.146672716660	-385.137806842912	170.772321115752	1644.894120732441	1068.254107931005	-1090.364939393950	509.488688026489	
0.254310344828	-0.971060936086	0.429148609948	4.145389409769	-385.198575769743	170.233841361148	1644.385061034693	1068.693139344295	-1089.499387068151	508.527963594209	
0.255172413793	-0.970803032659	0.428774203682	4.146344914203	-385.096271136619	170.085322606968	1644.764088687374	1069.069978903881	-1091.387768098530	509.111423489321	
0.256034482759	-0.970695607025	0.430006771398	4.152907328588	-385.053657743930	170.574255186952	1647.367254545061	1069.256401179580	-1095.289322267728	510.679537463153	
0.256896551724	-0.972173972985	0.433105002745	4.162440243813	-385.640093096081	171.803255611068	1651.148752936298	1069.285416117198	-1100.696647089609	513.107262614830	
0.257758620690	-0.973954020459	0.438821678621	4.171531588477	-386.346198888793	174.070935551034	1654.755089970826	1068.797215691827	-1105.949747641872	516.531140064257	
0.258620689655	-0.978488573671	0.443806733380	4.177677751428	-388.144956694809	176.048397440463	1657.193138013894	1068.029080756348	-1110.796962202298	519.782644552233	
0.259482758621	-0.980102162694	0.446366850478	4.187470177738	-388.785032070586	177.063939744015	1661.077578761224	1067.519172739383	-1116.229999881871	521.782134197747	
0.260344827586	-0.984601677339	0.446634397768	4.196016031720	-390.569890845788	177.170069886286	1664.467531605572	1067.196243773944	-1120.502023560395	522.907202790106	
0.261206896552	-0.983688602549	0.444197525724	4.211677016975	-390.207694102353	176.203416192602	1670.679900975157	1067.645662130540	-1125.614731379138	522.263634828462	
0.262068965517	-0.978666420525	0.441780831200	4.224192359403	-388.215504640999	175.244766478378	1675.644462826581	1068.609888231622	-1128.418775038719	521.161435457047	
0.262931034483	-0.981528560883	0.438742772155	4.212048118823	-389.350852947789	174.039635086907	1670.827108939396	1069.259861490946	-1121.633535722135	519.149586703401	
0.263793103448	-0.983455393709	0.434642256448	4.207077396177	-390.115185270018	172.413050439602	1668.855332284874	1069.996193894590	-1118.177137504172	516.579420960186	
0.264655172414	-0.976571691944	0.432176468150	4.205574253292	-387.384571755239	171.434926301761	1668.259068469891	1071.001103025528	-1115.439177036341	514.703191062037	
0.265517241379	-0.976878276946	0.429251730723	4.185879961789	-387.506187301631	170.274747110884	1660.446774971002	1071.249431068932	-1104.910801991513	512.069451322916	
0.266379310345	-0.975597768280	0.429248801319	4.174707060950	-386.998237598062	170.273585080524	1656.014730255605	1071.325339448123	-1099.154534616577	511.034310146063	
0.267241379310	-0.972884989188	0.432311132376	4.162564194405	-385.922137629890	171.488344646893	1651.197921417874	1071.330723508776	-1093.386147162845	511.108016555615	
0.268103448276	-0.970977736231	0.435005392854	4.154545815836	-385.165572212194	172.557098687240	1648.017206500713	1071.247580930366	-1090.362451338287	511.654468975772	
0.268965517241	-0.971329238015	0.437805335245	4.150239328750	-385.305005260668	173.667774424738	1646.308917524858	1070.829629792990	-1089.731659275014	513.086895159610	
0.269827586207	-0.974325436510	0.439880733448	4.153778644119	-386.493531489923	174.491039373488	1647.712886306339	1070.389232740678	-1093.629207456653	515.023009257490	
0.270689655172	-0.976890388742	0.441924853719	4.166713644905	-387.510991785088	175.301897052865	1652.843917424187	1070.161809841216	-1101.892623992686	517.805700801083	
0.271551724138	-0.977924212527	0.445677829102	4.181043030350	-387.921087006677	176.790620075983	1658.528070354346	1069.998617206561	-1108.867250588560	520.544943829580	
0.272413793103	-0.979710623502	0.448129095434	4.192737625703	-388.629717060374	177.762983668226	1663.167059841741	1070.013193377553	-1112.654469768121	521.976382650085	
0.273275862069	-0.978288757938	0.446380628670	4.209850698935	-388.065694175788	177.069405250727	1669.955440664298	1070.497737292138	-1117.541096611601	521.419950246575	
0.274137931034	-0.975241142397	0.439352015513	4.208168133895	-386.856771931802	174.281308564702	1669.288004015360	1070.817883306165	-1112.872459809904	517.708743956613	
0.275000000000	-0.978090441647	0.431919614756	4.191151491175	-387.987026452905	171.333038193814	1662.537875061822	1070.517142640482	-1102.900945048798	513.392920183655	
0.275862068966	-0.976454417687	0.427978469756	4.177938590920	-387.338051629423	169.769672410584	1657.296607319898	1070.413954940366	-1094.746151114948	509.959535049313	
0.276724137931	-0.971253727862	0.425826262868	4.159146425028	-385.275052039095	168.915939141103	1649.842167265167	1070.227712812640	-1083.621239894992	506.584560817149	
0.277586206897	-0.969026238983	0.424740898154	4.137952420968	-384.391456054724	168.485398763346	1641.434970687617	1069.887890661782	-1073.329891644504	504.352405970882	
0.278448275862	-0.966784951519	0.423043826094	4.125012909264	-383.502386474069	167.812207498016	1636.302150187601	1070.000506846782	-1067.233540783448	502.372319877518	
0.279310344828	-0.965959461834	0.421797076943	4.122518829076	-383.174932820877	167.317649453807	1635.312803277631	1070.710595428623	-1066.113611388621	501.190816014078	
0.280172413793	-0.966456298493	0.421788598611	4.128838894345	-383.372017026645	167.314286285316	1637.819834556407	1071.499577122579	-1069.747652962987	502.066247346756	
0.281034482759	-0.968458190664	0.421611393011	4.141089766190	-384.166123745104	167.243992710479	1642.679486728062	1072.246865239316	-1076.009904975997	503.417774416487	
0.281896551724	-0.970709749064	0.423332674800	4.163222251264	-385.059267580698	167.926787444382	1651.458958140940	1073.106142265363	-1086.626334994005	506.063399709766	
0.282758620690	-0.973164939392	0.426309228924	4.187536517630	-386.033187735873	169.107521182938	1661.103894341353	1073.730754634025	-1098.287630916165	509.542746682495	
0.283620689655	-0.977653905267	0.428012232492	4.200624116224	-387.813862045215	169.783065347625	1666.295457662487	1073.680925608548	-1105.579920347512	511.814166005884	
0.284482758621	-0.983610516277	0.430608691048	4.206589502450	-390.176718990832	170.813023510460	1668.661795543952	1072.976772077111	-1110.267243789309	513.718274810766	
0.285344827586	-0.991183651537	0.433952822600	4.208100055885	-393.180815652089	172.139567152585	1669.260998961810	1072.054374481754	-1113.445040825141	516.000876367361	
0.286206896552	-0.991160810461	0.438634279309	4.216489818433	-393.171755098275	173.996598354218	1672.589033758118	1071.523805220112	-1118.815464556092	518.694910734763	
0.287068965517	-0.991259279020	0.441527370705	4.211446721447	-393.210815416138	175.144224258869	1670.588547790436	1070.932946929835	-1118.549091522236	520.443417459987	
0.287931034483	-0.993417225185	0.440472554036	4.201320155018	-394.066825331217	174.725801620714	1666.571560986675	1070.844806959150	-1114.533936846132	519.846502641650	
0.288793103448	-0.987833969435	0.435940976118	4.198241257492	-391.852070228737	172.928224048497	1665.350229865237	1071.341095742778	-1110.966828996165	517.224280284791	
0.289655172414	-0.983566654955	0.431696942191	4.194456933117	-390.159320166252	171.244708871293	1663.849071384315	1072.399813460469	-1105.908324798355	514.398378366454	
0.290517241379	-0.981599920824	0.430406938673	4.193334582698	-389.379159871312	170.732992768370	1663.403859589110	1073.460590925967	-1101.943067303498	512.357214421199	
0.291379310345	-0.981725440369	0.429214672648	4.185495164137	-389.428950722063	170.260046985132	1660.294134182185	1073.914765697829	-1097.230234578539	510.883652484669	
0.292241379310	-0.981463455145	0.428260090867	4.176156416821	-389.325026929555	169.881385328923	1656.589657941788	1073.793589718098	-1094.260182237385	510.396359181605	
0.293103448276	-0.980118606692	0.431335841796	4.174433776192	-388.791555043851	171.101468264066	1655.906324185845	1073.118999442371	-1095.912338047737	512.385628114097	
0.293965517241	-0.979403515169	0.435756707311	4.178484748815	-388.507893920335	172.855128654487	1657.513256178286	1072.123688111040	-1101.295883505751	515.610069198931	
0.294827586207	-0.979762421759	0.438727921391	4.190640075329	-388.650264293029	174.033744114556	1662.335007612262	1071.697963056973	-1108.945285099234	518.414668372079	
0.295689655172	-0.981295436496	0.440068676165	4.201368287955	-389.258377616652	174.565592127249	1666.590654267101	1071.360363550609	-1115.079279193992	520.327813145539	
0.296551724138	-0.982623690401	0.440712556251	4.214457798355	-389.785266809243	174.821005235906	1671.782975959731	1071.183252915596	-1121.281713535533	521.580838976423	
0.297413793103	-0.982501850588	0.439121145738	4.223199813523	-389.736935627381	174.189727588660	1675.250741644659	1071.500159698558	-1122.343981210196	520.500425805501	
0.298275862069	-0.978763778721	0.435728467170	4.224990269752	-388.254124502058	172.843926409732	1675.960976362102	1072.148113792324	-1119.390500962336	517.870551999819	
0.299137931034	-0.980817106528	0.428191131950	4.211544096132	-389.068634609111	169.854030838777	1670.627174191992	1072.726883009521	-1110.025610726963	512.956579503522	
0.300000000000	-0.978314233633	0.421648924099	4.203599276984	-388.075799825363	167.258880469991	1667.475638684020	1073.561957679169	-1102.239959538609	507.845980480461	
0.300862068966	-0.972923602598	0.418646069587	4.189195703464	-385.937454722467	166.067713944533	1661.762056971793	1074.224639088596	-1093.161063877684	504.522710907618	
0.301724137931	-0.970909180133	0.415536050023	4.171625607274	-385.138377511414	164.834037393054	1654.792385165356	1074.650250682404	-1083.615792148267	501.510842263588	
0.302586206897	-0.970013162534	0.417187088295	4.159224144577	-384.782946981721	165.488968064787	1649.872996905729	1074.964456634904	-1077.610475696057	501.029761380489	
0.303448275862	-0.973265770402	0.417704393983	4.142586976447	-386.073185185730	165.694171885279	1643.273397199651	1074.935604099420	-1070.932537563492	500.442100928268	
0.304310344828	-0.976045213865	0.422843475790	4.141138292449	-387.175729448155	167.732732926668	1642.698736030602	1074.739241950301	-1072.789482062403	503.254429675057	
0.305172413793	-0.978260161808	0.427283177904	4.145556827038	-388.054350718319	169.493865382356	1644.451471793547	1074.453165264842	-1077.386004380660	506.496171765484	
0.306034482759	-0.982177160328	0.430086091404	4.157346789802	-389.608138122403	170.605719693347	1649.128291441250	1074.254599584661	-1085.539850769908	509.947487805441	
0.306896551724	-0.985574653584	0.432100763640	4.173014760259	-390.955849182444	171.404895983242	1655.343431687461	1073.715305905179	-1095.641733955467	513.484318907072	
0.307758620690	-0.988935387752	0.435899146612	4.194811725436	-392.288978718258	172.911631200822	1663.989809715887	1073.187611457024	-1107.578129441281	517.732823107303	
0.308620689655	-0.991836664670	0.440003378254	4.216544462441	-393.439851640087	174.539689878174	1672.610709837692	1073.021808667211	-1117.396115366501	520.876991823071	
0.309482758621	-0.997620548865	0.442649680834	4.226838032497	-395.734191646501	175.589420072427	1676.693943317350	1072.996016342891	-1121.677910316965	522.568022838546	
0.310344827586	-1.002548889571	0.440950851827	4.225477699640	-397.689156314935	174.915531864335	1676.154329108146	1072.854246055741	-1121.161983929526	521.935571057723	
0.311206896552	-1.004989894640	0.437775707308	4.216666447935	-398.657449488883	173.656021672059	1672.659098807555	1072.698840145557	-1117.910203132903	520.286217168339	
0.312068965517	-1.007872039706	0.436871112716	4.205055944780	-399.800733224495	173.297188836845	1668.053466850629	1072.670977798019	-1114.244678070717	519.472388852805	
0.312931034483	-1.010790839447	0.436946116879	4.195219693659	-400.958557066072	173.326941343379	1664.151641762463	1072.513431822937	-1111.680967033390	519.279881297067	
0.313793103448	-1.009236788722	0.438754641097	4.193778831634	-400.342099227222	174.044343235769	1663.580083398553	1072.410240356152	-1112.002006876487	519.943783340094	
0.314655172414	-1.006051944947	0.438096162107	4.195826726616	-399.078741552550	173.783139062426	1664.392438422788	1072.845901190398	-1112.261501189955	519.488099125222	
0.315517241379	-1.005399647463	0.437170188760	4.200834928525	-398.819989446892	173.415825744198	1666.379082278774	1073.488453417852	-1113.177268907776	519.113117688790	
0.316379310345	-1.005485286066	0.435643168637	4.208770935203	-398.853960402554	172.810090352454	1669.527122073341	1074.546231758360	-1115.354486051502	518.760735092345	
0.317241379310	-1.003453345609	0.437744862520	4.221652460114	-398.047934188446	173.643786220961	1674.636940484320	1075.440160465189	-1119.455994487956	520.020492511695	
0.318103448276	-1.004567003083	0.439232122038	4.226882427294	-398.489697683326	174.233749452664	1676.711553759716	1075.377747007739	-1122.802656408853	521.835011611361	
0.318965517241	-1.008944026521	0.440009720067	4.230064930930	-400.225966882834	174.542205536413	1677.973983152649	1075.011013126312	-1126.653839302137	523.650638373146	
0.319827586207	-1.012467690551	0.440901880674	4.237159460049	-401.623727121854	174.896106081942	1680.788227254745	1074.569801006284	-1132.274668741327	525.351909514377	
0.320689655172	-1.015638180800	0.441481950300	4.248413587022	-402.881391067404	175.126206980388	1685.252492596326	1074.229053947135	-1138.394641094808	526.664932569615	
0.321551724138	-1.018953632346	0.443343636570	4.261844640323	-404.196557980501	175.864697092645	1690.580296867228	1073.800677450564	-1145.000947260302	528.681750183165	
0.322413793103	-1.021008439723	0.446362722557	4.274750721693	-405.011655000168	177.062302288391	1695.699856287009	1073.698360560049	-1151.138504055175	530.902968982121	
0.323275862069	-1.016896484223	0.447790341493	4.279533294513	-403.380532438053	177.628607409288	1697.596998032184	1073.639733134987	-1152.721093544874	531.466980591694	
0.324137931034	-1.015804272950	0.445618500515	4.271690501739	-402.947276180524	176.767085726600	1694.485934149077	1073.633293137595	-1148.013960848684	529.784715785051	
0.325000000000	-1.011481500849	0.441181392179	4.267901354574	-401.232527296395	175.006982165906	1692.982862573245	1073.858018279711	-1143.470581931349	526.425794798409	
0.325862068966	-1.005279925592	0.438823336139	4.252429428184	-398.772498406724	174.071593052348	1686.845488708846	1074.109474632798	-1134.255956885448	523.562544497509	
0.326724137931	-1.002168464250	0.435025150189	4.236390598064	-397.538249933627	172.564935988550	1680.483236568170	1074.404926584686	-1125.174697943949	520.059280876200	
0.327586206897	-0.994134785604	0.437379655408	4.226925653404	-394.351465811533	173.498916569274	1676.728700609465	1074.866390731359	-1119.487601995311	519.348254736056	
0.328448275862	-0.990690772846	0.438357817891	4.211215896027	-392.985301485477	173.886932173270	1670.496984408575	1075.041313184829	-1111.295736171106	517.935388211385	
0.329310344828	-0.987005621371	0.438712842124	4.199574678574	-391.523482719011	174.027762499757	1665.879168763443	1075.123724264258	-1105.731256353572	517.330002508307	
0.330172413793	-0.985840732335	0.438459179118	4.196817271197	-391.061396787239	173.927139948869	1664.785365733094	1075.092029717830	-1104.817149202102	517.549429695301	
0.331034482759	-0.985947285519	0.437894451140	4.200652574842	-391.103664098435	173.703124745767	1666.306746572346	1074.984197239935	-1107.562384330676	518.084241800392	
0.331896551724	-0.986415032750	0.438637186177	4.208019955769	-391.289209166222	173.997751444900	1669.229225002735	1074.641424019976	-1111.849419793735	519.146132922646	
0.332758620690	-0.988480897821	0.439245483657	4.216007266359	-392.108692530784	174.239049713862	1672.397615933599	1074.365270803704	-1115.536087143053	520.063325066769	
0.333620689655	-0.988182124166	0.438428873780	4.226647779504	-391.990175574566	173.915118485758	1676.618474127529	1074.451903801488	-1117.925304418071	519.513648850357	
0.334482758621	-0.987486098742	0.434854958749	4.233155229060	-391.714077554273	172.497424777315	1679.199836643282	1074.583261074296	-1117.323083334341	517.429794858430	
0.335344827586	-0.983191061300	0.430195910324	4.228006205671	-390.010330400952	170.649282450505	1677.157331994951	1074.517232108448	-1112.267965640967	514.393476009548	
0.336206896552	-0.980414725461	0.427421109990	4.207702227955	-388.909018864944	169.548580015718	1669.103189347092	1074.216067113401	-1101.925316240668	511.575388772944	
0.337068965517	-0.980188928308	0.425238172005	4.178252008656	-388.819450086724	168.682656393754	1657.420933261460	1073.652893904067	-1088.583396298497	508.738591615377	
0.337931034483	-0.976820164752	0.420027891984	4.156819152397	-387.483135468588	166.615852582994	1648.918989254914	1073.594326733416	-1077.466607791843	504.203024058997	
0.338793103448	-0.974992728798	0.414853330386	4.140025332461	-386.758231705392	164.563217486836	1642.257249213152	1073.834096535088	-1068.126817721112	499.924251683985	
0.339655172414	-0.975038001629	0.409897306942	4.132457425717	-386.776190444506	162.597271683543	1639.255226589174	1074.363198124048	-1063.305720060212	496.346445764843	
0.340517241379	-0.974300789556	0.407676827177	4.140137892024	-386.483754583883	161.716456061016	1642.301899122995	1075.010680584521	-1066.632784870622	495.183944800797	
0.341379310345	-0.975165148461	0.411345334029	4.158106425808	-386.826626804110	163.171672270318	1649.429622384384	1075.492271072999	-1076.521986494869	498.247215287419	
0.342241379310	-0.979475137187	0.415771653775	4.174325398467	-388.536304804081	164.927496234160	1655.863333119099	1075.619804249481	-1087.502276985556	502.592190553307	
0.343103448276	-0.982401122548	0.420491342615	4.191670596307	-389.696979023037	166.799693283558	1662.743792682520	1075.509292962361	-1099.074157675516	507.256861925149	
0.343965517241	-0.985928267568	0.427587735530	4.212640699088	-391.096120094351	169.614676712814	1671.062172533876	1075.036741288825	-1112.773923332564	513.174146163151	
0.344827586207	-0.990787549041	0.436079183380	4.229572276720	-393.023690479457	172.983047838256	1677.778558032443	1074.380083880961	-1123.881964312115	519.031444308633	
0.345689655172	-0.994837289879	0.444030710270	4.241017536559	-394.630133850115	176.137244160454	1682.318641589855	1073.748161496844	-1131.952745631520	523.685639254806	
0.346551724138	-1.000429970328	0.446774128608	4.239593310056	-396.848627524053	177.225498045814	1681.753682172897	1073.195328373000	-1133.697008252193	525.484102103648	
0.347413793103	-1.002374849168	0.445726722180	4.237656239154	-397.620118304254	176.810014887676	1680.985288630352	1072.950405198310	-1133.261798627296	524.887201617110	
0.348275862069	-1.000245479472	0.444202528596	4.236641767401	-396.775444047776	176.205400722206	1680.582869935729	1073.119895596122	-1131.765387559263	523.643558776908	
0.349137931034	-0.998646376517	0.442639586385	4.231971970060	-396.141114977223	175.585415825940	1678.730463749714	1073.316962454424	-1129.380240549986	522.633144955518	
0.350000000000	-0.999017667816	0.439128036130	4.224642770461	-396.288398092364	174.192460855981	1675.823131014759	1073.869306309833	-1124.952504811211	520.514263896156	
0.350862068966	-0.996999147504	0.434276158520	4.226813499914	-395.487695355479	172.267827420714	1676.684211779609	1074.517640551516	-1124.636148593217	518.218284478864	
0.351724137931	-0.994153839456	0.433512471423	4.228174905424	-394.359024056827	171.964889498792	1677.224251486639	1074.727087462534	-1124.854375876453	517.798185708694	
0.352586206897	-0.996038428815	0.435170968602	4.222229646897	-395.106599321960	172.622778954920	1674.865897822388	1074.149220405207	-1123.285539449320	518.577302281822	
0.353448275862	-0.996922639854	0.438139745647	4.217146394896	-395.457346448513	173.800427696592	1672.849483240662	1073.406008132805	-1123.298964158131	520.166251433707	
0.354310344828	-0.996197311201	0.443132745670	4.213012195209	-395.169624480041	175.781041297951	1671.209536897076	1072.497917742280	-1124.572515955354	523.022641692220	
0.355172413793	-0.995463842615	0.449703446409	4.216341569801	-394.878673578777	178.387494170611	1672.530226776978	1071.888081495053	-1128.415115559339	526.416793507482	
0.356034482759	-0.996886466670	0.455441323951	4.221189871638	-395.442997339728	180.663584346996	1674.453441781572	1071.419684853535	-1132.829071215941	529.556076137478	
0.356896551724	-0.998773444317	0.457337740521	4.226583252323	-396.191519986699	181.415851207663	1676.592877610287	1071.258457756378	-1136.297229278520	531.026543574523	
0.357758620690	-1.000920702002	0.457303652489	4.231172646606	-397.043290016229	181.402329232816	1678.413389666488	1071.415711606155	-1137.969921604469	531.376392932704	
0.358620689655	-1.002391136916	0.454433294276	4.237333061129	-397.626579296333	180.263721083248	1680.857090995698	1072.116621671152	-1138.083629859732	529.576776948134	
0.359482758621	-0.997200610947	0.444536069327	4.235485926180	-395.567611484547	176.337709014794	1680.124373073397	1073.112423602022	-1131.826863666008	523.129198424376	
0.360344827586	-0.995490464698	0.437529714545	4.221960684485	-394.889233975047	173.558441738118	1674.759206332228	1073.480740312655	-1122.742468775851	518.536964492413	
0.361206896552	-0.995304724119	0.432449059076	4.207064833141	-394.815554761226	171.543057143802	1668.850348804063	1073.384504301580	-1114.167530816854	515.068634984315	
0.362068965517	-0.989814033853	0.432779307171	4.193335276066	-392.637518355979	171.674059320020	1663.404134632830	1072.939579376768	-1107.918105518492	514.202199540115	
0.362931034483	-0.988896524584	0.434437190507	4.178392500073	-392.273562551789	172.331705278264	1657.476663125506	1072.549329586754	-1101.927392903435	513.866878141547	
0.363793103448	-0.987030876353	0.438261884169	4.168905996383	-391.533500816399	173.848877369619	1653.713575172090	1072.212130621623	-1098.588244935834	514.490648892608	
0.364655172414	-0.983662916465	0.445274979693	4.166894810274	-390.197504995939	176.630818551056	1652.915781752713	1072.122646706916	-1099.201945423238	517.013434477422	
0.365517241379	-0.981922560354	0.450273300159	4.164855788732	-389.507143896856	178.613542655210	1652.106946627376	1071.811554822298	-1099.024284958194	519.398302636757	
0.366379310345	-0.982108740246	0.451347855350	4.164737302593	-389.580997376681	179.039795132028	1652.059945774695	1071.512104532548	-1100.819408842751	520.992731100412	
0.367241379310	-0.985309369028	0.449607940480	4.164684507180	-390.850616617203	178.349609063450	1652.039002992296	1071.270119735309	-1102.939347017453	521.608964990505	
0.368103448276	-0.988718288741	0.447703578297	4.172933695252	-392.202860302162	177.594190352486	1655.311274976875	1070.899067318347	-1108.762774793917	522.499595319569	
0.368965517241	-0.989088786279	0.449042050448	4.194941789099	-392.349828549559	178.125132899072	1664.041403118346	1070.915398299984	-1119.074778128453	524.456975532165	
0.369827586207	-0.987345461418	0.452288244551	4.215142969902	-391.658289812424	179.412826903293	1672.054768485229	1070.736750722423	-1127.544566107445	526.564840652264	
0.370689655172	-0.981869189354	0.452761829439	4.229130617833	-389.485972791538	179.600687641492	1677.603361638477	1070.764795785115	-1132.396145470525	527.114252608595	
0.371551724138	-0.981322724191	0.455374689455	4.223681766165	-389.269202046669	180.637151903882	1675.441921687723	1070.369749389694	-1131.012403300058	528.328567402381	
0.372413793103	-0.984697003535	0.455508107192	4.208157119840	-390.607704656814	180.690075793884	1669.283634981200	1069.985052180610	-1125.504072886015	527.861586728427	
0.373275862069	-0.982003773999	0.451442662931	4.199361089115	-389.539359568503	179.077403219994	1665.794442509720	1069.990839841081	-1121.577824787237	525.279641171390	
0.374137931034	-0.979464647926	0.448023965296	4.187616065027	-388.532143944146	177.721280848169	1661.135449049115	1070.191101392533	-1114.956299704591	522.653952650030	
0.375000000000	-0.977526406697	0.442623516327	4.179047066496	-387.763286158901	175.579041186326	1657.736315269338	1070.617279599987	-1108.995027339268	518.816914999988	
0.375862068966	-0.975157456344	0.437961779314	4.172818424244	-386.823575510058	173.729832355836	1655.265549496337	1071.103298618255	-1104.254038742509	515.790376634615	
0.376724137931	-0.972277362522	0.434861663114	4.176179562129	-385.681105457974	172.500084251718	1656.598839177943	1071.719648106226	-1103.732401233795	513.938267378134	
0.377586206897	-0.970161810199	0.436759441141	4.182132079084	-384.841912250266	173.252891172497	1658.960072101529	1071.939056030806	-1105.484686722703	514.752353988635	
0.378448275862	-0.971169393919	0.438398187417	4.185499643733	-385.241598613459	173.902945878588	1660.295911139717	1071.904753327992	-1107.599603588536	515.812704055814	
0.379310344828	-0.971901269636	0.440560738828	4.192607089348	-385.531917658606	174.760782593669	1663.115278932476	1071.640677445656	-1112.321030415684	517.490854552950	
0.380172413793	-0.975731083620	0.443447372858	4.200530218039	-387.051120869405	175.905847002975	1666.258210312140	1071.169300062449	-1117.631681931953	519.843929146796	
0.381034482759	-0.977751828367	0.446789805990	4.212870698562	-387.852705991044	177.231716919340	1671.153408280585	1070.575083065839	-1124.558254379516	522.498330200576	
0.381896551724	-0.979164800464	0.452097554428	4.230407718306	-388.413201032552	179.337184313782	1678.109959386295	1070.182804375281	-1133.264950014449	525.898791000209	
0.382758620690	-0.976818724436	0.453384665288	4.238801637286	-387.482564126848	179.847752962712	1681.439642948144	1069.727011611127	-1137.884164104418	527.545935731609	
0.383620689655	-0.979278005761	0.452035477357	4.229126265850	-388.458107091029	179.312559701045	1677.601635302322	1069.101272782693	-1135.729158615779	527.953828923098	
0.384482758621	-0.980840091311	0.448708237756	4.222535664980	-389.077752168449	177.992716725185	1674.987288484039	1068.783655277578	-1133.307338926874	526.686152071501	
0.385344827586	-0.976000350094	0.446801870640	4.216132239205	-387.157932974277	177.236502701444	1672.447189920992	1068.931824062943	-1129.700302467030	524.892442833829	
0.386206896552	-0.971963646045	0.442691205332	4.205183484204	-385.556661011885	175.605891930099	1668.104058942980	1069.477599061927	-1122.427367532295	521.163493897797	
0.387068965517	-0.967647819950	0.437341892713	4.189429133989	-383.844667456236	173.483936936619	1661.854653741350	1070.188996976566	-1112.189726371360	516.033420341800	
0.387931034483	-0.964978433420	0.435207490170	4.169923295367	-382.785780365218	172.637266260140	1654.117115367628	1070.533461022229	-1101.647633649879	513.014576131313	
0.388793103448	-0.963787640287	0.434087604323	4.152815396737	-382.313418846344	172.193032106014	1647.330787196330	1070.494255312321	-1093.089225753266	511.288930159496	
0.389655172414	-0.963856019010	0.433484734303	4.144856170428	-382.340543185840	171.953886791488	1644.173536683203	1070.468277505697	-1089.377772691872	510.567205048091	
0.390517241379	-0.967339596642	0.432996273254	4.146516143595	-383.722402029788	171.760125006693	1644.832011631602	1070.479215119822	-1090.635798333575	510.981316354711	
0.391379310345	-0.972861965421	0.433430922706	4.155147853771	-385.913004606177	171.932540911418	1648.256021745357	1070.657026155879	-1095.032819205564	512.286145658152	
0.392241379310	-0.977760286216	0.435826633747	4.167720123060	-387.856061034507	172.882866937705	1653.243165233871	1070.493855503878	-1101.900591296859	514.978384990751	
0.393103448276	-0.980177941698	0.439710490143	4.185901594907	-388.815091939523	174.423507588390	1660.455356354696	1070.563285266958	-1109.964770227044	518.039614857691	
0.393965517241	-0.982271774274	0.442211706830	4.202476080670	-389.645669399897	175.415685390688	1667.030091340403	1070.905155953461	-1116.150115134956	520.012256346964	
0.394827586207	-0.983513560517	0.440384073929	4.209293747457	-390.138258767005	174.690703503080	1669.734510228230	1071.182071596542	-1117.718707196646	519.288533620594	
0.395689655172	-0.986891761764	0.436325756411	4.202829504833	-391.478317110320	173.080857951627	1667.170286954811	1071.161225463617	-1113.525253323825	517.121755686303	
0.396551724138	-0.985250925288	0.433200210718	4.192731710089	-390.827433267336	171.841022525579	1663.164713247207	1071.159457280013	-1107.536067866737	514.698042926171	
0.397413793103	-0.981172442288	0.431379169972	4.176836577572	-389.209588511839	171.118655601225	1656.859462794251	1070.975476209314	-1099.288508090820	512.715758777655	
0.398275862069	-0.977999990244	0.428846326826	4.164897936219	-387.951146365011	170.113932276486	1652.123665611193	1070.965069838785	-1092.336356987017	510.389515523077	
0.399137931034	-0.974263508515	0.430349319194	4.162315303822	-386.468966012509	170.710136384690	1651.099191982146	1071.617983423021	-1089.702219493024	509.855499726937	
0.400000000000	-0.971230420220	0.431555937157	4.156965449745	-385.265806408527	171.188775266673	1648.977022204457	1072.216933820339	-1086.552943908026	509.252717913638	
0.400862068966	-0.970132348016	0.429087521586	4.155043956549	-384.830225248310	170.209608947557	1648.214807996078	1072.709752568331	-1085.906521248731	507.950480148641	
0.401724137931	-0.969078627405	0.426683896938	4.160709297148	-384.412237392427	169.256143766561	1650.462124357907	1073.013195736436	-1088.542802165183	507.627493509768	
0.402586206897	-0.967731360359	0.424808766140	4.170282074376	-383.877806104169	168.512320505117	1654.259435131387	1073.558361036632	-1092.420979983604	507.489813921068	
0.403448275862	-0.967366373998	0.426583662320	4.184930636996	-383.733024019742	169.216382891942	1660.070198646686	1074.120335129112	-1098.078176120383	509.059814982102	
0.404310344828	-0.968397505522	0.428345326874	4.196004801793	-384.142051280308	169.915196583330	1664.463076939772	1074.385013797853	-1102.328234944241	510.442017230333	
0.405172413793	-0.970777193534	0.429164169892	4.205067442004	-385.086021322501	170.240013649646	1668.058027547211	1074.366097729710	-1106.237630168174	511.457221572551	
0.406034482759	-0.972322810610	0.430553468503	4.209446583507	-385.699133717887	170.791117938146	1669.795136936855	1073.931213291268	-1108.595066798496	512.304183794536	
0.406896551724	-0.972862680170	0.430536458205	4.203835015335	-385.913288131580	170.784370326093	1667.569150917609	1073.315425773700	-1106.875594023214	512.065050140471	
0.407758620690	-0.976939394205	0.430149274489	4.190161055231	-387.530431177681	170.630783037607	1662.144990845402	1072.670507208240	-1102.812683102092	511.888947671508	
0.408620689655	-0.978739750161	0.431348102645	4.178649259245	-388.244592899606	171.106331874243	1657.578513857845	1072.065745306453	-1099.136924062240	511.963062221647	
0.409482758621	-0.974298639250	0.430876569861	4.165736811352	-386.482901604912	170.919285160472	1652.456428978007	1071.829430205718	-1092.534678736222	510.220469119972	
0.410344827586	-0.968461202279	0.426198178957	4.150868960833	-384.167318386495	169.063470096633	1646.558678762749	1072.016277523967	-1083.389152447746	506.363101078194	
0.411206896552	-0.965778012873	0.418630064117	4.143397220191	-383.102955997834	166.061364925654	1643.594803122522	1072.705843081209	-1076.722339310328	502.071655023791	
0.412068965517	-0.964510681571	0.414345603522	4.146886863718	-382.600233465798	164.361813375364	1644.979068173775	1073.793244166721	-1075.061505950021	499.389584142658	
0.412931034483	-0.963130521970	0.413347277326	4.152596272770	-382.052754422073	163.965799268863	1647.243865524163	1074.534707055504	-1076.227187187987	498.576123190724	
0.413793103448	-0.965502628172	0.413195067697	4.150602598531	-382.993716926541	163.905421047610	1646.453018679537	1074.447326848489	-1075.921745277684	498.782903528536	
0.414655172414	-0.969153638984	0.413720504243	4.149776438235	-384.441992840946	164.113850201472	1646.125299009506	1073.814893658152	-1078.197457093423	500.103776875820	
0.415517241379	-0.972215523465	0.415511911850	4.163375188691	-385.656575260351	164.824462309510	1651.519625063913	1073.464993983358	-1087.104419548888	502.730557993373	
0.416379310345	-0.973110010076	0.419725017928	4.181859010671	-386.011398480947	166.495709087500	1658.851751851175	1073.180184419816	-1097.089223538522	506.038935984358	
0.417241379310	-0.974807090529	0.424572013415	4.197996416779	-386.684593075650	168.418405891644	1665.253106924443	1072.849672161362	-1105.703772304099	509.792759249201	
0.418103448276	-0.978080013101	0.427247971464	4.211904670609	-387.982889677281	169.479899759659	1670.770206178785	1072.746974379505	-1112.347850122123	512.238899051216	
0.418965517241	-0.978304235622	0.425513833224	4.214993194749	-388.071833833527	168.792005153362	1671.995355967038	1072.766010882737	-1113.073760066981	511.822696903581	
0.419827586207	-0.981189177615	0.420466451120	4.202943173535	-389.216227048777	166.789819373528	1667.215376835818	1072.717300929583	-1105.211505825127	508.210490111343	
0.420689655172	-0.975664301005	0.418522296541	4.192738888573	-387.024629670717	166.018615891856	1663.167560794545	1072.567528509660	-1097.064889148127	505.225942023157	
0.421551724138	-0.972893931015	0.419187055634	4.173407089027	-385.925684656449	166.282311244316	1655.499059905050	1072.247782710155	-1086.776615086884	503.724610465794	
0.422413793103	-0.971705110616	0.419689826151	4.159127743905	-385.454105677458	166.481749281446	1649.834756873764	1072.398529599102	-1081.165665267189	503.392739275189	
0.423275862069	-0.972118264753	0.419117527394	4.145998099088	-385.617994862386	166.254730916197	1644.626514737802	1072.655928837440	-1075.796293194938	502.639413103655	
0.424137931034	-0.971752611557	0.420479485987	4.144380860961	-385.472948259173	166.794990019338	1643.984991842507	1072.964784635333	-1075.082683733232	502.836670434103	
0.425000000000	-0.971867546705	0.421522536520	4.145441142385	-385.518540511619	167.208745289156	1644.405582228747	1073.400312220876	-1075.491056796944	503.023719602307	
0.425862068966	-0.974410307432	0.417535249030	4.144237826660	-386.527197923336	165.627075792324	1643.928253272155	1073.722444873498	-1074.714424071162	501.282732357556	
0.426724137931	-0.976414722416	0.415965978189	4.151135540673	-387.322305386270	165.004580467294	1646.664425138741	1074.164520840919	-1078.646476559851	501.889976647373	
0.427586206897	-0.979508143732	0.418118821354	4.161369427405	-388.549397776623	165.858566134098	1650.723983552942	1074.033389588190	-1085.200943999098	504.078063232109	
0.428448275862	-0.983640946460	0.423464282456	4.175646380627	-390.188789976868	167.978993315142	1656.387337769804	1073.503163162195	-1095.122569627073	508.596606281176	
0.429310344828	-0.987947309646	0.429702902468	4.188297356734	-391.897029804397	170.453717046718	1661.405702527005	1072.936415206215	-1102.991223649662	513.057512002547	
0.430172413793	-0.994023228591	0.433010814364	4.196144491637	-394.307213591383	171.765893146109	1664.518488837485	1072.647942646019	-1107.053197742809	515.690570365554	
0.431034482759	-0.999812701686	0.432098921067	4.203409178719	-396.603770591864	171.404165074912	1667.400230871512	1073.008150392046	-1109.308468118718	515.538668380741	
0.431896551724	-1.001359828220	0.433660831114	4.210547634904	-397.217481755765	172.023740534414	1670.231899877653	1073.344961408520	-1112.422213635625	516.038226816349	
0.432758620690	-0.996863489455	0.436934573815	4.209510086425	-395.433882782713	173.322362463234	1669.820327151975	1073.740846577926	-1112.798242045717	516.664791108251	
0.433620689655	-0.995717570197	0.437619690158	4.196854412415	-394.979321745705	173.594133090193	1664.800098839871	1073.539557896602	-1108.099649978785	516.270738545504	
0.434482758621	-0.994525241769	0.439436559791	4.189229349934	-394.506351208791	174.314845425519	1661.775403788646	1073.279476070944	-1105.952378546531	516.713508936311	
0.435344827586	-0.993133797230	0.446244452532	4.187550281957	-393.954395677727	177.015387163293	1661.109354347864	1073.167542581450	-1107.089543294439	519.639639040783	
0.436206896552	-0.994479438523	0.449363687000	4.190251216561	-394.488182065524	178.252719064847	1662.180755867476	1072.920053671080	-1110.727282789912	522.092530258568	
0.437068965517	-0.994791598225	0.452182977229	4.198212240702	-394.612008972745	179.371069665133	1665.338719541078	1072.697096061129	-1116.247207897975	524.978926839275	
0.437931034483	-0.996149248837	0.451440114038	4.204739930136	-395.150559194202	179.076392130227	1667.928110772199	1072.461658423222	-1120.224568185178	526.151905452670	
0.438793103448	-0.995282075332	0.450960598705	4.214270859862	-394.806570484136	178.886178914503	1671.708821559570	1072.294046382054	-1125.571219359560	527.067592888558	
0.439655172414	-0.995495059594	0.452097751049	4.221672250754	-394.891056669591	179.337262308909	1674.644790997053	1072.004672354486	-1129.996015987506	528.567527822445	
0.440517241379	-0.998627838804	0.452677920820	4.233284706178	-396.133761473303	179.567402932580	1679.251197376540	1071.820074251758	-1135.943118829396	529.917838900461	
0.441379310345	-1.002425619524	0.453081965913	4.247618889394	-397.640257790637	179.727678759385	1684.937253476877	1071.996688673509	-1141.650652216566	530.816387005805	
0.442241379310	-1.006026754329	0.452692431915	4.256262519066	-399.068748987011	179.573159165727	1688.365991793425	1072.150736559920	-1144.977552718231	531.124323035782	
0.443103448276	-1.006377568430	0.451844314654	4.254011454847	-399.207909246686	179.236729649641	1687.473043988689	1072.050118662806	-1143.370685009708	530.516702987881	
0.443965517241	-1.009059189811	0.451165800262	4.240887171973	-400.271649634285	178.967577871458	1682.266928817882	1071.723211212837	-1138.216340640484	529.795837643602	
0.444827586207	-1.005548244622	0.451759780846	4.231677294968	-398.878934680713	179.203196941849	1678.613572603716	1071.585497425581	-1134.774705431049	529.357248574283	
0.445689655172	-1.001291734223	0.453150852073	4.216481390140	-397.190470360737	179.755004388093	1672.585690439044	1071.436743352403	-1128.674753174414	529.015481819055	
0.446551724138	-0.999722585709	0.453226490639	4.204097804330	-396.568023559987	179.785008548437	1667.673393548602	1071.357821798385	-1123.640021901934	527.933563722222	
0.447413793103	-0.993751811456	0.453507605695	4.199767116159	-394.199548366689	179.896520725835	1665.955504532804	1071.687427179453	-1121.023329306660	526.886229092191	
0.448275862069	-0.988685727979	0.451034534612	4.193125268798	-392.189944162078	178.915507667081	1663.320829355431	1072.103812658850	-1116.291613681895	524.453036001778	
0.449137931034	-0.987345450992	0.447222086482	4.189820220291	-391.658285676402	177.403193109440	1662.009789100055	1072.519249422252	-1113.756311741522	522.516606376273	
0.450000000000	-0.985169288323	0.443973527115	4.195364812492	-390.795049674006	176.114560856905	1664.209207220495	1072.692228680813	-1115.861720270823	521.550392309795	
0.450862068966	-0.985017012834	0.445585671098	4.207115415796	-390.734645327146	176.754063016972	1668.870413833982	1072.475717708924	-1122.699221107972	523.577022652857	
0.451724137931	-0.987392119291	0.450196083350	4.218255498425	-391.676797967336	178.582912440628	1673.289440285559	1072.091139051111	-1129.152508602781	526.843204590687	
0.452586206897	-0.989662190799	0.457045089708	4.233030933769	-392.577285546806	181.299763048648	1679.150531427334	1071.676488239905	-1136.801852926079	530.986850040819	
0.453448275862	-0.993666497878	0.460932964990	4.238677951363	-394.165706341264	182.841997903115	1681.390579455234	1071.429505072516	-1139.923177598221	533.353979530718	
0.454310344828	-0.995285972669	0.461268336848	4.243655214446	-394.808116472302	182.975032563476	1683.364950557582	1071.565363485812	-1141.555523302561	533.566240343107	
0.455172413793	-0.992361037295	0.457426366715	4.244128712880	-393.647858759547	181.451007274914	1683.552777001229	1072.035228349954	-1139.587151592688	531.132359867032	
0.456034482759	-0.988408964059	0.448037461476	4.227926581646	-392.080157984989	177.726634486668	1677.125746890412	1072.557737819174	-1128.316592033391	524.797117080699	
0.456896551724	-0.986005945450	0.435992273661	4.202123841839	-391.126933206450	172.948572659029	1666.890365921624	1072.708754564595	-1112.438491558446	516.762041738574	
0.457758620690	-0.981355082619	0.426507185581	4.178302281718	-389.282037925436	169.186046247071	1657.440875482621	1072.565173194383	-1097.650475731486	510.199335540311	
0.458620689655	-0.978349051335	0.421920748646	4.159021656818	-388.089611244285	167.366707305917	1649.792674452767	1072.394665547864	-1086.854545833323	506.801656490346	
0.459482758621	-0.980779570000	0.418358651221	4.146649708324	-389.053744691761	165.953701382304	1644.884993830177	1072.620448424532	-1080.546362642650	504.287588851932	
0.460344827586	-0.981177601359	0.419732274790	4.141262565611	-389.211635002086	166.498587725405	1642.748032468223	1072.794470635715	-1077.399599169281	503.677346736052	
0.461206896552	-0.983392249116	0.421130027186	4.138431621560	-390.090137195156	167.053045445224	1641.625059052190	1072.844370206939	-1075.984745955320	503.845217949317	
0.462068965517	-0.985340638793	0.423903040083	4.146553331554	-390.863020647489	168.153038842726	1644.846763279487	1072.867177720885	-1080.447076650098	505.963337334908	
0.462931034483	-0.986738409826	0.427517705112	4.158786919253	-391.417485759668	169.586897181992	1649.699559209180	1072.817019871013	-1088.493032620830	509.394149790303	
0.463793103448	-0.987371756963	0.433137828349	4.178193899910	-391.668720678298	171.816276807971	1657.397882796637	1072.565050858665	-1100.009805868753	514.472856413280	
0.464655172414	-0.991450518831	0.436575570894	4.197007516391	-393.286676054894	173.179953877976	1664.860831829294	1072.630371550465	-1109.734932099510	518.253880421322	
0.465517241379	-0.999376141079	0.437663082447	4.213487538715	-396.430596573704	173.611345859535	1671.398095240687	1072.760185334172	-1117.526264277480	520.573431562931	
0.466379310345	-1.005770624591	0.437040088192	4.225812607090	-398.967147937286	173.364217702550	1676.287179548277	1072.639843964253	-1124.147748493708	521.414094179418	
0.467241379310	-1.005089570864	0.436870848240	4.235734545416	-398.696988861027	173.297083925358	1680.222994871357	1072.534118979459	-1128.353326897958	521.013356367625	
0.468103448276	-1.000695687614	0.437167421847	4.224716505433	-396.954031743395	173.414728170651	1675.852380060892	1071.998863231603	-1122.918024480667	519.386346439877	
0.468965517241	-1.002934729296	0.435292688444	4.197945818680	-397.842210471582	172.671062546611	1665.233035768138	1071.225778265592	-1111.505788430414	516.982088462454	
0.469827586207	-1.001904167684	0.434686150475	4.195931542201	-397.433409282391	172.430462237201	1664.434016466668	1070.930607796319	-1111.257682188954	516.738124907561	
0.470689655172	-0.995761731021	0.436236813738	4.196726409963	-394.996839375964	173.045576344102	1664.749323074369	1071.225425218084	-1111.483185737352	517.439520164526	
0.471551724138	-0.993490885045	0.436189839626	4.197489909717	-394.096044581965	173.026942744158	1665.052186681460	1071.760108377569	-1110.779523675371	517.266692730647	
0.472413793103	-0.989719713395	0.434689650767	4.201349980432	-392.600103498801	172.431850726300	1666.583392074288	1072.323612504647	-1111.625631453206	516.894802429924	
0.473275862069	-0.990762058726	0.429567280132	4.200903752781	-393.013579030528	170.399918640515	1666.406383351925	1073.187694821438	-1110.092768781092	514.795842687762	
0.474137931034	-0.994565360906	0.425900307837	4.203355125623	-394.522265590489	168.945311156121	1667.378789194130	1074.116175612808	-1110.348418074563	513.670983795395	
0.475000000000	-0.996558136268	0.428595824093	4.212510044667	-395.312755870209	170.014563336379	1671.010344790388	1074.670542872536	-1114.603544747890	515.727055566647	
0.475862068966	-0.996910499388	0.435077070893	4.218374758088	-395.452530592013	172.585531793210	1673.336747978248	1074.700663699716	-1118.376099951091	519.187532188072	
0.476724137931	-1.001537287995	0.439061087960	4.219841107798	-397.287876156191	174.165903985392	1673.918416747528	1074.328962871616	-1120.478659470213	521.657052272352	
0.477586206897	-1.005740402034	0.441332302249	4.225302657679	-398.955159311874	175.066844880736	1676.084893801500	1073.907985618238	-1125.071350189394	523.808954720333	
0.478448275862	-1.003896905208	0.443844486402	4.235537309959	-398.223884553144	176.063373236264	1680.144755891616	1073.861155679146	-1130.583123894485	525.709932260808	
0.479310344828	-1.000796189208	0.443305255688	4.239633269498	-396.993898521372	175.849472238464	1681.769533206885	1074.061259869804	-1132.629580371996	526.046931153468	
0.480172413793	-1.002401040902	0.441461644289	4.234840040724	-397.630507990497	175.118152031305	1679.868164478723	1074.105921540543	-1130.508170501930	525.408707497551	
0.481034482759	-1.001859430351	0.440853782326	4.232105144341	-397.415662963485	174.877026522323	1678.783291066056	1074.206904756388	-1129.490102601597	525.371153087678	
0.481896551724	-0.995716250154	0.440409007863	4.226574873799	-394.978798113276	174.700594247843	1676.589554033552	1074.433355816090	-1125.656487712080	524.476138591286	
0.482758620690	-0.987639399182	0.441588009999	4.221981076009	-391.774888476432	175.168278537018	1674.767295202553	1074.836129558404	-1121.228284816207	523.656234526392	
0.483620689655	-0.983305501148	0.441791651507	4.210563848844	-390.055726178572	175.249058656788	1670.238331591959	1075.172774953333	-1114.337783957531	522.234032000112	
0.484482758621	-0.982064127999	0.438335020921	4.200861941078	-389.563300676721	173.877889114996	1666.389797566256	1075.555574259690	-1109.172333362351	519.793526603662	
0.485344827586	-0.979116886357	0.433160240866	4.199559901673	-388.394194556957	171.825167362137	1665.873307090909	1076.223458555448	-1107.549181267152	516.949851395892	
0.486206896552	-0.975820839639	0.432749490595	4.202756614762	-387.086725113932	171.662231738133	1667.141373062285	1076.607200485217	-1108.511906807318	516.788200386789	
0.487068965517	-0.975815521540	0.429378869736	4.197002974111	-387.084615540599	170.325180368767	1664.859030006234	1076.603213507609	-1105.651824191173	515.302100402344	
0.487931034483	-0.974704721728	0.426716933573	4.199670333881	-386.643985617516	169.269248675419	1665.917113125784	1076.162388105826	-1106.812576999099	514.456890955463	
0.488793103448	-0.970959346571	0.425458184445	4.207717170319	-385.158277437425	168.769930503463	1669.109116655333	1076.259618451303	-1108.155970465616	513.416556991342	
0.489655172414	-0.972241826445	0.424068706262	4.210687749480	-385.667009075444	168.218754982458	1670.287480256868	1076.139015677612	-1106.751566521775	512.174631176647	
0.490517241379	-0.973432144390	0.420316104832	4.216090517821	-386.139182097918	166.730180298393	1672.430639962923	1076.223025097727	-1105.439384372596	509.554179282132	
0.491379310345	-0.974495115973	0.414590022023	4.213090710704	-386.560839611465	164.458768834178	1671.240682272219	1076.032784554032	-1101.786659215889	506.307493547909	
0.492241379310	-0.977818079692	0.408430045077	4.195131266139	-387.878986438656	162.015241081923	1664.116564504791	1075.584048288134	-1093.232025244010	502.722850998173	
0.493103448276	-0.983188753660	0.404633295689	4.174433452574	-390.009415010880	160.509153870986	1655.906195813349	1075.168784063829	-1084.231732656847	499.676259611090	
0.493965517241	-0.983087210083	0.402769449274	4.158437639500	-389.969134900729	159.769806876722	1649.561007591576	1074.761497890360	-1077.913328274620	497.620961025923	
0.494827586207	-0.979652183176	0.406911417919	4.154760086272	-388.606535064734	161.412834995364	1648.102202883134	1074.650216839824	-1076.550733992571	498.461114221530	
0.495689655172	-0.979053643034	0.412502786900	4.152659880362	-388.369107317713	163.630808438736	1647.269097260926	1074.847209937323	-1076.165258067201	500.552655484462	
0.496551724138	-0.981379403528	0.417211841065	4.158302953796	-389.291685496385	165.498786945563	1649.507580726690	1075.248768125742	-1079.871731250716	503.327117906048	
0.497413793103	-0.985055431999	0.418996045553	4.169800671327	-390.749885367346	166.206541734280	1654.068473100187	1075.432062694143	-1087.144390744276	505.881289709183	
0.498275862069	-0.989458431327	0.418692084874	4.183365972539	-392.496458632882	166.085967199382	1659.449530573275	1075.611753021678	-1095.402009476808	508.168481259300	
0.499137931034	-0.990156378411	0.417547679274	4.204707366255	-392.773318933713	165.632006597448	1667.915193394965	1076.372099291047	-1104.437564289505	509.576799780563	
0.500000000000	-0.993140089956	0.419462865307	4.219858335679	-393.956891863874	166.391718892410	1673.925250670383	1076.875986430119	-1110.457509831119	511.395128614428	
0.500862068966	-0.998506621167	0.422604612776	4.225839967187	-396.085677095273	167.637981207596	1676.298032698868	1076.731701378499	-1113.165389785107	512.802412378986	
