dbx_v3_0_5_0										
Time	Cx	Cy	Cz	Fx	Fy	Fz	Mx	My	Mz	
0.000000000000	0.000000000000	0.000000000000	0.000000000000	0.000000000000	0.000000000000	0.000000000000	0.000000000000	0.000000000000	0.000000000000	
0.000862068966	1.940817952533	0.323240860826	20.576771843061	764.003149148135	127.243791867324	8100.047954977809	3827.610819854739	-5538.968833014847	500.984976002263	
0.001724137931	-0.557142959986	0.601846662572	4.976775287006	-219.319372741479	236.916988999144	1959.108007483211	655.793448264664	-1388.420904962732	644.156390785317	
0.002586206897	-1.092802954854	1.264479159011	4.081644821474	-430.181974469585	497.762326577771	1606.739824948454	1049.516294835278	-1134.994524210453	770.795822448231	
0.003448275862	-1.173821356787	0.972450088521	4.194721480546	-462.074875158744	382.805058583379	1651.252461238675	1094.857869171587	-1269.781751177448	740.525762329332	
0.004310344828	-1.157051833319	0.975593827696	4.519856435987	-455.473550844595	384.042591772558	1779.241863609182	1078.201140796447	-1366.184883659676	780.788948796609	
0.005172413793	-1.188431870688	0.826242211262	4.673090728339	-467.826305176556	325.250315486379	1839.562555594754	1094.985625381840	-1361.178404035883	749.944177355103	
0.006034482759	-1.226351626356	0.839494979126	4.957339561586	-482.753420162780	330.467268663186	1951.457132548017	1126.284255758901	-1426.998555088119	759.718944477854	
0.006896551724	-1.244097626597	0.762762256928	5.020550083149	-489.739134640024	300.261426159746	1976.339959641926	1161.762653672308	-1436.195896063698	747.544666116883	
0.007758620690	-1.237935631951	0.705715211398	5.007633949755	-487.313464932896	277.804851921199	1971.255522652391	1212.953565174437	-1402.481715998153	739.743464419955	
0.008620689655	-1.195142548042	0.704871499348	4.980795112776	-470.467963877255	277.472724602362	1960.690412233410	1207.340963373418	-1374.290445984564	720.089170547742	
0.009482758621	-1.169650271848	0.646889863733	5.081540070134	-460.432927223949	254.648248898920	2000.348673113691	1222.007518528970	-1378.065800385556	690.066599910068	
0.010344827586	-1.123939332576	0.597522818494	5.110205875975	-442.438812161081	235.214907416519	2011.632969977592	1241.417769014006	-1365.001825695539	663.670396596989	
0.011206896552	-1.063080710709	0.620070259869	5.019289651716	-418.481810579174	244.090709597459	1975.843790703141	1232.281265405393	-1326.726474548336	653.425078986734	
0.012068965517	-0.997560673954	0.643453481422	4.931146916966	-392.689842636817	253.295516715002	1941.146395805180	1217.663376901563	-1293.077659899770	638.254221187483	
0.012931034483	-0.924695780329	0.631849507619	4.855631550302	-364.006571174303	248.727611458177	1911.419765409693	1202.265986497238	-1265.110150884057	610.759647461367	
0.013793103448	-0.861133795871	0.624690347471	4.771016148361	-338.985390682490	245.909407467668	1878.110905366973	1182.221736371823	-1239.722010927223	585.945391465366	
0.014655172414	-0.788124946083	0.618506814357	4.690598800386	-310.245450864459	243.475259140865	1846.454609618674	1156.366056452909	-1226.910593717610	564.003668355699	
0.015517241379	-0.694813457560	0.621770892214	4.628453263527	-273.513375612216	244.760163662073	1821.991013842331	1129.203488801144	-1225.620660341290	543.562713721314	
0.016379310345	-0.596052241792	0.644784181537	4.566268322555	-234.636014774671	253.819346926624	1797.511906634107	1102.808592264656	-1222.062737009843	527.321306604769	
0.017241379310	-0.490129948365	0.662938539304	4.498015146314	-192.939695118538	260.965811378038	1770.644038104958	1080.267731622996	-1211.347985963722	505.553858386078	
0.018103448276	-0.391489622748	0.673997551982	4.417929277193	-154.109922699397	265.319192642419	1739.118229035324	1058.544751714793	-1194.484738780462	482.389439575887	
0.018965517241	-0.303019953755	0.692169064911	4.341156382188	-119.283830109584	272.472410225265	1708.896572503049	1034.472634867500	-1182.820299591908	465.233400172651	
0.019827586207	-0.265207183921	0.700561585426	4.283274337247	-104.398830105733	275.776126626766	1686.111300676620	1016.422347306345	-1172.713151620721	458.536523323450	
0.020689655172	-0.223824090340	0.706992972712	4.297442936709	-88.108371860191	278.307842769394	1691.688771038247	1021.344834440791	-1178.411023857398	451.322145917498	
0.021551724138	-0.183464547140	0.711497714222	4.243586773547	-72.220834307889	280.081134640938	1670.488287910599	1008.599737783258	-1164.580535704828	441.636654846422	
0.022413793103	-0.155274602356	0.714834534687	4.143338899173	-61.123860188888	281.394674295696	1631.025703788772	983.977000415194	-1136.614191453145	431.799982321187	
0.023275862069	-0.133861428460	0.710614631170	4.057585931148	-52.694562495745	279.733508924084	1597.269040761905	966.041333127780	-1110.848664216108	420.710473398535	
0.024137931034	-0.114519492255	0.699956565134	4.006744546398	-45.080607692850	275.537960338401	1577.255325407698	958.547219020779	-1091.338016670504	410.042644264450	
0.025000000000	-0.109101028789	0.691113249362	3.966155520256	-42.947629096974	272.056788346115	1561.277451876437	952.847416479217	-1075.261455171659	402.890200947050	
0.025862068966	-0.100308560124	0.685871079036	3.916437424885	-39.486473072558	269.993207559240	1541.705919480102	943.951263511197	-1057.114784471746	395.437272137364	
0.026724137931	-0.096298210607	0.686790120673	3.849778724589	-37.907798650027	270.354988376610	1515.465716539899	929.591440954297	-1034.903369030295	388.821919333523	
0.027586206897	-0.099251891620	0.685475378678	3.791770828091	-39.070515427726	269.837440080168	1492.630903237694	921.749635950107	-1016.020863127488	382.275514999372	
0.028448275862	-0.100306508735	0.675596167799	3.740387813031	-39.485665543092	265.948487892344	1472.403975066773	920.863255191844	-1001.337248138598	374.954311284934	
0.029310344828	-0.106284170240	0.672993821306	3.687343657744	-41.838772493837	264.924073978298	1451.523138906718	914.342234677723	-987.982120223578	371.424461336843	
0.030172413793	-0.119080260379	0.674019757092	3.637823750901	-46.875954446182	265.327933686136	1432.029623441469	909.988822255232	-973.490457242798	368.598759054095	
0.031034482759	-0.130006797475	0.667830121451	3.618277610772	-51.177186686774	262.891383098772	1424.335283746559	910.961590418118	-966.451809971496	366.554970382429	
0.031896551724	-0.134307447773	0.661874710809	3.609574902795	-52.870138035601	260.547035202126	1420.909462024513	912.164549747835	-962.323732996805	365.466637146237	
0.032758620690	-0.138961065316	0.651169590266	3.583005666714	-54.702034970439	256.332963606273	1410.450480021682	909.346987702567	-951.255547672730	364.389521718846	
0.033620689655	-0.152466825714	0.643750037024	3.561907446487	-60.018578679311	253.412255852403	1402.145163866618	906.080309421909	-941.442063562792	363.722192772499	
0.034482758621	-0.163528396685	0.647641160036	3.558788003809	-64.372967016015	254.943996751244	1400.917194996140	900.139909046955	-938.680773284326	365.583615287109	
0.035344827586	-0.178523586272	0.648559346502	3.524927806371	-70.275824649483	255.305440930278	1387.588125445856	891.621887027061	-928.989881970351	366.971845634738	
0.036206896552	-0.183472588057	0.639247505194	3.480880301835	-72.223999615507	251.639833821635	1370.248821605673	882.626837010593	-914.950251041762	363.064665936321	
0.037068965517	-0.180566790668	0.634588286563	3.459201507825	-71.080132230753	249.805732018366	1361.714962532720	875.639346491688	-909.773326483896	360.935443129026	
0.037931034483	-0.177538599685	0.638909399158	3.459864969765	-69.888084597395	251.506738352326	1361.976134380781	871.891343505709	-913.227037244002	364.034173246521	
0.038793103448	-0.176025144384	0.642737597098	3.464014365523	-69.292312791528	253.013708790909	1363.609544367542	871.013540265381	-916.891124581957	368.560076187690	
0.039655172414	-0.178545726338	0.640108795454	3.471839007217	-70.284540088522	251.978880804311	1366.689715223953	873.625276884286	-920.332845720226	371.560535918257	
0.040517241379	-0.184746127787	0.640547534003	3.472214534343	-72.725328636803	252.151590270609	1366.837541508579	874.332157149109	-921.405722828925	376.846188024654	
0.041379310345	-0.178404595966	0.638026869618	3.474201191115	-70.228984105617	251.159330525095	1367.619589112744	873.459010643591	-922.608013143971	378.457606527169	
0.042241379310	-0.171158169966	0.625527572801	3.472672206824	-67.376427905332	246.238981288991	1367.017704318979	872.255323931585	-921.942118179525	373.041551726744	
0.043103448276	-0.158219072595	0.603592400971	3.470558955026	-62.282951144284	237.604199065462	1366.185822571956	873.032494185455	-918.032651573509	360.720653238165	
0.043965517241	-0.146318064099	0.583231020419	3.465948633177	-57.598118155848	229.588939910290	1364.370968990946	872.952912798378	-915.047011211320	348.778956963584	
0.044827586207	-0.141025136632	0.568049758004	3.453021872552	-55.514556816061	223.612834692384	1359.282348590961	870.787456335870	-911.220978020065	341.743389172425	
0.045689655172	-0.140562413688	0.567853097537	3.432367799465	-55.332405890746	223.535419283143	1351.151870995033	870.383768537660	-904.086370598293	340.042848590245	
0.046551724138	-0.139318337021	0.572265323312	3.398704798258	-54.842675006787	225.272292328193	1337.900427757773	866.055853663702	-895.366869141099	339.378275485850	
0.047413793103	-0.133208478372	0.570264619936	3.369243283736	-52.437528639137	224.484715276982	1326.302900104768	861.645969459925	-886.164581855749	332.530175135656	
0.048275862069	-0.130304114098	0.570260095130	3.342396930695	-51.294225400206	224.482934086749	1315.734830987626	854.811895841467	-878.585665603349	328.734534137859	
0.049137931034	-0.120778444163	0.570898101450	3.308124546162	-47.544444634464	224.734085327886	1302.243503953009	843.372793452803	-870.780888060961	323.504102850621	
0.050000000000	-0.110104562828	0.567596029882	3.287403032851	-43.342670355308	223.434224579383	1294.086478507267	837.513753440619	-864.375923607696	315.552025542483	
0.050862068966	-0.097995157121	0.568709314359	3.268221820879	-38.575801786911	223.872469106511	1286.535792812136	831.111864134321	-859.192749753868	307.377896750835	
0.051724137931	-0.087475282793	0.576477741249	3.253880295571	-34.434652379112	226.930511000992	1280.890250176417	824.823723514371	-857.905185826055	303.873285961538	
0.052586206897	-0.080530592961	0.580691410103	3.234938523519	-31.700874646367	228.589222097447	1273.433820025764	818.993276584024	-853.426413203997	300.505025561104	
0.053448275862	-0.070390483933	0.588588646574	3.223814776165	-27.709219880406	231.697969893638	1269.054955950491	812.142961726177	-854.747628411406	299.508052172419	
0.054310344828	-0.055400781712	0.595524373785	3.207738918698	-21.808522348911	234.428219489707	1262.726693315915	804.406228312977	-853.168570099655	296.591593009151	
0.055172413793	-0.039758877043	0.596923868399	3.191121375686	-15.651085269333	234.979130661687	1256.185196121101	793.727946324401	-851.153809146958	291.686511986793	
0.056034482759	-0.027723831567	0.596489303651	3.166037327495	-10.913488612403	234.808064212051	1246.310858454931	779.384401004184	-846.654915191068	286.215894557787	
0.056896551724	-0.019448531545	0.597741291455	3.134300135981	-7.655916067441	235.300909315678	1233.817510364128	763.646943516054	-840.146872720511	282.891319547210	
0.057758620690	-0.006474592523	0.599345066193	3.107421072477	-2.548723887606	235.932235375231	1223.236564770612	749.545423315690	-835.120188359529	279.368691612467	
0.058620689655	0.003099498332	0.602424336343	3.078084936475	1.220117777455	237.144390327159	1211.688392382739	736.814020576648	-830.994675374346	279.427226781304	
0.059482758621	0.007815816169	0.607844755881	3.049115795626	3.076696687809	239.278138931122	1200.284687667259	725.954713355352	-827.731999125790	282.570913468365	
0.060344827586	-0.000487060449	0.610838619292	3.013303234600	-0.191731386362	240.456673513121	1186.187070027782	712.867896493255	-823.101026457909	288.085771131732	
0.061206896552	-0.007752574783	0.613139486126	2.999187871352	-3.051801711097	241.362409934468	1180.630556105904	707.372914656107	-823.532138126639	293.012519459446	
0.062068965517	-0.007870221437	0.615169860157	2.987188035416	-3.098113326287	242.161666841330	1175.906819687353	703.576388092236	-821.535654839432	294.421296007425	
0.062931034483	-0.010705591003	0.614476668165	2.967633619982	-4.214256792852	241.888791755741	1168.209222418029	697.143907663340	-816.010093237255	295.024606432068	
0.063793103448	-0.012333077049	0.612168050465	2.958319799623	-4.854916810561	240.980004205258	1164.542836255683	694.331539844234	-811.552717533236	293.869344041821	
0.064655172414	-0.018320052598	0.609897002799	2.936122177536	-7.211690235749	240.086006101972	1155.804740466962	688.065079493873	-802.171516592872	293.796010638024	
0.065517241379	-0.022557595427	0.601103116671	2.914966313347	-8.879799324083	236.624292092743	1147.476732761492	683.895535817448	-792.427241390992	291.277326539849	
0.066379310345	-0.026162305015	0.591769761811	2.902333239587	-10.298793554828	232.950216172437	1142.503722220704	683.310107124334	-783.892926961081	288.223954512980	
0.067241379310	-0.030884172474	0.585360042146	2.892872709868	-12.157557074571	230.427029491001	1138.779583906344	685.812509679975	-775.790062143375	286.115226480586	
0.068103448276	-0.036109369957	0.576744130346	2.879778493545	-14.214456500046	227.035375091165	1133.625044556826	689.199637087468	-766.554248518437	282.815676775482	
0.068965517241	-0.035193059469	0.568542675659	2.869052096981	-13.853750799912	223.806871768431	1129.402597653444	691.804975597662	-757.780649393608	276.788125982496	
0.069827586207	-0.031307965819	0.565338952564	2.870069631676	-12.324383360042	222.545725904504	1129.803150271298	694.810596284580	-753.806702440397	273.506333269004	
0.070689655172	-0.027404422336	0.562628321474	2.859179285634	-10.787753141771	221.478685749638	1125.516164641780	693.512437511673	-746.971855228653	269.832224885717	
0.071551724138	-0.026312681846	0.561756868275	2.842650097599	-10.357989406736	221.135638124849	1119.009448390983	690.624044712293	-739.432578852212	267.786243228381	
0.072413793103	-0.024188644616	0.564452912815	2.830410259945	-9.521861973623	222.196936283392	1114.191235276112	688.060750575522	-735.517050084652	268.087864796384	
0.073275862069	-0.023284334290	0.566094747274	2.820118567447	-9.165880138587	222.843244555283	1110.139909664451	687.881657269212	-733.149857013573	268.151632261695	
0.074137931034	-0.018465708215	0.568935949127	2.804724228869	-7.269027581445	223.961683902163	1104.079926997173	682.894862280921	-731.875626447102	268.478060242602	
0.075000000000	-0.011077653747	0.573191933716	2.794460407142	-4.360719323091	225.637052590893	1100.039572717228	678.361508220248	-732.317173669910	268.671915554962	
0.075862068966	-0.002552478338	0.580480821939	2.792205958636	-1.004783311044	228.506324048852	1099.152108874357	674.959224845934	-736.677305927802	269.813798173402	
0.076724137931	0.002252690478	0.587978297098	2.793508519838	0.886771794754	231.457705771390	1099.664862200256	672.074772815683	-743.109501478015	272.579572588880	
0.077586206897	0.010510008529	0.594974880853	2.796449292469	4.137265735581	234.211911551262	1100.822497592289	670.031188915471	-749.780611620115	273.726911248153	
0.078448275862	0.014022712427	0.601207854984	2.799423720035	5.520041918498	236.665522338384	1101.993381252090	666.310685818823	-757.319673479788	276.981282814952	
0.079310344828	0.015399896271	0.604048851418	2.796262736786	6.062170453407	237.783880822221	1100.749059931913	662.576465926297	-761.322440419577	278.604777313752	
0.080172413793	0.015749847698	0.605553411198	2.791037411388	6.199928862089	238.376150905123	1098.692110152481	659.520769429843	-763.125594532364	279.463416680865	
0.081034482759	0.017171187580	0.605175243888	2.790389222633	6.759439425348	238.227285312215	1098.436950594992	657.733670038293	-764.677845062411	279.713962409196	
0.081896551724	0.020554180933	0.601899863891	2.787925708351	8.091155041417	236.937931702579	1097.467187992279	657.144856850027	-763.462908660714	278.025003001069	
0.082758620690	0.019940362504	0.597715803808	2.783394519791	7.849525365379	235.290876101460	1095.683485237023	658.663488030652	-759.614676237581	275.937731140795	
0.083620689655	0.015812858961	0.591689413002	2.782788827191	6.224733251147	232.918586857053	1095.445054294409	660.142466433753	-757.197081806905	274.639322373970	
0.084482758621	0.012837628466	0.584253077645	2.778370909340	5.053533518069	229.991272822520	1093.705940563210	660.498541897357	-753.104482544442	273.009321595607	
0.085344827586	0.011075483297	0.577709691618	2.776675925026	4.359864925076	227.415468366597	1093.038709846351	660.586307394601	-750.162686775000	271.894287621245	
0.086206896552	0.008569173990	0.572276759718	2.771827244228	3.373256057017	225.276794270227	1091.130026245363	659.986895469518	-745.324632690782	270.877054332481	
0.087068965517	0.005406331478	0.565992807989	2.761996530002	2.128202838114	222.803116147162	1087.260164768855	661.117833316149	-738.317205415051	269.051295611940	
0.087931034483	0.004775586124	0.557618058198	2.752164630867	1.879909876554	219.506395192316	1083.389836853105	662.557299607880	-730.654910053909	265.981403602748	
0.088793103448	0.002665965219	0.548359522406	2.741171372854	1.049457431359	215.861771804491	1079.062339917781	664.283554842354	-722.597717692471	263.031312355872	
0.089655172414	-0.001792773029	0.541235191567	2.734192351745	-0.705725252743	213.057278374337	1076.315047675126	666.659431642332	-717.149656301277	261.074849078830	
0.090517241379	-0.006541252387	0.535505369108	2.730448943641	-2.574964548718	210.801733284746	1074.841454762425	669.189951769197	-713.586945767633	259.211790283976	
0.091379310345	-0.010320801256	0.530067746971	2.727437554794	-4.062784276422	208.661212876375	1073.656021291359	670.823192398589	-711.363940841546	257.036624801298	
0.092241379310	-0.012561155307	0.526019017129	2.722817692253	-4.944699835889	207.067430035726	1071.837412016256	669.415683582791	-710.221738262655	255.443436753683	
0.093103448276	-0.012973595209	0.524768147140	2.726283147274	-5.107056837866	206.575024960194	1073.201588674465	669.215984305052	-712.188568379009	254.595577431108	
0.093965517241	-0.015002226354	0.525671654157	2.725342410204	-5.905627657615	206.930690572686	1072.831267448512	666.852052512223	-713.386402068660	255.024167550889	
0.094827586207	-0.017278996054	0.528582174208	2.725902236325	-6.801878239988	208.076417034013	1073.051643047638	664.768945828796	-715.340407610337	256.629492983011	
0.095689655172	-0.018120001448	0.533659491535	2.727001855653	-7.132940083815	210.075103423802	1073.484508288096	661.418975485747	-718.654309850301	259.077184207474	
0.096551724138	-0.017639534927	0.538459080370	2.731602864575	-6.943804397413	211.964461969854	1075.295695834629	659.736779346209	-722.772059118815	261.253901175592	
0.097413793103	-0.017824647946	0.543925491049	2.738958956392	-7.016674153044	214.116314990289	1078.191421992991	658.483718361331	-729.266020640701	263.592677150698	
0.098275862069	-0.015335343528	0.549257871321	2.751822827102	-6.036759260902	216.215406929967	1083.255285772596	658.465410672598	-736.906533770053	265.624066366859	
0.099137931034	-0.013120520914	0.552772525154	2.759106675122	-5.164894153846	217.598950704874	1086.122573153795	658.470905704607	-741.983413712161	266.880304732858	
0.100000000000	-0.010004036241	0.558002043349	2.764808180855	-3.938089701912	219.657550979210	1088.366971362087	658.650942919202	-745.930952050061	268.550746292564	
0.100862068966	-0.006476601294	0.561018451459	2.760686990092	-2.549514640520	220.844960283402	1086.744664273893	656.791217652929	-745.932571796681	268.883946478212	
0.101724137931	-0.005872994713	0.561290677668	2.745803232321	-2.311904859298	220.952122153493	1080.885671784125	653.776939769004	-742.048235759660	269.057269050386	
0.102586206897	-0.003596510807	0.559403924277	2.732044316457	-1.415766779499	220.209401523599	1075.469473404660	652.245024721162	-735.887964533349	268.457990220278	
0.103448275862	-0.000828648252	0.557373145094	2.725537595998	-0.326197453790	219.409985128327	1072.908102352695	650.798260680154	-732.611012629956	268.195034722931	
0.104310344828	0.001030786578	0.554107957467	2.727124886718	0.405769222734	218.124643746472	1073.532939477107	652.557230544618	-731.285640135490	266.958492359261	
0.105172413793	0.000902285706	0.551366521238	2.729359418610	0.355184843371	217.045477145962	1074.412563143139	654.715047861901	-730.472019907346	266.012665557276	
0.106034482759	0.001985536027	0.552940757764	2.740993308018	0.781606423078	217.665175485894	1078.992244680181	656.011827803551	-735.154552547120	267.703202212342	
0.106896551724	0.001073331493	0.554185175225	2.752634746322	0.422517031889	218.155040523257	1083.574897841156	658.213725459377	-739.272988520605	269.408384461370	
0.107758620690	-0.003809696228	0.554826169197	2.754937068381	-1.499687238402	218.407367853686	1084.481207112083	658.981212002049	-741.322395981296	270.984217846503	
0.108620689655	-0.007036608295	0.555059017973	2.760011464042	-2.769961443215	218.499028794122	1086.478743387872	659.370200407487	-744.348560520607	272.185870999570	
0.109482758621	-0.008914336393	0.555935695717	2.760059073456	-3.509129265883	218.844133061123	1086.497484837836	659.427150340508	-744.683789426641	273.080547035257	
0.110344827586	-0.010715826305	0.556011063186	2.752136344581	-4.218285920017	218.873801471580	1083.378701954338	659.305818198180	-740.929202569142	272.956096724116	
0.111206896552	-0.011293182534	0.552615258098	2.740510892689	-4.445562247765	217.537042514968	1078.802341845849	659.105289764189	-734.526679130444	270.394874017112	
0.112068965517	-0.011122642008	0.547037406340	2.726529776947	-4.378428955658	215.341320704723	1073.298674466086	658.019937362300	-726.192698054806	266.213961602804	
0.112931034483	-0.011304913609	0.541039455153	2.713094612583	-4.450180186630	212.980226718814	1068.009920891902	657.055631095123	-717.955859073208	261.182308946741	
0.113793103448	-0.011310447922	0.537115908566	2.702458973016	-4.452358769274	211.435722276890	1063.823200487867	655.906332819091	-711.673030206665	257.936980730751	
0.114655172414	-0.010028148845	0.532505046010	2.692841540589	-3.947581630483	209.620655846767	1060.037297409388	654.712824532282	-705.229346571280	253.903988612602	
0.115517241379	-0.009315012224	0.529642053144	2.680421876847	-3.666855340157	208.493638465737	1055.148295739914	651.586499676400	-699.830385947165	251.355034333552	
0.116379310345	-0.004753082582	0.530661023415	2.681483196471	-1.871051355588	208.894756198109	1055.566084298436	650.022060278250	-699.897210373454	250.392534822459	
0.117241379310	0.000404854353	0.536729293211	2.686571534136	0.159370949999	211.283531110021	1057.569108845530	647.974899563083	-703.195565521108	252.080039623136	
0.118103448276	0.005562292889	0.546354938204	2.703476584145	2.189597060335	215.072667065725	1064.223783193795	647.872555211810	-712.728828155436	256.418729010884	
0.118965517241	0.009703664735	0.555061708659	2.718549780094	3.819848433645	218.500087982746	1070.157348037978	647.114728514377	-721.733034458672	261.261542132037	
0.119827586207	0.011269782742	0.562527712832	2.727920514158	4.436350917816	221.439081149296	1073.846138285261	646.016622149326	-728.606007475891	265.711873099611	
0.120689655172	0.011007608086	0.567792916034	2.745739545118	4.333145842611	223.511728829341	1080.860601311151	646.732763056907	-738.372869201716	269.504574700771	
0.121551724138	0.008823812808	0.570921437050	2.764568016438	3.473494649035	224.743271388582	1088.272430619320	646.365748560329	-749.246096299181	272.422018496234	
0.122413793103	0.005372804699	0.571355420440	2.774312581175	2.115005018623	224.914108986634	1092.108379342181	646.874244481568	-754.636215062149	273.252258693219	
0.123275862069	0.004674495170	0.571327448477	2.786785155626	1.840115414300	224.903097821013	1097.018209316530	648.987481688566	-759.860402876432	273.789166979684	
0.124137931034	0.003009146410	0.571786405738	2.796456500121	1.184550735847	225.083766385232	1100.825334884848	651.567197071578	-763.513074134708	274.754863647181	
0.125000000000	0.004388286738	0.573688284035	2.799915032566	1.727449441199	225.832440935599	1102.186786470855	653.387385340005	-763.367488746176	275.906587106886	
0.125862068966	0.000472975681	0.569651238070	2.789024625410	0.186186916194	224.243257454324	1097.899776784225	654.774044706952	-757.877094613686	274.549420982032	
0.126724137931	-0.003338237451	0.565459425300	2.783491781668	-1.314097451298	222.593150007009	1095.721772382765	656.093967641424	-754.039352012144	273.430656994853	
0.127586206897	-0.003462402983	0.564250107643	2.780500059495	-1.362975223526	222.117102010232	1094.544080699640	657.372649369909	-750.738542267432	272.992815348426	
0.128448275862	-0.005353731317	0.562003297520	2.779918969670	-2.107496780119	221.232645017665	1094.315334641406	658.742986030332	-748.269736628326	272.105974027924	
0.129310344828	-0.007835689874	0.561338146036	2.780892462945	-3.084519973557	220.970808080465	1094.698550350381	659.125348761997	-747.031946729231	271.802779188697	
0.130172413793	-0.007863498318	0.563085003159	2.781107667213	-3.095466769983	221.658458533067	1094.783265528547	659.295011275863	-745.246993940324	271.948303500089	
0.131034482759	-0.007572566615	0.562001989222	2.781367795628	-2.980941480608	221.232130006134	1094.885665101016	660.154089316809	-742.312451521430	269.833344925771	
0.131896551724	-0.007982389850	0.559125567486	2.771612781834	-3.142268431338	220.099826349459	1091.045603105946	658.832459932259	-736.852691125158	266.499000279589	
0.132758620690	-0.006327774418	0.554600231069	2.761969968575	-2.490928928290	218.318427290865	1087.249708860831	657.116996147302	-732.366647071401	262.311286915317	
0.133620689655	0.000072346598	0.553487226175	2.757914053006	0.028479244167	217.880292821548	1085.653097358467	655.148990432332	-729.484144868204	258.976040920456	
0.134482758621	0.002733428995	0.554467537148	2.742733631611	1.076014552142	218.266192317832	1079.677323208054	651.281884464890	-724.629262078782	257.270838307539	
0.135344827586	0.006109059914	0.552838120724	2.729533770153	2.404831945563	217.624772406497	1074.481196642434	648.445543478716	-719.387125239282	254.154892790286	
0.136206896552	0.009127167336	0.553312003593	2.717976578471	3.592910184440	217.811316437523	1069.931707171435	644.675291502740	-716.271578928418	252.825679847237	
0.137068965517	0.014147615924	0.554242380620	2.714339081994	5.569210190171	218.177559431764	1068.499806379435	641.881986109247	-715.691842054028	251.511437889680	
0.137931034483	0.019383532870	0.557459185195	2.713578400357	7.630329333373	219.443854821627	1068.200363989330	639.171333781703	-716.876911475881	252.525927322072	
0.138793103448	0.021218379080	0.558748352613	2.710920977005	8.352616697400	219.951335683328	1067.154269064769	636.236779179387	-717.521026166576	253.468631417835	
0.139655172414	0.021858745315	0.564039168353	2.710859640725	8.604696919478	222.034065741387	1067.130124033076	634.101712043948	-720.332418954228	256.975855694797	
0.140517241379	0.021549239003	0.568416486932	2.708793142205	8.482859733700	223.757197565376	1066.316646718100	631.533826357737	-723.373284866492	260.770236774377	
0.141379310345	0.020117565705	0.570258242216	2.712109804656	7.919281420447	224.482204686880	1067.622251168867	630.456868965899	-728.038945288555	263.364186167152	
0.142241379310	0.020348226703	0.571413136525	2.721871494145	8.010081141445	224.936828928150	1071.464941051797	630.718954104095	-733.987789793959	265.287405630508	
0.143103448276	0.019649706969	0.571346951098	2.731154200388	7.735108789699	224.910775029376	1075.119079139828	631.914164416356	-738.706983451822	266.430022618266	
0.143965517241	0.019139754687	0.571735462331	2.744590021621	7.534366031560	225.063712508632	1080.408091290770	632.926837721858	-744.648010423054	268.121931663715	
0.144827586207	0.016746162959	0.570357210329	2.753094632472	6.592128447932	224.521163492973	1083.755932062416	634.441588809545	-748.316362570980	269.200424203966	
0.145689655172	0.013274338581	0.569470533575	2.761901929046	5.225444491450	224.172123114755	1087.222925094775	636.693278855200	-752.001344400458	270.700018851799	
0.146551724138	0.013174212403	0.573461172972	2.772346571778	5.186029813123	225.743038646824	1091.334459578618	638.598441688508	-755.587626494582	273.945446167890	
0.147413793103	0.010904539672	0.573741760106	2.768901669987	4.292572952949	225.853491795330	1089.978373700770	639.690224578798	-753.361211046441	275.235567567630	
0.148275862069	0.005787369707	0.568216861518	2.767303815160	2.278198568733	223.678615004682	1089.349378014638	642.507427593847	-750.887299173596	274.242122942618	
0.149137931034	0.005465441921	0.564666260719	2.771229041525	2.151471668722	222.280920703492	1090.894543701162	644.966165477050	-749.982493244637	272.253258989192	
0.150000000000	0.004038592712	0.560948543069	2.769163781505	1.589792358401	220.817440840035	1090.081553921783	646.504665671589	-746.307329141639	269.688778904261	
0.150862068966	0.002611266025	0.556599462456	2.762369347797	1.027925088919	219.105424893220	1087.406924524909	647.503652334842	-741.570839088465	266.378689451672	
0.151724137931	0.001849329277	0.553304745139	2.758917614453	0.727988624221	217.808459146463	1086.048149405813	647.433190013371	-740.371262455203	264.374155478536	
0.152586206897	0.004467445605	0.553924378859	2.762476854598	1.758610335549	218.052378012008	1087.449244586436	646.733119840568	-741.443635875924	263.535388308169	
0.153448275862	0.007645207176	0.557659254782	2.763619239397	3.009536443494	219.522612231129	1087.898944457645	645.840696587974	-742.235183719542	263.654451828153	
0.154310344828	0.008879895525	0.559930161013	2.760804878222	3.495571615113	220.416554658627	1086.791070946270	644.293210285836	-742.770871201761	264.001490985705	
0.155172413793	0.010242719954	0.560698685937	2.759185711321	4.032047565597	220.719084559182	1086.153685760207	643.772753694296	-743.047519647207	263.639857159084	
0.156034482759	0.012376502149	0.563463797134	2.757743772905	4.872011104807	221.807570812838	1085.586066582416	642.766223354279	-743.854208143519	264.249458569510	
0.156896551724	0.015332811711	0.565914029399	2.752705007509	6.035762610799	222.772104948785	1083.602556163456	641.997939108599	-741.416100339952	264.163301100718	
0.157758620690	0.017507090375	0.571316727000	2.751907476238	6.891667588550	224.898877310496	1083.288607912003	641.095174527811	-742.674920143748	266.506078081755	
0.158620689655	0.018030268621	0.573097544795	2.746359360996	7.097616748888	225.599896384440	1081.104591883418	639.865125898337	-741.234644577181	267.105980938185	
0.159482758621	0.016285841932	0.575477970713	2.743341455885	6.410923037134	226.536951245942	1079.916593284351	639.048898753178	-741.057400373450	268.670303432212	
0.160344827586	0.015712127495	0.576862705659	2.743196843596	6.185080300883	227.082052273196	1079.859666644663	638.915756796699	-741.516788516030	269.687301083914	
0.161206896552	0.017523778758	0.578181676778	2.748136289654	6.898236972102	227.601265364363	1081.804079997907	639.820190620008	-742.211509297361	269.598317027817	
0.162068965517	0.017222210640	0.577548962989	2.751921567411	6.779524657302	227.352197528418	1083.294154903277	641.206131204054	-741.970595421566	268.855131860391	
0.162931034483	0.015736606650	0.575926891003	2.753796005847	6.194716522444	226.713668755588	1084.032027750098	640.956360419047	-742.576028188826	268.643707931292	
0.163793103448	0.012475909584	0.573271917391	2.759981374997	4.911142850002	225.668538171242	1086.466898832817	642.223475863729	-744.758049705671	268.450529429226	
0.164655172414	0.006069771717	0.572996576987	2.768705609905	2.389366143370	225.560150398327	1089.901194633317	643.225441827203	-749.280901890192	270.360537704174	
0.165517241379	0.000957099862	0.572637279595	2.776156148276	0.376762440684	225.418712950012	1092.834099685306	644.088068239977	-753.810162923169	272.395885661650	
0.166379310345	-0.003348574688	0.573939281315	2.781334112787	-1.318166705732	225.931246035895	1094.872405847684	646.085567347345	-756.538429609543	274.827077548304	
0.167241379310	-0.007587715116	0.571926095737	2.777854343415	-2.986904689406	225.138755364988	1093.502594343544	647.346945849881	-754.976603622373	275.034325735230	
0.168103448276	-0.010844250965	0.570716588000	2.775674977291	-4.268840298103	224.662632543217	1092.644686687031	649.049369939826	-753.202446631065	275.023889866252	
0.168965517241	-0.011049196411	0.570852297673	2.764907374650	-4.349517090158	224.716054667136	1088.406019007722	648.825550501572	-747.766645883251	274.503798836616	
0.169827586207	-0.010060050848	0.568092149103	2.753047433711	-3.960139856561	223.629521951899	1083.737352266193	649.612903668457	-741.300617947058	271.923847725394	
0.170689655172	-0.007979831359	0.566661496084	2.740675179660	-3.141261281109	223.066345271508	1078.867013425686	648.594073801118	-734.820724173363	269.588442734150	
0.171551724138	-0.005367168475	0.565116888429	2.728335529376	-2.112786318579	222.458310339347	1074.009509060473	647.837875934222	-728.642705267133	267.152101045751	
0.172413793103	-0.005948139522	0.564521277731	2.722048106044	-2.341485619578	222.223848138196	1071.534464340733	646.830744562840	-726.150175272611	265.963880599381	
0.173275862069	-0.005910996103	0.564867033869	2.717987282583	-2.326864109865	222.359955070725	1069.935920845978	645.341013577561	-724.842425632994	265.478983081639	
0.174137931034	-0.004494798995	0.565762132745	2.719691184578	-1.769377999927	222.712310818172	1070.606662008512	644.546744862680	-726.157598843311	265.527334451832	
0.175000000000	0.000322946825	0.567146190159	2.722841229897	0.127128044515	223.257145134564	1071.846677611793	643.122945175419	-728.139458547052	265.554791426878	
0.175862068966	0.004880570223	0.567576024937	2.725452677823	1.921236876187	223.426349631003	1072.874674305895	642.311945617557	-729.716830650507	264.940061697324	
0.176724137931	0.007819318862	0.564856325775	2.725010146036	3.078075523222	222.355739828575	1072.700471630963	641.123694266632	-730.560068023358	263.584911556057	
0.177586206897	0.013749361569	0.565285504538	2.728253451741	5.412437330257	222.524686084486	1073.977199192520	639.291141608619	-733.094449772783	263.499821984043	
0.178448275862	0.020254380466	0.566962471679	2.729893741455	7.973138562384	223.184824339825	1074.622899375500	637.766021466104	-734.515502052192	264.347252727935	
0.179310344828	0.024251614892	0.569677966272	2.732231406368	9.546650228179	224.253779013246	1075.543121363676	636.468402256358	-736.077474290911	266.013358602754	
0.180172413793	0.027493904906	0.572756871528	2.735580950223	10.822977962958	225.465790324356	1076.861669582199	635.969459885153	-737.769053809632	267.537394338030	
0.181034482759	0.029987260842	0.575523057790	2.738473386962	11.804487735688	226.554699777559	1078.000277545956	636.299558349493	-739.032491730164	268.937694691144	
0.181896551724	0.027773478398	0.575010422178	2.734330411700	10.933032091547	226.352900725861	1076.369394988174	637.004124773994	-737.314975572740	268.983133057236	
0.182758620690	0.024230969180	0.572336916533	2.728268299451	9.538523041785	225.300475005679	1073.983043994790	637.842830785186	-734.036152428202	268.282329512985	
0.183620689655	0.019966427241	0.568660276319	2.725610598174	7.859785751481	223.853165277948	1072.936839665365	638.718494518411	-732.099831002308	267.530987761016	
0.184482758621	0.014635162921	0.566103931697	2.726458575890	5.761133106275	222.846860004288	1073.270646163901	640.046412197209	-731.367838680561	267.313287834906	
0.185344827586	0.009552604583	0.566486525108	2.729056307070	3.760383592031	222.997467932154	1074.293243259835	641.777213540053	-732.032669660168	268.425120827982	
0.186206896552	0.002341545477	0.562565745710	2.727366728971	0.921749572757	221.454052794841	1073.628140700325	642.775429737499	-731.115995038615	267.600687339249	
0.187068965517	-0.001152485909	0.560104547286	2.733467001818	-0.453676174512	220.485201829452	1076.029513615827	643.493677347499	-733.569156569636	267.587459810757	
0.187931034483	-0.001950988560	0.558252872813	2.744188809575	-0.768006809541	219.756290018512	1080.250154135140	644.683565931300	-736.784034650021	267.440388440718	
0.188793103448	-0.003074060173	0.558615897867	2.754980855173	-1.210104044059	219.899194861377	1084.498443786391	646.374744270001	-741.469426546350	268.628090286287	
0.189655172414	-0.003217906580	0.557785335045	2.759635881380	-1.266729193885	219.572243736971	1086.330895241475	647.194094252230	-743.768539387780	268.433992299974	
0.190517241379	-0.003896380324	0.558594496116	2.761878166127	-1.533810440204	219.890770060400	1087.213570819449	646.693851842332	-746.595976506982	269.378327832942	
0.191379310345	-0.002105532716	0.558967333943	2.760812971974	-0.828843129579	220.037537702155	1086.794257052213	645.313107541490	-748.097682651805	269.782788656107	
0.192241379310	0.001064971203	0.561858864594	2.761981834373	0.419226002961	221.175788984418	1087.254379833167	644.521921355113	-750.231434220633	271.040576053697	
0.193103448276	0.002795647149	0.564753830239	2.761911806078	1.100506733720	222.315392452566	1087.226813189159	643.416874101713	-752.112837475557	272.672203985785	
0.193965517241	0.004523846461	0.567461744174	2.755789033379	1.780812537317	223.381362999189	1084.816583204512	640.826775126561	-752.104244877229	273.808330287110	
0.194827586207	0.007311432603	0.571060583038	2.751651662451	2.878146055111	224.798046218506	1083.187906793321	639.917036412163	-751.577221443906	274.738918803186	
0.195689655172	0.009801630739	0.574493748445	2.747406487667	3.858412759353	226.149512067874	1081.516793384739	638.964873212111	-751.805632612351	275.920066208311	
0.196551724138	0.011222552917	0.575291698525	2.742861750232	4.417758893476	226.463625183590	1079.727757113825	638.488928049690	-750.823970394910	275.668309291040	
0.197413793103	0.012407565804	0.577903441518	2.737873099512	4.884239315305	227.491738030766	1077.763974341144	637.557642403255	-749.837278377923	276.112178815125	
0.198275862069	0.010310903766	0.579677322496	2.736229570215	4.058888128714	228.190026426084	1077.116998896096	638.289170200031	-749.092676418729	276.461026803625	
0.199137931034	0.007582636767	0.578427467263	2.729308084218	2.984905596770	227.698020809078	1074.392355355213	637.924512990309	-746.564585736399	275.721257273069	
0.200000000000	0.007159312978	0.577408898685	2.731331420220	2.818264151700	227.297061203194	1075.188841741485	638.633936315383	-746.511131419402	274.551649839218	
0.200862068966	0.005592061461	0.578295282618	2.731788173003	2.201315461090	227.645986312782	1075.368642512724	639.432021907065	-745.814996486030	274.421334448088	
0.201724137931	0.004448369415	0.578223312247	2.733581869895	1.751100991727	227.617655170194	1076.074731443977	640.472597225381	-745.202351192958	274.461176440155	
0.202586206897	0.004536230594	0.578568498055	2.734597372055	1.785687552236	227.753537592170	1076.474483954355	641.353776893332	-744.120152418874	274.764547378733	
0.203448275862	0.002737086547	0.577476007804	2.733866080595	1.077454347851	227.323478713517	1076.186611009831	642.722629191517	-742.576124218855	275.115951132579	
0.204310344828	0.001837279503	0.575359109834	2.732885527792	0.723245229776	226.490161650827	1075.800616317075	644.598159653249	-739.910601165777	274.894619890221	
0.205172413793	0.000787975461	0.571044346378	2.728445798595	0.310186605931	224.791654655862	1074.052916547604	645.243736819725	-736.734864149171	273.673217713269	
0.206034482759	0.001600385114	0.567808474147	2.730359420869	0.629991733907	223.517853281877	1074.806214115932	647.259505807537	-735.651433058761	272.330473817780	
0.206896551724	0.001601566350	0.562206087607	2.727390195843	0.630456727509	221.312473352661	1073.637378436354	648.158683761228	-732.502404346258	269.216500870682	
0.207758620690	0.002937256530	0.554789934108	2.725329015843	1.156251278383	218.393103907944	1072.825994756948	648.487959956512	-730.080870488553	265.187418855889	
0.208620689655	0.004795488665	0.550288379631	2.723827963821	1.887744513535	216.621066612088	1072.235105503244	648.823398300259	-728.530791597563	262.926556371695	
0.209482758621	0.001696816350	0.546075320228	2.714810328698	0.667951898071	214.962595426331	1068.685312683669	647.631585243020	-725.108054675291	261.379736638519	
0.210344827586	-0.001430410540	0.542753997165	2.709408045197	-0.563081228760	213.655156324885	1066.558703332249	645.944372700196	-723.475067328336	260.341059534156	
0.211206896552	-0.003269103653	0.541883510177	2.703820594167	-1.286882926220	213.312489049536	1064.359202767450	643.427281527493	-722.265868459399	260.438924801403	
0.212068965517	-0.003677368398	0.542260081484	2.698996687711	-1.447596376972	213.460726375858	1062.460271588109	640.990058912128	-720.961911573557	260.522358749420	
0.212931034483	-0.001728595387	0.542378382615	2.696456514234	-0.680461718320	213.507295626025	1061.460332086775	639.029580531385	-720.302419335866	259.942529388122	
0.213793103448	0.001326949342	0.544160568854	2.692410225806	0.522353719482	214.208853387896	1059.867510309091	637.185821327247	-718.883591437713	259.321451430318	
0.214655172414	0.005285892366	0.544833395098	2.688819809556	2.080791971517	214.473711495183	1058.454142652347	635.845171654267	-717.763445936006	257.854402719099	
0.215517241379	0.009794179399	0.547389341651	2.688371132629	3.855479538670	215.479860069138	1058.277520942486	635.554787482195	-718.281968575957	257.603106342028	
0.216379310345	0.014341235136	0.549897479451	2.682191772821	5.645428409172	216.467188723528	1055.845015437795	633.669601637707	-717.979048696415	257.522666344073	
0.217241379310	0.019352943451	0.553569180130	2.681209354225	7.618287806072	217.912554002439	1055.458286275414	632.480336885288	-720.083972028591	258.471322746329	
0.218103448276	0.023210246181	0.559504313862	2.678143753385	9.136715348144	220.248919891985	1054.251512248778	630.592273067226	-721.574923497998	261.232772141712	
0.218965517241	0.023444943695	0.564143603453	2.673654988654	9.229104043923	222.075176626960	1052.484509637205	629.104126692704	-722.222118944458	263.895862773468	
0.219827586207	0.022350470445	0.567685287593	2.670991023365	8.798264557842	223.469360884860	1051.435839478582	628.502239958765	-723.096943670333	266.594012456995	
0.220689655172	0.020040620259	0.569714978262	2.666482526476	7.888991839001	224.268348786178	1049.661069301751	628.214979932239	-721.696785267928	268.219739285509	
0.221551724138	0.016196900273	0.570853685139	2.661087561047	6.375911145616	224.716600843252	1047.537340710158	627.948346192055	-720.216094946101	269.530852814778	
0.222413793103	0.011840854137	0.569791954844	2.654131592115	4.661153220122	224.298650624061	1044.799122958804	628.073607953002	-716.246392172752	269.437430372013	
0.223275862069	0.008194631199	0.572125343601	2.657401019333	3.225817256244	225.217189302976	1046.086133256322	629.210068428885	-717.164546787572	271.311824727240	
0.224137931034	0.006533150224	0.575094189125	2.664550740217	2.571775131432	226.385875591571	1048.900621479451	630.370329893018	-719.189860709760	273.484205716468	
0.225000000000	0.004495332601	0.577298106099	2.668117730787	1.769588054068	227.253447692694	1050.304767615602	631.455399247133	-720.634225929303	275.424293925152	
0.225862068966	0.002769712619	0.577818190164	2.668646325186	1.090297603722	227.458178828434	1050.512848844780	632.059921074420	-721.282624734976	276.541903415703	
0.226724137931	0.001706193047	0.577164428485	2.677315018139	0.671643035474	227.200825488836	1053.925280549982	633.299043698047	-724.802400133352	276.957707379435	
0.227586206897	0.000516101144	0.573963349978	2.679883686301	0.203163258555	225.940720666943	1054.936436986572	632.811323923059	-725.747264701684	275.758932869972	
0.228448275862	0.003687029931	0.571267177644	2.689929568206	1.451399640446	224.879372202542	1058.890999237536	633.209679744306	-729.100290652760	274.338574681618	
0.229310344828	0.005234374472	0.568186715094	2.691377095767	2.060511948059	223.666747862253	1059.460818582964	632.511139404510	-729.405590445891	272.681833657657	
0.230172413793	0.003733577153	0.563252410911	2.692905530231	1.469722958257	221.724358608626	1060.062486937150	632.820777958229	-730.023929907890	270.774635462635	
0.231034482759	0.004495042876	0.562203404694	2.694848714023	1.769474003667	221.311417223582	1060.827421399301	632.841157919628	-730.176165445036	269.993294271992	
0.231896551724	0.004678171273	0.562159908461	2.695805561448	1.841562512316	221.294294927820	1061.204084467953	632.863451466350	-730.541306765879	269.738832768578	
0.232758620690	0.006697421864	0.562344972462	2.698628358639	2.636440676190	221.367145387343	1062.315278818170	633.985863394794	-730.904833465304	269.147399305225	
0.233620689655	0.011238836538	0.562033924550	2.699825316735	4.424168942052	221.244701350780	1062.786461472728	634.083319430498	-731.045338046733	268.046554777428	
0.234482758621	0.014507642237	0.562198874818	2.696566359871	5.710934578650	221.309634037469	1061.503572831021	633.669741917052	-729.512429364742	267.235546631901	
0.235344827586	0.017337453775	0.562428672368	2.693038505594	6.824890126983	221.400093862077	1060.114832700188	634.041062625422	-727.317660523345	266.720715420319	
0.236206896552	0.019277188888	0.563305947321	2.687164099582	7.588467016238	221.745433220900	1057.802372282608	633.087450866452	-725.601382580246	267.053046135021	
0.237068965517	0.019213369088	0.565043789118	2.685699450253	7.563344346710	222.429534789348	1057.225812952003	631.684004215976	-726.675676039892	268.463622703495	
0.237931034483	0.018469789204	0.567669435360	2.684306670071	7.270634063204	223.463120651671	1056.677544917033	630.020914809230	-728.085701810516	270.394245886044	
0.238793103448	0.019206881974	0.571029515271	2.686248729612	7.560790693712	224.785816389488	1057.442036817435	628.871289546101	-730.638609884626	272.366216724306	
0.239655172414	0.019187515086	0.573053008577	2.688098072491	7.553166916319	225.582364698316	1058.170030796327	628.288748019565	-732.682933247430	273.825724157274	
0.240517241379	0.019304097843	0.575168973146	2.697248825554	7.599059728347	226.415314327602	1061.772225503961	629.941467451685	-737.066876940990	275.517050353045	
0.241379310345	0.018819329255	0.574657069225	2.702743895956	7.408230533454	226.213803306386	1063.935360426847	630.984464307477	-739.166383997071	275.670762947357	
0.242241379310	0.017584546149	0.576394574210	2.711865091425	6.922158060350	226.897772289015	1067.525919785121	632.609589823531	-743.052056075565	277.076439382750	
0.243103448276	0.014935999750	0.574439955425	2.715543541472	5.879557549177	226.128336440937	1068.973941953624	633.466311493932	-744.321178805079	276.771184318993	
0.243965517241	0.012063404460	0.572990247074	2.720846638391	4.748760173391	225.557658627450	1071.061506498505	634.015328380073	-746.270304112799	276.933526940453	
0.244827586207	0.011228950205	0.571371604652	2.724362850761	4.420277186250	224.920479903016	1072.445663791993	634.970967849777	-745.871119988432	276.241383368492	
0.245689655172	0.011384171252	0.571099782772	2.723733385913	4.481379964476	224.813477197088	1072.197874901861	635.002465743919	-743.993797201762	276.287421873197	
0.246551724138	0.011826706452	0.570968776028	2.719846828638	4.655583982815	224.761906381419	1070.667931305730	634.996252933599	-740.491612627616	275.944866818233	
0.247413793103	0.011086209325	0.570710457479	2.712511741487	4.364087226986	224.660219263163	1067.780473635912	634.987960956116	-735.617294966091	275.596359294642	
0.248275862069	0.010430678227	0.571099611637	2.704855673808	4.106037355431	224.813409829779	1064.766661954869	634.702328065908	-731.791943039687	275.098526836965	
0.249137931034	0.010711720386	0.571765168024	2.698977863986	4.216669624687	225.075406157226	1062.452861627286	634.488795034739	-729.862308905431	274.878406897740	
0.250000000000	0.011026685981	0.571726595734	2.694152409548	4.340655857407	225.060222172133	1060.553321084534	633.876865162222	-728.593051921808	274.387997078248	
0.250862068966	0.012589225007	0.572142860894	2.694029807757	4.955749475499	225.224084987063	1060.505058879425	633.268877920078	-730.279893082621	274.213754229219	
0.251724137931	0.014938671386	0.571697901239	2.692779075610	5.880609239129	225.048926581606	1060.012708065076	632.625218653993	-731.166260634099	273.275579332956	
0.252586206897	0.017990141631	0.571456346867	2.694100677082	7.081820755849	224.953838682888	1060.532956595149	631.332799379981	-733.444786685953	272.527156347343	
0.253448275862	0.019588359113	0.572648763343	2.695146592364	7.710959201412	225.423233528407	1060.944681233267	629.533217776181	-736.493578147437	273.096396370763	
0.254310344828	0.020457641441	0.570939614265	2.693279066314	8.053152262435	224.750426850863	1060.209529447430	628.233550920441	-737.136685954960	271.861554348089	
0.255172413793	0.021879876598	0.571769965192	2.694337038687	8.613015250717	225.077294562628	1060.626000360549	627.895384681987	-738.351133958661	271.920310164349	
0.256034482759	0.022907713825	0.572977452759	2.691879989702	9.017623460806	225.552622144353	1059.658782822273	626.677850800416	-737.570821331675	272.044757926176	
0.256896551724	0.023301817810	0.575017587656	2.687510051383	9.172762527377	226.355721416834	1057.938556237862	625.576319092499	-735.912912327030	272.839961056587	
0.257758620690	0.022914762058	0.573734276668	2.683498941246	9.020397998258	225.850545939453	1056.359582397697	625.228361493642	-733.694266824019	272.425948590738	
0.258620689655	0.023304780377	0.573173220353	2.681019842642	9.173928742152	225.629686074216	1055.383685025110	625.342565143183	-731.798601235682	272.142709222018	
0.259482758621	0.022709031374	0.569558121379	2.676691566354	8.939412097570	224.206602061180	1053.679858702542	625.448081456910	-728.397665468169	270.411734700482	
0.260344827586	0.021152573006	0.564653302651	2.672210821347	8.326712130905	222.275819758995	1051.916013056340	625.938053810728	-724.359936136351	268.389405398098	
0.261206896552	0.021372318656	0.559909049741	2.676855113755	8.413215024514	220.408244204443	1053.744239150542	628.345849202572	-723.368989267602	266.434336785708	
0.262068965517	0.017907181853	0.558544176539	2.684562620161	7.049163632497	219.870961754457	1056.778299691085	630.930887832167	-724.414762629208	266.572650004456	
0.262931034483	0.012078006192	0.557204217883	2.691080870331	4.754508146347	219.343486917902	1059.344209415072	634.048942885934	-725.957933150599	266.973207224528	
0.263793103448	0.008095088800	0.557498683522	2.698807711587	3.186632382350	219.459403341295	1062.385881121219	635.968533430299	-729.595694612308	268.718022054739	
0.264655172414	0.006140490751	0.559381340459	2.709778289684	2.417204696979	220.200511401667	1066.704450105656	637.302475708883	-734.611013708304	271.058070586539	
0.265517241379	0.003743549462	0.561339345799	2.719308948320	1.473648558552	220.971280367402	1070.456194673850	638.613818307109	-738.931687005643	273.246892678173	
0.266379310345	0.000575284127	0.563173928572	2.723679877260	0.226460644706	221.693464029212	1072.176811216003	638.275852037536	-741.396992699755	274.949966726574	
0.267241379310	-0.000756423540	0.565563976998	2.726514576516	-0.297766189657	222.634306791835	1073.292690814902	638.471923297829	-743.071627893706	276.459873645129	
0.268103448276	-0.000074796600	0.564411920474	2.719279787564	-0.029443687837	222.180799644673	1070.444715539668	637.275553068521	-738.803225915105	275.061192241062	
0.268965517241	0.001754292051	0.561418351623	2.710192523346	0.690577212409	221.002381016595	1066.867513221254	636.217575665950	-733.587430226036	271.877979961835	
0.269827586207	0.004460171707	0.556417565714	2.702810927593	1.755746965098	219.033821225918	1063.961747436442	635.714925375839	-729.040236445702	267.513647600415	
0.270689655172	0.007249116329	0.555019305186	2.702270604721	2.853615248526	218.483395851891	1063.749049292480	634.806992531538	-728.787200602420	265.110780622186	
0.271551724138	0.008763955474	0.553041875208	2.700829072961	3.449931804395	217.704980375853	1063.181590194794	633.548704233580	-728.523089237035	262.835473793213	
0.272413793103	0.011572050243	0.552802611239	2.701442669107	4.555338544809	217.610794094626	1063.423132369183	631.884223373985	-729.378389682860	261.467572644466	
0.273275862069	0.013062165724	0.556069276705	2.704781935007	5.141922628639	218.896717228263	1064.737634669571	630.759661438317	-731.715544684093	261.854023121582	
0.274137931034	0.012455692962	0.557045555510	2.702491350813	4.903184575109	219.281029461359	1063.835946010083	628.550002342141	-732.227289762086	262.046856123372	
0.275000000000	0.010700858447	0.559158307635	2.698059976769	4.212393821586	220.112714511781	1062.091535247401	625.855923792350	-732.061844612227	263.007081333610	
0.275862068966	0.008971953813	0.563143939472	2.701422360588	3.531810367981	221.681658817293	1063.415137918688	624.667127861277	-735.189134897528	265.743180023741	
0.276724137931	0.007793824694	0.566776590190	2.702889852232	3.068039741859	223.111652076167	1063.992816126963	623.853361347768	-738.160817280336	268.966049492763	
0.277586206897	0.007662656128	0.569768887094	2.705751908233	3.016405224824	224.289570002119	1065.119464711091	623.302946999649	-740.240282405342	271.304237678205	
0.278448275862	0.007479095178	0.573920528107	2.715372246792	2.944146441585	225.923863833808	1068.906511788319	625.079220897046	-744.445661944579	274.154141326661	
0.279310344828	0.005873591975	0.574102103542	2.719691462301	2.312139971532	225.995341018920	1070.606771334363	626.884720682797	-745.446205224759	274.560990820358	
0.280172413793	0.004092146282	0.574237479757	2.721220077448	1.610873725734	226.048631877496	1071.208510814619	627.945825147809	-746.242504821855	275.389908484533	
0.281034482759	0.003119180082	0.571134199476	2.723868918602	1.227865499728	224.827025335458	1072.251227356199	629.465733560185	-744.475381420780	273.497837571330	
0.281896551724	-0.000322709487	0.568468523990	2.719857929674	-0.127034616466	223.777681957722	1070.672301229531	629.928652913234	-740.529166152857	272.182523482217	
0.282758620690	-0.002322765444	0.567097286743	2.717579919298	-0.914356810898	223.237894300796	1069.775562254605	630.810366195807	-737.621230177249	271.451380999823	
0.283620689655	-0.005397754310	0.564797219354	2.713724817636	-2.124826435001	222.332472581151	1068.258001163474	631.522487630213	-733.585414438240	270.520414495283	
0.284482758621	-0.009606216540	0.563324297343	2.713205608670	-3.781487943380	221.752656708616	1068.053614510679	632.283624822587	-732.678488528184	270.577282146765	
0.285344827586	-0.010801434189	0.562269914797	2.719521167675	-4.251985470653	221.337598930997	1070.539734840676	633.950444155935	-733.881468491090	270.851377678754	
0.286206896552	-0.011378929270	0.563686394328	2.727665280699	-4.479316457861	221.895196216811	1073.745665612624	634.896806167320	-737.949760218659	272.593318704918	
0.287068965517	-0.009677696554	0.565876911520	2.734940841766	-3.809626056816	222.757493492580	1076.609690834655	634.884600130859	-742.488954574985	274.294763624499	
0.287931034483	-0.008362899014	0.566891974962	2.740681126959	-3.292055895349	223.157073301038	1078.869354580280	634.876900986586	-746.248465177938	274.785541417995	
0.288793103448	-0.003668616035	0.569587273133	2.743753445849	-1.444151008694	224.218077651296	1080.078773168203	634.010692463406	-748.110346070559	275.052782649942	
0.289655172414	-0.000056235010	0.568452700917	2.736093560261	-0.022136916488	223.771453203820	1077.063458566310	632.554445748753	-745.138050421346	272.466780125394	
0.290517241379	0.004057252216	0.566344244648	2.723910547925	1.597137673634	222.941459217314	1072.267614742589	630.628825438437	-740.409371432026	269.371124157533	
0.291379310345	0.008833800250	0.562348179119	2.708296207378	3.477426206291	221.368407687978	1066.121028281794	629.458893433012	-732.737802227402	264.737817147907	
0.292241379310	0.010654153236	0.557109703484	2.687752121677	4.194008311435	219.306281316713	1058.033847229474	628.028937664418	-723.024712367052	260.152091363533	
0.293103448276	0.012826482829	0.552137481558	2.673119800230	5.049146037276	217.348965740286	1052.273832669527	627.386750077806	-714.706965128057	255.882747152235	
0.293965517241	0.015354583810	0.551414471824	2.658809939459	6.044333199537	217.064352898093	1046.640754781616	625.996030676497	-708.040283803883	253.666917152715	
0.294827586207	0.016628842613	0.551625992166	2.649153130667	6.545945283895	217.147617898342	1042.839351194015	624.913393120910	-704.271241427860	252.799462702638	
0.295689655172	0.019383331749	0.555405870618	2.646415842279	7.630250162287	218.635567366740	1041.761817391130	623.969966649443	-704.311820182426	254.154566650850	
0.296551724138	0.022093642773	0.562622330303	2.645791359624	8.697164323324	221.476327324407	1041.515989741955	622.468167518516	-706.739607869737	257.642339068334	
0.297413793103	0.025192768179	0.569313164611	2.650654346898	9.917135298287	224.110174808614	1043.430305088517	621.582756805888	-711.433008938186	261.014558022286	
0.298275862069	0.029548420600	0.574870933777	2.654789940317	11.631738237628	226.297991105205	1045.058281783680	620.234125675109	-715.107049527394	263.853987910147	
0.299137931034	0.033371316364	0.580777323401	2.659080936235	13.136621474318	228.623041874128	1046.747432685108	618.978575985638	-719.193263154951	266.934216850696	
0.300000000000	0.034562825645	0.584511920022	2.660527599048	13.605659202350	230.093166145993	1047.316911622392	617.362570155950	-721.855708409547	269.366586974787	
0.300862068966	0.033115307680	0.586418142316	2.661938146609	13.035843634530	230.843550711179	1047.872173787586	615.794508031960	-724.153484799617	271.036106047231	
0.301724137931	0.030932172365	0.587553644783	2.659990289076	12.176452235470	231.290541352327	1047.105399506825	613.984796381914	-724.080650582015	272.088437482291	
0.302586206897	0.028739187746	0.587004669011	2.660314741569	11.313183656948	231.074436993608	1047.233120257758	613.184958335456	-724.618662227203	273.013457466358	
0.303448275862	0.026189740108	0.586881514295	2.661384027923	10.309593381240	231.025957129627	1047.654044920528	613.806238352451	-725.455573964399	274.768048899764	
0.304310344828	0.022493359932	0.586220782168	2.662276128062	8.854513016233	230.765859872611	1048.005220214866	614.484374889896	-725.636119000427	276.103592314362	
0.305172413793	0.020296553754	0.585308065296	2.664744652106	7.989740080878	230.406568799788	1048.976954910833	616.837416862618	-726.740564597450	277.440626660045	
0.306034482759	0.019931162893	0.585276542787	2.668741186770	7.845903937906	230.394159961300	1050.550191115168	619.027839750319	-728.431331235701	278.927233002188	
0.306896551724	0.021885773578	0.584654998406	2.672154675310	8.615336597483	230.149488963983	1051.893911164275	621.154022839420	-729.064400953627	278.735882341355	
0.307758620690	0.025075200642	0.587140915081	2.675169680341	9.870854827484	231.128070270553	1053.080768146381	622.348340672609	-731.293893923571	279.565414739671	
0.308620689655	0.028235037435	0.587642834811	2.671757612999	11.114724845001	231.325651014184	1051.737607552249	622.045983852956	-730.586807375633	278.614024288252	
0.309482758621	0.029079929773	0.587031838443	2.668374415464	11.447316784520	231.085132243085	1050.405811560101	621.023424577834	-730.153380666429	277.482807346301	
0.310344827586	0.027049780832	0.585790602024	2.665097997306	10.648148484111	230.596519422865	1049.116049278243	620.372837106310	-729.690719358771	276.863507488540	
0.311206896552	0.026181238918	0.582670405419	2.662377675865	10.306246887410	229.368253768774	1048.045194515825	619.960604800676	-728.296927603708	275.275395497458	
0.312068965517	0.027099135699	0.581671289179	2.662419800417	10.667577031822	228.974951577473	1048.061776849083	619.675369145649	-727.657467599798	274.730294471171	
0.312931034483	0.028073024579	0.581217683713	2.659254126844	11.050948470668	228.796389747734	1046.815609182776	618.618485842953	-726.202314720697	274.210812926818	
0.313793103448	0.028808809034	0.582158398770	2.659543316804	11.340590082829	229.166702308746	1046.929448834627	618.183400963084	-727.684193819448	275.055809849799	
0.314655172414	0.029098402807	0.581313350183	2.661179964984	11.454588695877	228.834048861563	1047.573715527452	617.822760846119	-729.588756218629	275.130098252515	
0.315517241379	0.030859154240	0.583338558089	2.659735437896	12.147708644452	229.631272123160	1047.005077318480	616.633343542175	-729.536219407222	276.059440261180	
0.316379310345	0.030518622784	0.582863592449	2.653215504679	12.013658408521	229.444301859157	1044.438505062966	615.702281763922	-727.632807047937	275.952508524316	
0.317241379310	0.031200951029	0.582728875361	2.655503661743	12.282256979178	229.391270466140	1045.339238282570	615.869870121960	-728.953280448841	275.930792078678	
0.318103448276	0.033067435875	0.584480689012	2.663345877209	13.016998894468	230.080872056159	1048.426327055980	615.772890355619	-732.518059134096	276.879582426748	
0.318965517241	0.034672598120	0.585150209683	2.670426508922	13.648871146337	230.344428924492	1051.213618321000	616.914913495326	-734.580294634025	277.057352971559	
0.319827586207	0.034501459673	0.585571968812	2.680198795404	13.581502482290	230.510454440594	1055.060479711123	618.974142140031	-738.737154635304	277.782949731581	
0.320689655172	0.034009946216	0.585768216861	2.685531783045	13.388018169144	230.587707501552	1057.159810741484	620.418759728138	-740.863000656385	278.575855714926	
0.321551724138	0.029318044210	0.583665507285	2.682003471347	11.541050552544	229.759975701306	1055.770890546887	620.588829169492	-739.874166859655	279.211008193965	
0.322413793103	0.027714078154	0.583519486258	2.687668429894	10.909649180413	229.702494512097	1058.000901952323	622.454831748112	-741.776206516423	280.143154375014	
0.323275862069	0.024602857254	0.582596551323	2.688510541459	9.684916813407	229.339181097648	1058.332399240171	623.060064757441	-741.732853755904	280.862748949773	
0.324137931034	0.022863767022	0.581089464645	2.691089004912	9.000323798066	228.745916300951	1059.347411593583	623.328553463250	-743.013856933079	281.332694413550	
0.325000000000	0.022023180437	0.579934293971	2.694754256423	8.669426818736	228.291183268527	1060.790238157014	624.265051109136	-744.960555124681	282.044819240472	
0.325862068966	0.019952501374	0.578043894037	2.694537825116	7.854303832705	227.547027176639	1060.705039955188	624.722478669526	-744.540264834453	281.603731446087	
0.326724137931	0.018858668463	0.577492956198	2.693954416621	7.423716415898	227.330150450226	1060.475381152241	624.394070472098	-744.453057885951	281.213404722212	
0.327586206897	0.018522268150	0.577240399873	2.694770644389	7.291292404471	227.230731631890	1060.796689281248	624.359088381428	-744.780418223577	280.427486268353	
0.328448275862	0.018040901348	0.574268482936	2.692486953520	7.101802322694	226.060836281387	1059.897714180129	623.906930473872	-743.078165096752	278.010221285778	
0.329310344828	0.017749634311	0.573291473570	2.690035245532	6.987145029484	225.676236462756	1058.932599125737	623.240576537103	-742.344664040764	277.003921493585	
0.330172413793	0.017696840047	0.571685094295	2.688123415593	6.966362562944	225.043885126984	1058.180007110399	622.409223036562	-741.512438983996	275.859321670594	
0.331034482759	0.019975063921	0.568391159922	2.683620176502	7.863185581113	223.747227586078	1056.407306666011	621.194168666322	-738.806919020068	273.760757238518	
0.331896551724	0.021594109268	0.563954686051	2.679710626004	8.500522917291	222.000809275915	1054.868311785964	620.515793976742	-736.006714818985	271.063287978619	
0.332758620690	0.023473811737	0.558685439226	2.672991439267	9.240467951342	219.926569823178	1052.223303365784	620.000887107922	-732.021637888173	267.790110708184	
0.333620689655	0.027095913386	0.555745374668	2.668037601076	10.666308567888	218.769213164218	1050.273224547828	619.577239614458	-729.107369206434	265.740623196928	
0.334482758621	0.028395676454	0.553282599916	2.662367768244	11.177960408171	217.799741677257	1048.041294379973	619.796378538142	-725.961933160833	263.955503265573	
0.335344827586	0.028223661695	0.550978101226	2.654565965472	11.110246783959	216.892575575564	1044.970114067234	620.220200335447	-721.595753039545	262.251438041529	
0.336206896552	0.028063463781	0.551048840906	2.645761331119	11.047184861873	216.920422256715	1041.504169018522	619.223249610861	-718.679623175091	262.062812030610	
0.337068965517	0.028467504635	0.553108461282	2.639849278057	11.206235577611	217.731191989512	1039.176888836930	618.722631093444	-716.828764431534	262.430649942217	
0.337931034483	0.028024525498	0.556087338728	2.634780270664	11.031856803416	218.903827345167	1037.181473653139	617.803764915696	-715.161888654559	263.604873904179	
0.338793103448	0.027326667667	0.560651171752	2.632047112962	10.757145010078	220.700380596269	1036.105565895396	616.956095171037	-715.031314686014	265.977693171308	
0.339655172414	0.026064422307	0.563518648437	2.629767011483	10.260262018399	221.829163032839	1035.208003757675	616.427427747851	-714.067356503605	267.575268962573	
0.340517241379	0.024064418023	0.564772768544	2.627994207951	9.472960164890	222.322847517780	1034.510139498982	616.122465200533	-713.277524864353	268.691605091609	
0.341379310345	0.021339969685	0.563973242911	2.627245028954	8.400480849205	222.008114185561	1034.215225124329	616.599719587446	-712.517860843313	268.867314184406	
0.342241379310	0.019612324301	0.561287581545	2.626342271182	7.720393099603	220.950903364524	1033.859854451995	617.155729082152	-710.940537300591	267.983291726218	
0.343103448276	0.019302070735	0.560711251113	2.631740239811	7.598261757354	220.724030841924	1035.984765253689	618.608820606458	-711.789065274538	268.118319822122	
0.343965517241	0.017145694620	0.560994958310	2.635190869221	6.749404119571	220.835712203639	1037.343105809319	619.348506473089	-712.952217684486	269.180919482321	
0.344827586207	0.015086163163	0.560719047481	2.639901966869	5.938669389483	220.727099882811	1039.197629792084	619.989142237373	-715.218540375363	269.803879914860	
0.345689655172	0.012486614105	0.559060991624	2.642603905210	4.915356685595	220.074406055841	1040.261248045473	620.196311226380	-716.898269203347	269.933303519654	
0.346551724138	0.009678571796	0.558503002777	2.647410771759	3.809970596114	219.854753699594	1042.153471464230	620.148177570661	-720.465018318707	270.503913556658	
0.347413793103	0.008464923790	0.558741264749	2.653919274604	3.332217957036	219.948545544784	1044.715544152943	620.015429947853	-724.574218620110	270.995268002751	
0.348275862069	0.007687181126	0.558230100125	2.659241322889	3.026059492616	219.747325547881	1046.810568905027	620.201528482504	-727.809328980738	270.620224528540	
0.349137931034	0.005289974247	0.557477417619	2.661340828323	2.082398804146	219.451032016624	1047.637039394183	619.618857515565	-730.511129249632	270.830745505518	
0.350000000000	0.004740015915	0.556182349731	2.661206692350	1.865907661084	218.941228434488	1047.584236757354	618.995533001693	-731.840492455264	270.420788436209	
0.350862068966	0.007179229634	0.556509363222	2.660650157016	2.826104345265	219.069957322271	1047.365156576666	618.387446834811	-732.466694151983	270.273908585586	
0.351724137931	0.009807572108	0.556766680951	2.657051841480	3.860751579672	219.171250468116	1045.948679365440	617.914372103713	-731.845034771917	269.570113158234	
0.352586206897	0.011211819102	0.557507575074	2.650872126510	4.413533526001	219.462903501290	1043.516034051027	616.880186890757	-730.345113747877	269.269100216270	
0.353448275862	0.014116193054	0.559905514280	2.647361125159	5.556840574810	220.406852470192	1042.133928076116	615.811166377829	-730.229658532035	269.835880922114	
0.354310344828	0.015804056663	0.561601428644	2.638507236649	6.221268225510	221.074449301242	1038.648594124202	613.698207468835	-727.723436106574	270.314158022500	
0.355172413793	0.018327164854	0.564986306984	2.633905988854	7.214489975937	222.406906942312	1036.837312545552	612.496647820730	-727.300115230774	272.079948909330	
0.356034482759	0.019603668431	0.566357709547	2.628312165359	7.716985715704	222.946759675906	1034.635303459299	611.814460731936	-725.704504126249	272.821605612638	
0.356896551724	0.020490032519	0.567784901072	2.621156469072	8.065903012732	223.508573738829	1031.818463018069	610.629742157030	-723.599337401332	273.813462361343	
0.357758620690	0.022382825019	0.566787540794	2.616594738605	8.811000938745	223.115962782098	1030.022737438985	610.822823841411	-721.361750003680	273.386718121917	
0.358620689655	0.023830651310	0.563820272291	2.608004858542	9.380937878876	221.947897288094	1026.641330434458	610.886223781457	-716.803528508431	271.701287694249	
0.359482758621	0.025425728392	0.559992223651	2.602602630686	10.008840105650	220.440985621304	1024.514742987449	612.053768676026	-712.887186011641	269.223954904091	
0.360344827586	0.026968128044	0.556107558643	2.597221156507	10.616005857309	218.911786916255	1022.396325227298	612.686267239422	-708.904144503777	266.613147169909	
0.361206896552	0.028784227738	0.553684012767	2.594533658065	11.330913653545	217.957757879669	1021.338391241316	613.663804370661	-706.309195616931	264.832712782523	
0.362068965517	0.028444432853	0.550731490604	2.593128571681	11.197153368966	216.795497283784	1020.785278868668	615.004435537627	-704.403805604542	263.114355267690	
0.362931034483	0.027389361090	0.547484016363	2.592765440182	10.781824280963	215.517128777518	1020.642332124047	616.070565915606	-703.387972581182	261.533397743463	
0.363793103448	0.027240863099	0.544272802696	2.592105918008	10.723368034516	214.253034249097	1020.382711165051	616.492421240135	-702.248053434236	260.329360137690	
0.364655172414	0.027119725314	0.542458235284	2.595010491664	10.675682135473	213.538729635656	1021.526096827461	617.762104857438	-701.857958497804	259.581373408342	
0.365517241379	0.027040781836	0.541103619104	2.593955178203	10.644606028672	213.005484863507	1021.110672595470	617.983477322579	-700.065558768309	258.925891177019	
0.366379310345	0.024306937451	0.539321877574	2.587514278540	9.568427958348	212.304102161387	1018.575211904987	617.656692794010	-697.167274382595	258.208811256751	
0.367241379310	0.023058243967	0.539213800238	2.585579833923	9.076879663820	212.261557508856	1017.813717619658	618.010061869335	-696.792910483466	258.859077079840	
0.368103448276	0.023674524861	0.541427879993	2.582838563111	9.319478689081	213.133130189328	1016.734616135671	616.920112788981	-696.898813367565	260.774445700744	
0.368965517241	0.022941593400	0.542653160288	2.578846167685	9.030960158309	213.615461879887	1015.163009342604	615.895909875366	-697.303899220604	262.413581666684	
0.369827586207	0.025294621461	0.543999269400	2.578890031885	9.957229851121	214.145357844468	1015.180276488547	615.594616066570	-698.193325647053	263.253970348795	
0.370689655172	0.026554578164	0.546670224555	2.579233118729	10.453211912532	215.196779564104	1015.315332653568	614.623558371001	-700.478148468926	264.873706695920	
0.371551724138	0.025673439844	0.546669596081	2.579344271609	10.106351739344	215.196532165195	1015.359087994125	613.626553603684	-702.419771853911	264.847406557350	
0.372413793103	0.026006753316	0.545425611239	2.585423466300	10.237560615302	214.706837428320	1017.752163492095	613.544861794932	-706.706423018325	263.670882035277	
0.373275862069	0.024164789934	0.545420407126	2.586531100958	9.512471576109	214.704788828672	1018.188183967726	612.084425940435	-709.827257463262	263.525147839664	
0.374137931034	0.022955981949	0.546912093053	2.591174040227	9.036624212003	215.291991118745	1020.015877398605	611.792408866479	-713.531872031119	263.849507595269	
0.375000000000	0.021047632643	0.548929231177	2.591143222188	8.285402348391	216.086037709724	1020.003745874975	610.888056598460	-715.240142712412	264.787554958306	
0.375862068966	0.021043244315	0.552734806153	2.583332546736	8.283674882450	217.584102617003	1016.929072830896	609.318046964493	-712.633839340411	266.231631387218	
0.376724137931	0.021759651473	0.558475894222	2.580505389553	8.565688620250	219.844082414739	1015.816162169488	608.593305288706	-712.404628914347	269.259164119248	
0.377586206897	0.020780826138	0.560112506660	2.571800865517	8.180373945422	220.488335037644	1012.389625555881	607.612706018566	-708.984966226526	270.288945292466	
0.378448275862	0.021969029102	0.562227680234	2.571035760812	8.648110141459	221.320973291834	1012.088442024734	607.505227577280	-708.155153773843	271.389801254702	
0.379310344828	0.022114472041	0.561723353179	2.573801630782	8.705363766175	221.122444904546	1013.177226969264	608.055043254903	-709.227973324279	271.813669140967	
0.380172413793	0.024789497461	0.561300545907	2.582548621018	9.758387746362	220.956006786795	1016.620480406664	609.496538729976	-711.380114864721	271.724744773695	
0.381034482759	0.025175514183	0.559423315187	2.591053154400	9.910343261221	220.217034756759	1019.968290682979	611.119475700394	-713.022137468236	270.978486612493	
0.381896551724	0.024502717693	0.559045455337	2.603341202985	9.645496866581	220.068290195214	1024.805482034648	613.231674501811	-717.253780514573	271.221795652389	
0.382758620690	0.022775155732	0.558497343257	2.612451845358	8.965441956490	219.852525829146	1028.391887166035	614.699994328959	-720.598167002834	271.524221516308	
0.383620689655	0.019600464314	0.556943795382	2.620605898285	7.715724414595	219.240971578334	1031.601730782122	616.351751668237	-723.092441676018	271.545264337263	
0.384482758621	0.017070518490	0.556513319349	2.627089073429	6.719811029467	219.071514651978	1034.153833219142	617.767396812923	-724.264163334876	271.810683573091	
0.385344827586	0.012406221931	0.557630654719	2.626790507524	4.883710299481	219.511353813929	1034.036302725365	618.638429682318	-723.509846057377	273.126846347171	
0.386206896552	0.007959916852	0.558683800159	2.626377125864	3.133421933693	219.925924604180	1033.873575000622	619.144510334170	-723.647697574525	274.344997866137	
0.387068965517	0.003911715293	0.559872600308	2.624316355405	1.539847051798	220.393895882198	1033.062352537083	619.358144942848	-722.463576140103	275.158054520545	
0.387931034483	0.002212495907	0.560711113724	2.619156206625	0.870949198463	220.723976758394	1031.031059539009	619.232677121467	-720.487435246138	275.652816452277	
0.388793103448	0.002696091508	0.559537289173	2.614154570529	1.061316647529	220.261900625968	1029.062165072021	618.631040587626	-717.723941025608	274.637312199787	
0.389655172414	0.004687306725	0.560166592483	2.614564584639	1.845158683992	220.509625926333	1029.223567160363	617.773681340616	-717.730208091915	274.519229485655	
0.390517241379	0.006455218590	0.558578795068	2.611844301257	2.541097337213	219.884589341650	1028.152727379825	616.338412111120	-715.915141917745	272.478251144664	
0.391379310345	0.009933647625	0.559553736561	2.612598315972	3.910381217537	220.268375141610	1028.449545335653	615.054945656852	-716.227628639671	271.552286740950	
0.392241379310	0.012539350878	0.557239498384	2.608594228037	4.936116520636	219.357375089840	1026.873335785211	613.755959233338	-714.245396635653	268.984472382392	
0.393103448276	0.014913641246	0.554009954167	2.603506029445	5.870756122466	218.086064738956	1024.870365984725	612.317572605998	-712.289415072077	266.290867844797	
0.393965517241	0.018096025023	0.552438217538	2.598243217838	7.123501762138	217.467350483645	1022.798659755700	610.288745285819	-710.546594166200	264.780240778677	
0.394827586207	0.022697918844	0.550869076216	2.591598394076	8.935037649049	216.849657871229	1020.182924326913	608.513609435273	-708.096231536299	263.330687452173	
0.395689655172	0.026284867275	0.549413264708	2.584893983952	10.347040198633	216.276577549646	1017.543732721395	606.938712364914	-705.283315883397	262.287958201043	
0.396551724138	0.027722343867	0.548639440578	2.573107867575	10.912902979137	215.971961616005	1012.904127025168	604.732149209780	-700.486203803579	261.248000430608	
0.397413793103	0.028875594626	0.548077702762	2.563067421803	11.366880236676	215.750833478144	1008.951704708049	603.503221998328	-695.965571086675	260.023203880163	
0.398275862069	0.029178364838	0.548385651587	2.556647478651	11.486065756176	215.872057558607	1006.424493549853	602.553087831833	-693.565059011060	259.477512439865	
0.399137931034	0.029812088419	0.550366361993	2.554245973439	11.735531096418	216.651764375534	1005.479140822718	601.429913012365	-692.619471472801	259.698019899197	
0.400000000000	0.028842103423	0.551558099640	2.551353397602	11.353696422060	217.120891999721	1004.340478102667	600.505157140598	-691.167985898491	259.720825844303	
0.400862068966	0.028404120245	0.553709856671	2.555325085953	11.181284307396	217.967931334909	1005.903933553943	600.480161954796	-693.498603892278	260.988943110288	
0.401724137931	0.028363684363	0.555820103453	2.561800358432	11.165366718907	218.798630156627	1008.452925106402	600.655508915492	-696.246776824345	262.434324865319	
0.402586206897	0.027502828991	0.558683220774	2.569225061138	10.826490929753	219.925696529350	1011.375659946678	600.558797487270	-700.515020361826	264.788801824824	
0.403448275862	0.025984990994	0.558625948737	2.574689519148	10.228993875443	219.903151387032	1013.526744298757	601.036020337673	-703.227328287552	265.469638556467	
0.404310344828	0.026109686773	0.559393833243	2.585939421479	10.278080379203	220.205429187272	1017.955269291389	602.642073157547	-708.121573307846	266.638945832853	
0.405172413793	0.025975129751	0.561419105470	2.595179272862	10.225111996546	221.002677768684	1021.592537560007	603.726818348505	-712.265902621192	268.481833593867	
0.406034482759	0.025339220815	0.561606000841	2.597988565042	9.974786390788	221.076249146910	1022.698415661304	604.087310593915	-713.006765117196	269.017810193747	
0.406896551724	0.025438541017	0.562158893992	2.603487575487	10.013883796300	221.293895582007	1024.863101582293	604.925178571306	-715.499746428314	270.066474553306	
0.407758620690	0.026896083470	0.560674175358	2.606448863661	10.587645504837	220.709435967774	1026.028812919557	605.460182810970	-716.024556366798	269.429774956579	
0.408620689655	0.029216517413	0.560032898776	2.609425428499	11.501084520192	220.456997387647	1027.200537916719	605.701029860255	-716.114094608946	268.767189451637	
0.409482758621	0.030003349400	0.557854274966	2.607436758501	11.810820997618	219.599381942618	1026.417697805996	606.310605155261	-713.883224112876	266.766229854618	
0.410344827586	0.030110176859	0.556026791382	2.599529085408	11.852873635793	218.879992877220	1023.304841632328	605.293022410127	-710.029701329084	264.665131744999	
0.411206896552	0.029123054751	0.554039649058	2.592715415509	11.464292935686	218.097754135247	1020.622639907166	604.394677659096	-707.394538916897	262.901555358413	
0.412068965517	0.029450284461	0.550451920960	2.589096751087	11.593106938311	216.685444670053	1019.198152355368	603.720081916010	-705.275787702038	260.273277898488	
0.412931034483	0.029964239401	0.548900331154	2.589892309486	11.795425343193	216.074661213234	1019.511323985370	603.863857672145	-705.767114600297	258.912183993487	
0.413793103448	0.028655835164	0.551128421688	2.594882552775	11.280371906284	216.951749238223	1021.475733672957	603.876990743071	-708.204431173771	259.808755099526	
0.414655172414	0.025358628881	0.553564039542	2.595442241027	9.982426377494	217.910530409654	1021.696055000234	603.380719695684	-709.438894452110	261.088864509389	
0.415517241379	0.023583799301	0.555323006866	2.597087747831	9.283764565175	218.602948043861	1022.343808891045	603.716246947729	-710.624793904801	262.122231587835	
0.416379310345	0.023718170418	0.558904803517	2.602822415801	9.336659766400	220.012922594630	1024.601261416319	604.416667209071	-713.419803583457	264.033252055957	
0.417241379310	0.023286694658	0.563375359360	2.608169983086	9.166809297428	221.772757275742	1026.706331724951	605.032016925065	-716.111270646964	266.564707487070	
0.418103448276	0.023370679616	0.564554740009	2.608183058025	9.199869983223	222.237020566710	1026.711478675935	605.459432824880	-715.174387172114	267.083946179221	
0.418965517241	0.025237059098	0.566906192256	2.606843587588	9.934570422221	223.162669940302	1026.184196026486	606.068210291006	-713.540024507737	268.279866283225	
0.419827586207	0.028378754320	0.568065577445	2.604694565400	11.171299008904	223.619062016608	1025.338233262510	606.754886998855	-710.823777173417	268.598328888712	
0.420689655172	0.031460323413	0.569577579762	2.603262295626	12.384358939684	224.214261855141	1024.774420146172	607.435218619361	-708.849691745146	269.339231196194	
0.421551724138	0.033158135572	0.568641954470	2.598936082348	13.052702837904	223.845952880722	1023.071405928098	608.183326903082	-704.921728811713	268.415317014276	
0.422413793103	0.033367756869	0.567784409044	2.595007450062	13.135220278834	223.508380052210	1021.524899500421	608.793774175708	-702.676112683454	268.076850135507	
0.423275862069	0.033483613989	0.563250762326	2.591139172431	13.180827443941	221.723709643034	1020.002151688020	609.447690632066	-700.169475814758	265.731039595715	
0.424137931034	0.034572337581	0.561121476896	2.593778450409	13.609403576830	220.885516255584	1021.041103684242	610.108937636221	-700.644046771008	264.587317065660	
0.425000000000	0.034329969024	0.559685884475	2.593069938552	13.513995174137	220.320395178972	1020.762197932670	610.350555501261	-700.732762369587	263.955466643465	
0.425862068966	0.034308253319	0.557355586449	2.591940150681	13.505446784944	219.403073166601	1020.317456843076	610.246815017731	-701.045121872875	262.554817302875	
0.426724137931	0.036383627630	0.557486491805	2.596518246356	14.322418056008	219.454604070551	1022.119624587804	609.248670650326	-704.659470618227	263.026750396853	
0.427586206897	0.038278254549	0.559379198104	2.603246973916	15.068238100830	220.199668063361	1024.768388753934	608.600657546972	-709.593110940951	264.166539738974	
0.428448275862	0.040086457798	0.561928815468	2.607008616498	15.780037460865	221.203325151727	1026.249159670607	607.543560376378	-712.756231603674	265.211048730271	
0.429310344828	0.042203538790	0.563700954052	2.603432365576	16.613426570398	221.900927653291	1024.841368196570	606.277348505586	-712.527020469127	265.340935136712	
0.430172413793	0.043211348782	0.565469948420	2.599692947956	17.010151058043	222.597292434101	1023.369346137792	605.504499560989	-711.751226204947	265.578687035838	
0.431034482759	0.043453948020	0.565396385285	2.590949410762	17.105650268345	222.568334299806	1019.927451991083	604.266323544910	-709.231566220085	265.087229495685	
0.431896551724	0.045048376547	0.565496146802	2.588299496124	17.733297191117	222.607605429589	1018.884312872410	603.882027704059	-708.994871767735	264.658883833562	
0.432758620690	0.046943884761	0.566390709316	2.586821288147	18.479464157604	222.959750037932	1018.302416178800	604.404826636723	-708.204923032484	264.309689313776	
0.433620689655	0.045484861802	0.567493638694	2.578596318086	17.905119647988	223.393918279751	1015.064656027115	603.886682136793	-705.020692502642	264.601645508670	
0.434482758621	0.044484185328	0.566258355111	2.573745551089	17.511203270597	222.907648793844	1013.155151193627	603.360990118498	-703.170220592794	263.921519916379	
0.435344827586	0.044649870493	0.564591256912	2.576355110983	17.576425249608	222.251395448486	1014.182404663807	604.944730152717	-703.200660724384	263.117603228265	
0.436206896552	0.044633536723	0.564589350954	2.579638500338	17.569995459690	222.250645167966	1015.474911157561	605.871669240581	-703.536131129140	263.494309565649	
0.437068965517	0.043689300634	0.565357884879	2.581886120010	17.198296844267	222.553178612013	1016.359686829523	606.119967765478	-703.961134705642	264.447217765574	
0.437931034483	0.043176602217	0.566124287730	2.589431201339	16.996473069517	222.854873158116	1019.329808724668	608.267461111230	-705.936151195670	265.387249426145	
0.438793103448	0.041658540983	0.567173344192	2.592532790025	16.398888138045	223.267834322108	1020.550749370237	608.980463744086	-706.789233390657	266.512119433096	
0.439655172414	0.039072041059	0.568054744335	2.596617335587	15.380712226860	223.614797562053	1022.158631072057	609.616979641392	-708.132658432855	267.633228487448	
0.440517241379	0.037150431122	0.568022505356	2.601051162998	14.624270314752	223.602106685406	1023.904007602774	610.330087196264	-709.836070090159	268.311931771123	
0.441379310345	0.033441383725	0.565420231886	2.602756221654	13.164203497106	222.577721516371	1024.575204084900	610.566436395006	-710.641777062473	267.479263258019	
0.442241379310	0.031870576517	0.563972819249	2.604706186293	12.545855108323	222.007947410808	1025.342807828148	610.766338596699	-710.573512031583	266.728228616201	
0.443103448276	0.030737168993	0.567317007584	2.613012263197	12.099689141781	223.324387428414	1028.612495695041	611.120349419762	-714.606044024049	268.933748173551	
0.443965517241	0.027069347437	0.568955406144	2.615333102682	10.655850879835	223.969343158315	1029.526094352403	610.688693504183	-716.247793347285	270.160536705553	
0.444827586207	0.023007874355	0.568993553706	2.617431532536	9.057051662070	223.984359949336	1030.352141439491	610.250857647748	-718.346370616356	271.033501547298	
0.445689655172	0.020589585341	0.569153959113	2.624266184060	8.105091989517	224.047503551183	1033.042602583039	609.972628382368	-722.478553216849	272.299580655141	
0.446551724138	0.018854726462	0.567116687008	2.627488859122	7.422164646947	223.245531216964	1034.311208890280	609.074780554683	-724.112561286993	272.194854203380	
0.447413793103	0.018849376705	0.563945206323	2.629078466595	7.420058714523	221.997077580476	1034.936958005000	608.942904636789	-724.209482027876	270.923233510880	
0.448275862069	0.021413361556	0.560814535997	2.629857859452	8.429371565397	220.764688944764	1035.243766068106	608.316693021795	-723.701252158849	269.166504121767	
0.449137931034	0.023869855622	0.558760983320	2.625882613063	9.396370659571	219.956307762068	1033.678909995173	607.501807107116	-720.455814862547	267.314359121951	
0.450000000000	0.025019095955	0.554568181853	2.618841595772	9.848769212902	218.305811114181	1030.907212950120	606.836234933311	-715.776595464078	264.112584198286	
0.450862068966	0.026766637074	0.550770313543	2.614033196493	10.536688920084	216.810779936712	1029.014386172560	606.626588730741	-711.695543774438	261.110025033326	
0.451724137931	0.026758629046	0.547272980271	2.606793909626	10.533536559461	215.434054402111	1026.164640292428	606.451348601386	-706.718183618501	258.410044906603	
0.452586206897	0.025441471339	0.545521621036	2.600789289390	10.015037318068	214.744631693010	1023.800921034871	605.775426596736	-703.767327185714	257.366216997359	
0.453448275862	0.023865007836	0.545221938571	2.599111105882	9.394462328233	214.626661665483	1023.140303956716	605.880232025297	-703.222674671640	257.458265412095	
0.454310344828	0.023601230349	0.547009825294	2.598955200964	9.290626298663	215.330463423527	1023.078931972905	605.818877441202	-703.514109869135	258.598985370830	
0.455172413793	0.022500647219	0.549488317290	2.600683622818	8.857381657617	216.306122004941	1023.759325380100	605.782333994175	-705.559192583659	260.212757474157	
0.456034482759	0.022551967789	0.552660618681	2.603228157444	8.877584004149	217.554898712379	1024.760981648165	606.189986114508	-708.159311688542	261.927176522794	
0.456896551724	0.023203299542	0.557069399631	2.610080751195	9.133980803005	219.290415701497	1027.458505750658	606.452538091490	-712.831901709278	264.401377698416	
0.457758620690	0.023152082962	0.562047674608	2.616376403178	9.113819392152	221.250114061988	1029.936789679755	606.387203161734	-717.483409016519	267.115339294550	
0.458620689655	0.022575750486	0.567530525892	2.625234323704	8.886946064606	223.408438928143	1033.423710834581	607.048173040106	-723.643561498141	270.394822980536	
0.459482758621	0.022652468518	0.570408817178	2.632036473050	8.917146124631	224.541478533155	1036.101377493243	607.083425968909	-728.062590847921	272.342335709192	
0.460344827586	0.021431764746	0.573874302109	2.637898082674	8.436615982477	225.905666965883	1038.408800611188	606.731611051251	-732.290765769178	274.928097393541	
0.461206896552	0.021585673177	0.578666491882	2.645347554037	8.497202049318	227.792112870279	1041.341285635674	606.599724980697	-736.934953137305	277.726539110075	
0.462068965517	0.022048625025	0.583169855463	2.645680163989	8.679443082960	229.564862320324	1041.472217571111	606.059000861362	-738.300266955245	280.272133130767	
0.462931034483	0.019886121039	0.582888430882	2.640092752126	7.828173208334	229.454079510571	1039.272732424532	605.314961871276	-737.361712615508	280.815381292025	
0.463793103448	0.019625509928	0.578512767688	2.637248229466	7.725583622779	227.731599328608	1038.152985841560	605.579256002262	-735.372975215095	278.726605353711	
0.464655172414	0.021567260334	0.579102983895	2.640003484834	8.489953832187	227.963937987622	1039.237592347465	606.186957250470	-735.383682045763	278.959865428244	
0.465517241379	0.022301682755	0.577153038599	2.636122196865	8.779059279554	227.196341858996	1037.709723014140	607.254153097963	-732.204317649696	277.714311158998	
0.466379310345	0.023215629168	0.573943285661	2.632151235554	9.138834361562	225.932822346895	1036.146553762358	608.682812064994	-727.992853253323	275.762563735961	
0.467241379310	0.024496529047	0.573605827117	2.633558736029	9.643060705628	225.799981762963	1036.700616441913	610.782805797234	-726.860100838710	275.552239097674	
0.468103448276	0.024565855609	0.571446454233	2.630106492871	9.670351112827	224.949944446664	1035.341640634314	612.103446919523	-723.403799727370	273.990480795459	
0.468965517241	0.025065894841	0.570478747439	2.626593670106	9.867191598069	224.569006586384	1033.958817659343	613.145389642322	-720.610756432426	272.798404599484	
0.469827586207	0.025359438686	0.570229071900	2.623466427593	9.982745157304	224.470721789831	1032.727778383166	614.269263310955	-718.629608264805	272.246794054697	
0.470689655172	0.023579063073	0.567699611952	2.618691366090	9.281900148453	223.474999669858	1030.848075023341	613.643659351891	-717.035357945010	271.191066099957	
0.471551724138	0.021909993134	0.567121511064	2.621881775260	8.624870627553	223.247430206802	1032.103979859791	614.139165041071	-718.405401224285	270.931428561133	
0.472413793103	0.022309680133	0.564409851970	2.623665193594	8.782207448020	222.179985378227	1032.806022636038	614.758891014685	-718.545208740650	269.971616535812	
0.473275862069	0.022393861414	0.562488802611	2.626962133657	8.815345416422	221.423764137461	1034.103863366999	615.248444275972	-719.601303827120	270.165837771631	
0.474137931034	0.022871676137	0.560741699194	2.633331197598	9.003437222017	220.736016731192	1036.611045919349	616.483230444852	-720.699936627264	269.499466905507	
0.475000000000	0.023183983682	0.560036518389	2.637305827895	9.126377113044	220.458422248548	1038.175659467965	616.640292913562	-721.283345826830	269.363299303198	
0.475862068966	0.024609619585	0.562044411904	2.639111692541	9.687578805684	221.248829698605	1038.886538236583	616.816004548921	-721.218473343921	270.143651155790	
0.476724137931	0.028104085151	0.562085623777	2.635681162368	11.063175467504	221.265052755540	1037.536109747377	616.935460031541	-717.975656833077	269.373849684111	
0.477586206897	0.028768428283	0.563276412375	2.629409840408	11.324694196837	221.733806786624	1035.067403334033	616.073054433131	-714.822685930850	269.911704705543	
0.478448275862	0.031048565616	0.564747464969	2.624271077986	12.222270448307	222.312886763128	1033.044529077584	616.166686008836	-711.554613315586	269.981129887187	
0.479310344828	0.030341815892	0.565329807605	2.616509575624	11.944058360656	222.542125990552	1029.989213024104	615.598589626728	-708.469582836244	270.049150702457	
0.480172413793	0.030610236980	0.567267378360	2.614907387604	12.049722344122	223.304850880140	1029.358511576306	615.226188863715	-708.533555655324	271.010486632483	
0.481034482759	0.029242017228	0.568725514840	2.612714586623	11.511122524825	223.878846427198	1028.495315287027	615.079601734619	-708.817157762472	271.946837990047	
0.481896551724	0.028535025064	0.568499217555	2.614296363410	11.232815000038	223.789764482406	1029.117981851237	615.268394780239	-710.500562350267	272.075244021448	
0.482758620690	0.026683090490	0.567664986369	2.616851170694	10.503800800424	223.461369306262	1030.123681952199	615.453646070165	-712.594080750775	271.969490448694	
0.483620689655	0.024825983784	0.564560215348	2.614567180864	9.772750590413	222.239175934448	1029.224589164702	615.627458110004	-711.871743390460	270.675684916391	
0.484482758621	0.025052398118	0.563548864679	2.613872001581	9.861878611967	221.841057658885	1028.950931781976	615.155464825227	-712.041687257752	270.186519040240	
0.485344827586	0.023989341912	0.561961047929	2.610790902843	9.443406447513	221.216013462773	1027.738057006243	615.175814685444	-710.869391632996	269.211680685985	
0.486206896552	0.022053849740	0.560410676883	2.605853234459	8.681499792370	220.605709770819	1025.794343434305	615.253335630380	-709.232550842476	268.243117109867	
0.487068965517	0.020543268815	0.561827051298	2.606455463700	8.086859485328	221.163265677906	1026.031411025420	615.501311582008	-709.612554634183	268.719335434841	
0.487931034483	0.018990995762	0.564058374291	2.609108540658	7.475807068212	222.041626160203	1027.075794991463	615.411651487455	-711.913781609056	269.806492832341	
0.488793103448	0.018364432162	0.566112925777	2.614368722224	7.229160254586	222.850400524367	1029.146465904530	615.216347418479	-715.859668147029	271.184377204269	
0.489655172414	0.018229910493	0.568092182751	2.622943245679	7.176205788291	223.629535197566	1032.521827778839	614.870623620825	-722.037659785984	272.740762565095	
0.490517241379	0.020109444352	0.570624491763	2.633025122277	7.916084449081	224.626378851709	1036.490559344056	615.282616744392	-727.943530059957	274.412131631397	
0.491379310345	0.020503892530	0.571854532567	2.640264145574	8.071359007309	225.110584517010	1039.340201469540	615.657835599961	-731.689402667693	275.454633425850	
0.492241379310	0.019083450989	0.573774938439	2.646385094550	7.512202075963	225.866552448801	1041.749713545244	615.491244103127	-735.427331543080	277.363244000859	
0.493103448276	0.018797552875	0.573689062430	2.652514927799	7.399658259506	225.832747350973	1044.162722915924	615.837786093406	-739.268396965853	278.358330341543	
0.493965517241	0.017614473772	0.572889637687	2.656158689737	6.933939071706	225.518053734131	1045.597090106876	616.112522162155	-741.165005788834	278.683866522465	
0.494827586207	0.014385231965	0.574807249518	2.664143367180	5.662747764906	226.272921791601	1048.740259049463	616.707387934685	-746.782255704735	281.208722752232	
0.495689655172	0.010461455276	0.577071063297	2.665638258464	4.118152743269	227.164072274662	1049.328723128477	616.397467997956	-749.360249564749	283.811114464435	
0.496551724138	0.008530867469	0.576590349894	2.665184334845	3.358176691870	226.974839403214	1049.150036057989	616.497532600076	-749.236852170113	284.377543865609	
0.497413793103	0.006863593108	0.575556468650	2.664931925005	2.701854000452	226.567851965479	1049.050674903286	617.243092891253	-748.002313513045	284.144528842945	
0.498275862069	0.007267807845	0.575919423957	2.660479173904	2.860973165477	226.710729352155	1047.297849060235	616.967985550825	-744.365977655992	283.974936710301	
0.499137931034	0.009874054218	0.577382710520	2.653981148979	3.886922267653	227.286752229914	1044.739901005932	616.787325243507	-740.099865480108	284.133854835081	
0.500000000000	0.013971035831	0.574342117965	2.641194351792	5.499699422082	226.089822716847	1039.706377224863	616.831825989267	-732.045818767282	281.714542596062	
0.500862068966	0.015598554741	0.570798536955	2.629923520337	6.140372376814	224.694891756177	1035.269613481013	616.838540247135	-725.778953314271	279.282296921337	
