dbx_v3_0_10_0										
Time	Cx	Cy	Cz	Fx	Fy	Fz	Mx	My	Mz	
0.000000000000	0.000000000000	0.000000000000	0.000000000000	0.000000000000	0.000000000000	0.000000000000	0.000000000000	0.000000000000	0.000000000000	
0.000862068966	2.814854846996	-0.112870803677	9.715529239603	1611.705375755652	-64.626593888386	5562.834161943485	2654.553093999660	-3924.329235402285	-338.544534679798	
0.001724137931	0.180427184688	-0.018492286912	2.138843730038	103.307445428074	-10.588154575253	1224.640745252812	482.383598594820	-701.834902697403	109.547182597730	
0.002586206897	-0.037965180921	0.203334585231	2.194267977207	-21.737776726546	116.423567788396	1256.375083953961	763.341170905363	-912.010396439409	69.746832520586	
0.003448275862	-0.050643893892	0.225050867449	2.250802053497	-28.997245140935	128.857689864047	1288.744879066921	847.558280546110	-959.045915933459	126.034284285799	
0.004310344828	-0.030884390806	0.204275665024	2.359489566520	-17.683518829696	116.962403161343	1350.976240376175	802.730659153107	-984.565182586682	132.755443805044	
0.005172413793	-0.050146389732	0.162620675368	2.483308299811	-28.712388488749	93.111947488100	1421.871305632456	837.653096198426	-1030.195564775040	124.388999855808	
0.006034482759	-0.051444638880	0.178704026747	2.610192338573	-29.455728818464	102.320814476621	1494.521477128732	870.426604403152	-1088.024265631709	134.195406392736	
0.006896551724	-0.053903040721	0.171881965442	2.719685768044	-30.863339398503	98.414697295693	1557.214283145353	893.664540786302	-1132.960602153282	139.426125753358	
0.007758620690	-0.075095196449	0.169264053518	2.711374108725	-42.997361636125	96.915755804464	1552.455264746675	906.032246252737	-1131.524590725396	141.792559807256	
0.008620689655	-0.103430322767	0.158777634103	2.688221399133	-59.221244533349	90.911531977268	1539.198685441155	916.397591891635	-1120.128543449033	144.274593991897	
0.009482758621	-0.111519143893	0.154435704465	2.747737341631	-63.852672156011	88.425467252745	1573.275811858737	927.226781763459	-1152.522238017108	145.344827289097	
0.010344827586	-0.106348448154	0.167869417933	2.836315793770	-60.892079666454	96.117227357785	1623.993300059332	946.302170023882	-1192.946298188064	152.684232573860	
0.011206896552	-0.108758532924	0.171193866263	2.867356204952	-62.272025273306	98.020711386855	1641.766151693616	958.988382710231	-1203.273775023468	155.981624387884	
0.012068965517	-0.115441020706	0.169625131461	2.882283813046	-66.098226646703	97.122498707707	1650.313273133041	967.094413231203	-1212.344375873363	157.378009229229	
0.012931034483	-0.116730469398	0.162143448888	2.902963739805	-66.836528087330	92.838701254909	1662.154007713949	976.553255257218	-1221.853508718159	156.016307997520	
0.013793103448	-0.114163010299	0.155419800414	2.915726120919	-65.366474441005	88.988932446256	1669.461382113962	983.583983851599	-1224.750277544267	154.365659783176	
0.014655172414	-0.112840499273	0.152888043547	2.915839085833	-64.609242453387	87.539320876962	1669.526062593250	987.143172075159	-1217.420627978413	153.768181006462	
0.015517241379	-0.111459301867	0.155175621439	2.902936253374	-63.818408323474	88.849122549196	1662.138269770052	987.335736347189	-1198.265137884015	153.360988380361	
0.016379310345	-0.109133891647	0.159468812083	2.878372254636	-62.486944942344	91.307280719358	1648.073626664693	984.689584342114	-1169.594680244649	153.275496084863	
0.017241379310	-0.108116713100	0.158608829153	2.840837260786	-61.904537599344	90.814879091034	1626.582162750707	980.673612297206	-1132.703356535547	151.036426474477	
0.018103448276	-0.102852257160	0.153560542020	2.809744651314	-58.890260700270	87.924374268157	1608.779423868566	978.648047882573	-1102.148289015599	146.047099734795	
0.018965517241	-0.096698816359	0.151103443581	2.789564300912	-55.366976496713	86.517509978867	1597.224732420711	977.393969355759	-1083.950178643707	142.924438274744	
0.019827586207	-0.090438506548	0.150217548152	2.781017398737	-51.782502154549	86.010271594377	1592.331020691167	978.155033686334	-1074.355376663923	140.567565142472	
0.020689655172	-0.086897087846	0.150369121609	2.768169916499	-49.754787096165	86.097058220692	1584.974919821711	977.654495777986	-1061.745850956815	139.706798969537	
0.021551724138	-0.084788845629	0.148969221043	2.754219846180	-48.547667902031	85.295515196204	1576.987508552441	976.143357086800	-1049.573004900569	137.758199074188	
0.022413793103	-0.082546232391	0.148501497662	2.737872731307	-47.263611704370	85.027710165764	1567.627618131598	973.147000387911	-1038.990733686574	137.734903980140	
0.023275862069	-0.080578821186	0.145796163097	2.717463208666	-46.137128319753	83.478712971457	1555.941709214559	968.526260870329	-1028.011926014720	135.924934620833	
0.024137931034	-0.077810615553	0.142717175093	2.698678003726	-44.552132949634	81.715772504451	1545.185838154893	963.349698612835	-1017.705494825615	132.917844667771	
0.025000000000	-0.073641351830	0.143145547228	2.681796850949	-42.164931789970	81.961046136541	1535.520172904284	956.762193219253	-1010.843912125627	131.435886199212	
0.025862068966	-0.067084298904	0.147369849776	2.674372512502	-38.410550827391	84.379760953631	1531.269209057928	951.149712725093	-1010.165544871664	130.830620128767	
0.026724137931	-0.063041398270	0.152445545815	2.675444155505	-36.095701558316	87.285959332151	1531.882801190763	947.028948229746	-1014.972359693800	131.572085762089	
0.027586206897	-0.064154342137	0.160168194447	2.673027919824	-36.732941384390	91.707727057565	1530.499333748486	942.182413190916	-1018.527438444602	136.001225099675	
0.028448275862	-0.066821965295	0.165717336512	2.650802547585	-38.260346106229	94.885007089185	1517.773721287815	930.502603303312	-1014.590324701596	140.081223167766	
0.029310344828	-0.067384067768	0.168952041663	2.614207608532	-38.582189905315	96.737106740390	1496.820505863320	914.807542690167	-1004.552052222755	142.055460273454	
0.030172413793	-0.068205513397	0.175646481764	2.585917755911	-39.052526177651	100.570151669852	1480.622545390791	903.713946033506	-995.837985934425	145.072665593259	
0.031034482759	-0.068607141047	0.180252076783	2.566541844045	-39.282486682879	103.207183649902	1469.528452439950	897.010801479845	-990.452768238916	147.423741461240	
0.031896551724	-0.066570412796	0.178187095257	2.558274833425	-38.116314340210	102.024834290476	1464.794998609863	896.157427954524	-988.417088616495	145.744409381329	
0.032758620690	-0.061432722307	0.172817227234	2.571068884475	-35.174619712466	98.950201447879	1472.120506309105	903.597284717382	-993.024959697905	141.397652642808	
0.033620689655	-0.056797633261	0.167906306319	2.581396668454	-32.520700296424	96.138348592232	1478.033900023308	909.263710640810	-997.432922224364	137.950865233375	
0.034482758621	-0.056713392265	0.167183452428	2.575989891790	-32.472466311390	95.724463129479	1474.938134348732	907.329567464765	-996.234864914064	137.983552531613	
0.035344827586	-0.056114253122	0.171906979308	2.579211878214	-32.129416374589	98.429019519767	1476.782951620674	907.730151932636	-999.221593369767	139.968187572460	
0.036206896552	-0.054267286131	0.176672016782	2.589697709808	-31.071895901968	101.157343689259	1482.786838878803	911.565357276203	-1004.050898835357	141.569993089036	
0.037068965517	-0.049631567877	0.178869624105	2.603536848683	-28.417616219414	102.415630787407	1490.710733975725	917.019168129347	-1008.581176379981	140.920153528963	
0.037931034483	-0.044976207902	0.181079090281	2.610434948342	-25.752090248430	103.680707924859	1494.660388543154	919.615353150995	-1011.404112876365	139.913654934019	
0.038793103448	-0.044331155766	0.183045917748	2.608984218260	-25.382751844972	104.806857078307	1493.829741991649	919.916528335775	-1010.332860262443	140.560863198059	
0.039655172414	-0.043022513275	0.184811107584	2.600659262422	-24.633460584184	105.817554290563	1489.063110386731	917.787362461810	-1008.560142812413	141.282274327426	
0.040517241379	-0.041873026475	0.186668455681	2.591145910577	-23.975297319603	106.881018687748	1483.616037217953	914.702523650995	-1007.046716987463	141.849296700458	
0.041379310345	-0.042197105826	0.192260229090	2.572950495371	-24.160855886893	110.082708207542	1473.197862891012	907.873768031129	-1001.703358791081	145.435793641382	
0.042241379310	-0.041264572836	0.194940293479	2.553703272799	-23.626914168933	111.617236422047	1462.177453749610	899.708351368720	-997.212126829336	147.324748274171	
0.043103448276	-0.041885459545	0.199855483722	2.534047893984	-23.982416140361	114.431533772334	1450.923346017613	892.349523000248	-992.644595230236	150.866862261061	
0.043965517241	-0.041824681453	0.202822497379	2.523230961285	-23.947616342794	116.130360930930	1444.729879736902	888.866823580008	-990.346385760628	152.224195620447	
0.044827586207	-0.043595388517	0.203274381465	2.513213857872	-24.961472562606	116.389096834074	1438.994372828322	886.432643018552	-987.994267312865	153.781396834186	
0.045689655172	-0.041076465077	0.203015006161	2.514578120645	-23.519209046619	116.240585953632	1439.775510672061	886.983439040981	-989.811841769154	153.320690504210	
0.046551724138	-0.041079637166	0.203386215035	2.516736599754	-23.521025293715	116.453129537532	1441.011394073846	887.370429896547	-991.870774234911	154.061085314293	
0.047413793103	-0.038805057212	0.203986669988	2.522338847650	-22.218665868855	116.796932869617	1444.219080985118	889.546758644567	-995.377024190164	154.360112657160	
0.048275862069	-0.036837075483	0.205766514753	2.524852958386	-21.091855818456	117.816021075467	1445.658588884962	890.818480930993	-997.213367524733	155.229705957415	
0.049137931034	-0.036978294021	0.209729085604	2.520861021545	-21.172713514446	120.084875808281	1443.372920025998	889.344831954792	-997.591376748782	157.540344129009	
0.050000000000	-0.037641251781	0.208438319394	2.511950280020	-21.552304166025	119.345819994882	1438.270884291133	887.610415010080	-996.232273329362	156.935030476529	
0.050862068966	-0.037321352983	0.208624360042	2.501300410411	-21.369139264172	119.452341548658	1432.173073556920	885.551594358286	-993.154738162994	157.273737805086	
0.051724137931	-0.035270246555	0.210191386540	2.491801785990	-20.194734388638	120.349576101889	1426.734432890800	882.337029201591	-990.572924544795	158.582850485606	
0.052586206897	-0.034944802986	0.212546988353	2.479358421647	-20.008394709078	121.698326325443	1419.609718369319	877.246772179074	-986.745077309091	161.082017448905	
0.053448275862	-0.034223692949	0.214746373659	2.469453496415	-19.595507726544	122.957631445573	1413.938441478990	874.329060357891	-983.204183778909	162.003107896376	
0.054310344828	-0.030119937838	0.218145530346	2.465985233434	-17.245814924730	124.903891343304	1411.952613294048	873.878600792200	-981.795440060790	163.045480515862	
0.055172413793	-0.024666303710	0.220430063309	2.463468688070	-14.123220006034	126.211949576040	1410.511711396198	873.890387434304	-980.731531104321	163.033349680660	
0.056034482759	-0.020323360484	0.220382821886	2.458446281661	-11.636574930433	126.184900488613	1407.636025135824	873.536852664125	-978.827838370783	161.840691897507	
0.056896551724	-0.017960554064	0.220522686864	2.447271785634	-10.283699554545	126.264983174313	1401.237828320265	870.939620802738	-975.440317358198	161.587516953257	
0.057758620690	-0.015864271690	0.220727798189	2.432852015233	-9.083428224637	126.382424052648	1392.981480218718	866.833654596007	-971.487679556489	161.214747564073	
0.058620689655	-0.014117106087	0.222520227135	2.419382522908	-8.083051172195	127.408717600953	1385.269234163608	862.729331416097	-968.127399205081	161.885921753059	
0.059482758621	-0.011674779529	0.225307653393	2.411481098399	-6.684644839625	129.004718150950	1380.745104484397	861.699739952792	-966.495784584934	162.400013646448	
0.060344827586	-0.010100577853	0.227820798787	2.405130882069	-5.783301984960	130.443673323249	1377.109152240635	861.216820149243	-965.120193839634	163.187189903770	
0.061206896552	-0.010378469417	0.230718184698	2.401963080653	-5.942414746087	132.102633625599	1375.295359754113	860.988953532854	-965.492203424047	164.518534037094	
0.062068965517	-0.011789470602	0.233172934614	2.402583842281	-6.750313668038	133.508153217547	1375.650790107812	861.506872069977	-966.485626980014	165.487473182392	
0.062931034483	-0.014124375490	0.234496610398	2.403158106772	-8.087213424503	134.266052112441	1375.979597530520	861.824619474879	-967.760294654266	165.913284944115	
0.063793103448	-0.017348417135	0.236500496902	2.404991335042	-9.933207457003	135.413420209884	1377.029251604170	861.434633898869	-969.673963905325	166.939852126897	
0.064655172414	-0.015627007632	0.237261802350	2.405048221437	-8.947577610926	135.849321934759	1377.061823127164	860.525918036448	-970.322521644323	167.343027805358	
0.065517241379	-0.016132636630	0.236656207476	2.394844924316	-9.237086313628	135.502575630704	1371.219707027367	857.916121132587	-966.358353835190	167.092826239551	
0.066379310345	-0.017205824851	0.233937031724	2.383752193160	-9.851563193964	133.945653368463	1364.868326438228	855.643877803789	-963.023642474729	165.715282114209	
0.067241379310	-0.011089607458	0.232778724036	2.378604059472	-6.349592049040	133.282439516048	1361.920652333538	852.110282718096	-961.106793233002	165.125304862259	
0.068103448276	-0.004841270840	0.234427641895	2.371048600120	-2.771973214662	134.226562720210	1357.594612407584	848.376120513981	-958.495672512935	165.843256293395	
0.068965517241	-0.001368154162	0.231688234913	2.352900622784	-0.783365941463	132.658056633635	1347.203599647987	845.356396898357	-949.011827087330	164.127024496782	
0.069827586207	0.001860514191	0.230946312853	2.330366766768	1.065277212152	132.233253282473	1334.301358200253	841.468039917062	-937.446409337525	163.614483672646	
0.070689655172	0.004317208526	0.231035502079	2.313832528930	2.471910122290	132.284320482228	1324.834326521197	836.942933232465	-927.995215150044	164.283177017368	
0.071551724138	0.002856777443	0.228460646587	2.303793207601	1.635709055399	130.810031873081	1319.086098269874	834.387092278308	-920.612811165742	163.452845789155	
0.072413793103	-0.000539176279	0.226793948392	2.297365856152	-0.308716916074	129.855728156856	1315.405980663601	834.157540839676	-914.915953718246	163.078649173382	
0.073275862069	-0.000971832358	0.229841508102	2.300127200825	-0.556443412353	131.600673681566	1316.987047644250	835.172003412574	-913.991895794131	164.403115149124	
0.074137931034	-0.002305800833	0.230584140871	2.304747763971	-1.320235607242	132.025883964211	1319.632649945788	837.500017672465	-913.918927923282	164.361814131535	
0.075000000000	-0.002638276663	0.230081637975	2.313588394651	-1.510601758134	131.738165178486	1324.694542215761	840.627336095306	-916.364932166869	163.422346704734	
0.075862068966	-0.005917799463	0.225142248727	2.316368498531	-3.388362713354	128.910012170259	1326.286350181949	843.377469990092	-917.137424737311	160.589771618866	
0.076724137931	-0.010902361828	0.217626173961	2.321521777658	-6.242380556514	124.606522731575	1329.236970417157	846.112508034862	-919.662488521664	157.088997029851	
0.077586206897	-0.011654809451	0.212601917333	2.337556251857	-6.673210544541	121.729777088477	1338.417851730294	848.413668123194	-927.487511432804	154.720688598695	
0.078448275862	-0.014273150759	0.211301466399	2.348339474649	-8.172397888061	120.985176078668	1344.592016682807	848.402964908835	-933.154002940624	154.555182275175	
0.079310344828	-0.021601579328	0.209810482382	2.352660790751	-12.368446481214	120.131481275585	1347.066278685457	847.806015636696	-937.746206498327	154.492378668022	
0.080172413793	-0.026339810333	0.208260882075	2.358363603477	-15.081422033606	119.244224460846	1350.331546142682	847.346779925597	-943.909602832217	154.127737846429	
0.081034482759	-0.030878595785	0.206524779073	2.359719087242	-17.680200766384	118.250181537506	1351.107657377230	846.140188940582	-949.428348588136	153.084751568229	
0.081896551724	-0.032661801881	0.208016947758	2.362523989907	-18.701213574019	119.104554648021	1352.713664418426	844.120433582299	-955.527821538635	154.193728182270	
0.082758620690	-0.026736126551	0.210906749618	2.365310681791	-15.308341364573	120.759172539778	1354.309244486715	841.968719538085	-958.891216051369	155.251293930346	
0.083620689655	-0.022628903103	0.209518139645	2.353841339457	-12.956662691420	119.964094185904	1347.742227109169	839.492433905792	-949.447656671897	153.315415253778	
0.084482758621	-0.019208166943	0.209582204798	2.345106254352	-10.998047005422	120.000776059908	1342.740767216164	838.305387249986	-941.578328300293	152.799076353788	
0.085344827586	-0.016516562889	0.209051482980	2.325711287767	-9.456911508366	119.696899926666	1331.635764078926	836.461288221327	-926.121851734785	151.973406347148	
0.086206896552	-0.014492540352	0.209972881148	2.309579952443	-8.298014094087	120.224466163858	1322.399422855693	835.659845579566	-912.566116964546	152.494379524023	
0.087068965517	-0.013003174161	0.209656414150	2.298433785499	-7.445245611642	120.043266212619	1316.017446462836	835.589700472158	-901.910716433717	151.923135786143	
0.087931034483	-0.011133722891	0.214078561825	2.287638744271	-6.374851284212	122.575261489985	1309.836514612349	835.100730057633	-892.607112786988	154.194866996863	
0.088793103448	-0.009409316512	0.215324699427	2.273622361943	-5.387505512073	123.288764239269	1301.811134983810	834.101721712523	-883.041651722421	154.648941822712	
0.089655172414	-0.008348345778	0.216906915445	2.270535608693	-4.780024015840	124.194695877109	1300.043748358940	834.175468903469	-882.251777958830	155.565200209007	
0.090517241379	-0.008236472069	0.217520605389	2.273936826345	-4.715968329785	124.546077186580	1301.991188305949	834.048244610816	-887.433907093265	155.969592024036	
0.091379310345	-0.008636235055	0.215803247769	2.277508687148	-4.944861181526	123.562767332523	1304.036333640537	832.935579478050	-894.588222559074	155.411935436897	
0.092241379310	-0.011082460394	0.211395770902	2.277187981580	-6.345499844639	121.039172139799	1303.852706804875	830.599552507184	-898.535384519797	153.133897633690	
0.093103448276	-0.015058117544	0.206426161583	2.281025163880	-8.621847417952	118.193715983438	1306.049767640094	828.422869737277	-904.430466379809	150.117751366314	
0.093965517241	-0.019504769501	0.203235699149	2.285100521819	-11.167873146908	116.366948446288	1308.383201033877	826.794667494318	-909.184327653834	148.400983112741	
0.094827586207	-0.022424112935	0.202224537386	2.289367468255	-12.839405698706	115.787986141753	1310.826332520911	824.907760448666	-913.073226273005	148.206151295821	
0.095689655172	-0.022424077565	0.203671007739	2.296808784293	-12.839385447045	116.616193694350	1315.087017250115	823.842306885002	-919.232415030623	149.248285548929	
0.096551724138	-0.024625408943	0.200306253140	2.305807794861	-14.099804832482	114.689631448699	1320.239593314419	824.953494069964	-925.412837578058	147.508019798381	
0.097413793103	-0.022485983829	0.201022770185	2.318361620513	-12.874831203323	115.099888614795	1327.427554822186	828.159579011698	-930.875015758091	147.916686753122	
0.098275862069	-0.021683221894	0.201828349428	2.319425345790	-12.415192679476	115.561140248438	1328.036613491205	831.610061845931	-926.969846067874	148.429131188431	
0.099137931034	-0.021115460294	0.203112831701	2.320003765571	-12.090108626329	116.296598059837	1328.367800113867	835.172301459738	-922.118767800248	148.901665607161	
0.100000000000	-0.015305022807	0.211276792318	2.316952764554	-8.763218309651	120.971048406037	1326.620884195500	836.455002541945	-914.553986317144	153.642578367991	
0.100862068966	-0.011831111638	0.217539849511	2.298993073759	-6.774156133838	124.557095820202	1316.337678924198	836.719725225645	-897.397183727931	156.433659188054	
0.101724137931	-0.011346032358	0.218069742390	2.282569345957	-6.496413612296	124.860497326930	1306.933922130902	837.109042868319	-881.620603741810	155.841001991464	
0.102586206897	-0.007539623435	0.217421456767	2.277581947359	-4.316972733086	124.489307521277	1304.078280342257	837.645312581278	-876.412326560626	154.786830248688	
0.103448275862	-0.004283440076	0.214735700600	2.269991580855	-2.452575273670	122.951520357663	1299.732253579356	836.994076074444	-871.636072036764	152.305404353506	
0.104310344828	-0.002126195137	0.212182468555	2.260349412977	-1.217398522755	121.489612715155	1294.211424034719	834.576962184698	-868.067656562150	150.044726617500	
0.105172413793	0.000562344140	0.212073708489	2.240725570277	0.321982170717	121.427339812239	1282.975372979657	829.952501971098	-859.519165649112	149.251218358710	
0.106034482759	0.000524973470	0.214888732978	2.224156484151	0.300584793940	123.039142319945	1273.488388168068	824.927776123987	-854.640085820752	151.303574582396	
0.106896551724	-0.004181753812	0.218730494508	2.207195296376	-2.394352627398	125.238825091485	1263.776897167036	819.629434903820	-849.689176648764	153.751302017433	
0.107758620690	-0.011013373148	0.220635017719	2.207406393663	-6.305942463453	126.329300609369	1263.897765435600	818.320409219999	-854.155571624925	155.141095209506	
0.108620689655	-0.016878164752	0.221243170390	2.226299726699	-9.663954392954	126.677511434338	1274.715547550911	820.417206670193	-866.384423593120	156.203656863302	
0.109482758621	-0.021760677101	0.220144483745	2.251569647067	-12.459541315736	126.048434885845	1289.184381190642	824.914700891051	-880.498302194828	156.594246692477	
0.110344827586	-0.028689950025	0.215202246483	2.279102754567	-16.427044802927	123.218651186178	1304.949051051771	829.972520623363	-898.136341684767	154.900439521069	
0.111206896552	-0.032551201323	0.214772404204	2.303369629195	-18.637886857883	122.972535791435	1318.843569389697	834.421280984616	-913.116671230291	155.784317213295	
0.112068965517	-0.033785927628	0.213875984985	2.325562896231	-19.344855824986	122.459271785846	1331.550799329496	839.045358180563	-925.604859619633	155.108444982535	
0.112931034483	-0.035842264415	0.210245030366	2.343197181543	-20.522255454319	120.380291022114	1341.647686728593	843.651352073529	-933.378065061319	153.004250091414	
0.113793103448	-0.036228300317	0.208782286230	2.357473174691	-20.743288570359	119.542765566741	1349.821712087560	846.439912533746	-941.156901931996	152.192668528374	
0.114655172414	-0.034228592129	0.208509800107	2.362992349152	-19.598312856937	119.386747806387	1352.981833526091	847.221310835390	-944.319429499301	152.031757301101	
0.115517241379	-0.031259233918	0.208584155304	2.360273220711	-17.898143274444	119.429321465501	1351.424938352535	846.878176345295	-942.893463073927	152.690953745624	
0.116379310345	-0.028031597812	0.206214743197	2.347599818614	-16.050091155520	118.072663862243	1344.168510792609	844.184319379151	-935.890761533429	151.378962129361	
0.117241379310	-0.026341655516	0.206193622327	2.336604449148	-15.082478532053	118.060570656572	1337.872876722232	842.071323789438	-929.494050941920	151.871459243306	
0.118103448276	-0.022279719570	0.205292941905	2.331929590913	-12.756730187641	117.544866807498	1335.196186605780	841.188655539964	-925.730492787923	151.628256420098	
0.118965517241	-0.018469307182	0.204251785574	2.330937770460	-10.574997038964	116.948730471640	1334.628298582448	840.324084214762	-923.228885369946	150.843113156281	
0.119827586207	-0.015191439821	0.203505018451	2.335151586834	-8.698183940391	116.521152975378	1337.041009315930	841.035376827848	-922.832399768999	149.902073814236	
0.120689655172	-0.015852932537	0.204445593172	2.332261673645	-9.076935749618	117.059699158788	1335.386327680156	841.751386746980	-917.362794625771	150.555236727105	
0.121551724138	-0.019154407639	0.206225247167	2.328499253386	-10.967265965527	118.078678135009	1333.232073451516	842.737359678773	-911.900171808462	151.074373795182	
0.122413793103	-0.024665629656	0.207796195567	2.327718818842	-14.122834062215	118.978158257276	1332.785218953261	842.517642975291	-912.366913053482	152.083505416765	
0.123275862069	-0.027474679650	0.208183658315	2.335173877042	-15.731215745068	119.200008344637	1337.053772051273	842.409629174716	-920.579354885278	152.983951883766	
0.124137931034	-0.033548722543	0.205253703423	2.344974944041	-19.209038977403	117.522399974876	1342.665582687601	843.645810930130	-932.352122125589	152.040554130437	
0.125000000000	-0.035781288996	0.203980252105	2.357341060348	-20.487342673185	116.793258173209	1349.746067193243	844.781603727003	-943.549086563096	151.228643516800	
0.125862068966	-0.037462701884	0.206624476474	2.366692157126	-21.450071601827	118.307265417546	1355.100237751280	844.832693815326	-951.463797341032	153.153383843485	
0.126724137931	-0.037039488076	0.211171011304	2.379469004087	-21.207751480183	120.910481223024	1362.415894881537	845.648427619294	-960.853894490391	155.776569794301	
0.127586206897	-0.037677423183	0.212598951333	2.385403098550	-21.573014876352	121.728078841883	1365.813587645906	846.913527303816	-966.409644136187	156.105365020035	
0.128448275862	-0.037251514168	0.211038707383	2.393107476873	-21.329151556225	120.834727781978	1370.224894314972	848.442233255833	-973.861429053613	154.890558877168	
0.129310344828	-0.029505349253	0.215105698799	2.399599052389	-16.893919079051	123.163370743573	1373.941784785556	848.051246576028	-979.246419044362	156.700203598217	
0.130172413793	-0.025099219446	0.212498372369	2.386603592666	-14.371095174662	121.670490203923	1366.500956240202	846.833327755978	-971.727923835765	154.349183771917	
0.131034482759	-0.020342218647	0.207428326536	2.366968934146	-11.647372575412	118.767526971484	1355.258712356693	844.250263457277	-958.571515323470	150.346175702147	
0.131896551724	-0.013837408044	0.210258142010	2.351382269895	-7.922904072725	120.387798374664	1346.334234211394	841.618744170054	-946.115434365363	151.203812782153	
0.132758620690	-0.011258949932	0.211781305012	2.327276730227	-6.446552706167	121.259917944376	1332.532091657178	837.953878760910	-928.218867800014	152.033312357736	
0.133620689655	-0.010441284847	0.211275304629	2.301598615173	-5.978381064929	120.970196597722	1317.829537414519	835.733805296070	-908.517330540552	152.205058823524	
0.134482758621	-0.005215177237	0.214120546239	2.290643154889	-2.986061323167	122.599300565083	1311.556754201183	834.968589092605	-897.714111620639	154.213255117166	
0.135344827586	-0.002367672061	0.216014347764	2.287520747857	-1.355661302664	123.683637151896	1309.768953240691	836.005707570033	-891.828977806312	155.756168670434	
0.136206896552	-0.003355546975	0.218692638290	2.279256959149	-1.921290223740	125.217149703877	1305.037344184940	836.033302678600	-883.186309869727	158.111171438179	
0.137068965517	-0.005087214150	0.221650914340	2.272941807793	-2.912793319320	126.910973957998	1301.421469142247	835.971666488711	-878.958176487149	159.900549066033	
0.137931034483	-0.008906127098	0.220036455757	2.287690388854	-5.099393645799	125.986581149582	1309.866084823342	838.151135500460	-892.187575874239	158.168860658585	
0.138793103448	-0.014722803223	0.216890926875	2.305453940861	-8.429856028062	124.185541279563	1320.036986634950	838.362011739707	-909.427567122722	156.294967633701	
0.139655172414	-0.018599773610	0.216031076682	2.316193313352	-10.649698384021	123.693215651947	1326.186044158749	837.680197722252	-919.703385549670	156.454021086435	
0.140517241379	-0.021282675226	0.213473266719	2.320691417078	-12.185851113552	122.228686824945	1328.761529698945	836.909137577313	-923.299010177255	155.848709878874	
0.141379310345	-0.024816272236	0.212257668164	2.325162077556	-14.209087694761	121.532669860557	1331.321302020044	836.421195503987	-926.964927670486	156.038145984660	
0.142241379310	-0.029080291129	0.213694022084	2.321964861606	-16.650542954473	122.355085032940	1329.490667613108	833.835455753142	-926.726792261076	156.899676750964	
0.143103448276	-0.033676079497	0.214672423888	2.317221955381	-19.281959926622	122.915289921759	1326.775015163971	831.973381079966	-925.500036528636	156.860535062183	
0.143965517241	-0.034186085627	0.212452549451	2.307457678423	-19.573974849767	121.644253311416	1321.184269452477	828.937941288699	-921.799643949458	154.984857294190	
0.144827586207	-0.031517673872	0.212590870204	2.307063584394	-18.046118600236	121.723451818256	1320.958622483473	828.998974846506	-921.101994945014	154.136796805940	
0.145689655172	-0.028229731562	0.215883019372	2.310663444585	-16.163536874120	123.608442271169	1323.019799466698	830.410298094865	-920.018168134397	156.188514392116	
0.146551724138	-0.024645886847	0.217274726910	2.313237351204	-14.111529894359	124.405294202377	1324.493544778220	832.481362057986	-919.589683166175	156.388514151597	
0.147413793103	-0.023588440146	0.215694995439	2.319075559950	-13.506066157935	123.500785144605	1327.836336123905	835.704208076937	-922.099050291323	154.940481906490	
0.148275862069	-0.019014274578	0.215478705497	2.337338986742	-10.887029782505	123.376943710136	1338.293451939573	840.813803257488	-933.142106237362	154.897163143215	
0.149137931034	-0.016117097345	0.216206149691	2.352235594580	-9.228188963154	123.793457449745	1346.822823519434	845.101719768231	-940.537069282112	155.746865383631	
0.150000000000	-0.011382589704	0.218283418912	2.367986580552	-6.517345303370	124.982842392375	1355.841387582027	849.710073192594	-947.071845748652	157.283800121257	
0.150862068966	-0.011016009927	0.219171266561	2.378655539806	-6.307452207451	125.491198562199	1361.950128500660	853.393423749444	-950.962382212616	157.703465066239	
0.151724137931	-0.010190649653	0.219579421197	2.387299653784	-5.834874521342	125.724896232493	1366.899500927951	856.999669266577	-952.894551981409	157.187729519676	
0.152586206897	-0.008137454102	0.218583696922	2.382336933179	-4.659273473597	125.154772992164	1364.057989051890	858.190594625102	-946.641647389088	156.864121342768	
0.153448275862	-0.005794263359	0.214493722907	2.368098160928	-3.317629473545	122.812970851345	1355.905275314194	857.283138323052	-935.298154791230	154.642368353141	
0.154310344828	-0.007256835124	0.211442392220	2.349545617729	-4.155056234065	121.065866173567	1345.282619712593	854.293912606651	-923.187246918916	153.036541801619	
0.155172413793	-0.012607129936	0.209064090013	2.340112302487	-7.218482016160	119.704118353126	1339.881373213968	850.167584188599	-921.545523410125	151.978194025775	
0.156034482759	-0.018039808620	0.206969618608	2.341262882816	-10.329078446807	118.504883932262	1340.540162601931	846.549113373353	-927.719186941805	151.237569561016	
0.156896551724	-0.025827456568	0.200757020619	2.342510862794	-14.788062921566	114.947728014541	1341.254720242450	843.860170844273	-933.515070543981	149.156690545487	
0.157758620690	-0.032438677161	0.197968641020	2.342543239782	-18.573458741010	113.351181608094	1341.273258380066	840.518217642494	-938.135926598537	148.934810726795	
0.158620689655	-0.036534622657	0.197473717044	2.342919493705	-20.918679981306	113.067802295156	1341.488690615037	839.057345536368	-939.868176030178	149.565222398821	
0.159482758621	-0.038341753555	0.194294036302	2.347066158364	-21.953391446077	111.247208046926	1343.862952196989	840.723553232220	-939.746011108717	147.404585771262	
0.160344827586	-0.038591775854	0.196438664897	2.357646245661	-22.096547063783	112.475161040494	1349.920807574865	844.272056894186	-941.454916851109	148.082660188453	
0.161206896552	-0.039892872767	0.202950941367	2.370237736066	-22.841517942447	116.203904284637	1357.130334842791	847.034989920014	-946.442043003990	151.555149041821	
0.162068965517	-0.042859441214	0.210179378229	2.373021537240	-24.540090186079	120.342700486653	1358.724259773232	849.709983777850	-945.766691576645	156.615787809319	
0.162931034483	-0.044686975820	0.212410771336	2.370262169327	-25.586484230863	121.620332358096	1357.144324629220	852.223173602062	-943.561506905912	158.783536140389	
0.163793103448	-0.041554807900	0.215032467956	2.363551615649	-23.793094465618	123.121440857311	1353.302053526238	852.547146043213	-938.844392991875	160.849999434945	
0.164655172414	-0.038723033267	0.212255736147	2.355625832436	-22.171701304021	121.531563642740	1348.763976749087	852.431507177784	-933.159032420087	159.412072189089	
0.165517241379	-0.034810464415	0.208989225748	2.355995323302	-19.931476285444	119.661253216416	1348.975536651246	852.888206579970	-932.147004659423	157.788375071934	
0.166379310345	-0.030982850517	0.206335762009	2.362160680346	-17.739894043776	118.141955772700	1352.505643755038	853.729305523685	-934.303897338257	156.105856970768	
0.167241379310	-0.027696336543	0.200004979309	2.362412603084	-15.858130142026	114.517130669618	1352.649887509049	855.278428538151	-931.396251821284	152.092535526257	
0.168103448276	-0.022798602835	0.199443839631	2.352031595993	-13.053827904605	114.195838139751	1346.706019763343	854.940773107184	-919.661758987811	151.575697015050	
0.168965517241	-0.021098722215	0.200583340249	2.335333974812	-12.080524880965	114.848283602208	1337.145439455352	852.657438024652	-904.807560613055	151.229911207414	
0.169827586207	-0.021916665931	0.202154579029	2.321271319278	-12.548856058232	115.747929987459	1329.093565112752	849.467014889097	-894.831701880846	151.042309772018	
0.170689655172	-0.022183193482	0.202733811326	2.316574776226	-12.701462110715	116.079581833870	1326.404458890071	846.285464562394	-895.789163725358	149.884642173583	
0.171551724138	-0.025317919369	0.203419663286	2.311991444435	-14.496316495074	116.472281049094	1323.780174197660	842.442814544342	-898.513789651693	149.949272140097	
0.172413793103	-0.030523770638	0.204137273371	2.307547369347	-17.477038035754	116.883164059258	1321.235623910496	839.358042895055	-901.042624770831	150.969939104015	
0.173275862069	-0.034878476611	0.204158975514	2.308518031072	-19.970418123496	116.895590085429	1321.791397051291	837.631808697824	-904.444879910152	152.092331156250	
0.174137931034	-0.040027289418	0.200232399497	2.320649414080	-22.918481072121	114.647344964852	1328.737479983701	838.045180083357	-915.009129058927	150.759565789215	
0.175000000000	-0.046077122639	0.198874344483	2.336733851068	-26.382442539249	113.869761506346	1337.946968560803	840.386740552999	-925.909321357227	150.794115502366	
0.175862068966	-0.047239676902	0.197118721057	2.353854202947	-27.048087858790	112.864541746491	1347.749592375566	842.929423123572	-935.673947158719	149.866780421293	
0.176724137931	-0.046844509493	0.196765864567	2.360711555612	-26.821826302876	112.662506212830	1351.675916379760	844.850945567391	-938.122921438635	148.427033306041	
0.177586206897	-0.043276463955	0.200501876585	2.357016735141	-24.778865479924	114.801639837866	1349.560367856022	844.214495590339	-932.961129586422	149.496866562732	
0.178448275862	-0.034250361633	0.208647016343	2.344237645196	-19.610777452556	119.465313898849	1342.243426457126	841.232307170419	-921.238681827707	153.120087738855	
0.179310344828	-0.030426487429	0.213853928003	2.317566736709	-17.421336452792	122.446642588834	1326.972427090936	838.104877492986	-902.514419685609	155.683145104262	
0.180172413793	-0.027972951434	0.212942972244	2.298280736060	-16.016511916931	121.925055375603	1315.929814731807	835.884761729556	-891.290026641946	154.372332848326	
0.181034482759	-0.024471495003	0.211803381194	2.296195918799	-14.011678112197	121.272558134658	1314.736107997491	835.604501271764	-891.923983411589	153.773120487444	
0.181896551724	-0.022600348252	0.208504306193	2.299124611549	-12.940313000968	119.383602148209	1316.412993700234	835.228620051802	-895.043990962799	153.027297035043	
0.182758620690	-0.021609645444	0.204851419470	2.297298254780	-12.373064908688	117.292063689837	1315.367274051615	834.680347887414	-893.113757333924	151.898933441955	
0.183620689655	-0.024286254400	0.201312738079	2.296684319040	-13.905614641020	115.265915937494	1315.015752006216	834.455262434782	-894.027854670377	150.864072528481	
0.184482758621	-0.025955999686	0.199687900919	2.306214306691	-14.861663034308	114.335580652924	1320.472350361549	838.225799668300	-897.253572040551	150.856352693352	
0.185344827586	-0.027905020505	0.199251865116	2.312576796869	-15.977616610412	114.085919023381	1324.115330259100	840.911746110070	-897.640249499351	150.965399816769	
0.186206896552	-0.030545012980	0.198695918455	2.317201954628	-17.489200793232	113.767599866329	1326.763563304631	842.269385003144	-898.815681477251	150.521168770161	
0.187068965517	-0.031744433949	0.199786894677	2.332842476244	-18.175954934447	114.392261647254	1335.718878636266	844.187281858214	-908.502380370951	150.514231100845	
0.187931034483	-0.033954781833	0.202996898138	2.349666171065	-19.441536913016	116.230217817643	1345.351645104527	846.027625302649	-920.278118233181	152.007375031099	
0.188793103448	-0.039281088984	0.205490628144	2.359980604749	-22.491228046117	117.658056293805	1351.257394821870	845.732747538848	-931.317231462014	153.669691884726	
0.189655172414	-0.045335663651	0.204789521983	2.372121283542	-25.957904329469	117.256622959186	1358.208800254724	846.997478733472	-942.816891536722	153.872181992609	
0.190517241379	-0.045915163858	0.205289491756	2.386881659356	-26.289709573388	117.542891350931	1366.660169274037	848.525452235417	-954.089755095220	154.666869435110	
0.191379310345	-0.045073569327	0.204479224050	2.399070945335	-25.807836615981	117.078955237517	1373.639405791184	849.923753697993	-962.822599879107	153.858788184356	
0.192241379310	-0.044107260676	0.201452399236	2.407796301598	-25.254555920638	115.345881921590	1378.635295227266	851.097078962936	-969.705037048998	151.813684342412	
0.193103448276	-0.044718260902	0.199885025555	2.408256647047	-25.604397173926	114.448448581266	1378.898875864985	851.677619687547	-971.639982729713	150.801206184759	
0.193965517241	-0.036753083476	0.204063421914	2.411383601318	-21.043764397438	116.840878827138	1380.689280443993	849.909573853272	-973.784202628607	152.530522565742	
0.194827586207	-0.030909589539	0.201693271554	2.390119244248	-17.697946903168	115.483798521196	1368.513917782439	847.017849649812	-957.931151699517	149.755986746695	
0.195689655172	-0.027668566934	0.200799920997	2.357564962306	-15.842230058114	114.972291543612	1349.874267050680	843.180592510147	-933.274450075521	148.981185582488	
0.196551724138	-0.024877210994	0.205434472658	2.325106112247	-14.243979484534	117.625903268761	1331.289257884919	840.004958645499	-908.107046065399	151.353524885458	
0.197413793103	-0.025936136794	0.206471721704	2.306651732068	-14.850290110579	118.219802405354	1320.722807621205	838.858581318757	-893.797146186169	152.200138956689	
0.198275862069	-0.026427453062	0.206103112570	2.308969923339	-15.131603753454	118.008747358200	1322.050137638837	839.318210686621	-893.758692307264	151.910778948775	
0.199137931034	-0.021746359459	0.209272463420	2.313968242463	-12.451343443453	119.823427006091	1324.912032208853	839.341342321403	-895.409993453181	153.022455728020	
0.200000000000	-0.018890854937	0.212952566622	2.317807853399	-10.816363226191	121.930548842264	1327.110483611014	839.613616392976	-896.469121967104	154.873150045021	
0.200862068966	-0.021534265323	0.211673092700	2.313521503181	-12.329904407511	121.197958669877	1324.656242073035	839.207853131064	-893.986496744550	154.353451322397	
0.201724137931	-0.026637541330	0.210934748869	2.313397722086	-15.251894286456	120.775204110190	1324.585368558756	838.780498973028	-896.097778067188	154.242535883617	
0.202586206897	-0.030539713887	0.210974745237	2.322946593782	-17.486166683905	120.798104886502	1330.052779377566	838.818351373402	-906.474741065999	154.482676103513	
0.203448275862	-0.030458696948	0.213309841093	2.340445856419	-17.439778701891	122.135113986005	1340.072356655136	839.955990763846	-922.152208562469	156.122610201695	
0.204310344828	-0.033822259838	0.213792910855	2.351381789659	-19.365658609301	122.411705914975	1346.333959241955	841.540499007701	-932.028754076775	156.626231256948	
0.205172413793	-0.039302733326	0.215612669385	2.361096902840	-22.503620977687	123.453647600807	1351.896555180512	842.770802276314	-939.793651523595	158.186154308343	
0.206034482759	-0.045607247886	0.215451161873	2.369199633418	-26.113405694954	123.361173018954	1356.535946958037	843.909837584336	-946.837932442912	159.543333066438	
0.206896551724	-0.049333518314	0.212800455370	2.374052270098	-28.246961564306	121.843454290244	1359.314427927222	843.685949068076	-952.974238796564	158.797721554929	
0.207758620690	-0.051630638066	0.211347505819	2.380305319063	-29.562226632424	121.011536934058	1362.894744916495	843.174810619663	-960.709517416975	158.631710976837	
0.208620689655	-0.050653978937	0.204654063853	2.386038246899	-29.003019549343	117.179063507927	1366.177255423890	842.610781722402	-966.713692439909	154.758984162081	
0.209482758621	-0.048997432601	0.198767708448	2.374037481292	-28.054528497622	113.808704762909	1359.305960279987	841.479965338733	-957.841521293021	150.916766826469	
0.210344827586	-0.041844161258	0.200462771529	2.354087937332	-23.958769921970	114.779249401375	1347.883421998951	838.688204472665	-941.118188827150	151.939152583955	
0.211206896552	-0.032517066605	0.205988292541	2.331059521042	-18.618342294511	117.943004693633	1334.698009483341	835.353536201357	-923.102170869186	154.397211795430	
0.212068965517	-0.026495392046	0.210316970831	2.311211164969	-15.170503672469	120.421482074992	1323.333408492972	832.000506644102	-907.842680583452	156.130675754338	
0.212931034483	-0.021828508503	0.217316697422	2.299890361867	-12.498379636313	124.429325317110	1316.851440430687	830.089503746142	-899.430714399903	160.145424320614	
0.213793103448	-0.024283053510	0.218692571781	2.288407028641	-13.903781903123	125.217111622676	1310.276412268178	827.724425133260	-892.585832808970	160.912886287387	
0.214655172414	-0.024647218389	0.219177698364	2.294047976164	-14.112292296943	125.494881228347	1313.506257479546	827.965576880782	-897.403790002905	161.465998374036	
0.215517241379	-0.024835221707	0.217184026123	2.305668146322	-14.219937619632	124.353361525869	1320.159634554942	828.885140686079	-906.750518665023	160.977955036253	
0.216379310345	-0.024070207554	0.213148902038	2.321933094221	-13.781912396660	122.042964886191	1329.472478516834	830.301446966794	-920.418892923391	158.920384765554	
0.217241379310	-0.021218451133	0.213028413745	2.334391123555	-12.149078234928	121.973976735855	1336.605589792959	832.250565455877	-928.492787403369	158.917077454304	
0.218103448276	-0.023536978948	0.212121669776	2.333511689553	-13.476600948075	121.454801073265	1336.102051036548	833.208391610989	-927.269288399483	158.259317159924	
0.218965517241	-0.027210839747	0.213746829708	2.332612098519	-15.580148563108	122.385321167877	1335.586970940135	833.057970111286	-926.898132504531	158.693010899362	
0.219827586207	-0.030628153550	0.213127648387	2.340963996652	-17.536804705701	122.030795653104	1340.369028933037	834.010827308699	-933.725693749592	157.155333104814	
0.220689655172	-0.033957583870	0.213396664379	2.353264684198	-19.443141279221	122.184826515998	1347.412050800886	835.373209488741	-945.040424442642	156.705015837434	
0.221551724138	-0.035685521583	0.212137325836	2.362406989561	-20.432508991963	121.463765285658	1352.646673366625	836.206689640907	-953.080551576492	155.358687724184	
0.222413793103	-0.036036656487	0.210371706968	2.368977959232	-20.633558794631	120.452822421155	1356.409022658896	837.501677584884	-958.435443720731	154.142615354651	
0.223275862069	-0.037012412199	0.208518958692	2.373820256256	-21.192248607253	119.391991750231	1359.181583437469	838.649751472695	-961.787088080480	152.922486652499	
0.224137931034	-0.038968677754	0.208029002879	2.378809239319	-22.312350311768	119.111457065118	1362.038132445536	840.346421472229	-964.361886362036	152.077206894413	
0.225000000000	-0.039290272819	0.208475645903	2.380110702031	-22.496486447643	119.367192086306	1362.783312770349	840.861722777594	-963.913367293840	152.090531421494	
0.225862068966	-0.035469848504	0.210213360329	2.377495658025	-20.309020755470	120.362157664991	1361.286013367629	841.124113873686	-959.986436338574	152.948991748475	
0.226724137931	-0.031290156378	0.212250742652	2.378958332707	-17.915848590336	121.528704510516	1362.123499055046	842.168702533069	-958.864446170184	153.932570346050	
0.227586206897	-0.027512807918	0.212605267966	2.375943042717	-15.753046900783	121.731695565303	1360.397030249687	843.029712095096	-954.365290364045	153.641394415009	
0.228448275862	-0.023262047630	0.212699923186	2.375017469628	-13.319183138571	121.785892436842	1359.867073571597	843.668422259726	-951.643187251819	153.545509453824	
0.229310344828	-0.022660935144	0.210090450862	2.361883906612	-12.975003322271	120.291783219753	1352.347171030962	842.429893125320	-941.016611191732	151.861191945978	
0.230172413793	-0.015799603136	0.212290904374	2.349309419900	-9.046400860312	121.551699963934	1345.147379591062	840.099468828920	-929.807641162051	152.972400810746	
0.231034482759	-0.011800182775	0.214785561523	2.326354081002	-6.756447151620	122.980069295854	1332.003809100324	836.961076036185	-911.127081686545	154.365563950097	
0.231896551724	-0.008272619909	0.216689329952	2.306935902347	-4.736665548821	124.070112647097	1320.885515395083	833.413947340766	-897.359583276101	155.347784784480	
0.232758620690	-0.004026281551	0.218723137330	2.291342103615	-2.305333657460	125.234612581789	1311.956952250085	831.030223878862	-885.902252919923	156.623035315205	
0.233620689655	-0.002272363405	0.220708521705	2.288367338309	-1.301090292399	126.371386889529	1310.253686719642	829.780796961421	-884.897806764877	157.738276699967	
0.234482758621	-0.001151337691	0.220456841526	2.287695667054	-0.659223031808	126.227282017567	1309.869106969813	829.120561397216	-886.583291093694	157.116605676491	
0.235344827586	-0.002146619936	0.216282168494	2.291086501746	-1.229093178143	123.836983642056	1311.810601930528	829.195493928172	-892.246863505711	154.105822907928	
0.236206896552	-0.004237685328	0.212103912585	2.294672422970	-2.426377414067	121.444633813841	1313.863797860322	829.383906534945	-895.979389052976	150.929771126682	
0.237068965517	-0.007954651478	0.207322892631	2.294610710036	-4.554605919908	118.707158533127	1313.828462799347	829.315389955174	-896.284198192359	147.770069631286	
0.237931034483	-0.011598512888	0.203708114727	2.296335450609	-6.640976742403	116.637440094542	1314.815999921090	829.497031690213	-896.561623496353	145.171495087369	
0.238793103448	-0.014878319097	0.205890043169	2.301321865382	-8.518899970003	117.886749913359	1317.671078399704	829.339103667709	-899.937093398112	146.244479198088	
0.239655172414	-0.018474575223	0.205905129841	2.305604762904	-10.578013368161	117.895388110224	1320.123343022877	828.765842806027	-903.845839100300	145.806868101562	
0.240517241379	-0.020577000637	0.204542861064	2.315388598100	-11.781802027526	117.115391971408	1325.725287221556	830.630144891117	-910.165835296034	144.999175439978	
0.241379310345	-0.022387627421	0.202114911243	2.323862351300	-12.818515137289	115.725217347789	1330.577115940245	832.414747630338	-915.506157582960	143.570827124943	
0.242241379310	-0.022143921198	0.201578816305	2.328576692729	-12.678975924405	115.418264719552	1333.276413004499	831.942299693822	-918.789384181075	142.961058478066	
0.243103448276	-0.022150601731	0.205204479386	2.331497749280	-12.682801006553	117.494215699445	1334.948926438276	830.399382307440	-920.826856212917	144.657750744170	
0.243965517241	-0.020453115763	0.206637660102	2.329226925861	-11.710869092164	118.314813985806	1333.648717897908	828.903416731566	-920.121079409417	144.860426541606	
0.244827586207	-0.019764861781	0.206580468416	2.321251089342	-11.316794547162	118.282067662311	1329.081982029712	827.115843951159	-916.380879459036	144.725045178432	
0.245689655172	-0.015691544477	0.202676013384	2.314978976239	-8.984529562926	116.046488385341	1325.490749460373	827.031668821816	-910.712311801142	142.360061778632	
0.246551724138	-0.009907817705	0.200835820714	2.314679572583	-5.672933037719	114.992846695102	1325.319319490075	827.015196595817	-907.138998136447	140.797424131482	
0.247413793103	-0.005095186026	0.200335551814	2.313297420313	-2.917357787224	114.706407031224	1324.527938632067	827.020503724888	-903.600595370243	140.406754653957	
0.248275862069	-0.002838624144	0.200290947270	2.308705113766	-1.625314995506	114.680867745184	1321.898515251398	826.738289921263	-898.042286905413	141.186898807013	
0.249137931034	-0.000995812008	0.200357748299	2.306085295435	-0.570173473647	114.719116103902	1320.398482206280	825.275953311486	-895.828563748173	141.474901584374	
0.250000000000	-0.002537597947	0.198196961472	2.311426509167	-1.452956005106	113.481911369093	1323.456708421062	823.901067534764	-902.595452538077	139.750730837651	
0.250862068966	-0.003946543376	0.201237223715	2.320244573278	-2.259677859275	115.222678572249	1328.505679719532	822.715531406423	-911.527104043260	141.820510723907	
0.251724137931	-0.008209370777	0.205944931507	2.312070943730	-4.700450905021	117.918177405830	1323.825693220219	820.323879216565	-906.437979880195	145.253777193108	
0.252586206897	-0.013524292175	0.208294700926	2.295535277824	-7.743622881425	119.263588167851	1314.357843870764	817.677247442643	-896.574731313074	147.474175156860	
0.253448275862	-0.019776512253	0.206957050471	2.288842876912	-11.323465274222	118.497687776212	1310.525966522321	817.132238729867	-894.224746612496	148.095185288021	
0.254310344828	-0.025646162455	0.204667289743	2.291438486931	-14.684259097768	117.186636274611	1312.012138580298	819.075624255115	-897.499631748258	147.714960602602	
0.255172413793	-0.024410207873	0.203274219647	2.305266277981	-13.976586854528	116.389004181786	1319.929536237517	822.892539575459	-904.554048327131	145.929755279437	
0.256034482759	-0.022251769224	0.203478863950	2.318632563886	-12.740726619142	116.506177656344	1327.582689247861	826.149290375661	-911.546327770938	145.837773353104	
0.256896551724	-0.020385722543	0.201565442078	2.322902901817	-11.672281661995	115.410607019737	1330.027762608255	828.520849817133	-913.248868983415	144.579081160131	
0.257758620690	-0.018977579697	0.201177718981	2.325236760830	-10.866019343423	115.188607863603	1331.364063526917	829.745308475584	-915.094046675081	144.028372996748	
0.258620689655	-0.013439183635	0.202804684966	2.332737822090	-7.694892165723	116.120162053001	1335.658956661374	829.491455513878	-920.075334460426	144.080022020398	
0.259482758621	-0.009697177821	0.202872721551	2.332020801559	-5.552326664718	116.159117855269	1335.248411213308	827.508286657351	-920.895185969143	143.725239403823	
0.260344827586	-0.003570988919	0.198477217040	2.323921352779	-2.044646118791	113.642377691379	1330.610898499792	823.160589574209	-916.288749572546	140.118097229151	
0.261206896552	0.001503025332	0.195201440866	2.308763428726	0.860589315832	111.766761946644	1321.931904729433	818.500708055140	-906.723069993764	138.292994173948	
0.262068965517	0.004410228950	0.191278253023	2.282635092068	2.525170956737	109.520456797755	1306.971566473950	815.787816685815	-886.030581542996	136.088962441304	
0.262931034483	0.004453228370	0.190110190502	2.256247073392	2.549791194972	108.851657607075	1291.862541721959	814.371194964557	-864.312769316407	136.516139269395	
0.263793103448	0.005212661187	0.190566116663	2.232725962612	2.984620704616	109.112707886576	1278.395026433040	812.623668744105	-844.770902094564	136.585161945147	
0.264655172414	0.004324616725	0.189693824596	2.227549309195	2.476151845079	108.613258397864	1275.431022747723	812.083104967039	-840.001997850827	135.701574669991	
0.265517241379	0.006387003845	0.191847402457	2.244625651679	3.657015722242	109.846335485105	1285.208448041663	813.583697137700	-850.512468047240	136.274373405676	
0.266379310345	0.008773106678	0.192761133334	2.258470070545	5.023229958098	110.369511650971	1293.135366310392	814.497192384365	-858.554038519474	135.446308903505	
0.267241379310	0.003676995082	0.191370682748	2.258637113132	2.105342215698	109.573379414872	1293.231010118198	814.563666667158	-858.415677596225	134.466288146098	
0.268103448276	-0.003325381045	0.191244887303	2.250034131598	-1.904018074815	109.501352540959	1288.305188951514	813.658149799958	-852.214654895372	135.203623963751	
0.268965517241	-0.007274575958	0.195761015277	2.246737755508	-4.165214128414	112.087158249941	1286.417778284569	813.277758197323	-849.616895002021	138.288813783567	
0.269827586207	-0.011962421077	0.200623768910	2.247883857899	-6.849340163218	114.871431897130	1287.074003732943	813.265925741205	-851.730365174936	141.014027896014	
0.270689655172	-0.021187539276	0.203200846790	2.248552591277	-12.131378989527	116.346992982313	1287.456901338425	813.494576727945	-856.640199364153	142.978363245588	
0.271551724138	-0.026624046117	0.205442319003	2.254574339793	-15.244167313756	117.630395861705	1290.904782306654	814.129238239399	-865.679500681671	144.847796730343	
0.272413793103	-0.028506409429	0.207920169224	2.269192677851	-16.321954707142	119.049142027182	1299.274824569143	816.384378492503	-880.095935772263	146.544031609747	
0.273275862069	-0.031901014747	0.207806838812	2.279951245053	-18.265608620927	118.984252274788	1305.434872435529	818.498995935335	-891.573709014173	146.763976142731	
0.274137931034	-0.031421018230	0.204135614560	2.286261028039	-17.990776344170	116.882214271253	1309.047673703158	818.906942541607	-897.652437691432	144.397012530494	
0.275000000000	-0.027357915951	0.202000625514	2.290306309134	-15.664360190811	115.659780607995	1311.363885956196	819.841496201521	-898.760048813964	142.506715473786	
0.275862068966	-0.022501123359	0.201744019102	2.278662307283	-12.883499665165	115.512855115657	1304.696863534430	818.848320373545	-886.414642156925	142.225538232109	
0.276724137931	-0.012358030127	0.202660872339	2.270449410759	-7.075854589796	116.037819055548	1299.994393887334	818.898874103224	-878.402893718362	142.641090108394	
0.277586206897	-0.006312912305	0.203166050845	2.262769490507	-3.614593025968	116.327069819196	1295.597091210236	819.243933540114	-872.268841130640	142.501725105441	
0.278448275862	-0.000591134269	0.203603543101	2.261170127482	-0.338466574805	116.577565371900	1294.681341686642	819.170362839003	-871.953928477680	142.502119984635	
0.279310344828	0.003732380984	0.204367624172	2.262280494643	2.137054598879	117.015056339270	1295.317106164106	819.584208351362	-872.142669528285	142.902219650372	
0.280172413793	0.006136705292	0.206054253988	2.266505108221	3.513701929925	117.980772331842	1297.735999067854	820.369378656580	-873.657574209061	143.065885922691	
0.281034482759	0.007024668785	0.206897425822	2.263450611424	4.022124428848	118.463548407564	1295.987081566136	820.796200744240	-870.581395221889	143.323610780061	
0.281896551724	0.007758573903	0.206567950908	2.249036301653	4.442337508280	118.274900495137	1287.733860064919	819.595705874637	-859.365893233458	143.096328273468	
0.282758620690	0.006144886162	0.208320787217	2.229757366473	3.518386062446	119.278524431765	1276.695293191109	817.418278378456	-844.950583782330	144.700213598957	
0.283620689655	0.001251801704	0.208817179854	2.216424139704	0.716745852077	119.562744658258	1269.061068895914	814.594480411752	-838.129523492748	145.090505149635	
0.284482758621	0.001099639715	0.204503461329	2.220338470064	0.629622249294	117.092832810411	1271.302302503939	813.380363024447	-845.757957392325	141.806375340315	
0.285344827586	-0.000881335477	0.202947348808	2.231499266053	-0.504627486547	116.201847288071	1277.692655069487	812.810440155494	-857.901506373763	140.927108604530	
0.286206896552	-0.005197372878	0.202042462499	2.247407892152	-2.975867056153	115.683735269113	1286.801479359994	812.958357509890	-872.367127924122	140.686098957730	
0.287068965517	-0.010722830936	0.200006461881	2.256714638900	-6.139586302997	114.517979548426	1292.130256358748	813.257713888546	-879.290051906516	140.173366221547	
0.287931034483	-0.012678813927	0.199771491470	2.271716556587	-7.259526218722	114.383442211318	1300.719925346200	815.093612986536	-887.489006120691	140.029140271600	
0.288793103448	-0.016159161205	0.198677456203	2.285981347228	-9.252273526468	113.757028908732	1308.887536469939	817.531577348406	-895.460571554802	139.003644247978	
0.289655172414	-0.021206883328	0.198978581278	2.291863275709	-12.142454840709	113.929444514196	1312.255360484840	818.546324798660	-898.603729266823	139.549812801046	
0.290517241379	-0.021852090811	0.202240390749	2.298705577809	-12.511882191212	115.797063323634	1316.173066965839	817.815360293727	-903.763007947209	141.177435068340	
0.291379310345	-0.022418008036	0.203235246898	2.297806509041	-12.835910208003	116.366689500390	1315.658285904045	816.579882857549	-904.414565198899	141.488031022714	
0.292241379310	-0.021533194961	0.201600331110	2.294169614169	-12.329291548413	115.430583481191	1313.575903921671	814.522509200486	-903.029682253951	140.030112860909	
0.293103448276	-0.019174600157	0.200500129781	2.286433754103	-10.978827623478	114.800639668062	1309.146571706835	812.032465431522	-898.804997496444	139.049718334742	
0.293965517241	-0.019436403079	0.199789133827	2.272417797456	-11.128728489123	114.393543720494	1301.121435810888	810.243477625522	-889.327725706494	139.769522627086	
0.294827586207	-0.013953665054	0.201251712307	2.251050686758	-7.989469511467	115.230974325811	1288.887239360804	808.193382335603	-871.700233269099	141.695392244984	
0.295689655172	-0.012690874864	0.203567962185	2.231786008346	-7.266431966522	116.557192757053	1277.856835504727	806.554310419132	-855.904061960795	144.575776178540	
0.296551724138	-0.013663792329	0.202756398172	2.231863087371	-7.823496679654	116.092514415834	1277.900968749903	807.562231860073	-854.955926642286	144.717840410568	
0.297413793103	-0.013881227323	0.201438324326	2.240604935350	-7.947993738735	115.337823030599	1282.906300870943	810.450869406330	-860.093538770542	144.457017387271	
0.298275862069	-0.013261621381	0.202341438566	2.245408761621	-7.593225097820	115.854920413845	1285.656834396471	812.764310795302	-861.240152292578	145.545891161730	
0.299137931034	-0.014377890243	0.204352502093	2.251078302090	-8.232368721233	117.006397869433	1288.903051110242	815.313887826837	-862.388695631004	146.236468140918	
0.300000000000	-0.017372282703	0.204697741794	2.257196763829	-9.946872198970	117.204072248017	1292.406307303728	817.754509063815	-864.396822603700	146.365908054966	
0.300862068966	-0.019140050086	0.205428096561	2.262996430832	-10.959045241419	117.622252498241	1295.727030749304	820.857674075726	-866.399442971731	146.833107651048	
0.301724137931	-0.021282110022	0.205132659897	2.264528630445	-12.185527493978	117.453093914363	1296.604324423924	822.643183747258	-865.785909681973	146.641267192817	
0.302586206897	-0.020927559984	0.203977034528	2.274032220455	-11.982522282791	116.791415880814	1302.045808244922	824.616858394054	-869.900753396789	145.770881993365	
0.303448275862	-0.020687227260	0.201318750515	2.288035527821	-11.844914639324	115.269358486461	1310.063701524275	826.924572849683	-878.947263094459	143.639970418288	
0.304310344828	-0.022014062848	0.198735163421	2.298896591494	-12.604622747201	113.790070411464	1316.282435938645	828.551971452008	-887.822626712618	142.153547246623	
0.305172413793	-0.022122400886	0.193999074881	2.306130690207	-12.666654008796	111.078321573587	1320.424473954236	830.633240880265	-893.420289729253	139.438654936247	
0.306034482759	-0.023433847137	0.192680374882	2.311933333312	-13.417550622905	110.323271671413	1323.746901430404	832.019546088897	-897.214125002996	138.707994233322	
0.306896551724	-0.022584546775	0.194522948397	2.312764957279	-12.931265526796	111.378276564958	1324.223065528437	831.691952476289	-898.315144300143	139.751888343527	
0.307758620690	-0.022918533902	0.197048510601	2.311352090883	-13.122497003253	112.824341247786	1323.414098640475	831.177196458263	-900.443772576769	141.404906762659	
0.308620689655	-0.024790531577	0.204657200466	2.311208176390	-14.194349329550	117.180859442828	1323.331697317620	829.531632317503	-904.232899211988	145.934505059958	
0.309482758621	-0.027068225136	0.207091199241	2.307852185765	-15.498491515516	118.574497525199	1321.410153073102	826.787573269824	-905.538078006240	147.334705611855	
0.310344827586	-0.025765975693	0.204268772520	2.302299462037	-14.752860731188	116.958456710770	1318.230822283527	825.158407516391	-901.356439926468	145.330806628643	
0.311206896552	-0.024295035176	0.200228633673	2.292662495467	-13.910642262531	114.645188761729	1312.712970859311	825.650974554599	-890.222914010239	143.724407972553	
0.312068965517	-0.020067995505	0.198803303974	2.288744743493	-11.490360247465	113.829085743199	1310.469778133473	827.009515307242	-878.721717921154	143.478412471970	
0.312931034483	-0.016211501574	0.198375188490	2.281401283027	-9.282242124778	113.583959061963	1306.265122706210	828.600975097420	-864.223459739128	143.215037765112	
0.313793103448	-0.012736057318	0.194647803115	2.277524345649	-7.292302147669	111.449764805315	1304.045299250226	829.745223271127	-854.960592362206	140.985427377094	
0.314655172414	-0.013106422557	0.191936561931	2.272587256428	-7.504362689967	109.897385649748	1301.218463171769	830.995617254714	-848.104990463277	139.757172647159	
0.315517241379	-0.018116112710	0.189885883949	2.267207104973	-10.372767986291	108.723226089977	1298.137942330181	831.228050190434	-842.994307316738	139.323616385947	
0.316379310345	-0.023097960127	0.189540311347	2.271541149003	-13.225231328053	108.525361102431	1300.619491980303	829.687294023985	-847.589993500548	139.189831143075	
0.317241379310	-0.024929979905	0.191665956741	2.289236839116	-14.274193453601	109.742444857842	1310.751538012380	829.566741163026	-860.273191331253	139.939707044407	
0.318103448276	-0.027387816840	0.190466294457	2.309889289247	-15.681480584711	109.055552546049	1322.576540262249	831.666794273487	-875.034411840362	139.074253999630	
0.318965517241	-0.031816715323	0.189301114249	2.325150745643	-18.217341181912	108.388403685447	1331.314813690684	833.557420955636	-885.826241685421	138.782534578192	
0.319827586207	-0.035344255833	0.189213999585	2.340978498413	-20.237109983930	108.338524320302	1340.377332226641	835.718285602238	-896.922509608511	139.425065113699	
0.320689655172	-0.038899450770	0.187244137422	2.350415524850	-22.272712920396	107.210637587423	1345.780703649455	836.912249116228	-905.302505532944	138.646719888948	
0.321551724138	-0.042664683121	0.185799878534	2.356466643478	-24.428577272780	106.383696255912	1349.245401103149	836.404122591893	-914.481306894542	137.389236711187	
0.322413793103	-0.045549708864	0.188173940834	2.362957223215	-26.080460496380	107.743016426849	1352.961721418944	835.815671725256	-923.573114897047	139.441605701433	
0.323275862069	-0.047084084294	0.189403696667	2.367325735490	-26.958999981991	108.447139443880	1355.463006600933	835.924611765209	-931.575187482748	140.886116038839	
0.324137931034	-0.047323182461	0.189911007282	2.364217955570	-27.095900753637	108.737610991893	1353.683580706792	835.737213085861	-933.141851746129	140.970561163976	
0.325000000000	-0.044385352447	0.189570918719	2.345813491591	-25.413783314550	108.542886007964	1343.145711031072	834.350106176169	-920.175761580743	141.006798147194	
0.325862068966	-0.035143163860	0.190376256020	2.317208888856	-20.121970471862	109.003999112618	1326.767533645148	832.558273495515	-895.013616716343	141.055143757755	
0.326724137931	-0.031274079504	0.193097850167	2.286529896965	-17.906643432103	110.562306078621	1309.201620359730	830.033827281856	-868.724947753498	142.719163993065	
0.327586206897	-0.026787733138	0.193305576333	2.282420629635	-15.337889820190	110.681244140169	1306.848771418522	830.455227433823	-863.282467815388	141.910273759730	
0.328448275862	-0.027226781576	0.190921744418	2.286989622724	-15.589276398228	109.316330167550	1309.464846180630	832.221969522375	-863.915455697959	140.192891161247	
0.329310344828	-0.025168033233	0.192056494055	2.298277283126	-14.410495980581	109.966055353688	1315.927837680223	834.152105976335	-868.671741907052	141.397882968269	
0.330172413793	-0.022419063327	0.196309844810	2.302843944590	-12.836514437549	112.401402343037	1318.542577420556	834.964088885708	-869.336838537105	144.003529475987	
0.331034482759	-0.020115439791	0.197584077855	2.314816101556	-11.517525488606	113.130991739175	1325.397492074862	837.166351157078	-876.923526306671	143.990156926131	
0.331896551724	-0.018670133054	0.197677279986	2.331707550840	-10.689984188905	113.184356613884	1335.069052810674	840.891728129199	-889.142293839662	143.808979477680	
0.332758620690	-0.019887320095	0.195158031058	2.341292331811	-11.386910675237	111.741906732425	1340.557024253786	842.888768716844	-897.855031227549	142.233957523595	
0.333620689655	-0.017254883511	0.193929398757	2.357537996555	-9.879652779241	111.038427017911	1349.858827232835	844.183854402096	-909.976120402126	141.236958142623	
0.334482758621	-0.018007462687	0.193300652341	2.362997293248	-10.310558090590	110.678424803224	1352.984664373895	842.081786034857	-918.059997356146	141.185722108479	
0.335344827586	-0.022668636686	0.190353909554	2.353082637218	-12.979413004829	108.991204164984	1347.307815907071	838.328394778037	-917.156616441358	140.044438413496	
0.336206896552	-0.027516871189	0.188892136681	2.336060305202	-15.755373413342	108.154234827179	1337.561315462512	834.498683948068	-910.049583822691	139.056698116964	
0.337068965517	-0.031320923898	0.187477308736	2.325034388379	-17.933465192061	107.344144812223	1331.248190849617	831.604592787931	-903.719780258151	138.350871914512	
0.337931034483	-0.031383969335	0.189867770920	2.321602384389	-17.969563206566	108.712855087958	1329.283123525945	829.551606742217	-899.742074919516	139.805381832333	
0.338793103448	-0.029861792167	0.197786057749	2.323171161046	-17.098008096895	113.246639649347	1330.181360169976	828.387181968141	-900.616696883455	143.555529968680	
0.339655172414	-0.030694201821	0.202706411918	2.322278069194	-17.574622056165	116.063893716377	1329.670001319575	827.876693284773	-899.398580996500	146.001801973974	
0.340517241379	-0.030317496909	0.205663065648	2.322957947618	-17.358931597999	117.756789076860	1330.059280259669	827.246371084693	-901.031648355164	147.140008799316	
0.341379310345	-0.031796082043	0.206909786574	2.322321305805	-18.205527155930	118.470625820765	1329.694757366240	827.283920813615	-903.205286770525	147.469093212948	
0.342241379310	-0.031160475124	0.203161437692	2.326208391876	-17.841596813492	116.324428460111	1331.920391673498	829.107961230654	-906.414339088462	145.595340995945	
0.343103448276	-0.027831386565	0.204065782504	2.333801395752	-15.935455921872	116.842230433627	1336.267928519887	830.282490709427	-910.427013396541	146.503351562735	
0.343965517241	-0.023341215361	0.202280147909	2.334736049854	-13.364512317260	115.819827136789	1336.803084726193	831.717823054332	-908.105450253739	145.240456025979	
0.344827586207	-0.023572523482	0.194778170242	2.333761484382	-13.496952731320	111.524409293700	1336.245076411071	833.206602127671	-904.794469393623	140.581602322590	
0.345689655172	-0.022148093327	0.194484739011	2.335701700703	-12.681364765884	111.356398963548	1337.355988782904	833.624837541858	-904.826006619036	140.345411314606	
0.346551724138	-0.018628024577	0.197271628767	2.337241418340	-10.665874079450	112.952092328079	1338.237587063301	833.220726007959	-906.364143881465	142.034988635991	
0.347413793103	-0.019265056728	0.196340681472	2.335225039512	-11.030620469325	112.419058533542	1337.083066218155	833.777586015745	-906.441732406217	141.627606687630	
0.348275862069	-0.020899457636	0.194605886754	2.332446097314	-11.966431682285	111.425764695883	1335.491923398408	833.879250615813	-905.810128010852	140.305054973492	
0.349137931034	-0.022898847900	0.197449996714	2.334548179594	-13.111225361720	113.054220712829	1336.695515588585	833.599132912874	-908.901736249217	142.443698962147	
0.350000000000	-0.027602179024	0.198318381417	2.329812340251	-15.804218239881	113.551432956772	1333.983909433830	833.174856629972	-908.121524246719	143.645468150766	
0.350862068966	-0.032275522786	0.195156790439	2.325750839638	-18.480041212626	111.741196389418	1331.658410349024	834.452779006246	-906.498987230945	142.041637977354	
0.351724137931	-0.036656742982	0.192960273158	2.327941456710	-20.988602586261	110.483533418449	1332.912695028619	835.718151886756	-907.666817637947	140.926378494661	
0.352586206897	-0.038621536876	0.193137559386	2.339923135086	-22.113587373852	110.585042442086	1339.773061370391	838.654675230868	-912.813592011325	140.963170530269	
0.353448275862	-0.037569935502	0.194249642583	2.359074974824	-21.511470504350	111.221789472855	1350.738857029118	842.096077514119	-921.582407996410	141.245955950313	
0.354310344828	-0.036028792617	0.200397069806	2.362784704582	-20.629056167695	114.741630474082	1352.862942184117	842.537815066534	-923.053051278089	144.660495403504	
0.355172413793	-0.035258273774	0.203371979901	2.363994339973	-20.187879116584	116.444978906762	1353.555544811411	843.648422120901	-922.905416130526	146.586693248208	
0.356034482759	-0.029706745547	0.211529815862	2.365401457735	-17.009232836614	121.115922450004	1354.361220196116	843.929202972710	-922.561710788882	150.359963139219	
0.356896551724	-0.025250211171	0.217451900782	2.362856219650	-14.457548717346	124.506738893566	1352.903889666645	844.594322633574	-921.582957264255	152.447095413328	
0.357758620690	-0.022233765850	0.221319142641	2.360579613009	-12.730418402338	126.721010972372	1351.600369818815	844.923215946835	-921.743928386991	153.421554086845	
0.358620689655	-0.017455681553	0.223278140046	2.355017984187	-9.994623994834	127.842676855957	1348.415940227247	845.416282225437	-916.939212179012	154.181231175734	
0.359482758621	-0.012461613924	0.217599714789	2.346578995772	-7.135163709391	124.591372966316	1343.584016830563	846.137646536640	-908.855385091858	151.260013747338	
0.360344827586	-0.012739277989	0.211902490866	2.334465629367	-7.294146211460	121.329305498148	1336.648249689723	844.174111959696	-900.372180192236	148.791739240009	
0.361206896552	-0.011812472357	0.206379387044	2.327231469324	-6.763483814888	118.166934219831	1332.506176558183	841.856634371155	-896.469269461298	145.645029428454	
0.362068965517	-0.012508759932	0.202944079941	2.322662689089	-7.162158165451	116.199975628521	1329.890223670597	839.936804232059	-894.990585872103	144.869561935479	
0.362931034483	-0.015126624239	0.200483537468	2.325590114856	-8.661072392091	114.791139384337	1331.566383935346	839.123315745400	-899.718067161730	144.726685752761	
0.363793103448	-0.014819066270	0.198282959323	2.338166413057	-8.484973495519	113.531151278556	1338.767212582188	839.990015958685	-908.578548940795	143.269913328450	
0.364655172414	-0.015830196252	0.197268440474	2.354859816618	-9.063917603208	112.950266802910	1348.325378001099	841.986481218885	-919.394467339818	142.176887746422	
0.365517241379	-0.018041938504	0.200481692001	2.374774074722	-10.330297957261	114.790082722262	1359.727712610199	845.826455035872	-931.543091602048	143.185319317929	
0.366379310345	-0.021336151073	0.203217707550	2.390693123523	-12.216469854378	116.356646971063	1368.842504641297	849.347722446176	-942.841798130635	144.259648425778	
0.367241379310	-0.025181946703	0.204170206053	2.399167564598	-14.418462435804	116.902020371104	1373.694727217975	851.715393482921	-951.253908900445	144.360019916582	
0.368103448276	-0.028653371428	0.204338833516	2.402708616257	-16.406100944817	116.998571633370	1375.722232117304	851.314984068560	-958.294924495010	144.338600174952	
0.368965517241	-0.031642840820	0.200895362258	2.396851409098	-18.117785614553	115.026938480149	1372.368562824533	849.319371094959	-958.725555556278	143.068950024831	
0.369827586207	-0.030873043654	0.199112149660	2.389943151113	-17.677021774751	114.005921949398	1368.413091890273	846.560024710838	-956.706978884329	142.623055675967	
0.370689655172	-0.027407958926	0.201920565309	2.377629608870	-15.693013366769	115.613940424649	1361.362709790199	843.309197722108	-949.494896613571	144.341640411782	
0.371551724138	-0.026701810181	0.201559586531	2.349718442463	-15.288692792375	115.407254300532	1345.381574212164	838.240140200399	-932.135027092940	143.553415461126	
0.372413793103	-0.022542169147	0.203488864353	2.322472956534	-12.907001309263	116.511903601341	1329.781588236682	832.535128826457	-911.598783220114	144.333136560368	
0.373275862069	-0.015750292832	0.207768130556	2.296328827943	-9.018167190563	118.962089034776	1314.812207971484	828.437845507910	-889.238977232292	146.327011558638	
0.374137931034	-0.013698897859	0.206925490285	2.272493946895	-7.843597102330	118.479617316560	1301.165036801809	826.234853660491	-870.323288271546	145.003348686162	
0.375000000000	-0.014954565261	0.206345064295	2.260126521754	-8.562556342367	118.147281995637	1294.083802895652	824.996843022804	-860.520338652871	145.498299551897	
0.375862068966	-0.012389789313	0.207788915864	2.258754324685	-7.094038991558	118.973990107640	1293.298122100989	825.003861731414	-857.162056060002	147.490692224168	
0.376724137931	-0.013471934854	0.211355114501	2.265387289677	-7.713644577443	121.015893447628	1297.095968141017	824.947099715427	-860.767586946646	151.116849349023	
0.377586206897	-0.011862513427	0.212042412778	2.277400254994	-6.792135900060	121.409420782987	1303.974248490331	826.175262570801	-868.493336615319	151.371260805798	
0.378448275862	-0.010285176893	0.210979426334	2.291786724346	-5.888998115555	120.800785148740	1312.211529364222	829.581229663428	-876.281631180847	150.281081229079	
0.379310344828	-0.013351507113	0.205925105773	2.290212027564	-7.644691097021	117.906825757763	1311.309903025636	832.230770860351	-871.728496432824	147.051435745906	
0.380172413793	-0.016446864762	0.200414223262	2.302623079182	-9.417004354402	114.751452052324	1318.416116205070	834.621181057372	-880.029433996785	143.607880844509	
0.381034482759	-0.016902075497	0.197045875219	2.318898960536	-9.677645001472	112.822832303493	1327.735220350261	836.138588011510	-891.814117518919	140.869027502478	
0.381896551724	-0.017782676096	0.198662520313	2.325864697871	-10.181851717681	113.748477045486	1331.723602316176	834.872553028016	-898.525442483624	141.266787919567	
0.382758620690	-0.020102108620	0.197146110459	2.322582452465	-11.509892441432	112.880224134793	1329.844282474855	831.668752842765	-899.548907399824	139.367516063985	
0.383620689655	-0.026455903104	0.195221053609	2.317114803695	-15.147893433268	111.777991642318	1326.713663173378	828.563614688460	-900.017448457310	138.480020680941	
0.384482758621	-0.032701338033	0.194402975573	2.315912030318	-18.723850843731	111.309583557376	1326.024989538567	824.969431359035	-905.017480541983	139.501843857285	
0.385344827586	-0.035403736044	0.190907232104	2.322952477452	-20.271166651989	109.308020831288	1330.056148199068	823.745675153383	-912.770592075620	138.361211219807	
0.386206896552	-0.040214832821	0.183512259883	2.335169208672	-23.025863060530	105.073871246222	1337.051099076299	826.123995903336	-921.138583312664	134.496881551360	
0.387068965517	-0.044837077813	0.180419398309	2.352233884802	-25.672428339238	103.302987170104	1346.821844549661	830.859652879454	-929.510683830434	133.774046866439	
0.387931034483	-0.043713237596	0.182820046498	2.370167481353	-25.028949574498	104.677529660802	1357.090109003483	835.489898666078	-936.452553948864	135.728985509205	
0.388793103448	-0.043304520545	0.184364018126	2.367870204833	-24.794929880898	105.561563654675	1355.774754173901	836.599980872597	-932.555574473153	136.552347027701	
0.389655172414	-0.039465260608	0.190407394946	2.359124827011	-22.596679450569	109.021828370599	1350.767400965561	835.383037752964	-925.511694483538	139.290130514032	
0.390517241379	-0.037468269398	0.195693910186	2.338844200862	-21.453259401287	112.048735794153	1339.155294493041	833.106956079670	-910.953875587441	142.554743188243	
0.391379310345	-0.034259194881	0.197664539978	2.314986986286	-19.615835117525	113.177062049646	1325.495335784175	829.879190713930	-893.457284864263	143.686528514140	
0.392241379310	-0.029609412061	0.202081530891	2.301782783014	-16.953502466549	115.706104712742	1317.934986653164	828.169318115228	-882.837207741223	146.881854928039	
0.393103448276	-0.024065408951	0.202194796778	2.297611161426	-13.779164853813	115.770957520178	1315.546435447322	828.507932677818	-878.535650942856	147.348688064433	
0.393965517241	-0.018945140744	0.203325133493	2.302323238913	-10.847445726569	116.418155993746	1318.244436242987	829.887348265131	-881.135124195087	148.104860934534	
0.394827586207	-0.015430917459	0.208677056960	2.303292689624	-8.835301986506	119.482514296963	1318.799515991927	829.512485702759	-882.123984944809	151.582869606085	
0.395689655172	-0.012838376277	0.209972204667	2.306156564683	-7.350887056883	120.224078830085	1320.439288939292	829.274743511461	-885.884161409544	151.763268662160	
0.396551724138	-0.015781898673	0.209307494133	2.299790105594	-9.036263791227	119.843484590579	1316.794036556063	828.871114531579	-884.261525328951	151.502408820648	
0.397413793103	-0.016269512242	0.209954539206	2.296989529689	-9.315457373808	120.213964092540	1315.190506894431	828.713208149429	-885.345850324228	152.004301637037	
0.398275862069	-0.014330141727	0.210608466133	2.301711726443	-8.205029286352	120.588383947516	1317.894301692722	829.620722947087	-891.064030660944	151.567723309295	
0.399137931034	-0.013644575724	0.209965020032	2.309696086146	-7.812493801231	120.219965113781	1322.465917692284	831.018314044845	-898.357861587746	149.642131276152	
0.400000000000	-0.015145212975	0.211880047599	2.315313111667	-8.671715770368	121.316455125335	1325.682065849381	831.503693841207	-905.202374594635	150.084276668056	
0.400862068966	-0.017655437622	0.212084947540	2.319893484358	-10.108998606972	121.433774971621	1328.304656245544	832.136412876819	-910.600600815432	149.256657539586	
0.401724137931	-0.020788234727	0.210673562538	2.323454650128	-11.902748626064	120.625656287254	1330.343677910274	832.280361662062	-915.825341144677	147.772479760642	
0.402586206897	-0.024105224172	0.209882413956	2.326988430924	-13.801961910540	120.172667237108	1332.367019722165	831.617733371002	-920.861855675397	147.039243971183	
0.403448275862	-0.027198421089	0.209447461719	2.325830901215	-15.573037994484	119.923626026696	1331.704251318012	829.508333810979	-922.324673727854	147.007807783626	
0.404310344828	-0.028391706814	0.207527432136	2.322217134600	-16.256279270729	118.824272003434	1329.635111914156	827.927128298584	-921.657562385254	146.073375300352	
0.405172413793	-0.024667327055	0.206294970923	2.319463599375	-14.123805944325	118.118599963555	1328.058516399936	827.989166652501	-919.183058415848	145.110843514263	
0.406034482759	-0.024193783331	0.210655571758	2.306605670823	-13.852668352198	120.615355281166	1320.696434269845	827.143136770602	-908.755756963443	147.801518544007	
0.406896551724	-0.021970616548	0.213795743037	2.294554248105	-12.579746638200	122.413327541549	1313.796134312302	827.203661797093	-898.450461577043	149.797714359710	
0.407758620690	-0.018653059188	0.219001376737	2.291279940425	-10.680208181831	125.393924508180	1311.921359385975	827.913847481181	-894.135341975058	153.455035808594	
0.408620689655	-0.013536000971	0.219919535478	2.293491715399	-7.750327003351	125.919635941908	1313.187758475333	829.028517510166	-893.826197953225	154.274392980068	
0.409482758621	-0.010227754831	0.216487744742	2.295601296932	-5.856119885068	123.954690721745	1314.395644523266	829.968624028776	-893.300048888114	152.721437595226	
0.410344827586	-0.008984025988	0.216452049257	2.298568590748	-5.143996322247	123.934252508006	1316.094632092922	830.104220313007	-893.005459711371	153.933338088805	
0.411206896552	-0.010370340875	0.212312383467	2.304384418454	-5.937760575786	121.563998278331	1319.424608694655	830.301698321569	-897.086843694851	152.263168216917	
0.412068965517	-0.010530641792	0.208118454327	2.311325912135	-6.029544295728	119.162674406312	1323.399109438103	830.802739209142	-901.173350581361	149.673763436891	
0.412931034483	-0.007924887092	0.207304124001	2.315931495931	-4.537563683536	118.696412152745	1326.036134992226	830.815966583846	-902.632142833293	148.503385140291	
0.413793103448	-0.007991036774	0.206510519956	2.312071850254	-4.575439099711	118.242017175115	1323.826212270001	830.007056893745	-898.871761577824	147.452574512440	
0.414655172414	-0.012679983156	0.205071325646	2.306053704754	-7.260195685911	117.417975676560	1320.380394285927	828.076029503829	-894.621642325184	145.741378840351	
0.415517241379	-0.018815572266	0.203694742792	2.296781202100	-10.773258522103	116.629783706789	1315.071224475310	825.771183151727	-890.602460120292	144.941636936379	
0.416379310345	-0.023757179262	0.199526285826	2.289312776909	-13.602681349792	114.243044473097	1310.795017820758	823.905210012529	-888.807728241972	143.103270585772	
0.417241379310	-0.027317795053	0.194805608488	2.293776382595	-15.641388111928	111.540119648868	1313.350750769523	824.358511325552	-893.009497544726	140.854287106975	
0.418103448276	-0.033370185191	0.191263013712	2.303002863416	-19.106813596147	109.511731203971	1318.633569794674	826.298324873215	-899.666439077850	139.954838539382	
0.418965517241	-0.038343901124	0.189271740141	2.317453397235	-21.954621082637	108.371584911068	1326.907532149556	829.815342102104	-908.871479934735	139.784817925738	
0.419827586207	-0.037618161183	0.193521371187	2.336498614256	-21.539083149754	110.804802101638	1337.812278690405	832.731152139000	-919.846896729310	141.492368591256	
0.420689655172	-0.037371141804	0.199230934974	2.354408696946	-21.397646918915	114.073935022519	1348.067079779842	835.721859453007	-931.087129441484	144.064923200542	
0.421551724138	-0.039425934170	0.203735268348	2.364750127716	-22.574162256824	116.652987480907	1353.988287256388	837.634456330514	-940.184768259201	146.420976033048	
0.422413793103	-0.038105362380	0.208630346759	2.376159308297	-21.818040620358	119.455769371730	1360.520857734810	838.227365781278	-949.560983797233	148.565412863062	
0.423275862069	-0.033910514535	0.211468013519	2.387980129325	-19.416190724257	121.080536196436	1367.289121759797	839.007107965782	-958.446549378415	149.208321161724	
0.424137931034	-0.025448639718	0.213571061799	2.392251780923	-14.571163228002	122.284681490497	1369.734947288832	838.529328511409	-960.095474569825	148.813796021013	
0.425000000000	-0.016166469270	0.213428763890	2.376983435200	-9.256457915763	122.203205777813	1360.992729227968	836.373898799022	-945.324194129827	147.842587616829	
0.425862068966	-0.006285872123	0.209634633590	2.342470188534	-3.599110590908	120.030795286874	1341.231431324731	831.091433997927	-917.184447621680	144.736181812170	
0.426724137931	0.001179648032	0.208080693729	2.306365707647	0.675432722992	119.141053767552	1320.559038218167	825.107063165484	-887.507736522614	143.312176935719	
0.427586206897	0.009857317096	0.206281585168	2.280178726729	5.644017832995	118.110935663055	1305.565121937021	819.841126955763	-867.053991909728	141.339062715129	
0.428448275862	0.009341783207	0.199440823678	2.258428001622	5.348837873561	114.194111291407	1293.111278848571	816.183197626724	-852.565296716314	136.426165602509	
0.429310344828	0.005775567784	0.195917976210	2.246030318505	3.306924922274	112.177029590859	1286.012720090199	813.374416143720	-845.031633329174	135.884694367248	
0.430172413793	0.001818654701	0.192641080437	2.246208356293	1.041309664999	110.300772795585	1286.114659435808	812.493367763549	-845.703524374208	135.211818980159	
0.431034482759	-0.002589882355	0.189316034240	2.251687775299	-1.482892561456	108.396946445346	1289.252018037667	813.039200566544	-848.879041427594	134.230667140574	
0.431896551724	-0.003577377667	0.192355376818	2.266141528434	-2.048304132928	110.137187075241	1297.527823681094	814.396387025916	-859.830418649650	136.055729991753	
0.432758620690	-0.005214070317	0.198382859786	2.277562766058	-2.985427532154	113.588351426596	1304.067297677872	815.544336544979	-869.507595136970	139.355731611665	
0.433620689655	-0.010670252658	0.203486941511	2.287550134848	-6.109481484742	116.510802636737	1309.785779390954	816.680358292807	-880.107413191603	142.031638251375	
0.434482758621	-0.019226550596	0.206023863860	2.295129404895	-11.008572959452	117.963371813453	1314.125452639933	818.117966424392	-888.785796038986	143.711429961402	
0.435344827586	-0.026389293538	0.206223868201	2.303720358344	-15.109754700948	118.077888578606	1319.044386868976	819.658072073480	-898.189371004345	144.341083344978	
0.436206896552	-0.030958015336	0.206414830586	2.320772071097	-17.725674129286	118.187228178405	1328.807709883527	821.491213418296	-911.501458400483	144.943096495536	
0.437068965517	-0.031613029633	0.202263191036	2.344789643342	-18.100716581440	115.810118116011	1342.559484807488	824.565111440124	-929.645931463880	142.431107952616	
0.437931034483	-0.025491987488	0.198077211679	2.350752474247	-14.595982921596	113.413346062209	1345.973631236579	824.577805101143	-932.555987383511	139.386721686304	
0.438793103448	-0.013877358275	0.199804712600	2.313709154305	-7.945778432348	114.402463680219	1324.763685739469	819.435277652468	-898.997635753267	139.520751012422	
0.439655172414	-0.009125438382	0.200642214280	2.278119590717	-5.224965014275	114.881993188294	1304.386119551340	814.435820572276	-869.227743611267	139.231955260761	
0.440517241379	-0.009232873060	0.202245914190	2.253053676064	-5.286479038144	115.800225888496	1290.034093748694	811.889269800448	-853.712710825387	140.250438040633	
0.441379310345	-0.010499714324	0.203063445621	2.233558308656	-6.011836112388	116.268321002865	1278.871603971716	810.550623753742	-842.516428865181	142.000378934952	
0.442241379310	-0.004911322861	0.206624502008	2.241825135652	-2.812082997979	118.307280037483	1283.604952664073	811.065131377608	-849.419602148626	144.732807657151	
0.443103448276	-0.001792819178	0.209243777336	2.267387130998	-1.026516983377	119.807002174549	1298.241020082856	814.525017075224	-866.712823097533	146.918345677445	
0.443965517241	-0.003499893919	0.206293523547	2.282646922928	-2.003939154986	118.117771237420	1306.978340485772	817.542922750346	-876.995522674767	145.705598409925	
0.444827586207	-0.008546797019	0.203685308714	2.287487976010	-4.893651519918	116.624382023384	1309.750189018200	819.583870365507	-878.545863740339	145.182311765518	
0.445689655172	-0.008603518760	0.202691018302	2.295026468545	-4.926128766650	116.055079772047	1314.066514230325	820.850765501268	-883.643066119571	144.330395540152	
0.446551724138	-0.009343938172	0.199441024408	2.296259210458	-5.350071744688	114.194226223744	1314.772346991198	822.072655635941	-885.112078858225	142.901722887093	
0.447413793103	-0.009460429210	0.199006074008	2.295993273412	-5.416771181083	113.945186065199	1314.620079044559	822.953707355885	-886.099518998361	142.856956503984	
0.448275862069	-0.011963692111	0.201115083684	2.288510920272	-6.850067920547	115.152744684060	1310.335897644524	822.786163013125	-881.201443195604	143.920989647382	
0.449137931034	-0.014574430340	0.200423036108	2.288457076692	-8.344901959073	114.756498036124	1310.305068350832	823.726894676610	-882.804417723522	143.748098617705	
0.450000000000	-0.017738595985	0.199385051639	2.291295670359	-10.156612706835	114.162177817000	1311.930365895862	824.849375354652	-886.425881937962	143.424320973829	
0.450862068966	-0.020588584488	0.200060011186	2.299188342711	-11.788434609082	114.548640348814	1316.449484340902	826.305290396696	-892.752535166103	143.705175258748	
0.451724137931	-0.022640610800	0.201565418866	2.307696822613	-12.963366184381	115.410593729254	1321.321196575776	827.418013286876	-900.107136926699	144.293027879005	
0.452586206897	-0.025703913957	0.201846379216	2.314581260925	-14.717325955933	115.571463589215	1325.263029046759	827.457139561629	-906.877525720835	144.004678053413	
0.453448275862	-0.030093960377	0.201636592241	2.323144161195	-17.230940973695	115.451345567687	1330.165900827524	827.237045228187	-915.954168368716	143.686427144144	
0.454310344828	-0.032058108698	0.201473088590	2.333018358016	-18.355556123950	115.357728054002	1335.819583508903	826.639424926724	-926.427594025326	143.028594754879	
0.455172413793	-0.034185953456	0.198699428984	2.331905594622	-19.573899172369	113.769609894975	1335.182447016376	825.495524539416	-928.470494461394	141.421924623172	
0.456034482759	-0.031671895076	0.194992872779	2.325888310973	-18.134421250445	111.647341825675	1331.737122503331	823.976785815986	-922.798641986783	139.360972893938	
0.456896551724	-0.027148475385	0.194841548446	2.312434957938	-15.544440512771	111.560697840524	1324.034117344415	821.880113088161	-908.965600996019	139.684249268555	
0.457758620690	-0.019017866188	0.196339451698	2.293891277568	-10.889086235898	112.418354400148	1313.416536345324	820.224299399172	-890.210416885418	140.564544668467	
0.458620689655	-0.014220131932	0.196572948483	2.272319378818	-8.142040824185	112.552047980777	1301.065084113687	818.794079723263	-871.472841802151	140.836818275260	
0.459482758621	-0.013851088304	0.196876562968	2.262633684603	-7.930736998265	112.725888951020	1295.519332633908	818.159880923841	-863.811850179694	141.320441355936	
0.460344827586	-0.013006633063	0.197550000871	2.265248914750	-7.447226080177	113.111480233107	1297.016738615695	819.516077670880	-864.784325408396	142.100671673568	
0.461206896552	-0.011201834701	0.199906933946	2.270579096794	-6.413850158545	114.460992699039	1300.068648402023	821.396687571209	-866.509566021177	144.083012062281	
0.462068965517	-0.010351816952	0.203268924112	2.274004921302	-5.927154307070	116.385972109945	1302.030177530561	823.335251207867	-866.150080322411	146.776559209564	
0.462931034483	-0.012315783712	0.204303214326	2.271879876915	-7.051665500891	116.978177103571	1300.813437894464	824.277846330352	-862.370380135604	147.866088445621	
0.463793103448	-0.013035436938	0.205821152714	2.277292492784	-7.463718355013	117.847305208885	1303.912546931097	825.390246274880	-865.899529850287	148.835540211965	
0.464655172414	-0.012517671662	0.208595838940	2.287705990335	-7.167260766784	119.436011181191	1309.875017785403	826.687482406434	-874.676833127373	150.107980452876	
0.465517241379	-0.013471919053	0.209413389503	2.299969994892	-7.713635529903	119.904117250243	1316.897036023390	828.217028157786	-886.428733110609	149.523414115823	
0.466379310345	-0.016753226151	0.210352544634	2.309711929847	-9.592418123172	120.441850617041	1322.474989342585	829.372719736603	-896.907872360391	149.439453489879	
0.467241379310	-0.020801435886	0.209014922739	2.315507057488	-11.910307231710	119.675966578020	1325.793113679241	830.106850491139	-904.076151919738	148.166695337270	
0.468103448276	-0.024362087552	0.204375397610	2.322228919664	-13.949034535112	117.019507187455	1329.641859704563	831.155550496762	-910.262827081913	144.605527503142	
0.468965517241	-0.025019416908	0.202839086009	2.337595466321	-14.325402523527	116.139859105995	1338.440304811203	832.137370836534	-921.329128428785	143.452094276529	
0.469827586207	-0.025194686657	0.202258879100	2.351728488832	-14.425756969204	115.807649224794	1346.532469272120	832.097351196357	-931.391308647747	142.754568740417	
0.470689655172	-0.024589583100	0.199848985280	2.349917286145	-14.079291978894	114.427812950577	1345.495426417160	829.687827085508	-931.799380772415	140.695316659149	
0.471551724138	-0.020216509546	0.198258608939	2.329369647059	-11.575395139252	113.517208945102	1333.730435974107	825.938369441684	-916.120380029182	138.757442319327	
0.472413793103	-0.014803861670	0.203011220857	2.290710438039	-8.476267776610	116.238418596542	1311.595278608039	821.006320124122	-885.628994043471	141.440622517890	
0.473275862069	-0.013939867039	0.206725336555	2.243595405489	-7.981569162592	118.365015015490	1284.618558540273	815.655450210782	-852.885197198742	143.551831205457	
0.474137931034	-0.010488781545	0.211362067027	2.230261137550	-6.005576315623	121.019874265483	1276.983738100787	813.710405124423	-843.051429938238	146.856430283883	
0.475000000000	-0.011335915787	0.211984611173	2.222809400262	-6.490621153298	121.376325237381	1272.717086462038	813.916580025286	-838.325075854896	148.473882866646	
0.475862068966	-0.011752859598	0.208503068502	2.238059402202	-6.729351254276	119.382893482240	1281.448801397355	817.635787135909	-846.146860120050	147.379244488087	
0.476724137931	-0.012411362670	0.203155681274	2.263488165002	-7.106391278872	116.321132499435	1296.008583670492	823.726630226319	-858.042919814721	144.802643136126	
0.477586206897	-0.009679145237	0.200409724928	2.290629776265	-5.542001722730	114.748876434949	1311.549093983364	828.049984794568	-870.148873762913	143.187077724076	
0.478448275862	-0.008388749638	0.197620731954	2.307077887674	-4.803158110006	113.151978827807	1320.966812132336	831.446149922813	-877.090393177483	142.132898322296	
0.479310344828	-0.006486728136	0.196476434570	2.312058094170	-3.714114999122	112.496786874519	1323.818335929855	833.171139484108	-878.861768884018	141.652439219397	
0.480172413793	-0.005291608629	0.198349926430	2.311747602143	-3.029823751975	113.569494728536	1323.640557075470	833.050854599616	-879.080112601593	142.774000031905	
0.481034482759	-0.008027932461	0.193486125556	2.311638131896	-4.596564514518	110.784621461254	1323.577877543247	832.411332885692	-880.153468394834	139.864573090300	
0.481896551724	-0.011619837266	0.189086909375	2.318757676499	-6.653186471207	108.265756101279	1327.654325151687	832.752124099148	-885.657541934525	136.996902360243	
0.482758620690	-0.018136050294	0.186926777090	2.319423339340	-10.384183676546	107.028926138026	1328.035464655565	831.409175937196	-888.504055448986	136.786587305969	
0.483620689655	-0.026279940416	0.182375308170	2.313533460628	-15.047142231478	104.422885214205	1324.663088565369	828.701698253577	-888.246372051174	136.206759681887	
0.484482758621	-0.031782573297	0.180791750928	2.315157436683	-18.197792434000	103.516185629887	1325.592930806063	827.204989557724	-891.688155511324	136.676837165941	
0.485344827586	-0.037926965515	0.182390524570	2.319425247686	-21.715895678240	104.431597689472	1328.036557319817	827.869044801538	-895.627618589161	138.555309342341	
0.486206896552	-0.041265599001	0.184622243969	2.334215428583	-23.627501721817	105.709416386837	1336.504991876865	831.799371149652	-902.392117837203	139.523114258773	
0.487068965517	-0.043254706373	0.188384888476	2.353938655058	-24.766407711029	107.863799013066	1347.797947238768	834.905652795499	-913.803751842931	140.388453366478	
0.487931034483	-0.045455132181	0.194158644893	2.367569651738	-26.026308592712	111.169686798431	1355.602666068034	836.961914710904	-924.229205185826	143.067417981396	
0.488793103448	-0.046391946867	0.194286069472	2.374269471029	-26.562701887404	111.242646467784	1359.438790967889	837.377190455053	-932.803455718142	143.117572701126	
0.489655172414	-0.045743768576	0.197857613195	2.383043797909	-26.191573536969	113.287610251323	1364.462719578944	836.976524587060	-941.233128518710	145.244422092817	
0.490517241379	-0.043555116265	0.199153375129	2.381788683491	-24.938413822975	114.029526473742	1363.744076961197	835.373124451456	-943.480658334160	146.089779983152	
0.491379310345	-0.034734815449	0.199871834178	2.374809224004	-19.888161851185	114.440895576056	1359.747838083593	833.685945003428	-938.888631135377	145.460514707400	
0.492241379310	-0.023610858960	0.202063337990	2.342865993273	-13.518902529939	115.695687978181	1341.458057797558	829.975558546851	-913.037874307860	146.130722933296	
0.493103448276	-0.017962391151	0.201216942576	2.311954612219	-10.284751418145	115.211066172550	1323.759085124235	827.330940070783	-887.451869231157	145.283155140338	
0.493965517241	-0.013549691804	0.198225323111	2.300367428132	-7.758165982721	113.498150431910	1317.124594928993	827.501177162973	-876.317063322371	142.529428248254	
0.494827586207	-0.007573178445	0.200453496665	2.304373834949	-4.336185371705	114.773938879872	1319.418548882719	830.492089852751	-876.201231362809	143.189053558430	
0.495689655172	-0.004964346300	0.201883538532	2.305675974202	-2.842442702888	115.592739950829	1320.164116575111	833.326331252133	-874.932757353241	143.894438706625	
0.496551724138	-0.004165916790	0.203149136013	2.303496809236	-2.385284801411	116.317384870594	1318.916389043446	834.258470924194	-872.377538769490	144.814479283225	
0.497413793103	-0.007574932614	0.203630774694	2.295728914184	-4.337189758952	116.593157403233	1314.468714511686	832.648082868587	-868.636921740288	145.511799325590	
0.498275862069	-0.010848197993	0.208231307674	2.286745533753	-6.211367893691	119.227291004702	1309.325087817088	828.759097155176	-867.548200229127	148.148003425515	
0.499137931034	-0.015124069759	0.210937353860	2.279173265675	-8.659609769896	120.776695653181	1304.989423695059	824.787923461698	-869.060384381411	148.993647538944	
0.500000000000	-0.019100589800	0.212592536422	2.283761837652	-10.936451410225	121.724405847393	1307.616708768160	823.224062564270	-878.842824139541	149.119355741064	
0.500862068966	-0.024133555867	0.212451626959	2.293297789000	-13.818183828486	121.643725118797	1313.076721766036	821.841886728184	-891.913489698245	149.061386752830	
