dbx_v3_0_10_0										
Time	Cx	Cy	Cz	Fx	Fy	Fz	Mx	My	Mz	
0.000000000000	0.000000000000	0.000000000000	0.000000000000	0.000000000000	0.000000000000	0.000000000000	0.000000000000	0.000000000000	0.000000000000	
0.000862068966	2.975027985697	-0.116108361620	10.983773884677	1703.415797867223	-66.480321664097	6288.994270074671	3001.244950619292	-4433.732372845429	-368.422187789048	
0.001724137931	0.149446052233	-0.014548270222	2.430520329315	85.568528271612	-8.329922759596	1391.646312537876	546.628146463060	-810.639419599104	136.029867963749	
0.002586206897	-0.085949021372	0.262397530083	2.478154318509	-49.211947423717	150.241308725279	1418.920170161520	854.885259855597	-1040.334108091459	117.717993296526	
0.003448275862	-0.106833105303	0.269872132421	2.517515477663	-61.169575608446	154.521051896314	1441.457242299445	942.100172663827	-1080.983940504898	169.284634723221	
0.004310344828	-0.090202021768	0.246673069025	2.625130717630	-51.647093613409	141.237932787879	1503.074645810317	891.873311290133	-1102.283038579039	176.819097712521	
0.005172413793	-0.110191824809	0.202570745068	2.745649049178	-63.092682179134	115.986205505752	1572.079989920746	923.065899038642	-1146.310522396835	167.821144119509	
0.006034482759	-0.107023162512	0.219025961305	2.875147895529	-61.278396921416	125.407990924470	1646.227319539197	956.652353755019	-1203.648612645121	175.912406922293	
0.006896551724	-0.105601084677	0.212162281800	2.989033542226	-60.464155892216	121.478044665936	1711.434978313427	980.962394754102	-1248.018207700203	180.601470651578	
0.007758620690	-0.123627600236	0.206343781919	2.963962129591	-70.785622289090	118.146538319001	1697.079805668669	991.712738436852	-1236.729126817869	180.759656026091	
0.008620689655	-0.143900130522	0.194095182699	2.923250084078	-82.393092375615	111.133341295737	1673.769254701193	999.345408547804	-1213.952976583577	180.953093025190	
0.009482758621	-0.141504423815	0.189857174239	2.974981850001	-81.021379346307	108.706779059601	1703.389381889263	1008.026455181465	-1240.447610732317	180.209437347954	
0.010344827586	-0.126261359483	0.202082442076	3.049846447583	-72.293637383568	115.706617200984	1746.254705790534	1024.925362843685	-1269.383540402395	184.241781378637	
0.011206896552	-0.114619025261	0.204517579561	3.057215240127	-65.627570330155	117.100907164885	1750.473865304640	1033.854296483829	-1260.883106415727	184.402144919349	
0.012068965517	-0.109697541100	0.204557247827	3.057682117833	-62.809669487476	117.123620077481	1750.741186104199	1038.954696976067	-1260.148376974006	183.980047705907	
0.012931034483	-0.098924811078	0.194200496193	3.060670685466	-56.641512886839	111.193640785663	1752.452354316100	1044.993700573150	-1257.757651769567	178.434174532692	
0.013793103448	-0.084141889508	0.187299879037	3.049049970568	-48.177235487888	107.242545086434	1745.798665868689	1047.047240802132	-1243.173117580807	174.351910507659	
0.014655172414	-0.076553512054	0.182753155060	3.015215253912	-43.832347945194	104.639221189308	1726.425876387149	1044.339776462217	-1211.509959619565	170.780027521904	
0.015517241379	-0.074955017757	0.183377452700	2.973838012309	-42.917095903411	104.996676133605	1702.734453194744	1038.397158265077	-1174.609243128499	168.458551340256	
0.016379310345	-0.077001132042	0.188720760532	2.936425742387	-44.088642326811	108.056101126007	1681.313259201007	1032.664835629168	-1141.767622701841	169.062132035466	
0.017241379310	-0.081119533028	0.189824172376	2.871659541603	-46.446720750253	108.687883138112	1644.229988013507	1023.109516600514	-1085.866650697299	168.916501668630	
0.018103448276	-0.087830529119	0.177219848399	2.810270984525	-50.289244859445	101.471008309504	1609.080658851456	1012.873503687052	-1036.657315807729	159.918843397691	
0.018965517241	-0.093660821782	0.172900124997	2.780996145188	-53.627503415818	98.997658438494	1592.318724494642	1008.640133950909	-1015.355006476575	157.678522309863	
0.019827586207	-0.094693850060	0.172049418402	2.745899414473	-54.218985813844	98.510568212850	1572.223341916323	1001.590479881932	-991.416638208493	156.805078817728	
0.020689655172	-0.092328828819	0.182022540722	2.719651489356	-52.864842403340	104.220892349404	1557.194531928867	994.433591178435	-975.727462465581	162.749876943570	
0.021551724138	-0.092895907290	0.191068308134	2.694004336710	-53.189535290194	109.400239632236	1542.509707046928	986.014725120960	-962.915545387815	168.161649559057	
0.022413793103	-0.098674787740	0.195916828375	2.676964458137	-56.498356686185	112.176363424486	1532.753160724096	979.331889623207	-955.806261937792	171.603938655147	
0.023275862069	-0.102478408755	0.196983761756	2.661409373228	-58.676201115534	112.787258913980	1523.846764717425	972.626366251457	-952.198199145609	171.673769055290	
0.024137931034	-0.102122383814	0.198031078952	2.646062052206	-58.472351433614	113.386922737183	1515.059328360823	964.739903823629	-950.138526948222	170.354537183950	
0.025000000000	-0.094673359127	0.198020701039	2.639640100757	-54.207253292624	113.380980641386	1511.382302932948	959.979864030605	-950.938865289372	167.939785781696	
0.025862068966	-0.084305171852	0.200396569299	2.629384217584	-48.270726280389	114.741334744751	1505.510078032244	953.448297378608	-953.213682141138	168.646571212640	
0.026724137931	-0.075899759684	0.206810773698	2.614973127788	-43.458028066245	118.413924433378	1497.258700855321	944.446433001890	-956.964632419390	171.424618177106	
0.027586206897	-0.068492826559	0.208896426917	2.594063998933	-39.217030347699	119.608109718396	1485.286732664231	935.187005558214	-958.762465901279	171.782739911370	
0.028448275862	-0.063169590376	0.214392131870	2.570753355448	-36.169097806223	122.754792936684	1471.939725993781	925.892084004026	-959.812845104871	174.333890918891	
0.029310344828	-0.058154114473	0.216350311034	2.556718824457	-33.297379984278	123.875990229589	1463.903955600513	921.436912999236	-961.273184518198	174.853712015582	
0.030172413793	-0.051823309495	0.218339151305	2.549725438002	-29.672542414947	125.014743193612	1459.899742858667	921.416934888972	-964.481666569329	175.502682490583	
0.031034482759	-0.046486460142	0.217671901782	2.553578508063	-26.616815362153	124.632695231752	1462.105900395484	923.125088499200	-971.317397369399	174.835553470860	
0.031896551724	-0.043972153758	0.217274633525	2.561393163684	-25.177195555098	124.405230808614	1466.580348334580	925.613390840904	-979.423944474808	174.490244633985	
0.032758620690	-0.040139302705	0.218689612368	2.577102801136	-22.982614843229	125.215407158792	1475.575236699722	929.530464649800	-992.643903188417	174.622829908594	
0.033620689655	-0.036966300832	0.225768008870	2.588950190656	-21.165844868735	129.268294218364	1482.358712542423	932.260932109109	-1003.151115216121	177.899183423926	
0.034482758621	-0.037042998754	0.233199890175	2.595670908157	-21.209759902076	133.523576549622	1486.206802852387	934.230191768040	-1010.581120886669	180.131749294020	
0.035344827586	-0.044264784485	0.239409744654	2.584155978327	-25.344747526117	137.079161327952	1479.613683904372	934.442384538846	-1010.773253293866	182.382657216766	
0.036206896552	-0.055315291554	0.250601545226	2.564388352544	-31.671951305965	143.487265720160	1468.295307671449	930.912639516772	-1009.414452562475	187.885809560776	
0.037068965517	-0.059759081212	0.254501087386	2.551417594411	-34.216337961331	145.720031849209	1460.868623142713	928.746190581027	-1008.189376229024	190.301755051657	
0.037931034483	-0.066744432038	0.252174435979	2.542039571091	-38.215949731985	144.387857905740	1455.499035645547	926.483221650493	-1006.869810642711	190.871689809831	
0.038793103448	-0.066039035876	0.251467287265	2.550588420951	-37.812060097288	143.982964810398	1460.393862173251	924.336129377563	-1012.155108578941	192.105914977362	
0.039655172414	-0.067696128155	0.252138887052	2.556297099475	-38.760863665166	144.367503608639	1463.662487957161	921.827343220268	-1014.422328259413	194.209246828907	
0.040517241379	-0.065422132764	0.254103640501	2.564854943353	-37.458839048158	145.492465148464	1468.562464201886	919.592295938078	-1018.755222449165	195.474463971526	
0.041379310345	-0.064337344543	0.257997799327	2.562340713447	-36.837720389141	147.722148934862	1467.122888183777	916.384226242949	-1018.178281493213	198.253368109884	
0.042241379310	-0.066396884562	0.258505313759	2.551431344838	-38.016954003936	148.012737159660	1460.876496242985	914.381874476624	-1013.333302238752	198.622752195518	
0.043103448276	-0.069630696410	0.259243759047	2.537897749875	-39.868542027567	148.435549776974	1453.127547469222	911.950363485666	-1007.775012921046	200.297353442584	
0.043965517241	-0.072234464255	0.257600451069	2.529859626347	-41.359384904573	147.494638705390	1448.525148208606	910.432918129213	-1004.317203154678	200.757062580698	
0.044827586207	-0.073252469542	0.258274344261	2.528858725522	-41.942265568718	147.880490641934	1447.952061069265	909.359543389259	-1003.083597941303	201.990135366261	
0.045689655172	-0.073024888223	0.258310831610	2.527455351021	-41.811959025310	147.901382252312	1447.148529033144	908.843818937324	-1001.663147076943	202.113993603001	
0.046551724138	-0.071906002117	0.252436323721	2.531190949447	-41.171316894014	144.537807324493	1449.287425676514	910.259873441064	-1003.025912480302	199.192611450904	
0.047413793103	-0.068884045888	0.247073523163	2.545064190904	-39.441031328443	141.467221355375	1457.230846302614	913.323041269407	-1008.903314760756	197.271637093369	
0.048275862069	-0.067231557253	0.241764549724	2.554585373086	-38.494863675577	138.427455252148	1462.682402463181	916.088376203216	-1010.577570953574	193.799395453707	
0.049137931034	-0.065960005533	0.238556853323	2.558285941535	-37.766809587384	136.590820184940	1464.801241945967	918.222515246423	-1010.985394765655	190.809530543241	
0.050000000000	-0.062828199760	0.237538460509	2.560098634328	-35.973627319408	136.007717634108	1465.839137910145	919.613307662818	-1010.162141208999	188.244141152685	
0.050862068966	-0.057060511607	0.237619396641	2.559448355926	-32.671214312328	136.054059344499	1465.466807125697	919.284233011243	-1009.689124659026	185.907871256841	
0.051724137931	-0.051263157816	0.235754756456	2.559350294349	-29.351815610420	134.986419791946	1465.410659875949	918.676818684163	-1010.356749299887	182.779786721424	
0.052586206897	-0.044308758412	0.233622396646	2.564731002747	-25.369925737123	133.765491651119	1468.491499361635	917.868262660129	-1014.564601766416	180.010578970469	
0.053448275862	-0.038525030835	0.233821536261	2.563772285267	-22.058329015190	133.879513289486	1467.942565197272	915.745504446857	-1015.708834075343	178.378398291448	
0.054310344828	-0.031676802740	0.233085828074	2.563690173148	-18.137229791716	133.458267857909	1467.895550150447	914.454183111875	-1017.873462832205	176.035772316625	
0.055172413793	-0.023878359385	0.232950315199	2.563954372558	-13.672064531500	133.380677067591	1468.046823163841	914.301548401875	-1018.718580820221	174.376788015852	
0.056034482759	-0.019697960544	0.230490193762	2.560766282879	-11.278487912898	131.972082008806	1466.221414344095	913.235305023924	-1018.157509010793	171.354878103403	
0.056896551724	-0.015814915725	0.229231324562	2.552357404006	-9.055167688546	131.251289568689	1461.406731193660	909.702513558185	-1015.292500603199	169.170853090762	
0.057758620690	-0.011986079160	0.228240009809	2.541271249676	-6.862885557046	130.683691139315	1455.059116813263	905.903784290584	-1010.191575500292	167.311868646411	
0.058620689655	-0.008974141964	0.227762010900	2.526528596525	-5.138336603101	130.410002657294	1446.617895957594	902.918760938807	-1000.257998377957	166.446682404023	
0.059482758621	-0.007125738538	0.227767938666	2.511734389406	-4.079993753048	130.413396726666	1438.147156776500	900.665358373883	-987.469379562256	166.723537348343	
0.060344827586	-0.005202861108	0.230591163764	2.489096509386	-2.979009222093	132.029894539692	1425.185355192846	897.976237084100	-966.407383959184	168.313790193919	
0.061206896552	-0.003241815264	0.230986082981	2.463865403363	-1.856170550620	132.256013969966	1410.738746688836	894.724595307831	-943.775536210492	167.855971665043	
0.062068965517	-0.001669115163	0.232970642200	2.426407930458	-0.955687526602	133.392315726139	1389.291670761842	890.494773374461	-915.028618615778	168.870520183944	
0.062931034483	-0.002871590395	0.230727895303	2.384525640287	-1.644190396433	132.108183102169	1365.311071227626	885.341878910687	-886.664940121949	168.571846541704	
0.063793103448	-0.004372129033	0.229573954334	2.355644171612	-2.503355834484	131.447469560263	1348.774369642492	879.907645600700	-864.812750255412	168.269453123864	
0.064655172414	-0.002497311269	0.235551913711	2.336345625110	-1.429888891189	134.870277846873	1337.724574768528	875.768762365812	-850.171492684410	171.912516455618	
0.065517241379	-0.000978029274	0.238044591698	2.321307833349	-0.559991544304	136.297513853660	1329.114365998917	873.326587900490	-841.209826831122	173.318519750685	
0.066379310345	0.001592369601	0.242469236101	2.317400820793	0.911745216212	138.830938484235	1326.877322535091	871.216826372290	-841.056946550137	175.966390746550	
0.067241379310	-0.000572051745	0.242395674589	2.307038834923	-0.327540441624	138.788819269605	1320.944346269826	868.219130707413	-836.516930827763	176.042418910164	
0.068103448276	-0.002173133604	0.242745216097	2.303917807822	-1.244274046853	138.988956724096	1319.157335561090	866.465017868041	-837.296604323460	176.303005633887	
0.068965517241	-0.003713862342	0.243173536625	2.299813070074	-2.126451184726	139.234200787875	1316.807080316448	865.844193968338	-837.527171534322	176.761376714136	
0.069827586207	-0.003870056312	0.242568970200	2.296135683079	-2.215883377581	138.888043372070	1314.701513870635	865.023286955891	-838.513148492072	176.189356871917	
0.070689655172	-0.004740889283	0.246098705838	2.294919669276	-2.714497389599	140.909068880729	1314.005259202475	863.924004144364	-840.803967662038	178.311331671536	
0.071551724138	-0.005962601896	0.245593080485	2.297278603422	-3.414015032856	140.619562288586	1315.355917317338	862.656318160124	-844.797346347681	178.417073677161	
0.072413793103	-0.007591583083	0.241307187240	2.308708920785	-4.346722994330	138.165582596116	1321.900589591095	863.086829429007	-855.150864695027	175.986705888519	
0.073275862069	-0.010612734817	0.237538683193	2.320483538610	-6.076547929067	136.007845136492	1328.642398445476	863.536372428659	-864.873545126118	174.057707026299	
0.074137931034	-0.015804447702	0.235473524800	2.326680371649	-9.049173998257	134.825394602099	1332.190527520563	863.185172140050	-871.590021535699	173.600402159520	
0.075000000000	-0.017995691212	0.237679596299	2.332309860478	-10.303817258642	136.088527943950	1335.413811553894	862.594904449304	-875.884766692889	175.061926874655	
0.075862068966	-0.012937754138	0.241534202562	2.335947292644	-7.407787386539	138.295565066211	1337.496501009443	861.300463229513	-877.675767078050	176.769058834455	
0.076724137931	-0.008875699303	0.243706447311	2.335450937293	-5.081971155447	139.539330180446	1337.212302154902	861.382750382810	-877.880399318628	177.136830139480	
0.077586206897	-0.010704736469	0.242075208578	2.330172109435	-6.129225439338	138.605329612421	1334.189796547797	860.841916894282	-875.838408558511	175.958970472583	
0.078448275862	-0.008897687602	0.241806558725	2.336810309383	-5.094561025600	138.451508402626	1337.990639671057	861.250001767957	-881.318850822105	175.613549371056	
0.079310344828	-0.005810605914	0.241913700331	2.336177557268	-3.326986487857	138.512854617060	1337.628343936791	860.792849498986	-880.678276684779	175.263316696822	
0.080172413793	-0.004316496031	0.239989310721	2.327715786659	-2.471501971028	137.411004254848	1332.783376493278	859.254654154189	-875.307282949810	173.132581330484	
0.081034482759	-0.000262676137	0.240283550092	2.313552008669	-0.150400831110	137.579477289790	1324.673602971507	857.336524321711	-864.427995874581	172.509736426242	
0.081896551724	0.003821089164	0.241314714736	2.298572089142	2.187846191231	138.169892624781	1316.096530185912	855.093496786524	-853.526007728619	172.363535307994	
0.082758620690	0.003392945706	0.241078109072	2.276982015629	1.942703512229	138.034418999603	1303.734672591020	851.976799100010	-837.997752038449	171.196559741821	
0.083620689655	0.001647071787	0.241613266542	2.253892896535	0.943066120843	138.340834835792	1290.514504440606	848.673144803717	-820.741233068431	171.557119027610	
0.084482758621	0.001159798812	0.241816413443	2.232589597236	0.664067574836	138.457150932097	1278.316845545760	844.977026461606	-806.564068275145	171.903122665465	
0.085344827586	0.000030867250	0.240148831570	2.221409590627	0.017673703113	137.502341323052	1271.915494039130	843.463597915497	-799.720422888053	170.461661045768	
0.086206896552	-0.002617439395	0.240377409856	2.216171629307	-1.498670814961	137.633218701495	1268.916387441041	842.384439085324	-796.404919397414	170.325467839230	
0.087068965517	-0.005338939211	0.241366979146	2.216756916145	-3.056923645597	138.199817728428	1269.251505917568	841.487930469140	-798.026080039589	170.469312033223	
0.087931034483	-0.008900338857	0.240455108774	2.223969221109	-5.096079058428	137.677706876396	1273.381065126300	841.599939185172	-805.912609319770	169.650579175243	
0.088793103448	-0.014268867712	0.235235668471	2.232221071470	-8.169944886467	134.689204882242	1278.105838249028	841.251920031213	-815.479797829539	167.050350743528	
0.089655172414	-0.015555034719	0.233881061397	2.243652875674	-8.906367269403	133.913595677241	1284.651361844938	840.666967451884	-826.676339324750	166.878787973265	
0.090517241379	-0.015317239332	0.234384420968	2.257084478149	-8.770212442758	134.201804947887	1292.341912642039	840.506495673047	-837.175039247364	167.393195848404	
0.091379310345	-0.018248513157	0.233797383015	2.265581740946	-10.448575861851	133.865683833011	1297.207201895678	840.037009820923	-844.470017392099	168.272390065374	
0.092241379310	-0.019386417108	0.234589072415	2.276540413574	-11.100107065810	134.318982503465	1303.481823905059	841.193862308862	-850.359370219172	169.332245642839	
0.093103448276	-0.017703907928	0.233160673760	2.285302893561	-10.136750509275	133.501122353862	1308.498968923550	843.302495924853	-853.704438915377	168.886163404164	
0.093965517241	-0.016577376541	0.231822986580	2.288557278957	-9.491730908941	132.735200995576	1310.362336771680	843.928336215333	-853.012947560322	168.169177674184	
0.094827586207	-0.013544620080	0.232609816877	2.288552880095	-7.755261439868	133.185717483234	1310.359818109335	843.646104926358	-849.271293916088	168.625788795372	
0.095689655172	-0.011927471317	0.230873103366	2.278258587658	-6.829328385523	132.191325078973	1304.465601164621	843.851674407867	-839.170565247043	166.961364096992	
0.096551724138	-0.011101916378	0.232376813902	2.267550164569	-6.356639277329	133.052306654547	1298.334264871657	842.955905093755	-829.815076074174	168.130999698850	
0.097413793103	-0.008892695770	0.237709325209	2.244896220879	-5.091702845590	136.105549866594	1285.363265691278	840.615506100975	-811.653069857367	171.346866486374	
0.098275862069	-0.007095256981	0.241600082322	2.222605736096	-4.062540887100	138.333285929523	1272.600372668272	838.035435998035	-796.118239965889	174.152882481463	
0.099137931034	-0.006553245401	0.241395686368	2.203840850195	-3.752200583589	138.216254661645	1261.856136566056	836.021243321921	-784.891360260762	174.018454826553	
0.100000000000	-0.004622388055	0.240272527247	2.196069311215	-2.646646981098	137.573165924344	1257.406375980351	834.754638742491	-782.600657966058	173.149409879796	
0.100862068966	-0.005369298150	0.237673151079	2.188607008202	-3.074306304626	136.084837595801	1253.133675050328	833.373093415849	-782.663848854885	171.337745720175	
0.101724137931	-0.006847814399	0.234199951223	2.182680741716	-3.920862352927	134.096182856151	1249.740464632263	832.124140743235	-783.235789557176	169.050933274259	
0.102586206897	-0.007833538743	0.232386961009	2.184251060468	-4.485259873807	133.058116597104	1250.639584164478	831.643227739153	-787.546411967296	167.795611428787	
0.103448275862	-0.009343460325	0.232125820125	2.196372037411	-5.349797716715	132.908594807931	1257.579708327786	832.745806677357	-796.990963231077	167.643492926908	
0.104310344828	-0.012047207329	0.232843506385	2.205291338211	-6.897885795737	133.319521400958	1262.686644451428	834.876796235736	-801.880865817540	168.443261015916	
0.105172413793	-0.014100984377	0.233294407894	2.220216285869	-8.073819698234	133.577694687505	1271.232241919876	837.850189121838	-810.767769624971	169.008274587195	
0.106034482759	-0.015265729454	0.234265998785	2.242789126496	-8.740719362136	134.133999798462	1284.156803809844	841.644861505840	-824.747182077686	169.592332055342	
0.106896551724	-0.017343556313	0.233624827240	2.261728108745	-9.930423497597	133.766883339756	1295.000722493458	845.361054050069	-836.564267629403	169.373835285927	
0.107758620690	-0.016694127096	0.234315400646	2.284047155245	-9.558578931985	134.162285888980	1307.779969137182	848.625873103350	-850.663295636836	170.066348591217	
0.108620689655	-0.013333328662	0.235166435062	2.299550302102	-7.634282027247	134.649563815268	1316.656626903091	851.821020824555	-858.475241960640	170.764626301172	
0.109482758621	-0.012889565386	0.238695914017	2.312998484032	-7.380195887932	136.670442354593	1324.356670621249	854.215778601060	-866.126294246493	172.893513139371	
0.110344827586	-0.012250943893	0.244527741398	2.319611849866	-7.014539515739	140.009579646798	1328.143294442491	855.015126634275	-869.104267633230	175.756616161407	
0.111206896552	-0.011259827110	0.248061308170	2.318793110143	-6.447054438768	142.032798752970	1327.674507531703	854.303068252406	-867.290253157910	177.780718976351	
0.112068965517	-0.012181998306	0.250284793482	2.304154357713	-6.975063247770	143.305902745408	1319.292777252175	851.144295362781	-857.451429848403	179.965048659138	
0.112931034483	-0.012172201903	0.250586094978	2.286040290319	-6.969454107988	143.478419350439	1308.921181182582	848.318086155194	-845.171482624034	180.978328791691	
0.113793103448	-0.008176818711	0.250117044651	2.267848472326	-4.681812149431	143.209854570121	1298.505067347657	846.594235883949	-830.475973255494	180.344411937882	
0.114655172414	-0.004812729557	0.249866115614	2.253429217220	-2.755631072020	143.066179792074	1290.249014947677	845.520145194633	-819.328420902893	179.843228054191	
0.115517241379	-0.007461492864	0.246161937128	2.226937833282	-4.272237061990	140.945273306036	1275.080807413850	843.907694372377	-800.645203269295	177.638727305384	
0.116379310345	-0.009201434083	0.243216495714	2.209445003699	-5.268477558790	139.258797931861	1265.064914318030	842.819564070959	-789.187878800341	176.602955008792	
0.117241379310	-0.011724486123	0.240780409274	2.196601751890	-6.713104878206	137.863964623310	1257.711236257908	841.413168474763	-783.202547200693	174.897788037407	
0.118103448276	-0.012357310745	0.241332926235	2.188284701589	-7.075442128327	138.180320007006	1252.949131517251	840.383978197208	-780.668127921804	174.474831524329	
0.118965517241	-0.012127462260	0.243487996046	2.187271333156	-6.943837469913	139.414251243726	1252.368905782700	839.873576029176	-783.348202882442	174.364523337088	
0.119827586207	-0.014947379510	0.243220023628	2.187629213788	-8.558441304200	139.260817913982	1252.573817980213	839.856701594802	-786.150390531880	173.136432869338	
0.120689655172	-0.015629215483	0.240326991962	2.201665012863	-8.948841049713	137.604350859768	1260.610314441447	842.128253767236	-795.526585747634	171.235093966843	
0.121551724138	-0.013728900943	0.237208254139	2.225504043284	-7.860775382835	135.818650925849	1274.259860335350	846.444589089679	-808.433465540201	169.056331334650	
0.122413793103	-0.009980396635	0.234828579485	2.258852458826	-5.714489201277	134.456117390481	1293.354207729671	851.520099949034	-827.343679123389	166.995150546551	
0.123275862069	-0.007401317793	0.233576394530	2.283373082168	-4.237782540043	133.739152157146	1307.394014203804	854.913179669476	-841.084530233933	165.587036110800	
0.124137931034	-0.006787455429	0.231423016692	2.297213279177	-3.886302535726	132.506189695658	1315.318514525947	856.607301034151	-849.732484233053	163.613605618855	
0.125000000000	-0.005969434431	0.231748597933	2.305425490340	-3.417927146433	132.692608187430	1320.020591379570	856.785901499388	-855.934546797718	164.143379312975	
0.125862068966	-0.004501443650	0.231293015987	2.310149020081	-2.577397679632	132.431755016274	1322.725149192671	856.025676074480	-860.589489356036	163.959134712292	
0.126724137931	-0.004960895108	0.231955247592	2.305587885496	-2.840466422114	132.810929862059	1320.113574194038	853.634746224356	-859.310726685126	164.557267697548	
0.127586206897	-0.003929752950	0.232957288372	2.298165674009	-2.250063962201	133.384669706682	1315.863828523184	851.033882791024	-854.254465657684	165.536301855243	
0.128448275862	-0.004128516412	0.235652555818	2.284151769815	-2.363870226333	134.927902634030	1307.839868443293	848.007171279662	-845.243015049586	167.813410248029	
0.129310344828	-0.003220077739	0.240162757658	2.271158896974	-1.843724266616	137.510315002312	1300.400521666541	845.764328711983	-836.771895388494	170.726206522932	
0.130172413793	-0.005072959337	0.243591648305	2.247553055939	-2.904631189516	139.473599558170	1286.884493334908	842.860587107496	-821.454970126641	173.306283173496	
0.131034482759	-0.006574076439	0.245803612934	2.231073223289	-3.764127838664	140.740107137633	1277.448613263708	840.917434891994	-811.216366935432	175.410132591396	
0.131896551724	-0.005272311303	0.245871518508	2.226793064382	-3.018774413999	140.778987923915	1274.997916888539	841.445381461577	-805.532875979091	175.418526310375	
0.132758620690	-0.003484648802	0.242785839471	2.235687926748	-1.995210077785	139.012216504016	1280.090860264766	845.366285108394	-807.658809276592	173.508654342617	
0.133620689655	-0.003695807212	0.237228183251	2.239620167305	-2.116113334465	135.830061764655	1282.342348559371	848.203151524310	-808.111646496622	170.039915046841	
0.134482758621	-0.005064643989	0.232920767631	2.237161212522	-2.899870059104	133.363758976771	1280.934421493488	849.245780762229	-808.164050488484	167.721313176902	
0.135344827586	-0.003749553758	0.229568066196	2.234103706248	-2.146887066946	131.444098181255	1279.183780990251	849.918731886522	-808.274393383063	165.432188474854	
0.136206896552	-0.001455820081	0.231502105749	2.237674358131	-0.833560873205	132.551473824022	1281.228233968760	850.308445319714	-812.159622797482	165.677779476147	
0.137068965517	-0.000439608581	0.233968771199	2.246541896752	-0.251707280028	133.963815797441	1286.305532551673	850.950755550494	-819.529365568893	166.297124831862	
0.137931034483	-0.004490719111	0.233612729014	2.252165913408	-2.571257115416	133.759956241787	1289.525683375393	851.103981024325	-825.169203351942	166.695962161597	
0.138793103448	-0.007161750128	0.233411139065	2.256485638095	-4.100612957893	133.644531612141	1291.999033982344	850.097851963591	-829.594117499357	167.054964559023	
0.139655172414	-0.008492414791	0.234296030327	2.259396803755	-4.862513423877	134.151194999150	1293.665884042304	847.950248468081	-834.317943397506	168.761950478582	
0.140517241379	-0.009527545074	0.235384778804	2.260958892754	-5.455199370497	134.774581187202	1294.560291453227	845.773734781875	-839.696518811506	169.937720451956	
0.141379310345	-0.010519633686	0.233242224036	2.262844301999	-6.023240888712	133.547815705572	1295.639822774743	844.475767497761	-845.374958792933	168.793983585853	
0.142241379310	-0.008887833206	0.232238379815	2.266188998109	-5.088918680671	132.973043262130	1297.554899950721	844.032198443132	-849.790399195724	168.305443110450	
0.143103448276	-0.007724988942	0.233798109894	2.269787200319	-4.423107367653	133.866100023091	1299.615127456915	843.576360027528	-852.384369907531	170.092087342773	
0.143965517241	-0.007707838660	0.235267817949	2.272056298992	-4.413287607514	134.707612752161	1300.914348353444	843.406488411406	-851.263185803111	171.554359843376	
0.144827586207	-0.007157010814	0.236610521481	2.268757412281	-4.097899362543	135.476406329770	1299.025500327073	843.402949624236	-845.425783443841	172.886217209001	
0.145689655172	-0.005057493323	0.237351499305	2.262118919265	-2.895775792915	135.900669004352	1295.224489401739	843.223125218259	-837.553668815200	172.870117688308	
0.146551724138	-0.002887138287	0.238593405169	2.249720960690	-1.653092673989	136.611748724906	1288.125773490765	841.786883158743	-826.988810011843	173.128817031411	
0.147413793103	0.002638538145	0.241920117761	2.236772686059	1.510751354456	138.516529053482	1280.711962370976	840.263956955009	-814.694738842991	174.528984330590	
0.148275862069	0.003775219308	0.243252920117	2.220909197623	2.161582425602	139.279653501590	1271.628983339644	838.550787456487	-800.859365765273	174.826403492201	
0.149137931034	0.003975626202	0.241750020348	2.212325520513	2.276329672064	138.419136147923	1266.714215726255	837.808795249990	-792.696754393154	172.834306377666	
0.150000000000	0.002996794279	0.238602768251	2.206928042297	1.715878553613	136.617109757375	1263.623774323580	837.491477014041	-786.481540792817	170.996959121911	
0.150862068966	0.002781507865	0.234416675767	2.200371951989	1.592611720772	134.220273121819	1259.869944827767	837.513088008989	-779.944795427577	168.208235340878	
0.151724137931	0.005262478816	0.234603069176	2.199445218070	3.013144613559	134.326996648143	1259.339323534470	838.289060148554	-776.334350245066	167.751064961544	
0.152586206897	0.006282813374	0.236956673316	2.204728518516	3.597358951909	135.674602954214	1262.364390017396	839.882798898996	-777.765916765750	168.808174291429	
0.153448275862	0.002667962056	0.238027313594	2.207770155583	1.527598643164	136.287620906243	1264.105944266859	841.373608615237	-781.697175953717	168.297092872515	
0.154310344828	0.000472057058	0.239341865098	2.216291316851	0.270286348074	137.040295438707	1268.984917099759	841.795693147571	-791.193486650660	168.896933015083	
0.155172413793	-0.002786280735	0.236495995523	2.221502391582	-1.595344529482	135.410832046841	1271.968629207413	841.599720108812	-798.221949637374	167.468475570340	
0.156034482759	-0.009460809654	0.233029785979	2.219398162968	-5.416988580731	133.426179760140	1270.763808183521	840.137475178258	-800.866763341516	166.851172944157	
0.156896551724	-0.013427432625	0.229044161771	2.226273450735	-7.688163260414	131.144125515984	1274.700401000308	838.949939758805	-812.014876436088	166.032109792375	
0.157758620690	-0.015473166849	0.226322470811	2.238135804178	-8.859492072113	129.585763241723	1281.492444756015	838.552414069273	-825.415778961790	165.965898327290	
0.158620689655	-0.018349504354	0.225396126320	2.249793321455	-10.506400527994	129.055364923567	1288.167205191715	839.343668675598	-836.070985119791	165.913989463614	
0.159482758621	-0.020217542777	0.225803110803	2.267697879035	-11.575985814312	129.288392579276	1298.418841943354	842.119597362236	-847.264240408707	166.487090804095	
0.160344827586	-0.019279709187	0.227872455747	2.286335202012	-11.039009167441	130.473240213049	1309.090039169920	845.690538468796	-855.537739035522	167.852984255122	
0.161206896552	-0.018675377179	0.237318449104	2.296710231723	-10.692985971934	135.881745406279	1315.030483964983	847.017607049227	-857.416869386239	173.033810970623	
0.162068965517	-0.022542203349	0.242485597693	2.292296063809	-12.907019862707	138.840306662873	1312.503057871833	848.014278451513	-850.690984712967	176.669845212813	
0.162931034483	-0.025385450886	0.242826988082	2.283378526385	-14.534981950842	139.035777020086	1307.397131406771	848.795843418403	-841.339979085851	176.836056138178	
0.163793103448	-0.024665455143	0.245491607474	2.277025487834	-14.122733014093	140.561461749553	1303.759563530322	850.447609434066	-832.368285861467	178.248461902677	
0.164655172414	-0.026282093810	0.246738179196	2.266341366437	-15.048374002559	141.275213006610	1297.642141690428	850.175071128885	-821.527948825621	180.089244799480	
0.165517241379	-0.026464920319	0.245696646734	2.256808564852	-15.153055223886	140.678861355906	1292.183932592452	849.919456783465	-810.704390706481	179.804360965696	
0.166379310345	-0.024154479561	0.243327013445	2.249361887575	-13.830163034250	139.322077218564	1287.920178511268	848.350350699170	-804.921747332629	179.097787435834	
0.167241379310	-0.019330039251	0.242557041745	2.250790117187	-11.067826720470	138.881213480387	1288.737941872311	848.272821525519	-805.263466349840	178.719574614281	
0.168103448276	-0.016340607060	0.242933372021	2.246602653422	-9.356163486891	139.096689415895	1286.340320080253	848.390915491514	-802.418832031356	179.156895565429	
0.168965517241	-0.017236984717	0.238548834865	2.240987793193	-9.869403654800	136.586229045878	1283.125411964214	849.183087660698	-799.701141628747	176.236033915464	
0.169827586207	-0.020516628226	0.233498293284	2.236645429707	-11.747233574837	133.694433620946	1280.639099029545	850.006028146851	-799.300458925845	172.953373296035	
0.170689655172	-0.024668539086	0.227951062498	2.241394213667	-14.124498791662	130.518248186526	1283.358116684530	851.538792830287	-806.064864321217	170.144572856756	
0.171551724138	-0.027393953691	0.223907991559	2.256784861788	-15.684993118561	128.203301590568	1292.170360897183	854.034302529570	-820.905503367264	167.585736086975	
0.172413793103	-0.032042391553	0.221596799279	2.278280447808	-18.346555473059	126.879979100228	1304.478117660231	857.682466713669	-839.331736651651	165.750755729930	
0.173275862069	-0.036167463363	0.221096596126	2.310194051891	-20.708453418837	126.593577104407	1322.750933117156	863.525859639363	-863.541595067524	165.101497997036	
0.174137931034	-0.042099522133	0.223483393148	2.333720941538	-24.104980332688	127.960188703872	1336.221756145113	867.855806803003	-879.782696761952	167.105628248822	
0.175000000000	-0.046140021348	0.228376877404	2.352985590588	-26.418454433237	130.762057603686	1347.252142309822	869.738083939007	-893.584187138442	170.470426148102	
0.175862068966	-0.045819057962	0.231408645110	2.368218613007	-26.234679993105	132.497960939518	1355.974134560684	871.085466782377	-904.661473900584	172.037299691694	
0.176724137931	-0.046587610658	0.232111318213	2.372813508496	-26.674731249984	132.900291428941	1358.605040085840	871.522490289033	-909.549382810465	172.181799174216	
0.177586206897	-0.046739544652	0.235949203233	2.371368006212	-26.761724302439	135.097754446110	1357.777386887905	870.351607914695	-909.960597127270	173.877757458932	
0.178448275862	-0.043738360752	0.240067262696	2.366878813981	-25.043332377361	137.455637322931	1355.207004020077	868.472907289128	-907.168874777164	175.276892564683	
0.179310344828	-0.037841550203	0.243151567633	2.356684092408	-21.666987585069	139.221621972424	1349.369798499292	866.591660298702	-899.218432420909	175.714117074739	
0.180172413793	-0.034344044755	0.244502072047	2.344565894125	-19.664416160231	139.994882111589	1342.431265317110	864.754715967566	-890.468902989895	175.755868233762	
0.181034482759	-0.030288909630	0.245958077216	2.316600833946	-17.342561956264	140.828548960758	1326.419272984315	860.813598532588	-869.334506558749	175.959383794997	
0.181896551724	-0.024048344073	0.245199580997	2.278610928661	-13.769392894156	140.394255754319	1304.667341529214	854.985159897726	-841.688661439175	175.349615930031	
0.182758620690	-0.019140479400	0.242369448797	2.240881357884	-10.959290179784	138.773803132616	1283.064470155216	849.814449183630	-813.176872686364	173.742470299427	
0.183620689655	-0.017091713601	0.239615427571	2.219895957708	-9.786225575074	137.196929473910	1271.048831191188	846.486666473635	-798.211203993865	172.706825021292	
0.184482758621	-0.017656645827	0.233705493840	2.216304364924	-10.109689583828	133.813070724096	1268.992388052909	844.782125148251	-795.735967890485	170.569504488485	
0.185344827586	-0.021099936800	0.232980376773	2.214216431653	-12.081219354157	133.397889463731	1267.796897275665	842.015656066018	-793.198539461338	170.481568058362	
0.186206896552	-0.027434285655	0.231933190433	2.220762808481	-15.708086045900	132.798300564549	1271.545165110979	841.959666113479	-795.420155544812	171.081373813721	
0.187068965517	-0.028253989212	0.230337771954	2.234512622482	-16.177424820317	131.884809648035	1279.417914711773	845.279747922852	-802.274854389833	170.661746813523	
0.187931034483	-0.027163963215	0.232731389506	2.252465214350	-15.553307160740	133.255326487685	1289.697054520843	849.104382610321	-813.603183447027	171.822452525609	
0.188793103448	-0.029310481364	0.235221125516	2.268083153993	-16.782341960484	134.680878002731	1298.639439347543	851.853716998766	-825.814106086101	173.316466600399	
0.189655172414	-0.033103362926	0.235809284584	2.278624083716	-18.954037286784	135.017641035922	1304.674873736475	853.954324717053	-836.170034625443	173.650338091914	
0.190517241379	-0.037149786734	0.231941495779	2.288238825462	-21.270903640232	132.803055967732	1310.179999423599	856.297249805612	-845.027422624395	171.863656998367	
0.191379310345	-0.038179916235	0.225871368603	2.308883584602	-21.860726281988	129.327475040456	1322.000597088931	859.278402087153	-859.846421836926	169.354239846581	
0.192241379310	-0.038612283551	0.221886198145	2.323002474340	-22.108287420754	127.045680600683	1330.084668883511	859.408367112755	-871.348830354767	167.214926371515	
0.193103448276	-0.038238635696	0.221699062130	2.336830730285	-21.894347363259	126.938531879606	1338.002332094620	859.851873721853	-884.086234270695	167.131414974582	
0.193965517241	-0.038441964555	0.222368989873	2.343131248270	-22.010767642956	127.322113313167	1341.609828199216	859.983255807321	-892.182576472740	167.370533681192	
0.194827586207	-0.038356253227	0.221526794482	2.344427608366	-21.961691791943	126.839896359007	1342.352086853241	861.174103132603	-895.937088565975	167.003664705306	
0.195689655172	-0.036440181831	0.221679704838	2.346711173315	-20.864604200657	126.927448448612	1343.659590724584	862.294244329627	-897.972411797743	167.216171672760	
0.196551724138	-0.032984888184	0.226924905384	2.340797614357	-18.886202043902	129.930700019926	1340.273656273519	861.875617060409	-892.761910117534	169.949201131226	
0.197413793103	-0.028794464518	0.228523057329	2.331950687345	-16.486885496979	130.845756040792	1335.208159307194	862.289698858960	-883.093362737406	169.211887476170	
0.198275862069	-0.026623566879	0.231031393600	2.321833583009	-15.243891699824	132.281957532332	1329.415395193297	861.932395329093	-873.230852905795	169.087458708804	
0.199137931034	-0.022402450154	0.235534211448	2.314098325110	-12.827001187030	134.860142038111	1324.986408114868	860.655770397835	-866.310664118620	170.213498952170	
0.200000000000	-0.016377572895	0.238942105774	2.301246823943	-9.377329065387	136.811404701948	1317.628006708596	859.393056551588	-854.344124500614	170.929034682644	
0.200862068966	-0.011594642411	0.242367570759	2.284285631355	-6.638760088522	138.772727821916	1307.916513726203	856.874823284396	-840.881442792702	172.479840686725	
0.201724137931	-0.008408580260	0.246459173470	2.264111369609	-4.814512173232	141.115462320267	1296.365309390304	854.200886343299	-826.413514407988	174.630783268799	
0.202586206897	-0.007970539892	0.245693338759	2.239865564312	-4.563702807347	140.676967304143	1282.482855855786	850.968177330433	-809.273085799569	173.474548964454	
0.203448275862	-0.007897344014	0.245376168394	2.225732027657	-4.521792944003	140.495364639446	1274.390397655736	848.889680306004	-798.658413545881	172.878297658853	
0.204310344828	-0.009752162810	0.247203677135	2.214499970068	-5.583809051300	141.541743791001	1267.959243249352	845.310636072434	-791.494544108518	174.108605209935	
0.205172413793	-0.014515994621	0.243011253204	2.209079799652	-8.311442675002	139.141281949982	1264.855808943004	843.395274669284	-790.898621958780	172.578023019547	
0.206034482759	-0.020769526120	0.236846465727	2.206558777289	-11.892035663893	135.611501245681	1263.412343758456	842.361297341823	-791.307203124501	169.884526589331	
0.206896551724	-0.020244132968	0.235045352409	2.221912234665	-11.591210596366	134.580235357117	1272.203293615693	842.843343333150	-801.590084084162	169.468650699501	
0.207758620690	-0.023008522711	0.236427842922	2.242700192724	-13.174020970524	135.371809820289	1284.105882879972	844.541877996396	-815.966216655497	170.920251346608	
0.208620689655	-0.022129938189	0.235098668639	2.266892386708	-12.670968642142	134.610762702706	1297.957640112443	847.703410690500	-832.378201086580	169.810856264937	
0.209482758621	-0.024355703174	0.233509178950	2.279102963590	-13.945377910412	133.700666441533	1304.949066633735	850.193811296428	-842.160763901341	168.640743738598	
0.210344827586	-0.023211720238	0.231004243080	2.292811976134	-13.290366053664	132.266411922157	1312.798454489496	851.802248205601	-852.911850572453	167.592342372293	
0.211206896552	-0.021430768049	0.231534807475	2.309509651718	-12.270643849763	132.570197895676	1322.359065184146	854.943446345074	-862.959507169490	168.015094504858	
0.212068965517	-0.020938047851	0.231162371039	2.316728697594	-11.988526379113	132.356951461830	1326.492484046249	854.985742148286	-870.717218823726	168.571426372962	
0.212931034483	-0.016326203951	0.236260338682	2.317349244447	-9.347916679614	135.275901690660	1326.847791397133	853.016444174759	-873.856489138522	171.835730094013	
0.213793103448	-0.009557236404	0.241856712098	2.308237669702	-5.472199774927	138.480224787305	1321.630764720575	850.198947620086	-869.969878621479	174.547699406473	
0.214655172414	-0.005919067140	0.243342385192	2.289312629075	-3.389088278519	139.330878640391	1310.794828610332	846.532520134635	-859.620133308604	174.858573083109	
0.215517241379	-0.005512357864	0.242620265269	2.265978674218	-3.156218198350	138.917413459466	1297.434474516125	842.874161967865	-844.314070212789	174.073336769237	
0.216379310345	-0.007870836469	0.244447763387	2.239869835911	-4.506615483268	139.963786528486	1282.485301651191	838.554472376805	-827.538417971756	175.187000104106	
0.217241379310	-0.005641593485	0.247789691047	2.217016138075	-3.230214812667	141.877278569154	1269.399928968412	835.681700791224	-811.761304026310	177.483389507274	
0.218103448276	-0.002729312786	0.250386192718	2.187102482563	-1.562726313813	143.363961043225	1252.272226770160	832.039494713167	-790.237920205740	178.383705905065	
0.218965517241	0.000431625712	0.253208836045	2.168046037728	0.247136517860	144.980125750621	1241.361052374807	830.283617761397	-776.414533852544	179.235096105674	
0.219827586207	0.000227277578	0.252882312917	2.159076013490	0.130132630173	144.793167961764	1236.225073463888	830.007303960850	-771.449042988308	178.185210753564	
0.220689655172	-0.002183495085	0.252496460956	2.163488306248	-1.250206734403	144.572240182666	1238.751425896523	829.949925062495	-778.228444625345	177.934761913518	
0.221551724138	-0.002248276664	0.251131620585	2.169591435854	-1.287298810413	143.790771685102	1242.245903070044	829.669756423822	-783.985122272869	177.049491359512	
0.222413793103	-0.001312216798	0.249167489779	2.178518197036	-0.751337747061	142.666166653068	1247.357110794590	829.640533043660	-791.499591374953	175.778162298754	
0.223275862069	-0.002465902255	0.246954072881	2.188297907212	-1.411904989310	141.398827545757	1252.956692678479	829.475692402046	-799.484628250582	174.190870500801	
0.224137931034	-0.002066273697	0.248070311515	2.205228262704	-1.183089125381	142.037953810166	1262.650529223003	830.133681753514	-811.878507429811	175.198640596633	
0.225000000000	-0.000896108816	0.247738652003	2.210421624276	-0.513086236776	141.848055074987	1265.624099282680	830.464905994607	-816.755577800196	174.973451354999	
0.225862068966	0.000051835335	0.247375471480	2.214851635084	0.029679427869	141.640108311270	1268.160596563179	831.738605547952	-821.016484133500	174.317458638489	
0.226724137931	-0.001625305882	0.247959668415	2.212147413296	-0.930603587242	141.974602740894	1266.612236636435	831.601365954319	-819.929996084735	174.568782639566	
0.227586206897	-0.001781517868	0.249359903321	2.207780144626	-1.020046095425	142.776337135045	1264.111663706526	831.089836979144	-818.456326772893	175.139880138578	
0.228448275862	-0.004092462903	0.248258375800	2.202833647404	-2.343227019935	142.145634032440	1261.279441101483	830.287686611179	-815.830359773300	174.440580458052	
0.229310344828	-0.006647758776	0.246974448833	2.194848471622	-3.806316234554	141.410494232109	1256.707358203371	828.843570654887	-812.153065031369	174.125338627033	
0.230172413793	-0.010728874803	0.243396635239	2.189776204763	-6.143046358121	139.361940663397	1253.803123506927	827.840328908123	-810.233587219409	172.053786398579	
0.231034482759	-0.016706468586	0.240365508979	2.185261686485	-9.565645315988	137.626404600483	1251.218239669769	827.434767377535	-807.797525201086	171.445648528361	
0.231896551724	-0.021118969771	0.238562580795	2.189290999082	-12.092117087654	136.594099571640	1253.525308633813	827.817778745799	-809.272968636013	171.318458633050	
0.232758620690	-0.022152627474	0.238352467704	2.201057363221	-12.683959877209	136.473794834994	1260.262391663958	829.238152654028	-815.459446206581	171.605797323184	
0.233620689655	-0.025340265065	0.236363712572	2.211932995636	-14.509109844293	135.335090618872	1266.489467226574	831.748406428927	-821.154091714983	171.083819598086	
0.234482758621	-0.023503102576	0.232858206079	2.234434193579	-13.457203232760	133.327938024634	1279.373008568373	836.169736432259	-832.746114337925	169.183117076332	
0.235344827586	-0.022328871997	0.229601441408	2.258341441961	-12.784872441938	131.463207871629	1293.061614112149	842.012460882532	-844.486466065893	167.669058795386	
0.236206896552	-0.024674622525	0.227687440731	2.281638277228	-14.127981994584	130.367305915102	1306.400714592999	848.392887292939	-856.331857243003	167.306722676832	
0.237068965517	-0.026620889198	0.225652163367	2.293881687084	-15.242358536109	129.201964401681	1313.410940334857	851.557609596704	-862.170010623496	166.653595200623	
0.237931034483	-0.026193666680	0.225780576655	2.306711048400	-14.997743160908	129.275490171718	1320.756665097118	854.720796357625	-869.071219618543	166.836772641032	
0.238793103448	-0.026324814764	0.226825225823	2.315071286608	-15.072834796851	129.873626358748	1325.543497995739	856.604786087055	-874.279994922400	166.646593929991	
0.239655172414	-0.026526599016	0.227343724302	2.313043479320	-15.188370679312	130.170503734107	1324.382433634350	855.907919290344	-874.777770592197	166.392067910783	
0.240517241379	-0.026869440272	0.224662268790	2.304140476605	-15.384671760982	128.635179124894	1319.284829327413	854.750001227385	-870.937159466541	164.676932850715	
0.241379310345	-0.024956087360	0.221687353534	2.292476848186	-14.289140695840	126.931827872962	1312.606569826963	853.237334842383	-863.625234490039	163.123195278128	
0.242241379310	-0.022433420689	0.220028418830	2.276672986167	-12.844734027712	125.981969385664	1303.557731174161	850.059020385960	-852.098751268131	162.566615341570	
0.243103448276	-0.018913258594	0.220406974194	2.263777429516	-10.829190055604	126.198719341994	1296.174104859667	848.085533605986	-840.914058464227	162.480557995788	
0.243965517241	-0.017720110627	0.219824765340	2.250840765706	-10.146027710187	125.865363231436	1288.766941763103	846.679195446549	-829.590768876142	161.607001161477	
0.244827586207	-0.017437617281	0.221272109259	2.233125146507	-9.984280113393	126.694070896634	1278.623485715925	843.325467018747	-814.785817191139	162.498026968050	
0.245689655172	-0.019377777078	0.221807930543	2.215718043955	-11.095160032235	127.000866813922	1268.656677462264	839.723092274051	-801.829751628134	162.891984846693	
0.246551724138	-0.019011555344	0.220752823964	2.201369312854	-10.885471958718	126.396743012839	1260.441005087350	837.499502028165	-792.365284612502	161.561848918920	
0.247413793103	-0.015105651965	0.221517023715	2.202713803391	-8.649063577843	126.834301897991	1261.210821853140	837.767690504822	-791.993922448118	161.021575729000	
0.248275862069	-0.010572155688	0.227783098860	2.211886518930	-6.053313482206	130.422077019349	1266.462855996455	839.176338897082	-798.032102656776	163.592112176509	
0.249137931034	-0.007302367230	0.232124291056	2.215703124115	-4.181126282011	132.907719307117	1268.648134789526	841.477960417201	-799.200032881436	164.771627837833	
0.250000000000	-0.006910254467	0.234809477680	2.206818694222	-3.956613746886	134.445180244302	1263.561164748111	841.061216003835	-793.116105700514	165.730260329505	
0.250862068966	-0.007232482434	0.235645860217	2.206563688311	-4.141112249988	134.924068924701	1263.415155668940	840.605776756236	-794.128943787417	166.570564900883	
0.251724137931	-0.008293881911	0.234328954913	2.207683583783	-4.748839184536	134.170046673475	1264.056375734036	840.289142641528	-795.822825532165	166.197710082440	
0.252586206897	-0.009117094030	0.235832758146	2.213273647525	-5.220186860842	135.031081324897	1267.257086092423	839.748894225006	-800.812332639448	167.166097827848	
0.253448275862	-0.009500787475	0.236788129659	2.218855143124	-5.439878735811	135.578099684601	1270.452890576872	840.884662276227	-805.782568117231	167.414301702711	
0.254310344828	-0.010628794804	0.233579857822	2.227024059586	-6.085743417835	133.741135139283	1275.130178125233	842.860788040100	-811.759489913320	165.708553403513	
0.255172413793	-0.011390926212	0.232952872780	2.234043803805	-6.522118029031	133.382141465398	1279.149482567575	843.622655134063	-817.810351573222	165.982671214832	
0.256034482759	-0.010888277852	0.234084994578	2.238287909443	-6.234315977758	134.030361974635	1281.579535873586	842.536166116876	-821.467112469897	166.890608419638	
0.256896551724	-0.010936177765	0.235549609213	2.231476713368	-6.261742095285	134.868958357142	1277.679640123631	839.652796082945	-816.895981373449	168.451263635077	
0.257758620690	-0.006590173479	0.240464440030	2.217700220608	-3.773344543042	137.683049686085	1269.791615029859	836.680825299597	-805.957995567685	171.407807078752	
0.258620689655	-0.006199216499	0.246072206442	2.190798593188	-3.549493776047	140.893896085813	1254.388513829935	832.494364657610	-785.821070753052	176.083419766265	
0.259482758621	-0.006450369224	0.249880306882	2.162514171515	-3.693296631448	143.074305305554	1238.193664254919	831.387777100754	-762.383032317524	179.318977230847	
0.260344827586	-0.010028245537	0.247273606435	2.135345561032	-5.741886111464	141.581783304667	1222.637696201618	831.282724765737	-741.232773950203	178.383561695508	
0.261206896552	-0.014886498257	0.247237936014	2.129115562141	-8.523582443065	141.561359443570	1219.070577309639	831.672487015756	-736.091435200147	178.443881436509	
0.262068965517	-0.020421046010	0.248024147561	2.134522471089	-11.692505935678	142.011521652581	1222.166418479449	831.265746781982	-744.114513199783	179.926656287914	
0.262931034483	-0.026019658076	0.244236080336	2.152278118760	-14.898110819618	139.842582877805	1232.332793683268	832.921673663005	-760.548067987740	178.166624311477	
0.263793103448	-0.026343145805	0.241376633825	2.181638067854	-15.083330625690	138.205345721317	1249.143459449092	835.316671950582	-785.305993988402	176.524551073867	
0.264655172414	-0.032512867530	0.237142410488	2.204881131446	-18.615936539575	135.780950737602	1262.451771809217	839.142469862752	-806.186150169608	175.441814791971	
0.265517241379	-0.038682432849	0.231617549687	2.227255350067	-22.148452899401	132.617573715646	1275.262608428523	843.300853973970	-823.511655756746	173.192775711687	
0.266379310345	-0.037136123182	0.232162911518	2.252772061271	-21.263080281613	132.929832277411	1289.872746277257	847.582051097982	-839.203427335760	173.256831778842	
0.267241379310	-0.033697685493	0.234943791908	2.273328441250	-19.294329363172	134.522084723338	1301.642740566769	850.499897438239	-850.521082046339	173.588325730566	
0.268103448276	-0.030472874867	0.236126653386	2.290157082544	-17.447895180968	135.199357319837	1311.278338475384	853.634305995425	-860.194190177276	172.400109541459	
0.268965517241	-0.024615977481	0.234283844006	2.305651638339	-14.094403522598	134.144217460388	1320.150077245087	857.165825789952	-869.417265072422	169.317074294921	
0.269827586207	-0.017341844352	0.232521946694	2.321906744590	-9.929443277472	133.135405533321	1329.457285418274	860.028777625304	-879.735904766808	166.692101133520	
0.270689655172	-0.009555121282	0.230120556062	2.333459243814	-5.470988716906	131.760438051463	1336.071915525661	861.932758696460	-887.375807955442	164.576617126433	
0.271551724138	-0.001506437653	0.225769590240	2.337081530749	-0.862543044497	129.269199665398	1338.145933255417	862.730288363237	-889.858525579251	161.219303528297	
0.272413793103	0.006969087939	0.223575716481	2.333747737460	3.990300107785	128.013050399549	1336.237098722787	862.791745007258	-887.384486922793	159.324872276959	
0.273275862069	0.014416881712	0.221823801127	2.322620313403	8.254693462431	127.009953855831	1329.865854478844	862.475158241643	-877.598357279524	157.572422792246	
0.274137931034	0.019389462046	0.222181798465	2.297573562826	11.101850510245	127.214932875513	1315.524802622039	860.116237296346	-858.559849010583	157.063038878524	
0.275000000000	0.020653346121	0.225124491106	2.266563982427	11.825514324531	128.899834381298	1297.769605228703	856.704968282648	-836.404625302147	158.256783597550	
0.275862068966	0.020376600611	0.231154214306	2.233138304849	11.667057773806	132.352281150080	1278.631019805690	851.486911670412	-814.933978250278	162.075832622511	
0.276724137931	0.019378636966	0.234722149565	2.204381354862	11.095652379576	134.395178667179	1262.165614053995	846.749919161395	-797.478059949127	164.453512720972	
0.277586206897	0.016620857562	0.233835353129	2.186763758699	9.516626896226	133.887424432450	1252.078283189300	843.674195517365	-787.827092166464	164.399060101842	
0.278448275862	0.010327298314	0.231580067733	2.183307533283	5.913115164464	132.596112622774	1250.099347527955	843.489581128534	-786.405927869151	164.134852152174	
0.279310344828	0.005770783162	0.228479999597	2.205693384396	3.304185120700	130.821102416699	1262.916844579046	848.778219174812	-798.874765195116	163.253086629963	
0.280172413793	0.005673439114	0.229610465878	2.239372598499	3.248448707492	131.468375024534	1282.200597753318	854.852327784242	-814.442066276101	163.880903222176	
0.281034482759	0.006271228180	0.228887220205	2.269788098517	3.590725601902	131.054265271202	1299.615641739412	860.615622373418	-828.024492696238	163.221186684423	
0.281896551724	0.003669388671	0.233527669959	2.287194372857	2.100986834704	133.711253863893	1309.581975782358	863.673660342381	-836.551890379795	165.621311123353	
0.282758620690	-0.000865439858	0.235785357222	2.291701498938	-0.495526069860	135.003940913556	1312.162627059224	863.178492181575	-841.324698527471	166.821267449263	
0.283620689655	-0.002640718051	0.238661346733	2.297844736576	-1.511999506240	136.650650118065	1315.680068943217	863.267172348000	-845.397173686691	168.404730290549	
0.284482758621	-0.002668311266	0.241848816964	2.299313186205	-1.527798590512	138.475704259547	1316.520861133277	862.282774472299	-846.387361625347	170.775807960538	
0.285344827586	-0.004227434570	0.241690114005	2.299338700716	-2.420507930046	138.384835492042	1316.535470011239	861.398867160965	-845.235452327219	172.009604846231	
0.286206896552	-0.005844233397	0.238661223233	2.300643925302	-3.346240621447	136.650579405592	1317.282804217988	861.297217399906	-843.964007519358	172.070792782232	
0.287068965517	-0.003585380957	0.238304388694	2.298341239011	-2.052886424070	136.446266171187	1315.964352013752	861.174185853942	-839.395891508368	172.607529237670	
0.287931034483	-0.002356647775	0.237085789001	2.297854253924	-1.349349004434	135.748530896427	1315.685518303975	861.519997438089	-838.127608277054	172.494184856098	
0.288793103448	-0.000538706637	0.235988403898	2.302153462286	-0.308447988098	135.120199623415	1318.147121851220	862.631230296682	-839.806888690249	172.220828879062	
0.289655172414	-0.000806589133	0.235324717770	2.301043241145	-0.461829830715	134.740191959386	1317.511441030342	862.530056592593	-839.017880679658	172.481273652961	
0.290517241379	-0.003206710372	0.236213969270	2.291072260092	-1.836070494953	135.249351893527	1311.802342921770	860.768492192974	-832.322774291142	173.879942235424	
0.291379310345	-0.006651912446	0.239134576577	2.271546056171	-3.808694506631	136.921607969966	1300.622197931310	857.591357574292	-817.706251353897	176.172367784250	
0.292241379310	-0.008745383753	0.235821429389	2.249700670582	-5.007356204521	135.024594803447	1288.114155956228	856.052723024630	-799.850954157441	173.402848637311	
0.293103448276	-0.006415280065	0.232831976811	2.243232624762	-3.673205584431	133.312919897163	1284.410738212122	856.767136688130	-792.440922636762	170.367340699201	
0.293965517241	-0.002369305151	0.234756568508	2.245835663845	-1.356596255126	134.414885968369	1285.901163821025	857.235318734482	-791.521269234529	169.671338011141	
0.294827586207	-0.005247298042	0.237413746528	2.236201722350	-3.004452537718	135.936309981240	1280.385044907669	854.679752293922	-786.698614054502	170.060645269009	
0.295689655172	-0.008527435983	0.238561556541	2.230914877542	-4.882565554940	136.593513112825	1277.357949025218	851.746399943050	-787.301727199547	169.821242372091	
0.296551724138	-0.010428992577	0.236117868325	2.240618533684	-5.971342386455	135.194327246016	1282.913984547662	852.870279586717	-796.812589202323	167.768554058371	
0.297413793103	-0.011941003544	0.229811017411	2.261672839642	-6.837076550960	131.583205086937	1294.969076988367	857.056666524324	-812.984705635748	164.469050570273	
0.298275862069	-0.016676406459	0.225889118505	2.279010198257	-9.548432603143	129.337638125650	1304.895951861526	860.577106536038	-827.889682681940	163.472937367985	
0.299137931034	-0.015829278036	0.221358828325	2.301006849400	-9.063391135990	126.743723749349	1317.490604159718	862.718742393618	-846.361412553763	160.989316244103	
0.300000000000	-0.014815687667	0.223485050642	2.319034643519	-8.483038327787	127.961137737370	1327.812802623247	863.372309667528	-861.757152023763	162.662420888607	
0.300862068966	-0.016775632827	0.222160420111	2.330923859252	-9.605246778754	127.202692242615	1334.620226957286	862.905537415346	-873.303129401732	161.437132045751	
0.301724137931	-0.015975910381	0.223131356900	2.341277705294	-9.147348616226	127.758622833067	1340.548542590438	859.832018083487	-883.835804397909	161.791858492035	
0.302586206897	-0.016275187266	0.224477130184	2.340041632656	-9.318705987295	128.529174062607	1339.840802808367	855.404866425264	-885.874531415103	163.065245812673	
0.303448275862	-0.013174495128	0.225777467535	2.334941366892	-7.543338495365	129.273709978944	1336.920536740972	852.054688481612	-882.170104087025	164.171936215374	
0.304310344828	-0.010941783562	0.225851097385	2.325257265539	-6.264951814235	129.315868321396	1331.375697730299	849.619191616424	-873.136255804346	165.317267739693	
0.305172413793	-0.013997004485	0.225693507115	2.305919791463	-8.014283790683	129.225636647572	1320.303614042475	847.163769299525	-857.234926836548	166.154660549197	
0.306034482759	-0.018768752194	0.229216239041	2.281149786490	-10.746449831013	131.242652031506	1306.121018790588	845.263507125634	-837.359385237126	168.626940011560	
0.306896551724	-0.022954397190	0.234077423361	2.253229033968	-13.143030247808	134.026026912611	1290.134395752307	843.018232113389	-816.814519926788	171.867481446239	
0.307758620690	-0.025401265089	0.236824130167	2.227662455737	-14.544036710480	135.598712543920	1275.495705472546	840.023844297409	-799.057888733216	173.942271260462	
0.308620689655	-0.026459772754	0.239027993165	2.208686247315	-15.150107875705	136.860581361391	1264.630472148831	837.020105893840	-787.150805236050	176.183692948129	
0.309482758621	-0.025618411204	0.238009005141	2.198146487508	-14.668368355050	136.277138010367	1258.595707619891	835.750152574918	-781.145378629902	176.280276761027	
0.310344827586	-0.023910280754	0.237711782692	2.204544807325	-13.690341792875	136.106956950712	1262.259202252119	837.861661907169	-788.343782813675	175.775988506076	
0.311206896552	-0.024849338823	0.236102696655	2.215453836516	-14.228019541569	135.185640381998	1268.505399851671	840.624000181395	-798.757374769831	174.345431362523	
0.312068965517	-0.028132797507	0.235552768333	2.224595862047	-16.108033921430	134.870767178872	1273.739861775725	842.367282898079	-809.219724080825	174.097232857793	
0.312931034483	-0.030765335172	0.233704257665	2.233237750433	-17.615349573260	133.812362925483	1278.687959498331	843.282460317466	-819.285006322593	172.905020997416	
0.313793103448	-0.029743008896	0.234087124662	2.241315658386	-17.029994834508	134.031581599631	1283.313138181181	845.262319863846	-826.280550848788	173.685954456440	
0.314655172414	-0.028586324798	0.234472522852	2.255325217099	-16.367710656229	134.252249562709	1291.334610162982	848.256938580954	-837.245392905828	174.047159332392	
0.315517241379	-0.029541594794	0.233360252085	2.269827048972	-16.914670889667	133.615395185004	1299.637943654329	851.670768322957	-848.041584564182	172.897009614905	
0.316379310345	-0.031014450316	0.232502228954	2.286399337158	-17.757985768548	133.124115720552	1309.126761117047	854.639577283639	-861.115224752678	172.180478481233	
0.317241379310	-0.033647204541	0.235001434343	2.302079343194	-19.265425416141	134.555089130626	1318.104683382373	855.972372671169	-873.689224225010	173.439696246172	
0.318103448276	-0.035427039275	0.239751677444	2.318846448402	-20.284507796914	137.274942248403	1327.705047490691	857.647470004666	-886.637965256911	175.664496367455	
0.318965517241	-0.038643716125	0.243178632711	2.325893860106	-22.126284812021	139.237118660551	1331.740193542770	857.989801566642	-892.357917389698	177.099934776099	
0.319827586207	-0.038292463282	0.247635716373	2.332702713436	-21.925167496984	141.789117082186	1335.638747903784	858.303187823170	-898.594285603427	179.015008628140	
0.320689655172	-0.035710996612	0.246653791663	2.338308729739	-20.447093633865	141.226895122474	1338.848592240823	858.761756221692	-903.305807098148	177.433408890386	
0.321551724138	-0.032814350332	0.245889867902	2.340501176448	-18.788556954891	140.789494261487	1340.103924418622	858.967488977602	-905.144256014902	176.400424991159	
0.322413793103	-0.028540402810	0.244570599220	2.334398526129	-16.341417041229	140.034118807571	1336.609721671111	858.353689517140	-900.289708627660	175.442927996292	
0.323275862069	-0.026345167226	0.243972314517	2.332980227210	-15.084488033988	139.691558126192	1335.797644340498	858.723192843079	-898.129896601036	176.245916451228	
0.324137931034	-0.023853361731	0.246163625403	2.322945994688	-13.657751590908	140.946239964251	1330.052330252634	856.993075174089	-888.850869003927	178.097399685099	
0.325000000000	-0.020210883548	0.247444054036	2.317407751845	-11.572172931101	141.679376718451	1326.881291056984	856.037991813268	-883.367949195276	178.891885891314	
0.325862068966	-0.018857169755	0.245974912976	2.310112326183	-10.797075193064	140.838188634298	1322.704139317841	854.673383497816	-878.480389061747	177.861961236415	
0.326724137931	-0.015677949879	0.248399941937	2.306878579043	-8.976744968710	142.226690746949	1320.852588343664	853.267198303086	-877.233936392266	179.169366007138	
0.327586206897	-0.013934301352	0.250812944179	2.302392682549	-7.978381773045	143.608306704441	1318.284092520446	852.360608054639	-875.125942459639	180.425257935322	
0.328448275862	-0.015771079891	0.250206254773	2.287563393464	-9.030068545794	143.260933730534	1309.793266410417	852.148096462330	-865.625369088875	180.222976900458	
0.329310344828	-0.017798593426	0.249557813041	2.269039756830	-10.190964712474	142.889654570957	1299.187162727711	851.137541235517	-853.459407792452	179.864618916640	
0.330172413793	-0.016283248193	0.251266236406	2.259546596777	-9.323321443164	143.867848847973	1293.751651235347	849.856465421723	-846.465040114146	180.251732584124	
0.331034482759	-0.013327733636	0.250834233180	2.260668274416	-7.631078475467	143.620496176624	1294.393891718369	850.229845236468	-845.255920652101	179.589356988766	
0.331896551724	-0.014687226926	0.245404306778	2.266988570556	-8.409485387373	140.511475871725	1298.012712228214	851.573795638830	-849.167506330759	176.018792111116	
0.332758620690	-0.016426213659	0.236526448496	2.278537598844	-9.405179373151	135.428268546920	1304.625354976863	852.886297585892	-857.299048535337	170.401341396130	
0.333620689655	-0.012150193313	0.228937845372	2.293041201648	-6.956852619944	131.083251791609	1312.929702451953	854.139988763846	-866.901152746567	165.969147544669	
0.334482758621	-0.006487132189	0.226142403388	2.306298463193	-3.714346052221	129.482661793635	1320.520430627195	854.140471738599	-875.025167849522	164.022322754330	
0.335344827586	-0.002921744625	0.227526150973	2.310592809346	-1.672907271703	130.274956020043	1322.979250212096	852.453896273263	-878.185330155479	164.392491005513	
0.336206896552	-0.002233369706	0.227424228069	2.308950190296	-1.278763513734	130.216597885036	1322.038733601356	851.005085674563	-877.807144958162	163.847722086582	
0.337068965517	-0.000944783386	0.229105123813	2.301505568608	-0.540955901510	131.179030634979	1317.776156491597	849.862888777300	-874.147082597560	164.702597624948	
0.337931034483	0.001700289555	0.231917765172	2.291991118688	0.973537090156	132.789468502157	1312.328455031482	848.395403948074	-867.851430162594	166.303237018468	
0.338793103448	0.006261401751	0.237626733445	2.283299621239	3.585099270031	136.058260188199	1307.351952580644	847.691440092833	-860.593032077177	169.319320957616	
0.339655172414	0.007926914615	0.241991197420	2.274020781618	4.538724223316	138.557227229852	1302.039154828049	847.019714500862	-852.208017356034	171.225138343318	
0.340517241379	0.006717856152	0.242115571400	2.252967501393	3.846451983745	138.628440208180	1289.984649692063	845.848300100318	-835.445385036680	171.838004421441	
0.341379310345	0.004016241215	0.242300366240	2.233119142782	2.299584664673	138.734248439370	1278.620048155010	844.718803093469	-819.919851681582	172.774439693862	
0.342241379310	0.002731959725	0.243236386048	2.215761776492	1.564241875235	139.270186566996	1268.681717460579	842.354194636363	-807.396849332489	174.302699293515	
0.343103448276	0.002017373691	0.245655333770	2.202917275596	1.155090383104	140.655206735953	1261.327324208266	839.103297700333	-799.466105552314	176.478846729915	
0.343965517241	-0.000036865797	0.242084453547	2.187353860397	-0.021108299500	138.610623016961	1252.416158516508	837.155619335177	-790.688244852455	175.157579610025	
0.344827586207	-0.002233357955	0.234934269067	2.177553847820	-1.278756785177	134.516632217609	1246.804952059620	836.731913217829	-785.555788580497	170.774743880150	
0.345689655172	-0.004992410481	0.232768878165	2.177804776327	-2.858511221994	133.276791420158	1246.948626534547	837.588905347693	-785.228775173712	169.864146762081	
0.346551724138	-0.006310058078	0.233126759923	2.176466746018	-3.612958488965	133.481704262129	1246.182508710371	837.638512263061	-781.472410677783	170.050341955870	
0.347413793103	-0.009422366281	0.233846286284	2.170865146274	-5.394977006552	133.893684444162	1242.975193168071	839.041167749620	-774.181748928172	170.576805269005	
0.348275862069	-0.013140384413	0.232517882590	2.171545453233	-7.523807677392	133.133078544030	1243.364717443998	840.071039720968	-771.030297569901	169.439504736534	
0.349137931034	-0.017918287358	0.231212815097	2.184968388087	-10.259498029179	132.385834284315	1251.050305409291	840.505137685903	-780.155145438445	168.460647225359	
0.350000000000	-0.021685819994	0.231289657938	2.204327809666	-12.416679286611	132.429832293932	1262.134955608737	841.110714526847	-794.577698242586	168.840036023057	
0.350862068966	-0.024081710841	0.229919770813	2.216207158492	-13.788497749512	131.645474169438	1268.936730434454	841.420677233313	-804.429992812188	167.990815456105	
0.351724137931	-0.026006124546	0.224821781955	2.228912199757	-14.890361907645	128.726511793208	1276.211273096858	841.821837269863	-814.035736581626	165.142692243377	
0.352586206897	-0.024949580869	0.224495145353	2.245755358017	-14.285415265479	128.539489032537	1285.855183003937	843.029060905159	-823.478677275071	165.371538718295	
0.353448275862	-0.020751494416	0.227821227867	2.260730473029	-11.881711226518	130.443908596587	1294.429504862373	843.997581374082	-832.356723059625	166.852610982721	
0.354310344828	-0.018024686441	0.225450892196	2.270335485759	-10.320419095955	129.086722295262	1299.929059992977	845.196002650082	-839.166999399286	164.848571451685	
0.355172413793	-0.013648970742	0.223480447416	2.279132638579	-7.815009639636	127.958502062147	1304.966057682676	846.351528867074	-847.134975926971	162.983051876379	
0.356034482759	-0.007719028112	0.225041901962	2.283448333654	-4.419694367175	128.852546203563	1307.437101048940	846.029546299852	-852.019885090017	163.410999428471	
0.356896551724	-0.000892724596	0.227658560918	2.278341329968	-0.511148529491	130.350770161478	1304.512977040551	844.209531938142	-850.720016763354	164.257829282482	
0.357758620690	0.002993984938	0.229537425271	2.264451506905	1.714270005804	131.426554065379	1296.560062261636	841.920303503995	-843.511882412739	164.747267589852	
0.358620689655	0.005437104633	0.232177131479	2.246431957508	3.113130353804	132.937974219220	1286.242584489661	839.032510994104	-833.608416201199	165.679877267925	
0.359482758621	0.005784941094	0.235365650165	2.227607335581	3.312291547136	134.763628676596	1275.464145250792	836.728351239722	-821.800982317702	167.441480215860	
0.360344827586	0.006398747559	0.235597540000	2.212480749379	3.663739544848	134.896402152811	1266.803095328143	835.680465427511	-810.788934897325	167.447261792628	
0.361206896552	0.005761966663	0.236513491094	2.201782963865	3.299137046257	135.420849509506	1260.677849806605	835.803677023653	-798.933113656589	167.367052643626	
0.362068965517	0.005768025116	0.240960730078	2.197995862695	3.302605942536	137.967211150025	1258.509464166940	836.237720905982	-790.380921079731	169.499072888942	
0.362931034483	0.005288639421	0.239967763358	2.195851773683	3.028123427019	137.398666852049	1257.281820221355	837.188140752648	-786.643558515039	168.246650325481	
0.363793103448	0.002515279543	0.240420773110	2.198418685696	1.440177009993	137.658047258873	1258.751560504665	838.648237702213	-787.850638172690	168.189015013948	
0.364655172414	0.000622800307	0.240619836506	2.201570685266	0.356597614008	137.772025256854	1260.556305161997	839.793923989045	-789.613426045963	168.783477872348	
0.365517241379	-0.002251017382	0.237157350163	2.205286986255	-1.288868067339	135.789504767718	1262.684152646057	841.156764183435	-790.963974864948	167.050632877083	
0.366379310345	-0.002913612722	0.236147457609	2.216945985410	-1.668251177427	135.211269221896	1269.359761562314	843.256594114467	-796.911218192770	166.879126680143	
0.367241379310	-0.005012521917	0.236530053979	2.225293576050	-2.870026454185	135.430332943100	1274.139352826151	843.254929811607	-802.454813654267	167.637467751557	
0.368103448276	-0.007479253132	0.237093443215	2.227068555122	-4.282406082293	135.752913480296	1275.155654994525	842.008035283787	-805.368669798518	168.407068998747	
0.368965517241	-0.011639174738	0.234677064432	2.229079988783	-6.664258023409	134.369364212033	1276.307344286645	840.899391603152	-810.984286546273	168.208393866452	
0.369827586207	-0.013297898114	0.235829659108	2.239636185152	-7.613995510198	135.029306904697	1282.351519919977	840.855946392448	-821.306623529313	169.473778967365	
0.370689655172	-0.012732529233	0.238010237246	2.248201363508	-7.290281485070	136.277843478484	1287.255695676595	839.939141218922	-829.410918276489	171.175310047578	
0.371551724138	-0.014100976672	0.238886311137	2.255304442544	-8.073815286251	136.779458291255	1291.322715247906	839.839668294882	-835.298005761190	172.215639558390	
0.372413793103	-0.016202240620	0.241170678858	2.261425734401	-9.276938827183	138.087421807037	1294.827591606583	839.031468211569	-840.017265724080	174.093313138674	
0.373275862069	-0.017401756708	0.241100271755	2.257620705436	-9.963747376089	138.047108717066	1292.648941025369	838.033839048934	-835.940737408205	174.886695840891	
0.374137931034	-0.018234821447	0.235085463131	2.248364203408	-10.440736380893	134.603201607208	1287.348933138697	838.181049414853	-828.412935459521	171.664107509608	
0.375000000000	-0.019952245451	0.225908528204	2.244643447900	-11.424084165532	129.348751563350	1285.218535124353	840.200082474119	-824.195178908535	167.112217431435	
0.375862068966	-0.017233448873	0.223101391699	2.250125654079	-9.867379131500	127.741465617690	1288.357489331693	842.511327045735	-823.831544365642	165.907465034863	
0.376724137931	-0.016648153541	0.224887975415	2.247191462243	-9.532255791846	128.764412272434	1286.677455143355	843.593808478433	-819.538799600999	166.555373700227	
0.377586206897	-0.013389216270	0.230709034241	2.244116906448	-7.666281670406	132.097383798055	1284.917052573314	844.178798679718	-815.555207060477	168.799983730056	
0.378448275862	-0.008947268071	0.238580702781	2.240420790272	-5.122949381963	136.604475701357	1282.800762334816	845.543106876348	-808.328858556154	171.975820304517	
0.379310344828	-0.012050468067	0.240677649959	2.230233218326	-6.899752800635	137.805127583677	1276.967650485917	845.407236046450	-799.563510397199	172.470718526916	
0.380172413793	-0.019190371764	0.236764172448	2.222302608506	-10.987857118154	135.564382471516	1272.426810493642	844.409170207456	-794.858803245871	170.264667075306	
0.381034482759	-0.020897614510	0.233101923694	2.224248408888	-11.965375406815	133.467483749115	1273.540920050823	842.905359350279	-797.206339557666	168.891527995373	
0.381896551724	-0.021131076072	0.229884970797	2.230316417059	-12.099048809199	131.625548677378	1277.015287696915	841.893936975966	-802.963419042192	167.452627652004	
0.382758620690	-0.021608030675	0.224226663485	2.239306123255	-12.372139350876	128.385764006297	1282.162535933347	842.032725356981	-813.280765670167	164.438978049897	
0.383620689655	-0.016350263350	0.220887029005	2.257347720985	-9.361692402088	126.473584974838	1292.492637948670	843.153944122262	-829.071911905953	162.216885143644	
0.384482758621	-0.015435598385	0.219174222309	2.268853850850	-8.837981445814	125.492880928179	1299.080718288953	843.630848559864	-840.343028612387	161.308750802176	
0.385344827586	-0.019142389362	0.217992984484	2.274744386791	-10.960383769352	124.816537988586	1302.453470420604	843.015292695307	-850.033405313311	160.830017141763	
0.386206896552	-0.018443344389	0.218809581123	2.275249229797	-10.560130643894	125.284097830980	1302.742529063193	839.937031945015	-855.325070356459	162.506177234001	
0.387068965517	-0.014426091075	0.221641331868	2.270188072121	-8.259966480124	126.905477185142	1299.844655167160	837.283675902515	-852.669331288858	164.211653288992	
0.387931034483	-0.012790547765	0.223557730679	2.258108936070	-7.323501234862	128.002752244706	1292.928487899831	834.630084896787	-843.235664465366	164.820163943042	
0.388793103448	-0.009918034629	0.225009396308	2.251486951720	-5.678782502894	128.833934397497	1289.136929363679	833.914728356528	-836.756797850754	165.706971369356	
0.389655172414	-0.006349022609	0.229906365288	2.246220266713	-3.635268463040	131.637798549868	1286.121376405334	834.054191567054	-828.289690219922	167.045317575167	
0.390517241379	-0.003118338662	0.234832951063	2.238753892634	-1.785471385559	134.458620430954	1281.846344499604	834.338836273065	-818.960037220202	169.551614655838	
0.391379310345	-0.003145687117	0.237389554574	2.226552670450	-1.801130327538	135.922458361669	1274.860274210045	835.102674641968	-807.510389059818	171.528614746411	
0.392241379310	-0.005415760843	0.240644797977	2.217671962108	-3.100909511273	137.786317479763	1269.775435022435	835.987786539718	-799.810679231843	173.823667952174	
0.393103448276	-0.005340364598	0.244950936678	2.203295746493	-3.057739781209	140.251889140638	1261.544025801784	837.121714328378	-787.821373849899	176.955928775057	
0.393965517241	-0.005154842415	0.245007160544	2.191147303530	-2.951515093851	140.284081315634	1254.588175382348	836.819404750875	-779.376954062981	176.809050602039	
0.394827586207	-0.005440485392	0.244181263031	2.186672495636	-3.115066079669	139.811196059522	1252.026028574010	837.434581836421	-776.396530727541	175.773584690081	
0.395689655172	-0.008745426579	0.241059121806	2.181490579141	-5.007380725466	138.023547435010	1249.059011637064	837.893008279997	-775.080026201888	174.236609578700	
0.396551724138	-0.014333464405	0.237889009524	2.181086443405	-8.206931101949	136.208431957516	1248.827615091959	838.145928288645	-778.190958420314	172.589530763226	
0.397413793103	-0.017120155816	0.233629421670	2.188295460155	-9.802510772625	133.769513978529	1252.955291563434	838.428494416343	-786.015187227357	170.370605957180	
0.398275862069	-0.017628364125	0.230801586121	2.206282980862	-10.093496291780	132.150376352999	1263.254430625098	839.174385043663	-798.950763312039	168.891999012480	
0.399137931034	-0.021351520665	0.229200918339	2.211546772235	-12.225269067992	131.233879836305	1266.268326771661	838.090175109753	-804.390346077971	168.386801574963	
0.400000000000	-0.027280240402	0.226454517850	2.214236642456	-15.619884147165	129.661369593155	1267.808469402489	836.124527825293	-809.452210963564	167.462124285515	
0.400862068966	-0.028749173610	0.226277560502	2.225624176798	-16.460953220701	129.560048885406	1274.328645343615	835.970741231766	-818.308895060337	168.040606515026	
0.401724137931	-0.026293738642	0.227879732166	2.248406658665	-15.055041500088	130.477406481979	1287.373241802176	838.617130335149	-831.621690643603	169.715963194149	
0.402586206897	-0.026086777833	0.227196535243	2.259820537601	-14.936541669255	130.086227495604	1293.908501903767	841.368619772687	-838.442579207581	169.302167606362	
0.403448275862	-0.026051547522	0.225163825678	2.271936817783	-14.916369802758	128.922356230619	1300.845936835978	844.297052444247	-845.192224754518	168.108427138349	
0.404310344828	-0.021318028813	0.227070295833	2.282720141398	-12.206092592555	130.013946425927	1307.020159024140	847.526085299179	-849.457975204919	168.787500917934	
0.405172413793	-0.016872704148	0.230236292234	2.291312233440	-9.660827036416	131.826705267926	1311.939744786461	851.327552005738	-851.115420625462	169.884394507319	
0.406034482759	-0.011402339385	0.233806426610	2.297893405650	-6.528652884704	133.870861936375	1315.707935460577	855.244757219962	-851.679840864099	171.663244687206	
0.406896551724	-0.008859099249	0.231209126999	2.295647653183	-5.072466439857	132.383722585095	1314.422081932878	858.521994506401	-846.985852249864	169.808963215514	
0.407758620690	-0.006223573428	0.230400559050	2.295345100322	-3.563439855883	131.920759740575	1314.248848832044	860.471840512648	-845.418320187553	169.379454490275	
0.408620689655	-0.004537722553	0.229738997513	2.290155831313	-2.598169939928	131.541968556482	1311.277622056213	860.818561224131	-840.647096919030	168.890416380156	
0.409482758621	-0.003759167181	0.226762097435	2.280844781822	-2.152391437399	129.837480852179	1305.946381854858	859.710431812233	-834.383134280002	166.783641793976	
0.410344827586	-0.004248965870	0.225387160518	2.267558778275	-2.432836135490	129.050231362085	1298.339196833109	856.660357316365	-826.199676774210	165.587512455723	
0.411206896552	-0.004623491160	0.224786940026	2.253607281014	-2.647278587590	128.706562302844	1290.350969175392	852.601200797200	-818.068463193712	164.432969143119	
0.412068965517	-0.006014192010	0.226187344395	2.243674723341	-3.443554054348	129.508393727118	1284.663871193665	848.030870952400	-812.943705245981	164.020696834620	
0.412931034483	-0.009154491074	0.228541562970	2.242881878396	-5.241599336834	130.856351840875	1284.209910890658	845.378689612033	-815.514573992245	164.674309197744	
0.413793103448	-0.014976192498	0.226824455256	2.242504747067	-8.574938795939	129.873185154484	1283.993976295973	843.606039069668	-818.348453227932	163.790298196475	
0.414655172414	-0.014930209709	0.227510339735	2.249070402624	-8.548610367827	130.265902958237	1287.753282579011	843.878559538318	-823.250584464591	163.805013488639	
0.415517241379	-0.014796336246	0.228539053914	2.256595480567	-8.471958258101	130.854915226922	1292.061926635194	844.776093232201	-828.322377824376	164.381241240979	
0.416379310345	-0.015161688019	0.232334750051	2.271928263668	-8.681148217015	133.028222098427	1300.841038994834	845.951101549293	-838.446714466792	167.335491093149	
0.417241379310	-0.020312498392	0.232551278793	2.282157404091	-11.630354679224	133.152200253198	1306.697951763299	846.598399388348	-846.538913145222	168.376959903371	
0.418103448276	-0.024476393072	0.231904693298	2.291728789445	-14.014481488675	132.781983921392	1312.178252821550	847.678766730182	-854.174136037186	168.760007509711	
0.418965517241	-0.023457179800	0.233699505062	2.302451158425	-13.430909166765	133.809641721076	1318.317574132189	848.727355055590	-860.786589952514	170.447163156477	
0.419827586207	-0.022320571995	0.234558746014	2.306395367629	-12.780120098431	134.301618475340	1320.575915330866	849.231372896466	-862.273396805613	171.192291662127	
0.420689655172	-0.023550429064	0.236197777625	2.298942018125	-13.484301023793	135.240081021881	1316.308340924061	848.777635573382	-854.549843889587	172.080440016148	
0.421551724138	-0.024163824202	0.237387777386	2.292923177382	-13.835513507925	135.921440794587	1312.862125138300	848.660765242315	-847.249815001661	172.996230195472	
0.422413793103	-0.027795129046	0.239404466722	2.277973706508	-15.914694634050	137.076139335449	1304.302486378787	846.107749279401	-835.925195066928	174.470727425220	
0.423275862069	-0.029490528883	0.241957595419	2.261616394568	-16.885432011884	138.537987686674	1294.936758156031	843.267835351491	-826.485199126200	175.901513994939	
0.424137931034	-0.029377066440	0.243839145528	2.243622776902	-16.820466667644	139.615309377743	1284.634128150425	840.519372142538	-816.207569209456	177.624704344950	
0.425000000000	-0.025093341503	0.243281285257	2.235450367744	-14.367728486366	139.295894568046	1279.954840784863	841.072300263040	-812.442404117061	177.641143051790	
0.425862068966	-0.021795802399	0.236567814419	2.228003072220	-12.479652061330	135.451953489210	1275.690732713318	842.189352981583	-808.581281956806	173.192719750952	
0.426724137931	-0.021775813153	0.235785250497	2.227248750372	-12.468206791470	135.003879806174	1275.258829632551	843.579991566893	-808.413724750391	172.799602013958	
0.427586206897	-0.021891177283	0.237671073420	2.232028816422	-12.534260987234	136.083647987909	1277.995758516214	844.412870942593	-811.439201419199	173.960860736333	
0.428448275862	-0.024544089536	0.238166257371	2.237929284262	-14.053242544331	136.367176132770	1281.374197368334	845.715695627962	-815.537594027571	174.226501370044	
0.429310344828	-0.026449296547	0.236013920633	2.251938454775	-15.144109499675	135.134809774913	1289.395447078122	848.828925275673	-823.127192132460	173.350294786436	
0.430172413793	-0.026870682999	0.238151587769	2.266553370996	-15.385383310558	136.358776738848	1297.763529427385	852.131127039268	-831.132353282286	175.022054755096	
0.431034482759	-0.025139940013	0.238149455787	2.288001753421	-14.394409457952	136.357556026858	1310.044258764119	855.721221937971	-845.122328699038	174.261746534622	
0.431896551724	-0.028049670087	0.234792444624	2.298074270799	-16.060437542376	134.435427604175	1315.811493663628	857.541960379852	-853.894810055362	172.558358951837	
0.432758620690	-0.029237818937	0.231373825817	2.311761871984	-16.740737536385	132.478024409991	1323.648621988438	859.223864829369	-866.253378204365	170.652659191901	
0.433620689655	-0.029103369180	0.234051701286	2.317192000595	-16.663755457281	134.011299189599	1326.757758071781	858.161515769180	-873.224880156267	172.842353668851	
0.434482758621	-0.029684200425	0.236601727999	2.312210104890	-16.996322788656	135.471371433985	1323.905267309336	855.206529021025	-875.555797742692	174.618883785476	
0.435344827586	-0.031791851024	0.235517845984	2.306045933304	-18.203103143541	134.850771642198	1320.375839246659	853.834231606228	-874.828833008729	173.886318859207	
0.436206896552	-0.033012266810	0.232815880769	2.302922480858	-18.901878260853	133.303703764651	1318.587439855180	854.066027984194	-875.514718318246	172.172180310962	
0.437068965517	-0.035128251939	0.228556459027	2.304411175600	-20.113430727786	130.864880896412	1319.439823817198	854.948764439484	-875.800409669256	170.653822332962	
0.437931034483	-0.030654032596	0.229070744811	2.314701389736	-17.551620907066	131.159346202992	1325.331705643770	857.346067665593	-877.480991249128	170.792775264076	
0.438793103448	-0.027960286965	0.231541115678	2.321396593628	-16.009259327171	132.573809792117	1329.165187592269	859.224273219454	-878.211449288014	171.800772759111	
0.439655172414	-0.027037191974	0.232957093358	2.324538710693	-15.480721579864	133.384558047737	1330.964273810131	861.372378623946	-874.700666141488	171.494402132698	
0.440517241379	-0.025938981629	0.239728471940	2.320864450596	-14.851917796754	137.261655441131	1328.860497736602	862.261787542581	-867.619905066692	174.209305363900	
0.441379310345	-0.020228306707	0.247538584471	2.307857660654	-11.582148932783	141.733502137306	1321.413182426434	861.954312750408	-853.501090744084	177.405825611740	
0.442241379310	-0.015442289175	0.248301144482	2.298467330919	-8.841812400436	142.170122154161	1316.036548628362	863.012360112568	-843.525513167347	176.870193335262	
0.443103448276	-0.014666003182	0.247146815154	2.286806614527	-8.397333279518	141.509186249418	1309.359956470969	863.078385928096	-833.720438795815	174.892890170807	
0.443965517241	-0.011519782307	0.248037138821	2.275872452729	-6.595897337231	142.018960075819	1303.099368660750	861.653441479725	-824.324827506195	174.103124047343	
0.444827586207	-0.003555132003	0.249203365560	2.272516894075	-2.035566739761	142.686708097310	1301.178071903206	860.112996626400	-822.037963926343	173.718848588526	
0.445689655172	-0.003903146343	0.244271770687	2.252881231083	-2.234829781230	139.863018150588	1289.935253784414	857.631942832321	-811.599754695447	171.469041116864	
0.446551724138	-0.004533394873	0.238992732656	2.235840223058	-2.595692034644	136.840392204458	1280.178060769441	853.434283233826	-803.309939896461	169.696874813413	
0.447413793103	-0.002957684490	0.238774347145	2.236770321511	-1.693485409303	136.715350916750	1280.710608498694	850.660280174573	-807.230015568432	169.929319983444	
0.448275862069	-0.001421439485	0.236789127565	2.251265330882	-0.813875528393	135.578671056461	1289.010035620462	849.331970704139	-823.892640580019	168.521233362309	
0.449137931034	-0.003340584632	0.231572286924	2.256814963734	-1.912723061249	132.591657554599	1292.187596408787	848.163093084868	-834.700999801223	164.356624431603	
0.450000000000	-0.007500445931	0.228709366490	2.252764269231	-4.294540472239	130.952431329151	1289.868284778274	844.581614506532	-840.630290032886	162.942855774838	
0.450862068966	-0.010740145098	0.229916317893	2.269922137478	-6.149499406119	131.643497126484	1299.692388608498	844.427422924426	-856.417899698011	164.105733561505	
0.451724137931	-0.010897916568	0.228325619764	2.292609149518	-6.239834829983	130.732708947133	1312.682321779249	847.766108505719	-869.948719154778	163.855488338251	
0.452586206897	-0.011297582904	0.231641481824	2.315493108631	-6.468672324850	132.631276572121	1325.785021202389	851.810676411972	-883.199995632649	166.457127573081	
0.453448275862	-0.011277814342	0.234537599232	2.334565115019	-6.457353412366	134.289510433661	1336.705105697280	857.654524307775	-891.176166935099	167.981957208087	
0.454310344828	-0.007334861652	0.237602115187	2.340210563894	-4.199731657383	136.044164478984	1339.937527995664	861.359409239075	-887.543839784673	169.481265340366	
0.455172413793	-0.006216054172	0.239821010076	2.327371350061	-3.559134545449	137.314640127110	1332.586161964376	861.653953757475	-875.659054530263	169.982698190802	
0.456034482759	-0.006539122175	0.239837732731	2.299542664829	-3.744114028729	137.324215040436	1316.652254019842	858.339703636952	-855.588822150119	169.988127468590	
0.456896551724	-0.002959845114	0.241651632077	2.271390705172	-1.694722520307	138.362801842223	1300.533248399780	854.571912685272	-835.155281172293	171.525539335769	
0.457758620690	0.000605235777	0.241732731148	2.247646964401	0.346540667634	138.409236847132	1286.938262630321	850.516104123909	-817.162424464981	171.721438349351	
0.458620689655	0.006058985394	0.243438215999	2.233070358233	3.469201462730	139.385748614950	1278.592115519889	849.166980138701	-804.428517280837	171.304460827541	
0.459482758621	0.009245082575	0.245576602041	2.223775249241	5.293469434831	140.610127203757	1273.270002391560	847.887592345484	-796.052506638562	171.255113696988	
0.460344827586	0.009296791185	0.245049703719	2.219666608946	5.323076303991	140.308440318875	1270.917512660326	846.663574905254	-794.899002651326	170.446971302642	
0.461206896552	0.009795596310	0.243577944066	2.223205947784	5.608677828949	139.465752903494	1272.944036686238	846.424656914878	-801.010920059392	169.135472326656	
0.462068965517	0.011007337425	0.243057247905	2.229289604327	6.302486078289	139.167617198430	1276.427364141797	846.090315201300	-809.599583670058	168.488472584349	
0.462931034483	0.009267713377	0.242956554418	2.232950239488	5.306427184219	139.109962992288	1278.523338967743	845.863039403627	-816.415701514776	168.956549664014	
0.463793103448	0.008002945230	0.242243239128	2.237875316876	4.582257175290	138.701539091750	1281.343297189417	846.603712744340	-822.678843871758	169.405018348779	
0.464655172414	0.002545532430	0.242638774042	2.238447929713	1.457498946415	138.928011052265	1281.671158896112	846.334245646411	-826.132158781775	171.338625720172	
0.465517241379	-0.002644057512	0.243341025764	2.239132873832	-1.513911586047	139.330100270620	1282.063338276656	845.713381560391	-828.823500966769	172.461494949034	
0.466379310345	-0.006466354999	0.244225756826	2.244127351678	-3.702449628344	139.836671931759	1284.923033212307	845.865776270786	-833.367709977363	173.326094778699	
0.467241379310	-0.009437587799	0.245575831334	2.244637363711	-5.403692411515	140.609685918592	1285.215051492073	845.131048875808	-833.021297117351	174.703860911246	
0.468103448276	-0.010183311481	0.247288176995	2.239265775620	-5.830672429059	141.590125990210	1282.139434033077	843.411078028439	-828.433335672221	175.938804356680	
0.468965517241	-0.008131551564	0.247184424851	2.230943664774	-4.655893477902	141.530720484584	1277.374431769232	841.295110437699	-820.867207870722	176.295800733866	
0.469827586207	-0.008428857876	0.246741743246	2.219403597950	-4.826122555245	141.277253679221	1270.766920098521	840.909600321546	-811.402665272230	176.683914318337	
0.470689655172	-0.007739751133	0.245329976159	2.211757374855	-4.431559774915	140.468916288832	1266.388911798794	840.939802221527	-803.515967185306	175.421220305705	
0.471551724138	-0.010894261617	0.245675523332	2.205679158743	-6.237742110174	140.666766701221	1262.908699377653	840.227275733185	-800.070488039951	176.649743311083	
0.472413793103	-0.016082552498	0.244607403827	2.205058149287	-9.208408837205	140.055192071548	1262.553127153862	839.185713768900	-801.768246065479	176.633555603867	
0.473275862069	-0.020275444629	0.241971481064	2.209880589236	-11.609138756489	138.545938209313	1265.314318118278	839.731546487588	-807.923061653374	175.908968045659	
0.474137931034	-0.023857968006	0.237149078188	2.216461525248	-13.660389011942	135.784768471674	1269.082373552194	840.352335054123	-814.913622719877	174.506635598445	
0.475000000000	-0.026090948415	0.233625458732	2.227339015496	-14.938929625526	133.767244913877	1275.310512856646	841.493417986188	-824.163427275722	173.213205583104	
0.475862068966	-0.026978355690	0.233572743145	2.243865570632	-15.447033609112	133.737061478953	1284.773144884806	844.395584681216	-833.993320568213	173.083711450210	
0.476724137931	-0.028546011470	0.234284435688	2.262114887961	-16.344628399504	134.144556241060	1295.222181192689	848.486211133817	-843.457037634949	173.168431653137	
0.477586206897	-0.030966390693	0.234562167915	2.285804961433	-17.730468205271	134.303577757589	1308.786438604131	853.911069663118	-856.476752769687	172.538939030003	
0.478448275862	-0.033223036037	0.231267335182	2.309371060563	-19.022558682280	132.417050923371	1322.279711859155	858.650671617915	-869.871467417424	170.138136587635	
0.479310344828	-0.032471238866	0.230740283256	2.330698150954	-18.592101158663	132.115276088685	1334.490992851682	862.519815888899	-881.960588770028	168.630666766288	
0.480172413793	-0.029841608552	0.231340259173	2.342811482781	-17.086450172936	132.458805111150	1341.426739640656	864.350473607952	-888.867004544322	168.077595625316	
0.481034482759	-0.024875032949	0.230877277950	2.349406811226	-14.242731262191	132.193715325891	1345.203035769842	864.950664368693	-894.243302677969	166.813054962925	
0.481896551724	-0.021239585610	0.230163587385	2.349552216946	-12.161178261760	131.785076554119	1345.286290919394	864.464516674747	-896.148508752318	165.610600862885	
0.482758620690	-0.017733149009	0.230393938729	2.347319844389	-10.153493114177	131.916969134643	1344.008098344797	864.232768781886	-896.159601074618	165.447730969309	
0.483620689655	-0.012627342622	0.232615166878	2.340840844470	-7.230054645300	133.188780740645	1340.298408597321	863.114071310167	-890.442815659046	166.441986724890	
0.484482758621	-0.008761982731	0.231592814848	2.330646790505	-5.016860303787	132.603411255616	1334.461585329924	862.640000568575	-882.306250423012	165.317078137483	
0.485344827586	-0.009213448282	0.229550470345	2.314104247658	-5.275356545046	131.434023300955	1324.989799196159	860.194355818287	-871.551316171088	164.212312222086	
0.486206896552	-0.010131966004	0.230729877562	2.297083344615	-5.801273479582	132.109318086426	1315.244117718146	856.562664637369	-861.642174388552	166.048177523980	
0.487068965517	-0.011034427733	0.232235466093	2.272573986955	-6.317997212295	132.971374948037	1301.210761650718	850.827927289363	-847.565963114493	167.243765346592	
0.487931034483	-0.014204254835	0.235608776560	2.246713867706	-8.132949403815	134.902835885160	1286.403998193501	845.389178072610	-831.209639820393	170.045136615797	
0.488793103448	-0.016374902515	0.238271872606	2.235600478015	-9.375800081876	136.427648390239	1280.040789625482	843.904970868986	-820.912479387337	172.580455942441	
0.489655172414	-0.015362110284	0.242236156187	2.233553003333	-8.795904264201	138.697483602752	1278.868464277758	844.339926524785	-814.939334338132	175.983221012029	
0.490517241379	-0.014255789812	0.245913792378	2.229866416457	-8.162456855665	140.803192730696	1276.757630243396	845.620551335990	-808.008543195534	178.128635571951	
0.491379310345	-0.019014936294	0.249013260913	2.214963900581	-10.887407794166	142.577859622425	1268.224876570497	845.321392664083	-796.764322717317	179.976881908980	
0.492241379310	-0.022308931592	0.247421160795	2.202680173904	-12.773455137238	141.666268704590	1261.191566572257	843.374359963056	-789.384592159645	179.415605029913	
0.493103448276	-0.022325137280	0.245306755267	2.203173905319	-12.782734050057	140.455620671034	1261.474263036026	843.336252713492	-790.410628824264	177.687102756210	
0.493965517241	-0.019819322675	0.243438648689	2.216399419377	-11.347976392037	139.385996361287	1269.046813509289	845.494990313564	-798.500896157898	175.703639514713	
0.494827586207	-0.019874694105	0.239924497153	2.227169772615	-11.379680486588	137.373893862651	1275.213609231292	848.111410656639	-803.317099671187	172.864962845500	
0.495689655172	-0.021154983480	0.240291598409	2.225786806247	-12.112737505806	137.584085525222	1274.421762307517	847.740089312864	-802.241101267547	172.869160335179	
0.496551724138	-0.022385422687	0.240138438777	2.225236954797	-12.817251747083	137.496390707610	1274.106933119059	846.475004176070	-803.598841050478	172.787216002449	
0.497413793103	-0.022570084086	0.239042432814	2.231821183175	-12.922983574245	136.868849090761	1277.876873667457	845.841697031514	-810.997853647905	172.602600101397	
0.498275862069	-0.024397991596	0.239438993056	2.234816273248	-13.969591049302	137.095908124992	1279.591776441356	845.367926273077	-815.730788509369	173.139116624273	
0.499137931034	-0.033143470280	0.235058306697	2.232519378473	-18.977001608691	134.587652611426	1278.276640293410	845.052476174236	-818.499611715870	171.816269737461	
0.500000000000	-0.036406355869	0.230961787695	2.244493122677	-20.845236424155	132.242103185189	1285.132463208016	847.017240037875	-826.674333115820	170.298428262777	
0.500862068966	-0.032139402583	0.231077059469	2.269748067074	-18.402101209723	132.308104500738	1299.592720881908	849.861054882883	-841.452252855584	170.264093213530	
