dbx_v3_0_10_0										
Time	Cx	Cy	Cz	Fx	Fy	Fz	Mx	My	Mz	
0.000000000000	0.000000000000	0.000000000000	0.000000000000	0.000000000000	0.000000000000	0.000000000000	0.000000000000	0.000000000000	0.000000000000	
0.000862068966	1.361912971777	-0.011227824353	-0.058806254795	779.779749436109	-6.428626676149	-33.670232665025	-16.121395614433	-27.590631348843	-59.358297334104	
0.001724137931	0.226768925625	0.103382978569	0.264999512257	129.839291986935	59.193175184375	151.728676905558	98.555461317696	-61.707222939852	35.479279891304	
0.002586206897	0.072033168154	0.034039159826	0.289292509475	41.243461937914	19.489532789445	165.637926377965	84.557292582294	-127.586834940219	-72.367992867651	
0.003448275862	0.088519931990	0.148152212659	0.312802530951	50.683158041491	84.826341814365	179.098873615535	96.690750976838	-161.165895641924	9.213769431578	
0.004310344828	0.114726522582	0.102955117579	0.343655771600	65.688058551610	58.948198198145	196.764269835058	94.412332635977	-156.358712009576	-11.505999389400	
0.005172413793	0.106664086930	0.084011710768	0.366325464937	61.071813473993	48.101921436716	209.744077030136	111.099192771866	-162.526767773985	-19.944168060395	
0.006034482759	0.111873272873	0.091941892230	0.367898829552	64.054395910047	52.642442778213	210.644925976310	111.354329838205	-169.980374005901	-12.012677282458	
0.006896551724	0.127258689055	0.083205934388	0.364381711847	72.863502089607	47.640564421421	208.631157681549	112.469563091913	-165.645996228103	-13.690393425424	
0.007758620690	0.133184730413	0.081901926238	0.383288838668	76.256528766668	46.893938778797	219.456661895092	116.019044528137	-172.072543371361	-15.434745878929	
0.008620689655	0.128911011823	0.083001066692	0.394483216415	73.809559481472	47.523264943822	225.866138312494	118.351313926005	-179.473009308687	-14.528923210561	
0.009482758621	0.125425509152	0.082176718845	0.392271764237	71.813892756645	47.051274610517	224.599944612182	118.461418468808	-179.828426236936	-15.349107283116	
0.010344827586	0.129693237865	0.083556774334	0.401862360479	74.257432465544	47.841442077714	230.091156524603	120.935459337139	-184.207730591398	-14.697494444070	
0.011206896552	0.134367064950	0.083278754231	0.411642042139	76.933488710726	47.682258303864	235.690631581073	123.582181641055	-188.571353462266	-15.049827334537	
0.012068965517	0.135967576225	0.082090487602	0.421762632209	77.849880805481	47.001901868554	241.485297871785	125.891018432645	-193.511019741931	-14.990361701945	
0.012931034483	0.137635586633	0.081037643345	0.433050766979	78.804920345477	46.399083151525	247.948456006846	128.566001751000	-198.774516998613	-14.770276292183	
0.013793103448	0.140322694825	0.082529088967	0.441892445720	80.343456651405	47.253028387178	253.010866143171	130.889393845841	-203.585803646661	-13.906210697369	
0.014655172414	0.140547374865	0.083373968203	0.448163650667	80.472099926404	47.736774215732	256.601520409529	132.717654928756	-207.481879805055	-13.345335705304	
0.015517241379	0.138704613753	0.084458603848	0.449344675360	79.417004756658	48.357795476910	257.277730386160	133.513976740088	-207.524405133450	-12.701163885553	
0.016379310345	0.136770000053	0.084016199445	0.440276895191	78.309318276583	48.104491483448	252.085863141739	131.990836964030	-199.064592183264	-13.245610790834	
0.017241379310	0.136727106746	0.081811756226	0.428174739430	78.284759194653	46.842310847396	245.156627439840	129.482485016518	-187.158521661230	-14.836379091687	
0.018103448276	0.137976554364	0.081689393481	0.423027649078	79.000145545246	46.772250577239	242.209598585470	128.643590837637	-180.818732597532	-14.889738463126	
0.018965517241	0.138188087747	0.082633178135	0.420280810894	79.121261542786	47.312625899201	240.636863149949	128.664449112466	-177.121306811951	-13.947328799050	
0.019827586207	0.138027143805	0.081600760443	0.415940658907	79.029111141296	46.721502658773	238.151856619514	128.122558663795	-172.587596004914	-14.613480228926	
0.020689655172	0.138577130766	0.080488236733	0.415372273259	79.344012830444	46.084513748341	237.826420539765	128.288659129534	-171.336389252742	-15.605850669007	
0.021551724138	0.138546397550	0.080676202772	0.416682367300	79.326416155432	46.192135978428	238.576530733738	128.937317313396	-171.588316904290	-15.348926097253	
0.022413793103	0.138066334193	0.080388494635	0.416772503789	79.051550072525	46.027405203816	238.628139470653	129.236764563090	-170.716587370379	-15.350430670248	
0.023275862069	0.137587482351	0.079504503727	0.416767496506	78.777377656554	45.521265514030	238.625272490419	129.471967648454	-169.783650665063	-15.872013030802	
0.024137931034	0.137282086627	0.079115510788	0.417188518652	78.602519639943	45.298542900262	238.866333813907	129.890336899416	-169.256384941053	-16.016894276996	
0.025000000000	0.137427078075	0.079089945711	0.418421770771	78.685536247667	45.283905306205	239.572447235245	130.414894760368	-169.439472587335	-15.971068501410	
0.025862068966	0.137538637649	0.079127459029	0.419622747990	78.749411031540	45.305384010342	240.260081272394	130.915687911562	-169.697362645976	-15.893308956503	
0.026724137931	0.137512429758	0.079140207710	0.420225871965	78.734405386411	45.312683421705	240.605407201488	131.298434169504	-169.485724564403	-15.846912953399	
0.027586206897	0.137617299687	0.079126636397	0.420903538439	78.794449933037	45.304913002584	240.993413340007	131.662545446787	-169.314011674794	-15.890247617868	
0.028448275862	0.137666997243	0.079252564430	0.421961437126	78.822904870110	45.377014621472	241.599126032295	132.108138213740	-169.491375104201	-15.789783417494	
0.029310344828	0.137645103623	0.079265612944	0.422812312978	78.810369413136	45.384485705942	242.086305296433	132.525782062836	-169.593330038630	-15.748510192269	
0.030172413793	0.137679252473	0.079163547925	0.423437526472	78.829921750224	45.326047144272	242.444278846283	132.860369836320	-169.574529039453	-15.782390681544	
0.031034482759	0.137803726469	0.079105881836	0.424093459809	78.901190842628	45.293029727527	242.819841414673	133.175702138644	-169.576272868483	-15.807156527262	
0.031896551724	0.137897825638	0.079098977931	0.424805534417	78.955068460323	45.289076813007	243.227548346516	133.506759855291	-169.628973319194	-15.782046063016	
0.032758620690	0.137965373939	0.079083344415	0.425519613902	78.993744057149	45.280125654305	243.636403195137	133.832104058995	-169.722669181074	-15.759527365941	
0.033620689655	0.138166143816	0.079060252893	0.426197381662	79.108697279764	45.266904324326	244.024467326506	134.132991378229	-169.842934777416	-15.796219953335	
0.034482758621	0.138116719905	0.079078428147	0.426890393531	79.080399021449	45.277310785706	244.421259656528	134.425834644621	-170.016359463590	-15.721610758155	
0.035344827586	0.138294417417	0.079152172161	0.427727337771	79.182141881593	45.319533813108	244.900462207015	134.733059094934	-170.304791345691	-15.681298344121	
0.036206896552	0.138352548648	0.079234662462	0.428427028013	79.215425621529	45.366764632969	245.301078320265	134.981569345251	-170.454746716976	-15.623949845301	
0.037068965517	0.138538353461	0.079225686768	0.429138341341	79.321810415027	45.361625490668	245.708349372445	135.238867290185	-170.606406656531	-15.681378644223	
0.037931034483	0.138504113682	0.079177728256	0.429890533416	79.302206015571	45.334166264333	246.139026045375	135.516411210678	-170.847217081117	-15.683094139655	
0.038793103448	0.138560090237	0.079165230812	0.430556276927	79.334256068992	45.327010701756	246.520205547173	135.779157320269	-171.035059814552	-15.661104506704	
0.039655172414	0.138722754929	0.079166615541	0.431196960454	79.427391706503	45.327803544973	246.887036652421	135.997597912652	-171.256308765815	-15.631999674539	
0.040517241379	0.138903839563	0.079134276610	0.431935604278	79.531073904395	45.309287499100	247.309956110384	136.250752255652	-171.539919139266	-15.658589843518	
0.041379310345	0.138974154111	0.079028241585	0.432684804677	79.571333349637	45.248575862317	247.738919863361	136.503461706347	-171.861545793730	-15.718914859356	
0.042241379310	0.139045839087	0.078976031921	0.433387564697	79.612377450206	45.218682587386	248.141293615288	136.726068341760	-172.122687701632	-15.720278922946	
0.043103448276	0.139236630244	0.078996611305	0.434027485309	79.721617235360	45.230465562927	248.507687903657	136.930568690293	-172.306834221429	-15.685071945159	
0.043965517241	0.139408034416	0.079027428898	0.434622674098	79.819756767601	45.248110548499	248.848470445792	137.142380745932	-172.456408601478	-15.679599621325	
0.044827586207	0.139419618123	0.079026666836	0.435068287729	79.826389159708	45.247674220672	249.103611922030	137.332353924618	-172.571650389508	-15.703226372339	
0.045689655172	0.139352096680	0.079016157290	0.435330862718	79.787728940201	45.241656853210	249.253952408412	137.471470144074	-172.654367309189	-15.713034768655	
0.046551724138	0.139352337730	0.079036611593	0.435521194492	79.787866956628	45.253368211797	249.362929168388	137.578474092630	-172.732915171233	-15.697255650680	
0.047413793103	0.139428731757	0.079109406935	0.435774262319	79.831607280879	45.295048065557	249.507826214497	137.682354502978	-172.838721966402	-15.659704486087	
0.048275862069	0.139515650658	0.079249346490	0.436143624090	79.881373749373	45.375172150952	249.719308765253	137.793009165664	-172.984905767931	-15.607712841107	
0.049137931034	0.139586209013	0.079431011116	0.436609155886	79.921772788962	45.479186430218	249.985854627694	137.912125085068	-173.165743703988	-15.549770010045	
0.050000000000	0.139649324841	0.079598049005	0.437131380175	79.957910520171	45.574825994710	250.284860462662	138.042848952548	-173.366528020814	-15.500935618890	
0.050862068966	0.139711105831	0.079712744264	0.437680925785	79.993283973540	45.640496152877	250.599509450659	138.186083801604	-173.576227365983	-15.471201851675	
0.051724137931	0.139771558241	0.079766760774	0.438229766450	80.027896732285	45.671423959278	250.913754813379	138.337238123526	-173.784919966546	-15.462499710815	
0.052586206897	0.139844185135	0.079761971261	0.438778594698	80.069480138901	45.668681665585	251.227993067119	138.507701783721	-173.991741042340	-15.479579569008	
0.053448275862	0.139909269163	0.079733299676	0.439281962576	80.106744786674	45.652265402969	251.516202435900	138.669469472891	-174.181306563464	-15.479904006653	
0.054310344828	0.139987452067	0.079599058191	0.439713479960	80.151509354068	45.575403816580	251.763272934836	138.808524476634	-174.345087238546	-15.553218777691	
0.055172413793	0.140065628419	0.079548835818	0.440160377356	80.196270170383	45.546648389330	252.019149445623	138.972411229396	-174.514395286035	-15.556195630191	
0.056034482759	0.140125089470	0.079388263361	0.440561036989	80.230315314247	45.454710686211	252.248551966184	139.115492133790	-174.664467079911	-15.622852213545	
0.056896551724	0.140192789262	0.079301519897	0.440937351841	80.269077649602	45.405044666065	252.464015587320	139.250102798824	-174.804259379131	-15.657199627138	
0.057758620690	0.140252396617	0.079219784726	0.441274622171	80.303206562017	45.358246205034	252.657123795275	139.377749285161	-174.928576509911	-15.683795450244	
0.058620689655	0.140305184113	0.079155165418	0.441589877425	80.333430681212	45.321247638693	252.837627005067	139.497471064512	-175.046028878014	-15.708526251944	
0.059482758621	0.140358529045	0.079132632911	0.441868486096	80.363973967238	45.308346379009	252.997147770490	139.602647191967	-175.148543567413	-15.718444279171	
0.060344827586	0.140410712555	0.079124079627	0.442142287556	80.393852267458	45.303449092691	253.153916109139	139.704146950151	-175.249984512347	-15.720694405288	
0.061206896552	0.140459792982	0.079113260287	0.442401682674	80.421953859634	45.297254348878	253.302435922510	139.799159400605	-175.345006679739	-15.728001107433	
0.062068965517	0.140507804489	0.079095495087	0.442654588538	80.449443429058	45.287082668984	253.447240234931	139.892403026811	-175.439536691954	-15.736690947658	
0.062931034483	0.140555685421	0.079053984788	0.442907543941	80.476858236042	45.263315444951	253.592072911262	139.985506876399	-175.536138304735	-15.754496840726	
0.063793103448	0.140602169213	0.078985082580	0.443160797835	80.503473093658	45.223864651992	253.737076492539	140.078750635488	-175.634830686827	-15.782701039445	
0.064655172414	0.140644977954	0.078887132394	0.443411063875	80.527983756127	45.167782087837	253.880369341304	140.171653314632	-175.734558422944	-15.821863830697	
0.065517241379	0.140681368374	0.078765463567	0.443655619310	80.548819531161	45.098119128931	254.020392514373	140.263647151608	-175.834077023307	-15.870058232165	
0.066379310345	0.140708789784	0.078632621552	0.443890397895	80.564519991084	45.022058825768	254.154817833846	140.352656227813	-175.931309624539	-15.922967206136	
0.067241379310	0.140725524147	0.078505602388	0.444111367740	80.574101453324	44.949332466926	254.281336791895	140.436243184179	-176.024479964701	-15.974264492108	
0.068103448276	0.140731410212	0.078403330787	0.444316241606	80.577471591011	44.890775624351	254.398639802526	140.512219446349	-176.112228412975	-16.017178365659	
0.068965517241	0.140727901321	0.078342858184	0.444503293739	80.575462533260	44.856151303890	254.505738764652	140.578722749343	-176.193341306779	-16.045024792652	
0.069827586207	0.140718176221	0.078335428524	0.444670932054	80.569894309440	44.851897362406	254.601722110215	140.634555828745	-176.266428180157	-16.053184855149	
0.070689655172	0.140706924864	0.078384963482	0.444818663295	80.563452208708	44.880259201983	254.686307419469	140.679528545214	-176.330518160662	-16.039566672961	
0.071551724138	0.140699583716	0.078486586036	0.444947635613	80.559248945477	44.938444424750	254.760152080544	140.714673036028	-176.385238409143	-16.005269584277	
0.072413793103	0.140701426497	0.078627706591	0.445060950471	80.560304052545	45.019244705481	254.825031873692	140.742202967124	-176.431181603527	-15.954447821951	
0.073275862069	0.140716455329	0.078789837641	0.445163470577	80.568908991905	45.112074799720	254.883731000744	140.765158313734	-176.470005236468	-15.893703013842	
0.074137931034	0.140746534989	0.078951063199	0.445261015353	80.586131465192	45.204386443715	254.939581442317	140.787008561755	-176.503953155535	-15.831238474072	
0.075000000000	0.140791152786	0.079089522610	0.445359743593	80.611677924358	45.283663055024	254.996109490636	140.811158041600	-176.535783336687	-15.775684698644	
0.075862068966	0.140847406144	0.079186968557	0.445465557362	80.643886465303	45.339456910646	255.056694444398	140.840558021456	-176.568582486068	-15.734541503539	
0.076724137931	0.140910506370	0.079231285491	0.445582947139	80.680015263405	45.364831107612	255.123907381402	140.877241876635	-176.604976343042	-15.713157091001	
0.077586206897	0.140974709723	0.079218018317	0.445714443766	80.716775669786	45.357234826684	255.199197366082	140.922058591777	-176.646823506298	-15.714117966392	
0.078448275862	0.141034221840	0.079150960887	0.445860469758	80.750850052170	45.318840283720	255.282806314604	140.974661334252	-176.695177821879	-15.736771663991	
0.079310344828	0.141084016529	0.079041251995	0.446018916927	80.779360604187	45.256025129988	255.373527157847	141.033536982144	-176.749896155709	-15.777444048350	
0.080172413793	0.141120509772	0.078905281074	0.446185372784	80.800255251629	45.178173334466	255.468833472943	141.096202200293	-176.809724065736	-15.830228244898	
0.081034482759	0.141141911180	0.078762129027	0.446353670125	80.812508886749	45.096209897604	255.565194151723	141.159581470095	-176.872492527129	-15.887875435610	
0.081896551724	0.141148322310	0.078630688607	0.446516650483	80.816179656998	45.020952095080	255.658510527574	141.220419514096	-176.935385380960	-15.942901919170	
0.082758620690	0.141141636384	0.078527046440	0.446667174025	80.812351548829	44.961610518500	255.744694602599	141.275702672000	-176.995382950005	-15.988663994291	
0.083620689655	0.141125063270	0.078462506938	0.446799062860	80.802862411998	44.924657645409	255.820209150966	141.323038617747	-177.049653856835	-16.020168600481	
0.084482758621	0.141102666109	0.078442545136	0.446907962129	80.790038646583	44.913228274121	255.882560744650	141.360913717385	-177.095962143995	-16.034600451504	
0.085344827586	0.141078762412	0.078466750449	0.446991950350	80.776352295606	44.927087319423	255.930649216776	141.388831563508	-177.132971477961	-16.031436834483	
0.086206896552	0.141057362114	0.078529642087	0.447051769036	80.764099296143	44.963096687483	255.964899129233	141.407303203860	-177.160408549125	-16.012230261098	
0.087068965517	0.141041703192	0.078621915650	0.447090382281	80.755133590791	45.015929032582	255.987007609972	141.417696031454	-177.178997786504	-15.980175240522	
0.087931034483	0.141033975603	0.078732203595	0.447112947204	80.750709066361	45.079075729508	255.999927429553	141.422040294513	-177.190426173650	-15.939488660129	
0.088793103448	0.141035217335	0.078848808645	0.447125833284	80.751420035248	45.145839361964	256.007305510478	141.422696259490	-177.197011339100	-15.894740107987	
0.089655172414	0.141045385833	0.078961008191	0.447135723655	80.757242131665	45.210080569334	256.012968362064	141.422085015195	-177.201363541726	-15.850302845384	
0.090517241379	0.141063536806	0.079059975564	0.447148925525	80.767634690598	45.266745536016	256.020527252673	141.422448202492	-177.206064866473	-15.809953602144	
0.091379310345	0.141088102140	0.079139310108	0.447170764954	80.781699870257	45.312169489325	256.033031681965	141.425660320921	-177.213399036535	-15.776594728076	
0.092241379310	0.141117168976	0.079195083197	0.447205164246	80.798342438884	45.344103045794	256.052727412815	141.433117408840	-177.225141196512	-15.752174373290	
0.093103448276	0.141148724205	0.079225620470	0.447254445189	80.816409766863	45.361587530980	256.080943812750	141.445692760122	-177.242438859326	-15.737717120253	
0.093965517241	0.141180851175	0.079231145590	0.447319333235	80.834804451855	45.364751005228	256.118096248646	141.463749261665	-177.265783247599	-15.733425288331	
0.094827586207	0.141211858947	0.079213398321	0.447399084443	80.852558327016	45.354589591977	256.163758767525	141.487182463687	-177.295041316157	-15.738811085410	
0.095689655172	0.141240355693	0.079175311004	0.447491704843	80.868874483703	45.332782237806	256.216789698360	141.515484686939	-177.329535909605	-15.752822343616	
0.096551724138	0.141265288344	0.079120765773	0.447594232584	80.883149974637	45.301551705888	256.275493196879	141.547819459800	-177.368161750740	-15.773948969996	
0.097413793103	0.141285954646	0.079054413516	0.447703038999	80.894982716014	45.263560917998	256.337791626188	141.583099041597	-177.409516522663	-15.800313546042	
0.098275862069	0.141301998789	0.078981490020	0.447814135384	80.904168984503	45.221807688505	256.401401205756	141.620066033114	-177.452035234114	-15.829764932401	
0.099137931034	0.141313398425	0.078907588126	0.447923478330	80.910695983798	45.179494264580	256.464006832107	141.657378519201	-177.494122599869	-15.859988414514	
0.100000000000	0.141320437782	0.078838341314	0.448027263831	80.914726452737	45.139846164533	256.523430476272	141.693700849898	-177.534277067665	-15.888647821074	
0.100862068966	0.141323661664	0.078779030040	0.448122200466	80.916572325400	45.105886776983	256.577787595559	141.727795912195	-177.571200896574	-15.913552244902	
0.101724137931	0.141323841209	0.078734149259	0.448205743562	80.916675125877	45.080189743193	256.625621205983	141.758613852230	-177.603889545180	-15.932843126265	
0.102586206897	0.141321859888	0.078707007928	0.448276298387	80.915540696850	45.064649645898	256.666018224206	141.785377059548	-177.631713721647	-15.945137730210	
0.103448275862	0.141318651439	0.078699392561	0.448333310524	80.913703660417	45.060289375083	256.698661213222	141.807628485702	-177.654443315730	-15.949681902648	
0.104310344828	0.141315112293	0.078711418738	0.448377291449	80.911677279382	45.067175108078	256.723843023977	141.825265732621	-177.672256281677	-15.946404381109	
0.105172413793	0.141312030002	0.078741584451	0.448409751394	80.909912476560	45.084446852380	256.742428358420	141.838539429572	-177.685713690320	-15.935888408273	
0.106034482759	0.141310032265	0.078787020497	0.448432980486	80.908768647955	45.110461810316	256.755728455950	141.847995528729	-177.695673258114	-15.919272462386	
0.106896551724	0.141309543251	0.078843870137	0.448449812914	80.908488657085	45.143011759458	256.765366066466	141.854413138878	-177.703199931392	-15.898100252642	
0.107758620690	0.141310775412	0.078907802858	0.448463317096	80.909194146195	45.179617212421	256.773098049109	141.858711095766	-177.709448645006	-15.874106263265	
0.108620689655	0.141313753418	0.078974546674	0.448476445549	80.910899239436	45.217832191488	256.780614903566	141.861834437313	-177.715530304912	-15.849002797915	
0.109482758621	0.141318344447	0.079040362517	0.448491712020	80.913527888459	45.255515848616	256.789355906117	141.864648501599	-177.722388338667	-15.824287777763	
0.110344827586	0.141324293741	0.079102401384	0.448510930139	80.916934228984	45.291036952669	256.800359472757	141.867849841664	-177.730698698066	-15.801100841226	
0.111206896552	0.141331264356	0.079158899708	0.448535040460	80.920925338958	45.323385751799	256.814164128696	141.871900489860	-177.740803872588	-15.780144312804	
0.112068965517	0.141338876242	0.079209188412	0.448564055379	80.925283616330	45.352179157688	256.830776971684	141.876998917815	-177.752692084444	-15.761680298735	
0.112931034483	0.141346740572	0.079253534358	0.448597121937	80.929786433678	45.377569965310	256.849709629466	141.883087640895	-177.766021997245	-15.745593058595	
0.113793103448	0.141354491538	0.079292848375	0.448632702262	80.934224342628	45.400079681373	256.870081575004	141.889897855121	-177.780192672101	-15.731505567809	
0.114655172414	0.141361816524	0.079328317122	0.448668845413	80.938418352032	45.420387741648	256.890775773778	141.897022785550	-177.794447979590	-15.718925579254	
0.115517241379	0.141368484487	0.079361021766	0.448703517009	80.942236175113	45.439113181507	256.910627415262	141.904010184802	-177.808002999345	-15.707396795939	
0.116379310345	0.141374370105	0.079391606104	0.448734935101	80.945606056737	45.456624614053	256.928616224031	141.910458838037	-177.820171824382	-15.696629768572	
0.117241379310	0.141379471254	0.079420046845	0.448761868151	80.948526781131	45.472908704574	256.944037067858	141.916105328263	-177.830480883092	-15.686593141714	
0.118103448276	0.141383914747	0.079445560857	0.448783848091	80.951070957055	45.487517060451	256.956621948445	141.920887565318	-177.838749707316	-15.677550735571	
0.118965517241	0.141387947025	0.079466660048	0.448801268715	80.953379686573	45.499597657834	256.966596337219	141.924975370237	-177.845128516313	-15.670041943409	
0.119827586207	0.141391907411	0.079481341249	0.448815351296	80.955647253832	45.508003556955	256.974659489381	141.928763339406	-177.850085229942	-15.664810051449	
0.120689655172	0.141396185225	0.079487377477	0.448827984468	80.958096567555	45.511459672317	256.981892764639	141.932826846265	-177.854345448831	-15.662692414860	
0.121551724138	0.141401164684	0.079482662324	0.448841461175	80.960947617031	45.508759954503	256.989609016503	141.937848596123	-177.858793488095	-15.664490167516	
0.122413793103	0.141407165431	0.079465552044	0.448858153568	80.964383417549	45.498963256562	256.999166448157	141.944526021337	-177.864350245525	-15.670839311811	
0.123275862069	0.141414387338	0.079435152891	0.448880173677	80.968518407902	45.481557853933	257.011774328106	141.953474229436	-177.871844990277	-15.682102133104	
0.124137931034	0.141422868850	0.079391511040	0.448909071170	80.973374600149	45.456570183901	257.028319937305	141.965137919747	-177.881900714022	-15.698295313821	
0.125000000000	0.141432465926	0.079335680723	0.448945610461	80.978869522264	45.424603860544	257.049240950328	141.979725507926	-177.894848388410	-15.719062845531	
0.125862068966	0.141442856047	0.079269664303	0.448989657053	80.984818511538	45.386805360723	257.074460359648	141.997173068789	-177.910681816075	-15.743696402006	
0.126724137931	0.141453567409	0.079196239282	0.449040184149	80.990951431327	45.344764976297	257.103390259767	142.017142678877	-177.929057055945	-15.771196942306	
0.127586206897	0.141464029106	0.079118700028	0.449095394297	80.996941402551	45.300368938707	257.135001497773	142.039053137659	-177.949335256463	-15.800367503805	
0.128448275862	0.141473636741	0.079040556516	0.449152931139	81.002442370267	45.255626925080	257.167944912609	142.062137660373	-177.970659711306	-15.829921937757	
0.129310344828	0.141481822126	0.078965227732	0.449210149320	81.007129011640	45.212496518661	257.200705874807	142.085519229477	-177.992055715672	-15.858595754221	
0.130172413793	0.141488118358	0.078895769954	0.449264401546	81.010733995454	45.172727627393	257.231768642999	142.108293398066	-178.012537856128	-15.885244776887	
0.131034482759	0.141492211430	0.078834665371	0.449313306421	81.013077533255	45.137741459255	257.259769720795	142.129607986352	-178.031211433913	-15.908922937554	
0.131896551724	0.141493971990	0.078783688127	0.449354964849	81.014085563233	45.108553821444	257.283621758077	142.148731259728	-178.047355310466	-15.928932830355	
0.132758620690	0.141493464389	0.078743848409	0.449388106447	81.013794930219	45.085743108644	257.302597380691	142.165102614988	-178.060479198447	-15.944849235794	
0.133620689655	0.141490933279	0.078715408561	0.449412156091	81.012345712088	45.069459529776	257.316367295128	142.178362778107	-178.070350708647	-15.956517304193	
0.134482758621	0.141486771619	0.078697953927	0.449427225605	81.009962903382	45.059465668060	257.324995527874	142.188363716361	-178.076993968919	-15.964031617446	
0.135344827586	0.141481475577	0.078690502167	0.449434040742	81.006930590775	45.055199072663	257.328897617198	142.195160235902	-178.080662779364	-15.967701159139	
0.136206896552	0.141475593419	0.078691631406	0.449433823041	81.003562689995	45.055845631713	257.328772969877	142.198987429790	-178.081795957201	-15.968007037875	
0.137068965517	0.141469674762	0.078699615067	0.449428143936	81.000173891291	45.060416773849	257.325521329558	142.200227847116	-178.080961033633	-15.965556480130	
0.137931034483	0.141464226073	0.078712552021	0.449418771621	80.997054178411	45.067823982856	257.320155096909	142.199373183392	-178.078794867497	-15.961037121958	
0.138793103448	0.141459675872	0.078728489194	0.449407523466	80.994448905701	45.076949004300	257.313714830016	142.196983511428	-178.075946031984	-15.955172133256	
0.139655172414	0.141456351836	0.078745533513	0.449396136909	80.992545688593	45.086707935535	257.307195318870	142.193647470589	-178.073025000418	-15.948677694224	
0.140517241379	0.141454469486	0.078761955169	0.449386162913	80.991467926790	45.096110353311	257.301484586743	142.189944740437	-178.070563701040	-15.942222105965	
0.141379310345	0.141454131450	0.078776280580	0.449378886808	80.991274380182	45.104312540637	257.297318564945	142.186412755511	-178.068987218445	-15.936387908213	
0.142241379310	0.141455334760	0.078787374886	0.449375274352	80.991963349338	45.110664719732	257.295250209417	142.183517981402	-178.068596391168	-15.931637351002	
0.143103448276	0.141457984094	0.078794508647	0.449375943553	80.993480257724	45.114749241182	257.295633368737	142.181633079509	-178.069561931065	-15.928283993715	
0.143965517241	0.141461908331	0.078797404198	0.449381158050	80.995727127413	45.116407123720	257.298618991934	142.181020135161	-178.071927424515	-15.926472267229	
0.144827586207	0.141466878904	0.078796253899	0.449390841475	80.998573089155	45.115748506057	257.304163354038	142.181821075924	-178.075620935337	-15.926168393432	
0.145689655172	0.141472628320	0.078791705523	0.449404608647	81.001864986433	45.113144278114	257.312045915183	142.184055411820	-178.080472245034	-15.927164250462	
0.146551724138	0.141478868356	0.078784810509	0.449421812731	81.005437794659	45.109196454961	257.321896321590	142.187625890989	-178.086235222392	-15.929095945486	
0.147413793103	0.141485307106	0.078776936300	0.449441604104	81.009124379030	45.104687981178	257.333228111769	142.192331640729	-178.092612461183	-15.931476221240	
0.148275862069	0.141491664572	0.078769646868	0.449462999161	81.012764423219	45.100514328305	257.345478109974	142.197888277860	-178.099281653074	-15.933739094527	
0.149137931034	0.141497688198	0.078764561140	0.449484953549	81.016213322767	45.097602433245	257.358048360608	142.203953363849	-178.105920807837	-15.935293512899	
0.150000000000	0.141503164099	0.078763203107	0.449506438161	81.019348616169	45.096824875033	257.370349635033	142.210156171606	-178.112232540110	-15.935578654265	
0.150862068966	0.141507923760	0.078766855886	0.449526513883	81.022073817942	45.098916318168	257.381844233032	142.216129154195	-178.117966658320	-15.934117116309	
0.151724137931	0.141511854113	0.078776429881	0.449544390619	81.024324189134	45.104398024576	257.392079774114	142.221536153774	-178.122932082510	-15.930567811439	
0.152586206897	0.141514900855	0.078792367339	0.449559492357	81.026068637919	45.113523209355	257.400726457247	142.226103443492	-178.127016287433	-15.924760970136	
0.153448275862	0.141517071678	0.078814597866	0.449571489731	81.027311569101	45.126251566171	257.407595698855	142.229639118149	-178.130188460143	-15.916713581541	
0.154310344828	0.141518431517	0.078842532751	0.449580312421	81.028090161396	45.142246022738	257.412647236508	142.232044085904	-178.132497210911	-15.906634343723	
0.155172413793	0.141519089307	0.078875099832	0.449586165028	81.028466787123	45.160892699215	257.415998217672	142.233323950337	-178.134071847961	-15.894911119103	
0.156034482759	0.141519188104	0.078910824857	0.449589516229	81.028523354368	45.181347494124	257.417916988344	142.233589726109	-178.135114492536	-15.882080544281	
0.156896551724	0.141518896033	0.078947950141	0.449591056329	81.028356125626	45.202604024804	257.418798791236	142.233045014623	-178.135883269801	-15.868784521160	
0.157758620690	0.141518390950	0.078984570847	0.449591642927	81.028066934196	45.223571652835	257.419134654914	142.231969275030	-178.136673082631	-15.855720580193	
0.158620689655	0.141517843461	0.079018782547	0.449592233844	81.027753462738	45.243159975702	257.419472991481	142.230695083364	-178.137793819290	-15.843587847188	
0.159482758621	0.141517402357	0.079048825311	0.449593810820	81.027500903231	45.260361323925	257.420375908427	142.229580720912	-178.139546731524	-15.833034179693	
0.160344827586	0.141517182491	0.079073210228	0.449597298828	81.027375016221	45.274323202866	257.422373009522	142.228980907790	-178.142200083238	-15.824609241323	
0.161206896552	0.141517254921	0.079090820191	0.449603485064	81.027416487138	45.284406000456	257.425915013667	142.229217509470	-178.145965059599	-15.818726401107	
0.162068965517	0.141517641216	0.079100977932	0.449612946914	81.027637665053	45.290221937910	257.431332510618	142.230552834176	-178.150975216388	-15.815636669067	
0.162931034483	0.141518312169	0.079103477793	0.449625995241	81.028021827275	45.291653263810	257.438803487961	142.233167631946	-178.157270897417	-15.815415758739	
0.163793103448	0.141519191549	0.079098579953	0.449642639237	81.028525326514	45.288848946233	257.448333209019	142.237145766622	-178.164790898662	-15.817964998196	
0.164655172414	0.141520164060	0.079086969674	0.449662575189	81.029082149561	45.282201340240	257.459747779918	142.242466500561	-178.173371605051	-15.823025326131	
0.165517241379	0.141521087519	0.079069686772	0.449685202187	81.029610887299	45.272305805472	257.472703140936	142.249005409416	-178.182754779907	-15.830202685048	
0.166379310345	0.141521807768	0.079048033386	0.449709663905	81.030023274375	45.259907897575	257.486708993556	142.256543599010	-178.192603834529	-15.839001579676	
0.167241379310	0.141522175744	0.079023468022	0.449734914209	81.030233963861	45.245842701318	257.501166360557	142.264784833802	-178.202527729149	-15.848864266609	
0.168103448276	0.141522064390	0.078997495378	0.449759799281	81.030170206788	45.230971749563	257.515414609988	142.273378383289	-178.212109764671	-15.859212005895	
0.168965517241	0.141521384356	0.078971560605	0.449783150216	81.029780844926	45.216122481468	257.528784469959	142.281946279838	-178.220939437523	-15.869485166900	
0.169827586207	0.141520096289	0.078946956660	0.449803876120	81.029043346429	45.202035195204	257.540651337510	142.290111899809	-178.228643871660	-15.879178684727	
0.170689655172	0.141518219300	0.078924750658	0.449821049994	81.027968654020	45.189320880065	257.550484446435	142.297527925259	-178.234916242137	-15.887870860920	
0.171551724138	0.141515833813	0.078905734109	0.449833977997	81.026602814539	45.178432724783	257.557886531005	142.303900555455	-178.239537833872	-15.895243367766	
0.172413793103	0.141513079101	0.078890398507	0.449842247337	81.025025570864	45.169652140522	257.562621241886	142.309008765199	-178.242392328355	-15.901091989935	
0.173275862069	0.141510144700	0.078878936335	0.449845747498	81.023345443709	45.163089335014	257.564625301561	142.312716351632	-178.243470530495	-15.905327730460	
0.174137931034	0.141507257194	0.078871264121	0.449844665057	81.021692167565	45.158696516289	257.564005536890	142.314976888325	-178.242865882445	-15.907969659473	
0.175000000000	0.141504662619	0.078867063423	0.449839452576	81.020206612075	45.156291355908	257.561021067403	142.315830811275	-178.240761046716	-15.909130753170	
0.175862068966	0.141502606903	0.078865833415	0.449830777480	81.019029587054	45.155587099800	257.556054036259	142.315396329859	-178.237408013943	-15.908999212126	
0.176724137931	0.141501315164	0.078866949163	0.449819455961	81.018289986103	45.156225934802	257.549571763586	142.313854698399	-178.233103561861	-15.907817198268	
0.177586206897	0.141500972692	0.078869718886	0.449806380776	81.018093899668	45.157811773145	257.542085408586	142.311432547271	-178.228163473600	-15.905859691640	
0.178448275862	0.141501708394	0.078873435240	0.449792449452	81.018515134758	45.159939616412	257.534108860074	142.308382439049	-178.222897776313	-15.903415060711	
0.179310344828	0.141503583228	0.078877416281	0.449778501207	81.019588593895	45.162219010017	257.526122624047	142.304964461165	-178.217590056182	-15.900769177987	
0.180172413793	0.141506583706	0.078881034241	0.449765266931	81.021306553516	45.164290516616	257.518545179126	142.301429689358	-178.212482119902	-15.898193557289	
0.181034482759	0.141510622107	0.078883731437	0.449753336816	81.023618789314	45.165834829074	257.511714447263	142.298007555162	-178.207765534652	-15.895938004067	
0.181896551724	0.141515542358	0.078885025007	0.449743145668	81.026435938237	45.166575478079	257.505879382008	142.294896977223	-178.203579614502	-15.894226965311	
0.182758620690	0.141521132105	0.078884503011	0.449734975834	81.029636415581	45.166276602861	257.501201645043	142.292262112796	-178.200015604001	-15.893258916811	
0.183620689655	0.141527138829	0.078881815826	0.449728973690	81.033075638153	45.164738022322	257.497765044674	142.290231527797	-178.197125129749	-15.893207193125	
0.184482758621	0.141533289665	0.078876666692	0.449725176279	81.036597373882	45.161789823626	257.495590791172	142.288900665600	-178.194931497275	-15.894221173402	
0.185344827586	0.141539312058	0.078868805324	0.449723542195	81.040045567410	45.157288702409	257.494655176495	142.288335805642	-178.193441368805	-15.896426281768	
0.186206896552	0.141544954615	0.078858027445	0.449723982666	81.043276281893	45.151117697402	257.494907373805	142.288579046232	-178.192655353585	-15.899922137859	
0.187068965517	0.141550005224	0.078844182074	0.449726387846	81.046168069038	45.143190362621	257.496284488514	142.289652580315	-178.192575632064	-15.904778113189	
0.187931034483	0.141554306124	0.078827186827	0.449730646164	81.048630601783	45.133459528268	257.498722639835	142.291562128569	-178.193210074918	-15.911026600194	
0.188793103448	0.141557763541	0.078807050055	0.449736654525	81.050610187342	45.121929975986	257.502162799554	142.294298413538	-178.194572251578	-15.918654324774	
0.189655172414	0.141560352407	0.078783897285	0.449744320178	81.052092474126	45.108673577270	257.506551862045	142.297837244847	-178.196678044288	-15.927592987167	
0.190517241379	0.141562114672	0.078757998359	0.449753554935	81.053101479907	45.093844833776	257.511839333760	142.302137842414	-178.199539469324	-15.937710351754	
0.191379310345	0.141563152752	0.078729791157	0.449764264841	81.053695845319	45.077694459244	257.517971420218	142.307140609238	-178.203157274547	-15.948803538022	
0.192241379310	0.141563617534	0.078699897602	0.449776337496	81.053961962201	45.060578542689	257.524883764744	142.312764436759	-178.207513446146	-15.960595740001	
0.193103448276	0.141563693381	0.078669128217	0.449789630661	81.054005388804	45.042961158557	257.532494927462	142.318905003055	-178.212565242290	-15.972737841513	
0.193965517241	0.141563580150	0.078638472287	0.449803963972	81.053940557108	45.025408735034	257.540701638160	142.325434105979	-178.218241573312	-15.984815516177	
0.194827586207	0.141563475186	0.078609072135	0.449819116250	81.053880459109	45.008575322600	257.549377258232	142.332201276091	-178.224442665895	-15.996362361750	
0.195689655172	0.141563555409	0.078582181372	0.449834828509	81.053926391809	44.993178690468	257.558373502256	142.339037242390	-178.231042972214	-16.006878544502	
0.196551724138	0.141563962404	0.078559108775	0.449850813258	81.054159421173	44.979968196103	257.567525763352	142.345759991075	-178.237897299494	-16.015854341977	
0.197413793103	0.141564790267	0.078541150820	0.449866768254	81.054633424172	44.969686151652	257.576660989678	142.352182355799	-178.244849235224	-16.022796939706	
0.198275862069	0.141566078594	0.078529517298	0.449882393795	81.055371071726	44.963025237942	257.585607581901	142.358121383954	-178.251741124189	-16.027258946093	
0.199137931034	0.141567809589	0.078525255252	0.449897410557	81.056362174017	44.960584951960	257.594205611102	142.363407916930	-178.258424212185	-16.028866302901	
0.200000000000	0.141569910896	0.078529177033	0.449911576666	81.057565302754	44.962830415407	257.602316587776	142.367896397674	-178.264768054949	-16.027343742517	
0.200862068966	0.141572262263	0.078541798109	0.449924701074	81.058911606181	44.970056765053	257.609831126528	142.371473174669	-178.270667939780	-16.022535498289	
0.201724137931	0.141574706874	0.078563289804	0.449936652682	81.060311297480	44.982362094657	257.616674164529	142.374063453950	-178.276049825936	-16.014419844641	
0.202586206897	0.141577064746	0.078593451037	0.449947363327	81.061661325946	44.999631273906	257.622806673577	142.375635357681	-178.280872132699	-16.003115901487	
0.203448275862	0.141579148568	0.078631701837	0.449956825449	81.062854443408	45.021532231879	257.628224326235	142.376201682946	-178.285124590744	-15.988882301224	
0.204310344828	0.141580779048	0.078677099668	0.449965083939	81.063787994314	45.047525309671	257.632952824646	142.375818240010	-178.288824185425	-15.972107322365	
0.205172413793	0.141581800123	0.078728377994	0.449972224281	81.064372623068	45.076885335432	257.637041113833	142.374579926587	-178.292009059332	-15.953291355401	
0.206034482759	0.141582091242	0.078784004684	0.449978357468	81.064539306702	45.108735069950	257.640552743815	142.372613867380	-178.294730889846	-15.933022511739	
0.206896551724	0.141581577445	0.078842256492	0.449983604500	81.064245126411	45.142087847519	257.643556995610	142.370071248388	-178.297046926102	-15.911947331228	
0.207758620690	0.141580234959	0.078901304558	0.449988081145	81.063476469935	45.175896531894	257.646120152923	142.367117467666	-178.299012290225	-15.890738237676	
0.208620689655	0.141578093653	0.078959305195	0.449991885619	81.062250439160	45.209105498235	257.648298450472	142.363922462478	-178.300673628049	-15.870060257838	
0.209482758621	0.141575234719	0.079014489881	0.449995089311	81.060613521644	45.240702157708	257.650132763184	142.360650867187	-178.302064419200	-15.850538860872	
0.210344827586	0.141571785568	0.079065248612	0.449997732428	81.058638668587	45.269764683589	257.651646112046	142.357453800891	-178.303202621109	-15.832731304036	
0.211206896552	0.141567910853	0.079110201390	0.449999823690	81.056420153927	45.295502940372	257.652843489114	142.354461722121	-178.304090456544	-15.817102875858	
0.212068965517	0.141563802061	0.079148253697	0.450001344923	81.054067615383	45.317290248995	257.653714489805	142.351779857089	-178.304716510153	-15.804009685224	
0.212931034483	0.141559664884	0.079178633095	0.450002258749	81.051698824467	45.334684340777	257.654237711898	142.349485274560	-178.305059471587	-15.793688439385	
0.213793103448	0.141555706971	0.079200905630	0.450002519387	81.049432673221	45.347436750517	257.654386943263	142.347626722159	-178.305093303029	-15.786253792740	
0.214655172414	0.141552125268	0.079214972162	0.450002084231	81.047381926257	45.355490713601	257.654137789115	142.346225930627	-178.304792906909	-15.781702619277	
0.215517241379	0.141549095416	0.079221046246	0.450000925916	81.045647147838	45.358968503794	257.653474582116	142.345281158082	-178.304139939510	-15.779924762892	
0.216379310345	0.141546762167	0.079219616293	0.449999042567	81.044311217491	45.358149766913	257.652396247612	142.344771441010	-178.303127868016	-15.780718744127	
0.217241379310	0.141545232967	0.079211395763	0.449996466173	81.043435655683	45.353443002821	257.650921102431	142.344662137148	-178.301766049161	-15.783811306573	
0.218103448276	0.141544573323	0.079197265545	0.449993267324	81.043057968448	45.345352575569	257.649089562708	142.344910179648	-178.300082180752	-15.788878870045	
0.218965517241	0.141544805682	0.079178213042	0.449989556855	81.043191008539	45.334443834351	257.646965088693	142.345469629690	-178.298123207430	-15.795569620315	
0.219827586207	0.141545910103	0.079155272103	0.449985483392	81.043823358104	45.321308722434	257.644632777992	142.346296080494	-178.295954386664	-15.803524415654	
0.220689655172	0.141547828104	0.079129467690	0.449981228040	81.044921532721	45.306534093434	257.642196324798	142.347350646852	-178.293656920821	-15.812395571131	
0.221551724138	0.141550467689	0.079101768204	0.449976995872	81.046432859088	45.290674417618	257.639773145637	142.348602333343	-178.291324169734	-15.821862219295	
0.222413793103	0.141553710716	0.079073047783	0.449973005931	81.048289693165	45.274230193295	257.637488656924	142.350029720324	-178.289057065653	-15.831641938714	
0.223275862069	0.141557420465	0.079044059667	0.449969479767	81.050413754950	45.257632696642	257.635469709002	142.351621007989	-178.286958901304	-15.841498043150	
0.224137931034	0.141561450484	0.079015421063	0.449966630311	81.052721190991	45.241235317512	257.633838218244	142.353373530885	-178.285130155349	-15.851242905124	
0.225000000000	0.141565652565	0.078987608839	0.449964651070	81.055127143556	45.225311091880	257.632704980273	142.355291957645	-178.283663505599	-15.860737335218	
0.225862068966	0.141569884964	0.078960964925	0.449963707212	81.057550454979	45.210055796971	257.632164562737	142.357386374890	-178.282639579582	-15.869886912997	
0.226724137931	0.141574018842	0.078935709530	0.449963928159	81.059917356963	45.195595514796	257.632291068808	142.359669536627	-178.282123445098	-15.878635683442	
0.227586206897	0.141577944165	0.078911960194	0.449965402853	81.062164847848	45.181997545158	257.633135422284	142.362154471129	-178.282162196951	-15.886958360897	
0.228448275862	0.141581573253	0.078889754331	0.449968176869	81.064242725941	45.169283309912	257.634723719167	142.364851700572	-178.282783457927	-15.894851553975	
0.229310344828	0.141584843405	0.078869073204	0.449972252143	81.066115091009	45.157442080367	257.637057066523	142.367767196161	-178.283994971299	-15.902325119838	
0.230172413793	0.141587717033	0.078849865208	0.449977588157	81.067760421840	45.146444309759	257.640112265736	142.370900247379	-178.285784966140	-15.909394009755	
0.231034482759	0.141590180932	0.078832066927	0.449984105132	81.069171156859	45.136253688738	257.643843638515	142.374242284024	-178.288123372853	-15.916071482729	
0.231896551724	0.141592243347	0.078815620534	0.449991687966	81.070352017809	45.126837107520	257.648185282267	142.377775746233	-178.290963520289	-15.922363750821	
0.232758620690	0.141593930635	0.078800486790	0.450000191457	81.071318094550	45.118172099099	257.653054058862	142.381473977096	-178.294244384024	-15.928266616721	
0.233620689655	0.141595282336	0.078786653074	0.450009445611	81.072092027564	45.110251437753	257.658352636375	142.385301168762	-178.297893040179	-15.933763837883	
0.234482758621	0.141596346537	0.078774136519	0.450019261731	81.072701348862	45.103084932547	257.663972974977	142.389213302594	-178.301827442597	-15.938827480770	
0.235344827586	0.141597174415	0.078762982436	0.450029438223	81.073175360109	45.096698527389	257.669799648132	142.393159071217	-178.305959224772	-15.943419727927	
0.236206896552	0.141597815798	0.078753258741	0.450039766946	81.073542591656	45.091131108115	257.675713483771	142.397081709690	-178.310196696279	-15.947496191378	
0.237068965517	0.141598314630	0.078745047094	0.450050039143	81.073828203806	45.086429430344	257.681594954501	142.400920688069	-178.314447756866	-15.951010026010	
0.237931034483	0.141598706022	0.078738431813	0.450060051832	81.074052300525	45.082641770892	257.687327840755	142.404614182872	-178.318622913659	-15.953916799560	
0.238793103448	0.141599013680	0.078733487521	0.450069613635	81.074228453858	45.079810857030	257.692802566412	142.408101241056	-178.322638101909	-15.956179355933	
0.239655172414	0.141599249192	0.078730266667	0.450078550897	81.074363298619	45.077966717924	257.697919704127	142.411324539364	-178.326417471900	-15.957772637721	
0.240517241379	0.141599411814	0.078728787848	0.450086712924	81.074456410310	45.077120002343	257.702592971434	142.414232612342	-178.329895793389	-15.958687744632	
0.241379310345	0.141599490053	0.078729025918	0.450093977095	81.074501206531	45.077256312330	257.706752160330	142.416782437958	-178.333020609480	-15.958935286838	
0.242241379310	0.141599463508	0.078730904588	0.450100252554	81.074486007948	45.078331967296	257.710345250134	142.418941228423	-178.335753757279	-15.958547421099	
0.243103448276	0.141599306129	0.078734292144	0.450105483213	81.074395898752	45.080271553737	257.713340127461	142.420688319931	-178.338072393412	-15.957578776884	
0.243965517241	0.141598989274	0.078739000649	0.450109648752	81.074214479677	45.082967465080	257.715725157416	142.422016016835	-178.339969160500	-15.956105813376	
0.244827586207	0.141598485598	0.078744788788	0.450112764455	81.073926094026	45.086281534125	257.717509090945	142.422930322778	-178.341451700939	-15.954224987708	
0.245689655172	0.141597772191	0.078751368305	0.450114878725	81.073517624004	45.090048716000	257.718719641308	142.423450468788	-178.342541238218	-15.952049439076	
0.246551724138	0.141596833959	0.078758413731	0.450116069361	81.072980427683	45.094082660336	257.719401354535	142.423608244233	-178.343270552138	-15.949704734930	
0.247413793103	0.141595665769	0.078765574940	0.450116437722	81.072311566543	45.098182896636	257.719612264184	142.423446133167	-178.343681189810	-15.947323525739	
0.248275862069	0.141594274407	0.078772491832	0.450116102148	81.071514925727	45.102143246977	257.719420127044	142.423015353283	-178.343820368323	-15.945039780481	
0.249137931034	0.141592679019	0.078778810398	0.450115190041	81.070601466784	45.105761018779	257.718897889074	142.422372904073	-178.343737515846	-15.942982539142	
0.250000000000	0.141590911184	0.078784199222	0.450113830217	81.069589271601	45.108846454740	257.718119305644	142.421578797769	-178.343480988478	-15.941269912498	
0.250862068966	0.141589013486	0.078788365531	0.450112145062	81.068502721469	45.111231925372	257.717154449876	142.420692659771	-178.343094943831	-15.940003280993	
0.251724137931	0.141587037818	0.078791069862	0.450110244134	81.067371529017	45.112780323001	257.716066050593	142.419770900757	-178.342616897794	-15.939262400091	
0.252586206897	0.141585042459	0.078792138526	0.450108218689	81.066229061787	45.113392199524	257.714906357340	142.418863674937	-178.342075884411	-15.939101299814	
0.253448275862	0.141583089222	0.078791473118	0.450106138568	81.065110712574	45.113011212036	257.713715358696	142.418012787953	-178.341491635609	-15.939545587126	
0.254310344828	0.141581239831	0.078789056570	0.450104050653	81.064051821105	45.111627588045	257.712519897915	142.417249734672	-178.340874558391	-15.940590911822	
0.255172413793	0.141579552820	0.078784955333	0.450101979969	81.063085903018	45.109279375580	257.711334302461	142.416594930920	-178.340226758257	-15.942203056188	
0.256034482759	0.141578080163	0.078779317614	0.450099932254	81.062242715034	45.106051430942	257.710161858823	142.416057237875	-178.339543716094	-15.944319251826	
0.256896551724	0.141576864849	0.078772367665	0.450097898699	81.061546872585	45.102072153879	257.708997522249	142.415634709940	-178.338816704850	-15.946851025389	
0.257758620690	0.141575938593	0.078764396516	0.450095861344	81.061016533584	45.097508175724	257.707831010041	142.415315571228	-178.338035425649	-15.949688030091	
0.258620689655	0.141575320769	0.078755749524	0.450093799563	81.060662790652	45.092557236205	257.706650512049	142.415080224284	-178.337190858313	-15.952703035061	
0.259482758621	0.141575017664	0.078746811496	0.450091695998	81.060489244350	45.087439659818	257.705446090497	142.414903228056	-178.336277773628	-15.955757428444	
0.260344827586	0.141575023017	0.078737990027	0.450089542322	81.060492309459	45.082388821388	257.704212977426	142.414755964802	-178.335296918555	-15.958707333935	
0.261206896552	0.141575318827	0.078729698010	0.450087343308	81.060661678980	45.077641126854	257.702953905197	142.414608917827	-178.334256399440	-15.961409659681	
0.262068965517	0.141575877255	0.078722336057	0.450085119765	81.060981413473	45.073425951276	257.701680788749	142.414434257797	-178.333172389582	-15.963728173282	
0.262931034483	0.141576662556	0.078716275785	0.450082909144	81.061431047325	45.069956069416	257.700415071344	142.414207703525	-178.332068841081	-15.965538948219	
0.263793103448	0.141577633756	0.078711844647	0.450080764711	81.061987119373	45.067418967345	257.699187249932	142.413910391514	-178.330976492978	-15.966735328065	
0.264655172414	0.141578746993	0.078709313073	0.450078752457	81.062624516975	45.065969484446	257.698035109659	142.413529807616	-178.329931024738	-15.967231827572	
0.265517241379	0.141579958214	0.078708884388	0.450076947018	81.063318016082	45.065724035734	257.697001383495	142.413060586223	-178.328970793526	-15.966967207912	
0.266379310345	0.141581225190	0.078710687989	0.450075426062	81.064043438478	45.066756708893	257.696130542207	142.412504332367	-178.328134122212	-15.965906245323	
0.267241379310	0.141582509557	0.078714775908	0.450074264636	81.064778818341	45.069097296810	257.695465553705	142.411869346462	-178.327456646377	-15.964040536172	
0.268103448276	0.141583777963	0.078721122952	0.450073529051	81.065505059477	45.072731373181	257.695044385127	142.411169491972	-178.326968710288	-15.961387962794	
0.268965517241	0.141585003066	0.078729630143	0.450073271798	81.066206507169	45.077602268392	257.694897091999	142.410423136765	-178.326693291365	-15.957991265977	
0.269827586207	0.141586163606	0.078740131369	0.450073527003	81.066870988234	45.083614872730	257.695043212701	142.409651456275	-178.326644370567	-15.953915440763	
0.270689655172	0.141587244347	0.078752402649	0.450074307695	81.067489779730	45.090640942465	257.695490207509	142.408877042141	-178.326826119196	-15.949244487797	
0.271551724138	0.141588235236	0.078766173647	0.450075604162	81.068057125056	45.098525693614	257.696232515105	142.408122111025	-178.327232688169	-15.944077306060	
0.272413793103	0.141589130606	0.078781140645	0.450077384384	81.068569780167	45.107095229651	257.697251803052	142.407407234605	-178.327848831800	-15.938523318326	
0.273275862069	0.141589927852	0.078796980467	0.450079595518	81.069026252685	45.116164511103	257.698517814457	142.406749859622	-178.328651018894	-15.932697652733	
0.274137931034	0.141590626396	0.078813364448	0.450082167152	81.069426212560	45.125545357653	257.699990234598	142.406163494245	-178.329609151616	-15.926716496284	
0.275000000000	0.141591226401	0.078829971968	0.450085015080	81.069769752780	45.135054194435	257.701620850090	142.405656788593	-178.330688461301	-15.920692443821	
0.275862068966	0.141591727997	0.078846502693	0.450088046172	81.070056947762	45.144519061258	257.703356338640	142.405233336358	-178.331851657349	-15.914730442869	
0.276724137931	0.141592130452	0.078862687174	0.450091162997	81.070287378031	45.153785681705	257.705140914293	142.404891385933	-178.333060889591	-15.908924117805	
0.277586206897	0.141592431976	0.078878295147	0.450094268780	81.070460019384	45.162722215356	257.706919168071	142.404624246698	-178.334279630336	-15.903353019945	
0.278448275862	0.141592629548	0.078893141441	0.450097271422	81.070573141414	45.171222640414	257.708638367079	142.404420553072	-178.335474094628	-15.898080511274	
0.279310344828	0.141592719351	0.078907089107	0.450100087289	81.070624559645	45.179208545322	257.710250625948	142.404265144560	-178.336614387309	-15.893152744558	
0.280172413793	0.141592697178	0.078920049996	0.450102643660	81.070611863924	45.186629459471	257.711714306881	142.404139715282	-178.337675086041	-15.888598350501	
0.281034482759	0.141592559303	0.078931982690	0.450104880725	81.070532922120	45.193461667789	257.712995165893	142.404023976764	-178.338635542206	-15.884429198885	
0.281896551724	0.141592303179	0.078942888308	0.450106752208	81.070386275112	45.199705811251	257.714066705845	142.403896493121	-178.339479692225	-15.880641747660	
0.282758620690	0.141591928407	0.078952804336	0.450108225647	81.070171694654	45.205383352723	257.714910341471	142.403735925897	-178.340195726313	-15.877219262348	
0.283620689655	0.141591437349	0.078961797207	0.450109281550	81.069890533576	45.210532329938	257.715514911032	142.403521862791	-178.340775451066	-15.874134346480	
0.284482758621	0.141590835843	0.078969953900	0.450109912523	81.069546133875	45.215202542973	257.715876182316	142.403235965167	-178.341213709974	-15.871352014862	
0.285344827586	0.141590133420	0.078977373352	0.450110121637	81.069143953149	45.219450640325	257.715995913250	142.402862629047	-178.341507693783	-15.868832718287	
0.286206896552	0.141589343516	0.078984157939	0.450109921121	81.068691684317	45.223335237778	257.715881105440	142.402389892927	-178.341656475611	-15.866535546512	
0.287068965517	0.141588483148	0.078990405749	0.450109330596	81.068199070133	45.226912496628	257.715542992862	142.401809811446	-178.341660561446	-15.864421033953	
0.287931034483	0.141587572561	0.078996203748	0.450108375883	81.067677702568	45.230232211270	257.714996360549	142.401119027300	-178.341521738175	-15.862453833599	
0.288793103448	0.141586634403	0.079001622420	0.450107087527	81.067140548716	45.233334737256	257.714258696734	142.400318788148	-178.341242957843	-15.860604737785	
0.289655172414	0.141585692942	0.079006711733	0.450105499965	81.066601504104	45.236248684933	257.713349718742	142.399415140195	-178.340828487735	-15.858852379744	
0.290517241379	0.141584772941	0.079011498825	0.450103650430	81.066074746233	45.238989592626	257.712290745429	142.398418576604	-178.340284030460	-15.857184167212	
0.291379310345	0.141583898698	0.079015987049	0.450101578460	81.065574187830	45.241559379579	257.711104413791	142.397343870822	-178.339617012514	-15.855596856552	
0.292241379310	0.141583092903	0.079020156575	0.450099325063	81.065112820340	45.243946691956	257.709814204293	142.396209405758	-178.338836739942	-15.854096386839	
0.293103448276	0.141582375796	0.079023966045	0.450096932396	81.064702232087	45.246127850430	257.708444253678	142.395036724657	-178.337954617966	-15.852697441296	
0.293965517241	0.141581764271	0.079027355382	0.450094443028	81.064352095628	45.248068456124	257.707018935693	142.393849644671	-178.336984155602	-15.851422400666	
0.294827586207	0.141581271377	0.079030249158	0.450091899642	81.064069883296	45.249725322763	257.705562689299	142.392673649399	-178.335940971830	-15.850300185814	
0.295689655172	0.141580905855	0.079032560635	0.450089344310	81.063860599423	45.251048786718	257.704099603564	142.391534924242	-178.334842561128	-15.849364668151	
0.296551724138	0.141580672096	0.079034195887	0.450086818195	81.063726758049	45.251985070210	257.702653245604	142.390459733290	-178.333708059946	-15.848653145283	
0.297413793103	0.141580570147	0.079035058177	0.450084360859	81.063668385581	45.252478784735	257.701246267874	142.389473515381	-178.332557805740	-15.848204547632	
0.298275862069	0.141580596104	0.079035052068	0.450082010042	81.063683247879	45.252475286896	257.699900279675	142.388600371771	-178.331412945002	-15.848057852427	
0.299137931034	0.141580742512	0.079034087525	0.450079801118	81.063767075089	45.251923025965	257.698635533122	142.387862328323	-178.330294899996	-15.848250344176	
0.300000000000	0.141580999053	0.079032083569	0.450077767032	81.063913960912	45.250775636918	257.697470892451	142.387279012758	-178.329224946971	-15.848816170812	
0.300862068966	0.141581353162	0.079028971814	0.450075937961	81.064116710301	45.248993963932	257.696423635816	142.386867130046	-178.328223715553	-15.849784808154	
0.301724137931	0.141581790823	0.079024699490	0.450074341444	81.064367298370	45.246547793285	257.695509531102	142.386640344209	-178.327310841742	-15.851179861836	
0.302586206897	0.141582297189	0.079019232329	0.450073002193	81.064657224285	45.243417504027	257.694742726755	142.386608950562	-178.326504572377	-15.853017804100	
0.303448275862	0.141582857292	0.079012556917	0.450071942301	81.064977918129	45.239595416050	257.694135872292	142.386779919949	-178.325821527997	-15.855307067972	
0.304310344828	0.141583456499	0.079004682883	0.450071181044	81.065321001267	45.235087042843	257.693700005489	142.387156705663	-178.325276408873	-15.858047094609	
0.305172413793	0.141584080990	0.078995644503	0.450070734979	81.065678561405	45.229912008570	257.693444605670	142.387739377731	-178.324881831287	-15.861227762967	
0.306034482759	0.141584717955	0.078985502047	0.450070617535	81.066043263505	45.224104822747	257.693377361521	142.388524490504	-178.324648076856	-15.864828803546	
0.306896551724	0.141585355792	0.078974342422	0.450070838810	81.066408464552	45.217715244790	257.693504055517	142.389505242265	-178.324582935139	-15.868819637655	
0.307758620690	0.141585984038	0.078962279409	0.450071404837	81.066768174302	45.210808420457	257.693828140784	142.390671354828	-178.324691433981	-15.873159249602	
0.308620689655	0.141586593336	0.078949453003	0.450072317034	81.067117035537	45.203464506532	257.694350430632	142.392009233580	-178.324975645340	-15.877796539503	
0.309482758621	0.141587175191	0.078936028196	0.450073571191	81.067450183322	45.195777970950	257.695068513142	142.393501860884	-178.325434382404	-15.882670761332	
0.310344827586	0.141587721811	0.078922192703	0.450075156731	81.067763157619	45.187856291828	257.695976333513	142.395128985979	-178.326062990070	-15.887712487255	
0.311206896552	0.141588225829	0.078908154017	0.450077055662	81.068051738820	45.179818272725	257.697063589364	142.396867086262	-178.326853067068	-15.892844685532	
0.312068965517	0.141588680166	0.078894135375	0.450079241985	81.068311874919	45.171791729525	257.698315394774	142.398689660348	-178.327792332617	-15.897984332530	
0.312931034483	0.141589077847	0.078880371085	0.450081680987	81.068539571988	45.163910818559	257.699711874825	142.400567340901	-178.328864489479	-15.903044115572	
0.313793103448	0.141589412015	0.078867100893	0.450084329197	81.068730904139	45.156312809722	257.701228139644	142.402468375793	-178.330049295092	-15.907934617084	
0.314655172414	0.141589675928	0.078854563960	0.450087134403	81.068882010620	45.149134636774	257.702834294164	142.404358967435	-178.331322692106	-15.912566500088	
0.315517241379	0.141589863172	0.078842992187	0.450090036463	81.068989219521	45.142509078216	257.704495903714	142.406203997242	-178.332657193781	-15.916853054657	
0.316379310345	0.141589967858	0.078832603580	0.450092968273	81.069049158603	45.136560955898	257.706174546971	142.407967617991	-178.334022361627	-15.920712593460	
0.317241379310	0.141589985004	0.078823595445	0.450095857541	81.069058975705	45.131403239170	257.707828832357	142.409614213129	-178.335385543638	-15.924071034282	
0.318103448276	0.141589910860	0.078816138148	0.450098628669	81.069016523765	45.127133473280	257.709415475458	142.411109194942	-178.336712689099	-15.926864139816	
0.318965517241	0.141589743359	0.078810369257	0.450101205319	81.068920619347	45.123830424794	257.710890767618	142.412420112680	-178.337969378927	-15.929039748748	
0.319827586207	0.141589482444	0.078806388792	0.450103512907	81.068771229155	45.121551361453	257.712212004668	142.413517535202	-178.339121868645	-15.930559470633	
0.320689655172	0.141589130444	0.078804255343	0.450105481542	81.068569687120	45.120329829562	257.713339170449	142.414376157258	-178.340138259409	-15.931400195883	
0.321551724138	0.141588692263	0.078803983724	0.450107048640	81.068318801387	45.120174311164	257.714236431421	142.414975595256	-178.340989585551	-15.931554916031	
0.322413793103	0.141588175558	0.078805543822	0.450108161690	81.068022955436	45.121067564054	257.714873721716	142.415301310695	-178.341650922827	-15.931033241821	
0.323275862069	0.141587590674	0.078808861195	0.450108780420	81.067688073396	45.122966965729	257.715227983261	142.415345139714	-178.342102311017	-15.929861152624	
0.324137931034	0.141586950546	0.078813818946	0.450108878860	81.067321560231	45.125805586063	257.715284346022	142.415105867334	-178.342329597577	-15.928080412671	
0.325000000000	0.141586270342	0.078820261306	0.450108446581	81.066932101267	45.129494237547	257.715036839739	142.414589347862	-178.342325012585	-15.925747233091	
0.325862068966	0.141585567080	0.078827998301	0.450107489661	81.066529439912	45.133924147452	257.714488943666	142.413808619248	-178.342087595179	-15.922930664304	
0.326724137931	0.141584859020	0.078836811820	0.450106030710	81.066124031949	45.138970434246	257.713653603712	142.412783542411	-178.341623305265	-15.919710340543	
0.327586206897	0.141584165070	0.078846462357	0.450104108557	81.065726702140	45.144495966020	257.712553051256	142.411540426287	-178.340944958408	-15.916174102207	
0.328448275862	0.141583504023	0.078856696656	0.450101777005	81.065348211789	45.150355737659	257.711218093281	142.410111200337	-178.340071843314	-15.912415147488	
0.329310344828	0.141582893877	0.078867255451	0.450099103304	81.064998865420	45.156401303837	257.709687233390	142.408532606999	-178.339029175296	-15.908529264956	
0.330172413793	0.141582351063	0.078877881521	0.450096165797	81.064688070578	45.162485388861	257.708005327966	142.406845002300	-178.337847268455	-15.904611810117	
0.331034482759	0.141581889813	0.078888327223	0.450093051422	81.064423976265	45.168466201522	257.706222155305	142.405091244278	-178.336560590744	-15.900754983808	
0.331896551724	0.141581521517	0.078898361752	0.450089852593	81.064213103936	45.174211592463	257.704390626769	142.403315276313	-178.335206602359	-15.897045067399	
0.332758620690	0.141581254272	0.078907777345	0.450086664118	81.064060089929	45.179602604130	257.702565026671	142.401560885110	-178.333824547314	-15.893560159679	
0.333620689655	0.141581092472	0.078916394734	0.450083579732	81.063967449199	45.184536594565	257.700799024415	142.399870250967	-178.332454110328	-15.890368044902	
0.334482758621	0.141581036620	0.078924067152	0.450080688906	81.063935470446	45.188929530261	257.699143846913	142.398282763730	-178.331134110297	-15.887524709348	
0.335344827586	0.141581083211	0.078930683310	0.450078073492	81.063962146478	45.192717691569	257.697646360239	142.396833724428	-178.329901149613	-15.885073097944	
0.336206896552	0.141581224846	0.078936168744	0.450075804887	81.064043241195	45.195858443417	257.696347442639	142.395553394012	-178.328788387351	-15.883042592792	
0.337068965517	0.141581450409	0.078940486075	0.450073941251	81.064172390574	45.198330383229	257.695280395417	142.394466005312	-178.327824358332	-15.881448762254	
0.337931034483	0.141581745472	0.078943633669	0.450072525452	81.064341332000	45.200132576695	257.694469762898	142.393589184407	-178.327031999560	-15.880293825899	
0.338793103448	0.141582092722	0.078945643373	0.450071583258	81.064540154220	45.201283256706	257.693930297845	142.392933388757	-178.326427803649	-15.879567343459	
0.339655172414	0.141582472598	0.078946576873	0.450071122395	81.064757656896	45.201817743830	257.693666425433	142.392501790393	-178.326021248573	-15.879247542370	
0.340517241379	0.141582863912	0.078946521455	0.450071132000	81.064981708670	45.201786013258	257.693671924919	142.392290200232	-178.325814415953	-15.879302758811	
0.341379310345	0.141583244623	0.078945584759	0.450071583012	81.065199689296	45.201249696518	257.693930157328	142.392287443191	-178.325801929504	-15.879693387163	
0.342241379310	0.141583592558	0.078943889356	0.450072428992	81.065398903405	45.200278973140	257.694414533271	142.392475766073	-178.325971111469	-15.880373791476	
0.343103448276	0.141583886230	0.078941566774	0.450073607879	81.065567049201	45.198949150729	257.695089519309	142.392831670606	-178.326302466940	-15.881294565628	
0.343965517241	0.141584105561	0.078938751789	0.450075044102	81.065692629617	45.197337397232	257.695911846107	142.393326738711	-178.326770374293	-15.882404588380	
0.344827586207	0.141584232638	0.078935576618	0.450076651508	81.065765389269	45.195519414261	257.696832186162	142.393928826823	-178.327344067568	-15.883653264739	
0.345689655172	0.141584252332	0.078932165794	0.450078336472	81.065776665120	45.193566505879	257.697796932429	142.394603183366	-178.327988768373	-15.884992402961	
0.346551724138	0.141584152903	0.078928631328	0.450080001595	81.065719736126	45.191542804722	257.698750318611	142.395313853592	-178.328667030598	-15.886378135502	
0.347413793103	0.141583926423	0.078925068887	0.450081549323	81.065590061830	45.189503085978	257.699636489217	142.396024918044	-178.329340139651	-15.887772346087	
0.348275862069	0.141583569146	0.078921554521	0.450082885864	81.065385498539	45.187490893105	257.700401742121	142.396701921365	-178.329969613122	-15.889144035073	
0.349137931034	0.141583081667	0.078918142628	0.450083924703	81.065106386561	45.185537372711	257.700996541989	142.397313035622	-178.330518637542	-15.890470104935	
0.350000000000	0.141582469011	0.078914864599	0.450084590106	81.064755602981	45.183660497424	257.701377526483	142.397830316080	-178.330953483185	-15.891736027881	
0.350862068966	0.141581740487	0.078911728766	0.450084819923	81.064338477929	45.181865038088	257.701509110919	142.398230599002	-178.331244736234	-15.892935898536	
0.351724137931	0.141580909481	0.078908721022	0.450084568107	81.063862675617	45.180142918219	257.701364930423	142.398496408313	-178.331368397997	-15.894072365299	
0.352586206897	0.141579993020	0.078905806681	0.450083806303	81.063337944611	45.178474276867	257.700928750094	142.398616434464	-178.331306706898	-15.895155965204	
0.353448275862	0.141579011293	0.078902932851	0.450082524982	81.062775844873	45.176828830952	257.700195114632	142.398585968496	-178.331048751524	-15.896204384550	
0.354310344828	0.141577986981	0.078900031861	0.450080733546	81.062189362789	45.175167833935	257.699169406347	142.398406875077	-178.330590756333	-15.897241189330	
0.355172413793	0.141576944587	0.078897024946	0.450078459935	81.061592527166	45.173446188237	257.697867622656	142.398087507018	-178.329936132317	-15.898294571610	
0.356034482759	0.141575909616	0.078893826691	0.450075749247	81.060999942285	45.171614988484	257.696315585257	142.397642169136	-178.329095203669	-15.899395669004	
0.356896551724	0.141574907825	0.078890349413	0.450072661976	81.060426354672	45.169624031038	257.694547930913	142.397090553850	-178.328084726847	-15.900577020312	
0.357758620690	0.141573964376	0.078886507959	0.450069271431	81.059886171370	45.167424559940	257.692606633727	142.396456778700	-178.326927139191	-15.901870719033	
0.358620689655	0.141573103117	0.078882224085	0.450065660999	81.059393047190	45.164971776406	257.690539437134	142.395768463699	-178.325649671279	-15.903306836046	
0.359482758621	0.141572345836	0.078877430916	0.450061920852	81.058959457067	45.162227389288	257.688397970429	142.395055496246	-178.324283278255	-15.904911668483	
0.360344827586	0.141571711689	0.078872076651	0.450058144787	81.058596368220	45.159161740035	257.686235938688	142.394348928183	-178.322861531512	-15.906706384171	
0.361206896552	0.141571216643	0.078866128057	0.450054426814	81.058312923678	45.155755800374	257.684107168319	142.393679662282	-178.321419432489	-15.908705605175	
0.362068965517	0.141570873139	0.078859572951	0.450050858153	81.058116246183	45.152002595470	257.682063888390	142.393077369269	-178.319992285934	-15.910916488916	
0.362931034483	0.141570689790	0.078852422264	0.450047524247	81.058011267499	45.147908382966	257.680155020526	142.392569293229	-178.318614590298	-15.913337828967	
0.363793103448	0.141570671307	0.078844710936	0.450044502412	81.058000685045	45.143493168833	257.678424831936	142.392179372835	-178.317319068097	-15.915959716936	
0.364655172414	0.141570818468	0.078836498307	0.450041859676	81.058084943820	45.138790928992	257.676911701832	142.391927329029	-178.316135782078	-15.918763261338	
0.365517241379	0.141571128295	0.078827867315	0.450039651391	81.058262338845	45.133849149833	257.675647321041	142.391828125593	-178.315091440212	-15.921720884550	
0.366379310345	0.141571594255	0.078818923212	0.450037920097	81.058529130064	45.128728095267	257.674656047735	142.391891441599	-178.314208820386	-15.924796667148	
0.367241379310	0.141572206642	0.078809791186	0.450036695170	81.058879759881	45.123499443648	257.673954701071	142.392121536687	-178.313506396295	-15.927947241143	
0.368103448276	0.141572952941	0.078800613653	0.450035992699	81.059307062153	45.118244735929	257.673552492920	142.392517136684	-178.312998083211	-15.931122677978	
0.368965517241	0.141573818328	0.078791546627	0.450035816043	81.059802550145	45.113053300441	257.673451346511	142.393071695252	-178.312693166245	-15.934267858128	
0.369827586207	0.141574786122	0.078782755999	0.450036156517	81.060356671857	45.108020120212	257.673646288895	142.393773650736	-178.312596323218	-15.937323750688	
0.370689655172	0.141575838320	0.078774413147	0.450036994601	81.060959120621	45.103243319218	257.674126144160	142.394607012770	-178.312707791986	-15.940229082379	
0.371551724138	0.141576956052	0.078766690712	0.450038301130	81.061599091689	45.098821745893	257.674874213281	142.395551895364	-178.313023594144	-15.942921815008	
0.372413793103	0.141578120088	0.078759757986	0.450040038837	81.062265574882	45.094852329496	257.675869158428	142.396585316163	-178.313535859274	-15.945340911285	
0.373275862069	0.141579311231	0.078753776729	0.450042163725	81.062947578179	45.091427688322	257.677085788409	142.397681883011	-178.314233167402	-15.947427806858	
0.374137931034	0.141580510747	0.078748896849	0.450044626648	81.063634375268	45.088633653921	257.678495964805	142.398814679167	-178.315100953581	-15.949128075866	
0.375000000000	0.141581700663	0.078745252750	0.450047374611	81.064315676472	45.086547181314	257.680069344553	142.399955979218	-178.316121901607	-15.950392713888	
0.375862068966	0.141582864105	0.078742959740	0.450050352178	81.064981819226	45.085234290551	257.681774186534	142.401078103795	-178.317276373553	-15.951179537921	
0.376724137931	0.141583985489	0.078742111280	0.450053502535	81.065623880770	45.084748494495	257.683577961266	142.402154060719	-178.318542812672	-15.951454137703	
0.377586206897	0.141585050754	0.078742776432	0.450056768624	81.066233811360	45.085129335074	257.685447999952	142.403158280860	-178.319898169114	-15.951190893133	
0.378448275862	0.141586047470	0.078744998253	0.450060093929	81.066804493024	45.086401465741	257.687351943865	142.404067113632	-178.321318295124	-15.950373504333	
0.379310344828	0.141586964976	0.078748792449	0.450063423335	81.067329822485	45.088573878681	257.689258235513	142.404859391289	-178.322778359246	-15.948995564722	
0.380172413793	0.141587794409	0.078754147011	0.450066703668	81.067804724197	45.091639697836	257.691136429972	142.405516744415	-178.324253233333	-15.947060634988	
0.381034482759	0.141588528770	0.078761022102	0.450069884348	81.068225191701	45.095576114527	257.692957566603	142.406023977235	-178.325717898332	-15.944582362790	
0.381896551724	0.141589162887	0.078769350908	0.450072917772	81.068588262966	45.100344872877	257.694694390347	142.406369200585	-178.327147826571	-15.941584115344	
0.382758620690	0.141589693422	0.078779040670	0.450075759849	81.068892027037	45.105892863406	257.696321655585	142.406544028540	-178.328519380619	-15.938098681433	
0.383620689655	0.141590118774	0.078789974608	0.450078370308	81.069135567294	45.112153222034	257.697816305480	142.406543548607	-178.329810187226	-15.934167516550	
0.384482758621	0.141590439036	0.078802013924	0.450080713185	81.069318937541	45.119046478107	257.699157748296	142.406366366631	-178.330999519546	-15.929840096311	
0.385344827586	0.141590655850	0.078815000577	0.450082757113	81.069443076891	45.126482143142	257.700328023923	142.406014445886	-178.332068646429	-15.925172855417	
0.386206896552	0.141590772312	0.078828760010	0.450084475780	81.069509758686	45.134360273095	257.701312067585	142.405493033817	-178.333001174475	-15.920228282984	
0.387068965517	0.141590792785	0.078843104517	0.450085848201	81.069521480864	45.142573394321	257.702097863757	142.404810403686	-178.333783343402	-15.915073652378	
0.387931034483	0.141590722770	0.078857836413	0.450086859130	81.069481392941	45.151008319279	257.702676683420	142.403977695587	-178.334404294298	-15.909779959200	
0.388793103448	0.141590568683	0.078872751695	0.450087499263	81.069393168451	45.159548244513	257.703043199096	142.403008590451	-178.334856274887	-15.904420544031	
0.389655172414	0.141590337705	0.078887643371	0.450087765542	81.069260919045	45.168074653958	257.703195660538	142.401919092368	-178.335134798385	-15.899069974376	
0.390517241379	0.141590037547	0.078902305138	0.450087661220	81.069089060191	45.176469426153	257.703135929897	142.400727158653	-178.335238725560	-15.893802658631	
0.391379310345	0.141589676303	0.078916534586	0.450087195984	81.068882225354	45.184616668933	257.702869553455	142.399452444164	-178.335170286569	-15.888691765503	
0.392241379310	0.141589262224	0.078930136640	0.450086385808	81.068645139734	45.192404689204	257.702405677147	142.398115905646	-178.334935019601	-15.883807916641	
0.393103448276	0.141588803602	0.078942926407	0.450085252836	81.068382549798	45.199727625199	257.701756980600	142.396739523971	-178.334541644507	-15.879218222964	
0.393965517241	0.141588308582	0.078954732174	0.450083824988	81.068099120308	45.206487159900	257.700939448732	142.395345897273	-178.334001857374	-15.874985126904	
0.394827586207	0.141587785099	0.078965397722	0.450082135577	81.067799393433	45.212593848550	257.699972155937	142.393957955111	-178.333330066117	-15.871165617312	
0.395689655172	0.141587240751	0.078974784727	0.450080222664	81.067487720695	45.217968491696	257.698876894738	142.392598553902	-178.332543061926	-15.867810272713	
0.396551724138	0.141586682802	0.078982774429	0.450078128446	81.067168260310	45.222543092274	257.697677824632	142.391290196663	-178.331659647503	-15.864962696589	
0.397413793103	0.141586118127	0.078989269355	0.450075898401	81.066844948674	45.226261840464	257.696400985507	142.390054645128	-178.330700224276	-15.862658794031	
0.398275862069	0.141585553275	0.078994194287	0.450073580513	81.066521535606	45.229081669967	257.695073850649	142.388912660074	-178.329686359080	-15.860926450402	
0.399137931034	0.141584994479	0.078997497282	0.450071224301	81.066201590379	45.230972839784	257.693724773033	142.387883645243	-178.328640336490	-15.859785056375	
0.400000000000	0.141584447769	0.078999149937	0.450068879969	81.065888565024	45.231919087660	257.692382497437	142.386985424266	-178.327584715130	-15.859245438206	
0.400862068966	0.141583919015	0.078999147719	0.450066597423	81.065585820580	45.231917817662	257.691075598005	142.386233932453	-178.326541895770	-15.859309633617	
0.401724137931	0.141583414056	0.078997509557	0.450064425448	81.065296700332	45.230979868203	257.689832007134	142.385643045618	-178.325533714290	-15.859971070907	
0.402586206897	0.141582938746	0.078994277523	0.450062410805	81.065024555658	45.229129327991	257.688678498975	142.385224334571	-178.324581067274	-15.861214589933	
0.403448275862	0.141582499058	0.078989515798	0.450060597525	81.064772807196	45.226402944504	257.687640283851	142.384986959223	-178.323703576529	-15.863016861885	
0.404310344828	0.141582101094	0.078983309750	0.450059026157	81.064544948075	45.222849596475	257.686740578183	142.384937497399	-178.322919299039	-15.865346644166	
0.405172413793	0.141581751131	0.078975764324	0.450057733227	81.064344572515	45.218529371495	257.686000295131	142.385079913613	-178.322244480808	-15.868165428386	
0.406034482759	0.141581455559	0.078967002571	0.450056750672	81.064175338845	45.213512724310	257.685437721360	142.385415468888	-178.321693360587	-15.871427914514	
0.406896551724	0.141581220847	0.078957163516	0.450056105489	81.064040951676	45.207879254150	257.685068313905	142.385942768171	-178.321278014279	-15.875082869071	
0.407758620690	0.141581053397	0.078946400191	0.450055819354	81.063945076319	45.201716582215	257.684904484108	142.386657751830	-178.321008245946	-15.879073797103	
0.408620689655	0.141580959426	0.078934877047	0.450055908443	81.063891272018	45.195118866610	257.684955493072	142.387553819438	-178.320891511014	-15.883339984042	
0.409482758621	0.141580944737	0.078922767578	0.450056383213	81.063882861558	45.188185443458	257.685227328511	142.388621897538	-178.320932878159	-15.887817332545	
0.410344827586	0.141581014535	0.078910251364	0.450057248365	81.063922825631	45.181019133829	257.685722681896	142.389850631828	-178.321135013329	-15.892439547162	
0.411206896552	0.141581173152	0.078897511401	0.450058502756	81.064013643455	45.173724713981	257.686440898610	142.391226520281	-178.321498193382	-15.897139086640	
0.412068965517	0.141581423826	0.078884730918	0.450060139468	81.064157169898	45.166407093572	257.687378017672	142.392734160637	-178.322020332494	-15.901848432303	
0.412931034483	0.141581768422	0.078872090569	0.450062145823	81.064354472470	45.159169708808	257.688526780649	142.394356434487	-178.322697033058	-15.906501086937	
0.413793103448	0.141582207234	0.078859765217	0.450064503545	81.064605719546	45.152112679731	257.689876722480	142.396074794191	-178.323521642575	-15.911032849051	
0.414655172414	0.141582738747	0.078847921207	0.450067188862	81.064910044084	45.145331248375	257.691414233386	142.397869481247	-178.324485334423	-15.915382772172	
0.415517241379	0.141583359516	0.078836713340	0.450070172763	81.065265472597	45.138914048245	257.693122701919	142.399719836167	-178.325577193359	-15.919494352538	
0.416379310345	0.141584064018	0.078826282470	0.450073421203	81.065668843549	45.132941727957	257.694982635803	142.401604534719	-178.326784327690	-15.923316353114	
0.417241379310	0.141584844647	0.078816752936	0.450076895469	81.066115802265	45.127485477643	257.696971868705	142.403501905153	-178.328091989531	-15.926803808064	
0.418103448276	0.141585691703	0.078808230721	0.450080552516	81.066600794409	45.122605980431	257.699065755422	142.405390168252	-178.329483727727	-15.929918618157	
0.418965517241	0.141586593521	0.078800801571	0.450084345474	81.067117141343	45.118352330774	257.701237459067	142.407247748764	-178.330941553495	-15.932630285657	
0.419827586207	0.141587536607	0.078794529946	0.450088224142	81.067657116839	45.114761435694	257.703458237358	142.409053507711	-178.332446145611	-15.934916204834	
0.420689655172	0.141588505912	0.078789457992	0.450092135660	81.068212104081	45.111857427280	257.705697824440	142.410787038439	-178.333977071759	-15.936762065555	
0.421551724138	0.141589485100	0.078785605423	0.450096025183	81.068772749553	45.109651592436	257.707924817937	142.412428882696	-178.335513054048	-15.938161793929	
0.422413793103	0.141590456940	0.078782969443	0.450099836718	81.069329188317	45.108142329917	257.710107158241	142.413960804119	-178.337032250463	-15.939117598867	
0.423275862069	0.141591403679	0.078781525578	0.450103513965	81.069871255730	45.107315627816	257.712212610751	142.415365981884	-178.338512580001	-15.939639558443	
0.424137931034	0.141592307512	0.078781228535	0.450107001302	81.070388755811	45.107145552278	257.714209327733	142.416629255960	-178.339932058179	-15.939745325706	
0.425000000000	0.141593150992	0.078782013909	0.450110244746	81.070871700932	45.107595227328	257.716066400798	142.417737292938	-178.341269169716	-15.939459398093	
0.425862068966	0.141593917529	0.078783799832	0.450113193019	81.071310590491	45.108617779609	257.717754469992	142.418678797135	-178.342503239473	-15.938812539065	
0.426724137931	0.141594591784	0.078786489388	0.450115798556	81.071696643772	45.110157717326	257.719246301613	142.419444642171	-178.343614828050	-15.937840803892	
0.427586206897	0.141595160125	0.078789972831	0.450118018560	81.072022054047	45.112152204572	257.720517391932	142.420028040774	-178.344586108661	-15.936584764350	
0.428448275862	0.141595610952	0.078794130442	0.450119815953	81.072280180675	45.114532695334	257.721546511104	142.420424633665	-178.345401251248	-15.935088388055	
0.429310344828	0.141595935051	0.078798835061	0.450121160307	81.072465747117	45.117226381812	257.722316237526	142.420632608317	-178.346046767424	-15.933398169282	
0.430172413793	0.141596125804	0.078803955100	0.450122028623	81.072574964974	45.120157922106	257.722813402001	142.420652734386	-178.346511843255	-15.931561967048	
0.431034482759	0.141596179401	0.078809357099	0.450122406025	81.072605652972	45.123250901658	257.723029488347	142.420488420096	-178.346788612106	-15.929628145127	
0.431896551724	0.141596094908	0.078814908634	0.450122286263	81.072557275579	45.126429500556	257.722960916749	142.420145682327	-178.346872397029	-15.927644465918	
0.432758620690	0.141595874314	0.078820480650	0.450121672073	81.072430971884	45.129619825390	257.722609255068	142.419633128579	-178.346761874431	-15.925657328077	
0.433620689655	0.141595522443	0.078825950036	0.450120575318	81.072229503812	45.132751388807	257.721981294643	142.418961850711	-178.346459193211	-15.923710793444	
0.434482758621	0.141595046849	0.078831201544	0.450119016956	81.071957196282	45.135758203274	257.721089035967	142.418145323048	-178.345970001631	-15.921845986217	
0.435344827586	0.141594457578	0.078836129886	0.450117026773	81.071619802445	45.138579984812	257.719949532604	142.417199212442	-178.345303421835	-15.920100303219	
0.436206896552	0.141593766938	0.078840641112	0.450114642940	81.071224367913	45.141162941859	257.718584639809	142.416141188212	-178.344471925720	-15.918507010724	
0.437068965517	0.141592989140	0.078844654153	0.450111911339	81.070779030578	45.143460657197	257.717020628707	142.414990648002	-178.343491158345	-15.917094660634	
0.437931034483	0.141592139975	0.078848101620	0.450108884741	81.070292830352	45.145434545948	257.715287713534	142.413768443196	-178.342379664392	-15.915886894917	
0.438793103448	0.141591236383	0.078850930765	0.450105621778	81.069775467939	45.147054407239	257.713419464761	142.412496528845	-178.341158570127	-15.914902066834	
0.439655172414	0.141590296080	0.078853103718	0.450102185804	81.069237086434	45.148298558024	257.711452156097	142.411197617985	-178.339851178314	-15.914153243144	
0.440517241379	0.141589337110	0.078854597907	0.450098643607	81.068688016280	45.149154073961	257.709424028346	142.409894773942	-178.338482533960	-15.913648013299	
0.441379310345	0.141588377458	0.078855405775	0.450095064063	81.068138555761	45.149616628080	257.707374516989	142.408611016657	-178.337078919788	-15.913388667140	
0.442241379310	0.141587434630	0.078855534718	0.450091516705	81.067598728266	45.149690456429	257.705343434603	142.407368884761	-178.335667343749	-15.913372166896	
0.443103448276	0.141586525310	0.078855006366	0.450088070298	81.067078086020	45.149387941753	257.703370152516	142.406190025396	-178.334274978243	-15.913590473282	
0.443965517241	0.141585664994	0.078853856105	0.450084791398	81.066585501683	45.148729346063	257.701492778265	142.405094760809	-178.332928616627	-15.914030653324	
0.444827586207	0.141584867722	0.078852131988	0.450081742977	81.066129014347	45.147742181785	257.699747368280	142.404101698288	-178.331654105611	-15.914675328851	
0.445689655172	0.141584145803	0.078849893927	0.450078983116	81.065715670921	45.146460753354	257.698167176462	142.403227339113	-178.330475821882	-15.915502895017	
0.446551724138	0.141583509638	0.078847212302	0.450076563806	81.065351426751	45.144925355987	257.696781971051	142.402485746894	-178.329416149048	-15.916488068568	
0.447413793103	0.141582967546	0.078844166882	0.450074529880	81.065041045439	45.143181664450	257.695617422412	142.401888236005	-178.328495024126	-15.917602196424	
0.448275862069	0.141582525696	0.078840845203	0.450072918114	81.064788059062	45.141279796442	257.694694585790	142.401443133340	-178.327729506580	-15.918813884163	
0.449137931034	0.141582188037	0.078837341281	0.450071756487	81.064594728240	45.139273583786	257.694029482330	142.401155578157	-178.327133438721	-15.920089376578	
0.450000000000	0.141581956328	0.078833753812	0.450071063654	81.064462060574	45.137219534763	257.693632792789	142.401027405104	-178.326717145765	-15.921393249182	
0.450862068966	0.141581830170	0.078830184745	0.450070848611	81.064389826808	45.135176022215	257.693509667117	142.401057078344	-178.326487243614	-15.922688843266	
0.451724137931	0.141581807123	0.078826737360	0.450071110569	81.064376631016	45.133202180245	257.693659654024	142.401239713096	-178.326446496778	-15.923939002037	
0.452586206897	0.141581882823	0.078823514767	0.450071839047	81.064419974173	45.131357046089	257.694076752972	142.401567154790	-178.326593792734	-15.925106540699	
0.453448275862	0.141582051174	0.078820617937	0.450073014168	81.064516365742	45.129698430532	257.694749582760	142.402028143467	-178.326924169657	-15.926155005324	
0.454310344828	0.141582304522	0.078818144188	0.450074607157	81.064661423281	45.128282055786	257.695661667797	142.402608535159	-178.327428960681	-15.927049153831	
0.455172413793	0.141582633901	0.078816185255	0.450076581020	81.064850012891	45.127160445346	257.696791827037	142.403291599476	-178.328095986616	-15.927755710524	
0.456034482759	0.141583029244	0.078814825860	0.450078891404	81.065076371654	45.126382107291	257.698114665381	142.404058366456	-178.328909857143	-15.928243827608	
0.456896551724	0.141583479662	0.078814141899	0.450081487592	81.065334263747	45.125990496621	257.699601144535	142.404888034166	-178.329852307643	-15.928485802199	
0.457758620690	0.141583973667	0.078814199192	0.450084313641	81.065617112356	45.126023300420	257.701219232640	142.405758411681	-178.330902629248	-15.928457482168	
0.458620689655	0.141584499455	0.078815051905	0.450087309594	81.065918158264	45.126511531850	257.702934602142	142.406646401666	-178.332038114727	-15.928138907082	
0.459482758621	0.141585045125	0.078816741584	0.450090412795	81.066230588555	45.127478978263	257.704711377245	142.407528500044	-178.333234577182	-15.927514617916	
0.460344827586	0.141585598947	0.078819295912	0.450093559207	81.066547685827	45.128941489146	257.706512893625	142.408381310244	-178.334466860121	-15.926574180210	
0.461206896552	0.141586149554	0.078822728132	0.450096684774	81.066862942617	45.130906648506	257.708302474743	142.409182053115	-178.335709396012	-15.925312356294	
0.462068965517	0.141586686174	0.078827036254	0.450099726731	81.067170191116	45.133373315643	257.710044183965	142.409909065481	-178.336936730423	-15.923729470370	
0.462931034483	0.141587198789	0.078832202961	0.450102624891	81.067463694565	45.136331576683	257.711703560896	142.410542272633	-178.338124069950	-15.921831405353	
0.463793103448	0.141587678309	0.078838195342	0.450105322830	81.067738249993	45.139762586724	257.713248298471	142.411063624027	-178.339247770096	-15.919629776078	
0.464655172414	0.141588116690	0.078844965356	0.450107768988	81.067989250401	45.143638840381	257.714648875780	142.411457483480	-178.340285824411	-15.917141722481	
0.465517241379	0.141588507051	0.078852450141	0.450109917623	81.068212755940	45.147924344619	257.715879102723	142.411710961254	-178.341218271995	-15.914389869385	
0.466379310345	0.141588843727	0.078860573069	0.450111729646	81.068405524138	45.152575224953	257.716916598182	142.411814185506	-178.342027587675	-15.911401902983	
0.467241379310	0.141589122341	0.078869244628	0.450113173264	81.068565047997	45.157540231029	257.717743159096	142.411760499668	-178.342698974596	-15.908210313674	
0.468103448276	0.141589339796	0.078878364047	0.450114224488	81.068689554348	45.162761664583	257.718345050438	142.411546591439	-178.343220627580	-15.904851762706	
0.468965517241	0.141589494288	0.078887820702	0.450114867429	81.068778010690	45.168176187025	257.718713173894	142.411172538537	-178.343583889021	-15.901366626290	
0.469827586207	0.141589585255	0.078897496218	0.450115094446	81.068830094569	45.173716020872	257.718843155145	142.410641785819	-178.343783371202	-15.897798182190	
0.470689655172	0.141589613337	0.078907266291	0.450114906088	81.068846173501	45.179309993984	257.718735308389	142.409961039039	-178.343816968744	-15.894191996100	
0.471551724138	0.141589580288	0.078917003119	0.450114310899	81.068827250650	45.184884933103	257.718394525656	142.409140096490	-178.343685839346	-15.890594979791	
0.472413793103	0.141589488897	0.078926577479	0.450113325025	81.068774923884	45.190366848567	257.717830051826	142.408191604900	-178.343394279670	-15.887054681390	
0.473275862069	0.141589342871	0.078935861298	0.450111971718	81.068691314635	45.195682411319	257.717055199398	142.407130767809	-178.342949577555	-15.883618285047	
0.474137931034	0.141589146732	0.078944729768	0.450110280661	81.068579013012	45.200760160992	257.716086964391	142.405974991202	-178.342361769528	-15.880331880509	
0.475000000000	0.141588905682	0.078953063854	0.450108287234	81.068440996939	45.205531942729	257.714945603714	142.404743501657	-178.341643387930	-15.877239484519	
0.475862068966	0.141588625491	0.078960752226	0.450106031637	81.068280570569	45.209934013245	257.713654133984	142.403456919335	-178.340809127146	-15.874382371190	
0.476724137931	0.141588312354	0.078967693484	0.450103557990	81.068101280132	45.213908314679	257.712237817736	142.402136826349	-178.339875516059	-15.871798194920	
0.477586206897	0.141587972779	0.078973797707	0.450100913344	81.067906851866	45.217403361654	257.710723593446	142.400805309016	-178.338860525211	-15.869520458185	
0.478448275862	0.141587613444	0.078978988209	0.450098146704	81.067701110278	45.220375246027	257.709139520569	142.399484519239	-178.337783198413	-15.867577805514	
0.479310344828	0.141587241099	0.078983202540	0.450095308008	81.067487920033	45.222788212567	257.707514190977	142.398196228085	-178.336663235325	-15.865993689328	
0.480172413793	0.141586862434	0.078986393647	0.450092447166	81.067271110785	45.224615319281	257.705876180893	142.396961419343	-178.335520615591	-15.864785885069	
0.481034482759	0.141586483987	0.078988530231	0.450089613080	81.067054426224	45.225838646262	257.704253490917	142.395799891619	-178.334375190110	-15.863966392166	
0.481896551724	0.141586112030	0.078989597243	0.450086852782	81.066841457815	45.226449576995	257.702673048718	142.394729917412	-178.333246329070	-15.863541194107	
0.482758620690	0.141585752497	0.078989595586	0.450084210568	81.066635602871	45.226448628059	257.701160217034	142.393767921651	-178.332152550620	-15.863510403833	
0.483620689655	0.141585410884	0.078988541959	0.450081727284	81.066440008175	45.225845361013	257.699738382775	142.392928229787	-178.331111219416	-15.863868263750	
0.484482758621	0.141585092194	0.078986467952	0.450079439639	81.066257538160	45.224657863283	257.698428563842	142.392222841149	-178.330138236235	-15.864603517413	
0.485344827586	0.141584800855	0.078983419333	0.450077379681	81.066090728928	45.222912339929	257.697249110372	142.391661278912	-178.329247807416	-15.865699618661	
0.486206896552	0.141584540687	0.078979454649	0.450075574323	81.065941766625	45.220642311744	257.696215430606	142.391250465734	-178.328452212230	-15.867135288000	
0.487068965517	0.141584314835	0.078974644086	0.450074045036	81.065812452332	45.217887966169	257.695339818870	142.390994677988	-178.327761656309	-15.868884880466	
0.487931034483	0.141584125753	0.078969067740	0.450072807601	81.065704191006	45.214695161721	257.694631310440	142.390895522093	-178.327184126786	-15.870919069640	
0.488793103448	0.141583975161	0.078962814220	0.450071872035	81.065617967637	45.211114633129	257.694095640627	142.390951986890	-178.326725335989	-15.873205313333	
0.489655172414	0.141583864046	0.078955978746	0.450071242561	81.065554347497	45.207200899725	257.693735227920	142.391160511013	-178.326388666900	-15.875708602262	
0.490517241379	0.141583792642	0.078948661673	0.450070917760	81.065513464332	45.203011421046	257.693549259028	142.391515121156	-178.326175206501	-15.878391961232	
0.491379310345	0.141583760451	0.078940966577	0.450070890744	81.065495032752	45.198605500511	257.693533790894	142.392007575970	-178.326083778016	-15.881217203238	
0.492241379310	0.141583766244	0.078932998838	0.450071149506	81.065498349548	45.194043475547	257.693681948343	142.392627574036	-178.326111057192	-15.884145411328	
0.493103448276	0.141583808108	0.078924863852	0.450071677274	81.065522319170	45.189385690935	257.693984128161	142.393362956938	-178.326251681960	-15.887137649290	
0.493965517241	0.141583883470	0.078916665782	0.450072453017	81.065565468603	45.184691786424	257.694428289326	142.394199968837	-178.326498439830	-15.890155382775	
0.494827586207	0.141583989166	0.078908505975	0.450073451944	81.065625986383	45.180019790492	257.695000236984	142.395123500984	-178.326842441017	-15.893161112792	
0.495689655172	0.141584121492	0.078900481960	0.450074646127	81.065701751094	45.175425543411	257.695683980800	142.396117384476	-178.327273361304	-15.896118710554	
0.496551724138	0.141584276291	0.078892686114	0.450076005092	81.065790383224	45.170961937595	257.696462072431	142.397164658335	-178.327779661161	-15.898993955968	
0.497413793103	0.141584449028	0.078885204923	0.450077496515	81.065889285704	45.166678491178	257.697316004680	142.398247878411	-178.328348865327	-15.901754775358	
0.498275862069	0.141584634895	0.078878117917	0.450079086856	81.065995706535	45.162620739964	257.698226574127	142.399349391732	-178.328967808365	-15.904371680956	
0.499137931034	0.141584828904	0.078871497183	0.450080742080	81.066106788422	45.158829958813	257.699174292420	142.400451645018	-178.329622930781	-15.906817912465	
0.500000000000	0.141585026000	0.078865406556	0.450082428277	81.066219638026	45.155342696567	257.700139744843	142.401537449369	-178.330300529841	-15.909069782388	
0.500862068966	0.141585221162	0.078859901364	0.450084112356	81.066331380384	45.152190632412	257.701103984945	142.402590272445	-178.330987051254	-15.911106729348	
