dbx_v3_0_m15_0										
Time	Cx	Cy	Cz	Fx	Fy	Fz	Mx	My	Mz	
0.000000000000	0.000000000000	0.000000000000	0.000000000000	0.000000000000	0.000000000000	0.000000000000	0.000000000000	0.000000000000	0.000000000000	
0.000862068966	1.972599414288	-0.174919869338	9.237886459096	784.270470041206	-69.545031369255	3672.819480217763	1771.531901403170	-2364.168582332380	37.463830511707	
0.001724137931	0.124639180456	0.089183198689	2.068186235244	49.554323058897	35.457654833146	822.274091282390	304.078989135252	-425.369646608182	151.141771737404	
0.002586206897	-0.178282636280	0.345776628229	1.619036700908	-70.882007741917	137.474642234240	643.700218725543	514.221457624589	-261.603394636194	125.971966758415	
0.003448275862	-0.209448586339	0.242351378582	1.815547946748	-83.273035603562	96.354601050252	721.829597669342	556.074020186978	-398.386089048630	129.563119916069	
0.004310344828	-0.152793503731	0.225206371667	2.013689329046	-60.747981634022	89.538051002377	800.607089897999	551.474762868382	-447.426450248237	137.091633794210	
0.005172413793	-0.167347400160	0.173050987198	2.098946002825	-66.534352202115	68.801997043933	834.503628209131	563.352976010279	-448.942276674917	128.742898733459	
0.006034482759	-0.181941513318	0.189164096808	2.276973413196	-72.336712226713	75.208283062268	905.284162665600	584.981712935613	-498.309695062616	137.182078565341	
0.006896551724	-0.197045335645	0.157490053516	2.310718352421	-78.341723558527	62.615246361112	918.700550785823	595.767946797273	-510.013624852613	136.529538641860	
0.007758620690	-0.205331963293	0.148831398258	2.306574802961	-81.636339441133	59.172718912684	917.053149159589	614.987070045835	-504.527280398300	139.390676172006	
0.008620689655	-0.227501547188	0.163233268961	2.328232814788	-90.450571999553	64.898646753561	925.663989755412	613.149121182067	-512.965641537071	147.501042395883	
0.009482758621	-0.252441272401	0.144770261651	2.430224729404	-100.366163514991	57.558083172227	966.214162404478	631.125166492005	-539.345550721014	144.927759737011	
0.010344827586	-0.267590015900	0.127674014408	2.488708880538	-106.389034706122	50.760919103352	989.466421513675	647.402219985453	-554.932617266564	145.229302029794	
0.011206896552	-0.277743394228	0.143153805970	2.508391921190	-110.425837483303	56.915409121225	997.292048669435	653.162903955244	-561.600405727634	154.356800566300	
0.012068965517	-0.288228514529	0.154051679525	2.535966552128	-114.594534973264	61.248209969498	1008.255231873375	659.665305909871	-569.028249998946	160.617166445962	
0.012931034483	-0.300310913198	0.145931085565	2.574110974715	-119.398281955472	58.019606130106	1023.420776390655	668.878910165695	-578.530363912790	160.842796595249	
0.013793103448	-0.315084306014	0.140343514727	2.610523865763	-125.271920386207	55.798087267430	1037.897894740651	676.816396248864	-588.906157031206	162.840622184424	
0.014655172414	-0.327868176245	0.135214583896	2.648701153574	-130.354559994474	53.758915520576	1053.076505886432	685.005828778432	-600.506240118010	165.298561762800	
0.015517241379	-0.339296256921	0.131543680209	2.682371530740	-134.898161771376	52.299429453905	1066.463249456955	692.508376249157	-610.502508737710	167.884984110866	
0.016379310345	-0.349917605998	0.135860376821	2.714433373948	-139.121021401418	54.015671310387	1079.210468513014	699.338901079385	-620.481097507411	172.359205213420	
0.017241379310	-0.360225729040	0.142397731767	2.740607661581	-143.219347926684	56.614807454913	1089.616900105703	704.541071725419	-629.077561155668	177.533773288035	
0.018103448276	-0.368136026016	0.147344354866	2.764279031149	-146.364341422520	58.581496887522	1099.028215957702	709.420029196139	-636.616533785590	181.741824358982	
0.018965517241	-0.376851175985	0.151618068561	2.792103563152	-149.829330164446	60.280649500234	1110.090755383857	714.946987854532	-646.632593970512	186.636607635243	
0.019827586207	-0.385647015589	0.152694581097	2.818407070003	-153.326399671083	60.708651752848	1120.548562241474	720.224463495814	-655.510847094128	190.140658175446	
0.020689655172	-0.393802328816	0.152405799112	2.840126834395	-156.568807273589	60.593837167802	1129.183954559758	725.002844449289	-661.973295692575	192.244927785439	
0.021551724138	-0.399067788722	0.147563319266	2.852314372177	-158.662260554568	58.668553241813	1134.029502984495	728.935043814380	-662.580337554682	190.856719588431	
0.022413793103	-0.399524063871	0.137284220247	2.853155145671	-158.843667444587	54.581766152019	1134.363779583579	732.050963227207	-655.201068870304	184.900738280923	
0.023275862069	-0.394973360104	0.122707928458	2.843726438204	-157.034388502089	48.786491587004	1130.615093061832	734.276837685374	-640.436222657574	175.074137795809	
0.024137931034	-0.388792305624	0.105900751687	2.828273808998	-154.576911090627	42.104256800158	1124.471402313983	735.909620008222	-621.239972834373	163.184554324378	
0.025000000000	-0.384556894995	0.091895434162	2.814882534014	-152.892987096529	36.535991455270	1119.147269370315	737.318991745999	-604.375960974586	153.225578160817	
0.025862068966	-0.382621210664	0.077257972695	2.800109032842	-152.123393407612	30.716396913068	1113.273587859530	738.720363683250	-587.631724258463	143.137198870573	
0.026724137931	-0.381729188912	0.067075238508	2.792249658818	-151.768741411964	26.667922768095	1110.148840424294	740.184543878930	-576.661711760732	136.503455779984	
0.027586206897	-0.380823134407	0.058280603845	2.787036075411	-151.408510243178	23.171332324550	1108.076012317583	741.804034583936	-567.839780044031	130.950719927248	
0.028448275862	-0.380200923539	0.050708674289	2.784845245106	-151.161130260172	20.160867701747	1107.204977124128	743.471264629145	-561.077736786247	126.372774228657	
0.029310344828	-0.379894554803	0.044757799352	2.784833368700	-151.039323495509	17.794905585671	1107.200255276078	745.368087243149	-555.916009094385	122.800765127240	
0.030172413793	-0.380499305796	0.039672878142	2.785844783085	-151.279761742519	15.773231281975	1107.602375660726	747.257832510880	-551.833181968189	119.854791858732	
0.031034482759	-0.381350457262	0.034867204407	2.786821358337	-151.618164438796	13.862580811456	1107.990644625018	748.983383719275	-548.023529516351	117.143299133136	
0.031896551724	-0.382641351284	0.031501854926	2.789649833805	-152.131400960007	12.524577667035	1109.115196203289	750.801363414994	-545.881342173504	115.425108384364	
0.032758620690	-0.383787290076	0.028170667602	2.791940652073	-152.587005858163	11.200156788949	1110.025984834427	752.395747490710	-543.549714609679	113.681293285870	
0.033620689655	-0.384959718551	0.025729967346	2.795256164886	-153.053142583300	10.229777743231	1111.344173805280	754.027715859115	-542.059492000506	112.472707756718	
0.034482758621	-0.386421515490	0.022643258331	2.797506969282	-153.634327067203	9.002557095760	1112.239053631897	755.574359778237	-540.025929149692	110.849736627870	
0.035344827586	-0.388301420788	0.020649861857	2.801320545276	-154.381744004049	8.210018084698	1113.755263671990	757.083276111600	-539.392412543348	110.105780821110	
0.036206896552	-0.389510231329	0.018681672243	2.804505291449	-154.862345592252	7.427500872594	1115.021462151207	758.547116746952	-538.410189391107	109.262982362079	
0.037068965517	-0.391289393790	0.017280037329	2.808174683330	-155.569708967325	6.870235740965	1116.480347150357	759.869566619833	-537.981128598689	108.791956249221	
0.037931034483	-0.392746167627	0.016189512594	2.811461623136	-156.148896355155	6.436662486893	1117.787176001908	761.132432045775	-537.605673497019	108.447981849161	
0.038793103448	-0.394116601547	0.015265135671	2.814297204081	-156.693756526308	6.069146650510	1118.914552591466	762.294119651318	-537.154076556839	108.055121572867	
0.039655172414	-0.395947179312	0.014643320869	2.817498227622	-157.421561712762	5.821924136293	1120.187222662822	763.427110130327	-537.108384383639	107.938054603332	
0.040517241379	-0.397458337619	0.013688482782	2.820120688669	-158.022371398927	5.442297482162	1121.229866568547	764.478559450037	-536.888041346118	107.630107878711	
0.041379310345	-0.398753555229	0.013246974489	2.823607638097	-158.537326902192	5.266761631245	1122.616215690989	765.469422162298	-537.157689536326	107.693393579211	
0.042241379310	-0.399754057085	0.012859124809	2.827091084135	-158.935108659106	5.112559491248	1124.001171927990	766.469929762420	-537.407037886202	107.731582940421	
0.043103448276	-0.400662385147	0.012212926305	2.830415853999	-159.296243753868	4.855642450594	1125.323041337796	767.442766196643	-537.580427981006	107.565172621722	
0.043965517241	-0.402118844416	0.011561517631	2.834260907145	-159.875306074784	4.596653938678	1126.851766134409	768.577905228484	-538.101711866571	107.569753996290	
0.044827586207	-0.403916064165	0.010441697428	2.837855485984	-160.589848706776	4.151433327354	1128.280906797715	769.547474682236	-538.637785604354	107.479871580307	
0.045689655172	-0.405025422265	0.009439429673	2.841733092504	-161.030909771882	3.752949480219	1129.822574237486	770.480894379305	-539.312915678700	107.508485338380	
0.046551724138	-0.405860237254	0.008897812669	2.846342605564	-161.362817375306	3.537612185013	1131.655234709516	771.532276966880	-540.280811757428	107.689547419462	
0.047413793103	-0.406969985228	0.008360679835	2.850852671224	-161.804033447361	3.324057716188	1133.448356663001	772.637227318394	-541.109701832440	107.778192243531	
0.048275862069	-0.408999156870	0.007490257650	2.854427483705	-162.610796029793	2.977993324558	1134.869638573911	773.680638207152	-541.682599217353	107.743795720430	
0.049137931034	-0.410907687200	0.007017808513	2.857486522902	-163.369593770434	2.790155944256	1136.085858193247	774.461888673952	-542.373205326230	108.010559164367	
0.050000000000	-0.411958621750	0.007435400039	2.860651152104	-163.787426670373	2.956182913473	1137.344058521975	775.254280191569	-543.252506115891	108.600384257237	
0.050862068966	-0.412387255871	0.008121730400	2.864298069539	-163.957843979021	3.229055667353	1138.794008081232	776.068368069328	-543.965172566126	109.128736407492	
0.051724137931	-0.413692590389	0.008679019162	2.866666274151	-164.476821784905	3.450623774996	1139.735564147129	776.816009355546	-544.292990962932	109.520971440749	
0.052586206897	-0.415311893956	0.008986827563	2.868739575188	-165.120628104839	3.573002925031	1140.559871792736	777.485010566603	-544.719697185051	109.830665447060	
0.053448275862	-0.416658358051	0.009140549520	2.870843649955	-165.655958299724	3.634120043023	1141.396414526461	778.097150906668	-545.248392660172	110.155271925438	
0.054310344828	-0.417453874307	0.009281636134	2.873262532780	-165.972241425237	3.690213573484	1142.358119349124	778.674803333253	-545.876716500331	110.536813145481	
0.055172413793	-0.418045049338	0.009397782623	2.875514683958	-166.207282111101	3.736391353207	1143.253534632298	779.252835420444	-546.360667710507	110.846585930593	
0.056034482759	-0.419013646415	0.009586009296	2.877777113611	-166.592379095038	3.811226933427	1144.153036454359	779.822935374593	-546.902353780311	111.147178045637	
0.056896551724	-0.419795403963	0.009810246785	2.880190462344	-166.903192002668	3.900379773896	1145.112541020298	780.413117139087	-547.536105739257	111.441753193413	
0.057758620690	-0.420584020192	0.009893560051	2.882484152488	-167.216731800131	3.933503647530	1146.024471458240	780.982523165443	-548.091084009746	111.703784521093	
0.058620689655	-0.421561735719	0.009647811669	2.884635648750	-167.605454117684	3.835798458373	1146.879868135565	781.529701077034	-548.582408295981	111.824080773816	
0.059482758621	-0.422742261442	0.009228423647	2.886515707260	-168.074810164533	3.669057234402	1147.627345986787	782.022469137830	-549.046102674716	111.903165212750	
0.060344827586	-0.423602977560	0.008913473627	2.888421826469	-168.417015596410	3.543838703475	1148.385185108451	782.461159568404	-549.586746783512	112.095584467292	
0.061206896552	-0.423948635791	0.008928790699	2.890585857322	-168.554443166157	3.549928499301	1149.245565316400	782.925351907273	-550.181235133588	112.370415404552	
0.062068965517	-0.424260777652	0.009090431671	2.892787574152	-168.678545222727	3.614194077172	1150.120928799229	783.421064374623	-550.726221312862	112.627157559710	
0.062931034483	-0.425006604971	0.009271481150	2.894784081857	-168.975072909663	3.686176132251	1150.914704780573	783.903004469189	-551.226832443211	112.873256033798	
0.063793103448	-0.425891660889	0.009282923880	2.896525141201	-169.326955413442	3.690725558247	1151.606919033846	784.315453586936	-551.700955225189	113.075507104419	
0.064655172414	-0.426606908608	0.009207943434	2.898163535772	-169.611325195443	3.660914665518	1152.258315597586	784.700767673743	-552.131677099351	113.246049454402	
0.065517241379	-0.427106546292	0.009270253889	2.899979820435	-169.809972259027	3.685688195276	1152.980438100625	785.104845706207	-552.623662997327	113.498225090369	
0.066379310345	-0.427361752242	0.009740753638	2.901975028026	-169.911437609214	3.872750533603	1153.773697179686	785.515708486376	-553.174462587876	113.881906054358	
0.067241379310	-0.427669899592	0.010565336267	2.903870498899	-170.033951519062	4.200589932298	1154.527302712468	785.914374922964	-553.678570242814	114.332586293744	
0.068103448276	-0.428217884610	0.011329737575	2.905520901640	-170.251820623392	4.504502307341	1155.183473511350	786.318221566354	-554.076843735633	114.658602094922	
0.068965517241	-0.429211593598	0.011734204813	2.906907023455	-170.646901656628	4.665311293261	1155.734570910787	786.711631820754	-554.438040930645	114.845041935854	
0.069827586207	-0.430481250433	0.011678380528	2.908034324961	-171.151694650140	4.643116549335	1156.182765955401	787.027341823147	-554.763317875271	114.935509122099	
0.070689655172	-0.431409862331	0.011420720135	2.909173402748	-171.520894237362	4.540675356355	1156.635643039788	787.297275980794	-555.132358366636	115.032093092141	
0.071551724138	-0.431924917248	0.011175735511	2.910355858150	-171.725670918933	4.443273823679	1157.105766292869	787.547186297593	-555.486041212177	115.156092613392	
0.072413793103	-0.432268853607	0.010841530728	2.911171590483	-171.862413902572	4.310399941523	1157.430086971337	787.807358586986	-555.550631065256	115.133358922515	
0.073275862069	-0.432587937643	0.011171437854	2.912858571898	-171.989276044557	4.441565151812	1158.100800800869	788.065939465894	-556.237588373332	115.499698357941	
0.074137931034	-0.432829128601	0.011643208249	2.914443136214	-172.085169282952	4.629132676582	1158.730795411994	788.319940220008	-556.855214091965	115.890593736957	
0.075000000000	-0.433225673962	0.011166331537	2.914330514227	-172.242828671264	4.439534970699	1158.686018911315	788.551816559259	-556.347442889246	115.622091556001	
0.075862068966	-0.433707754613	0.011531075811	2.916073618426	-172.434495370555	4.584550812032	1159.379046162374	788.794091258553	-557.149204852028	116.012022385000	
0.076724137931	-0.433977595620	0.011506523140	2.917017446869	-172.541779359117	4.574789106222	1159.754295577589	789.030710452960	-557.341660775760	116.113966418884	
0.077586206897	-0.434063626685	0.011713434059	2.918261534656	-172.575983781689	4.657053210506	1160.248922771761	789.271980969889	-557.638944618911	116.317394036355	
0.078448275862	-0.434138331629	0.012046592491	2.919499166897	-172.605685139702	4.789511082278	1160.740983355803	789.555106423282	-557.946121608082	116.539335496588	
0.079310344828	-0.434500623197	0.012308121697	2.920404070878	-172.749725828437	4.893490446421	1161.100757096533	789.796612351121	-558.169269659609	116.708238145588	
0.080172413793	-0.435045877187	0.012447511480	2.921118360488	-172.966509124704	4.948909346874	1161.384745951092	790.007834057554	-558.370116918797	116.830874952105	
0.081034482759	-0.435586463757	0.012412349212	2.921756659516	-173.181436737709	4.934929454221	1161.638522300766	790.182731517725	-558.567207946784	116.911973855596	
0.081896551724	-0.435992867500	0.012238203049	2.922442923907	-173.343015643227	4.865692034517	1161.911368826165	790.343903591749	-558.761190346319	116.945456252805	
0.082758620690	-0.436328186865	0.012065542570	2.923185106756	-173.476332663521	4.797045296625	1162.206447536793	790.522954195634	-558.955618800741	116.981999775447	
0.083620689655	-0.436565945417	0.012023406724	2.923916443443	-173.570861238289	4.780292833268	1162.497214006334	790.691731903198	-559.157428938703	117.066476465900	
0.084482758621	-0.436710485423	0.012140691487	2.924639603974	-173.628327776042	4.826923170470	1162.784729781318	790.851313649410	-559.363724500249	117.190372102471	
0.085344827586	-0.436891475301	0.012303594899	2.925382232788	-173.700286135035	4.891690672083	1163.079985800059	791.014157558500	-559.565136015964	117.310696683645	
0.086206896552	-0.437207507896	0.012446759023	2.926118039166	-173.825935078087	4.948610183459	1163.372529339188	791.171981231751	-559.765636684637	117.421509670284	
0.087068965517	-0.437563015848	0.012535449558	2.926889921020	-173.967278721773	4.983871963940	1163.679415846345	791.327333458900	-559.990406420442	117.519609063099	
0.087931034483	-0.437836848234	0.012610392970	2.927747119688	-174.076149612008	5.013668132636	1164.020222802486	791.497170253056	-560.236264284304	117.619556468035	
0.088793103448	-0.438071489417	0.012643184673	2.928583194811	-174.169438776312	5.026705531001	1164.352631412610	791.673967160564	-560.454157005504	117.708249995946	
0.089655172414	-0.438351293369	0.012644211612	2.929370275537	-174.280683854670	5.027113823562	1164.665560721405	791.839602418389	-560.670157498229	117.799188011075	
0.090517241379	-0.438610772070	0.012662874826	2.930133998451	-174.383847974763	5.034533985954	1164.969203379065	792.004599084624	-560.886072715341	117.891646850393	
0.091379310345	-0.438821777276	0.012745058497	2.930908608541	-174.467739894860	5.067208752986	1165.277174584381	792.175795360256	-561.111189545608	118.008642716614	
0.092241379310	-0.439075483491	0.012806806744	2.931603151185	-174.568608977147	5.091758758685	1165.553312396080	792.336304819085	-561.307535837821	118.116484749824	
0.093103448276	-0.439392646817	0.012824203421	2.932228869442	-174.694707478930	5.098675368138	1165.802086854944	792.488368489249	-561.485925599158	118.204024585670	
0.093965517241	-0.439699228779	0.012828307677	2.932793620756	-174.816599018221	5.100307147570	1166.026621940596	792.631706124213	-561.653972990773	118.290515540179	
0.094827586207	-0.439945305678	0.012813407903	2.933343401978	-174.914434820043	5.094383261947	1166.245205183913	792.767987800362	-561.827100455126	118.377024570735	
0.095689655172	-0.440145881768	0.012805507854	2.933849893027	-174.994180308948	5.091242342956	1166.446577023308	792.893029267429	-561.982195169211	118.465611333797	
0.096551724138	-0.440319468410	0.012840997397	2.934302541589	-175.063195272716	5.105352354664	1166.626542047335	793.007218078425	-562.116278750191	118.561963890904	
0.097413793103	-0.440473391417	0.012934142406	2.934731924394	-175.124392324556	5.142385154601	1166.797257019553	793.118688388898	-562.242628422551	118.661950446415	
0.098275862069	-0.440600763543	0.013114885210	2.935193336056	-175.175033218412	5.214245281435	1166.980706096133	793.233677757276	-562.377606591852	118.779032966013	
0.099137931034	-0.440728905916	0.013367445675	2.935627099429	-175.225980348423	5.314658833777	1167.153162704429	793.339292238330	-562.498218584893	118.908752763387	
0.100000000000	-0.440931865718	0.013590787002	2.936007123495	-175.306673558727	5.403455376116	1167.304253519246	793.434036485510	-562.599947489087	119.011018554465	
0.100862068966	-0.441163642721	0.013770050763	2.936334170920	-175.398823976108	5.474727461727	1167.434281762939	793.519994252638	-562.684531855427	119.089379849879	
0.101724137931	-0.441357823017	0.013929446959	2.936651676696	-175.476026610697	5.538100556618	1167.560516417096	793.601297701809	-562.774770134384	119.167564169086	
0.102586206897	-0.441511042206	0.014043593776	2.936956836287	-175.536943837433	5.583483302313	1167.681842447026	793.676510623445	-562.855755079920	119.231970306027	
0.103448275862	-0.441645428029	0.014132375254	2.937245984216	-175.590373252064	5.618781240212	1167.796802525007	793.748416205000	-562.927860728853	119.289962063445	
0.104310344828	-0.441731734157	0.014252930998	2.937558198362	-175.624687034866	5.666712061306	1167.920933320464	793.820569916534	-563.014660175914	119.361885848512	
0.105172413793	-0.441821562210	0.014360826342	2.937896395116	-175.660401072398	5.709609332495	1168.055394339569	793.893574008172	-563.110799266645	119.424093133888	
0.106034482759	-0.441935316871	0.014456054217	2.938214393775	-175.705627903770	5.747470243334	1168.181824954720	793.963198746033	-563.197787104334	119.480763873079	
0.106896551724	-0.442070133079	0.014520498287	2.938523331411	-175.759228432148	5.773092060378	1168.304653068456	794.028799346358	-563.287695608225	119.532709375095	
0.107758620690	-0.442192654559	0.014554957751	2.938849944542	-175.807940795240	5.786792530839	1168.434508644951	794.096866814765	-563.385615664481	119.576332214211	
0.108620689655	-0.442300671549	0.014561690044	2.939191365493	-175.850886430645	5.789469170960	1168.570251547028	794.167875521880	-563.486499236986	119.616451590402	
0.109482758621	-0.442403061212	0.014552474185	2.939517651634	-175.891594741226	5.785805109235	1168.699977117967	794.234970352183	-563.584081913328	119.656201104879	
0.110344827586	-0.442524031616	0.014492397234	2.939840873422	-175.939690423705	5.761919581001	1168.828484356685	794.302215265453	-563.678644213861	119.671992852287	
0.111206896552	-0.442638095701	0.014445341082	2.940155865926	-175.985040277059	5.743210891261	1168.953719778283	794.369214232052	-563.770012252578	119.695092903177	
0.112068965517	-0.442732052984	0.014411943021	2.940476258905	-176.022396022713	5.729932415765	1169.081102332758	794.435864855687	-563.867805304952	119.727550226099	
0.112931034483	-0.442819855042	0.014378882673	2.940798161372	-176.057304560550	5.716788208849	1169.209085032848	794.506815513091	-563.958598228888	119.755926786983	
0.113793103448	-0.442912677672	0.014351932865	2.941110688024	-176.094209188750	5.706073444112	1169.333340075189	794.576910617651	-564.043893009422	119.788186082542	
0.114655172414	-0.442996495890	0.014334052103	2.941431193869	-176.127533822436	5.698964370872	1169.460767503318	794.646404984189	-564.136312024943	119.826261349619	
0.115517241379	-0.443087139537	0.014286274300	2.941771951630	-176.163572125472	5.679968765740	1169.596246733172	794.720793214399	-564.232036124490	119.849695033910	
0.116379310345	-0.443190462557	0.014238242070	2.942107571028	-176.204651522123	5.660872004713	1169.729683040902	794.796068935439	-564.321996317535	119.877330420158	
0.117241379310	-0.443294901126	0.014183421889	2.942430452720	-176.246174441104	5.639076475065	1169.858055063433	794.869251968571	-564.407015660480	119.903169038680	
0.118103448276	-0.443384394116	0.014156292317	2.942776999029	-176.281755263252	5.628290239313	1169.995835717088	794.947722638940	-564.500307614208	119.937043030190	
0.118965517241	-0.443466225578	0.014175884400	2.943128734448	-176.314289998475	5.636079703365	1170.135679468860	795.027776226543	-564.594781216913	119.985664526081	
0.119827586207	-0.443588159884	0.014199096601	2.943452312491	-176.362768911519	5.645308461797	1170.264328347833	795.102695164821	-564.679817638174	120.027863865824	
0.120689655172	-0.443756217306	0.014198006321	2.943737780626	-176.429585555659	5.644874985763	1170.377825404990	795.172950408866	-564.752935623644	120.053194490863	
0.121551724138	-0.443909045893	0.014226089919	2.944014284534	-176.490347485919	5.656040525408	1170.487758444791	795.241014517524	-564.831996622406	120.093627381463	
0.122413793103	-0.444038189728	0.014262222255	2.944263196038	-176.541692779435	5.670406100243	1170.586721235138	795.303120447145	-564.904549667833	120.140032026408	
0.123275862069	-0.444154361843	0.014296906133	2.944461874313	-176.587880747612	5.684195793540	1170.665712186485	795.355283925262	-564.957913827547	120.181395261435	
0.124137931034	-0.444250810351	0.014345788408	2.944625288090	-176.626226960437	5.703630517541	1170.730682599988	795.403755912577	-565.002816272750	120.228800158127	
0.125000000000	-0.444324106345	0.014407944381	2.944782905930	-176.655368145038	5.728342627604	1170.793348651947	795.448319146343	-565.051414025230	120.277240778863	
0.125862068966	-0.444371859617	0.014501125896	2.944929357773	-176.674353997330	5.765389942075	1170.851575302163	795.490560984832	-565.094309145012	120.329154613410	
0.126724137931	-0.444420455167	0.014601853929	2.945052746638	-176.693674724285	5.805437617523	1170.900632521742	795.527407840874	-565.127826028589	120.382478497377	
0.127586206897	-0.444487225220	0.014683547543	2.945152839775	-176.720221310730	5.837917546778	1170.940427774404	795.559480672574	-565.154807941353	120.424258770968	
0.128448275862	-0.444563030153	0.014729913921	2.945243497073	-176.750360005115	5.856351994673	1170.976471504937	795.589249015751	-565.182643054203	120.453370687770	
0.129310344828	-0.444620203748	0.014743471930	2.945335598021	-176.773091210148	5.861742418009	1171.013089204827	795.617323035987	-565.213934167885	120.475496381187	
0.130172413793	-0.444697539701	0.014669524887	2.945428542219	-176.803838610639	5.832342387758	1171.050042166405	795.641752815049	-565.243268405292	120.464085878004	
0.131034482759	-0.444768596249	0.014560559428	2.945527457921	-176.832089431426	5.789019657982	1171.089369291238	795.665099046983	-565.272839509062	120.444708173660	
0.131896551724	-0.444805969299	0.014453334069	2.945663807164	-176.846948291945	5.746388760751	1171.143579327278	795.691994062554	-565.318861949472	120.431826263037	
0.132758620690	-0.444822275591	0.014342070039	2.945831766379	-176.853431383975	5.702152159989	1171.210356926080	795.725687987355	-565.367123284728	120.416113494008	
0.133620689655	-0.444845978820	0.014236006183	2.946005180090	-176.862855366545	5.659983055653	1171.279303135557	795.760474961688	-565.411768121447	120.403196196456	
0.134482758621	-0.444872292866	0.014148425861	2.946182131956	-176.873317363560	5.625162676372	1171.349656052917	795.795495954943	-565.459579656530	120.398762602182	
0.135344827586	-0.444911786862	0.014047732891	2.946369597389	-176.889019474585	5.585128940946	1171.424188977187	795.832026291685	-565.512587230317	120.385706849361	
0.136206896552	-0.444949506593	0.013979462986	2.946554554561	-176.904016169108	5.557986039816	1171.497724662056	795.869443480572	-565.563850894264	120.386593454941	
0.137068965517	-0.444985524498	0.013931672453	2.946725001937	-176.918336248091	5.538985373465	1171.565491509265	795.904954202215	-565.610233764557	120.393625077586	
0.137931034483	-0.445036229600	0.013902622304	2.946887748698	-176.938495695427	5.527435550262	1171.630196729134	795.938748468412	-565.655992239913	120.405263622490	
0.138793103448	-0.445096671622	0.013897555384	2.947035259754	-176.962526369198	5.525421032927	1171.688844503707	795.971441788703	-565.697934478696	120.422831686566	
0.139655172414	-0.445165809061	0.013904108891	2.947175395297	-176.990014186377	5.528026591015	1171.744559904746	796.002586633199	-565.739004432843	120.439892700029	
0.140517241379	-0.445249938686	0.013905150106	2.947304782524	-177.023462630049	5.528440559426	1171.796001966982	796.030647260192	-565.774779677141	120.449105296815	
0.141379310345	-0.445316335546	0.013958280083	2.947434557485	-177.049860841443	5.549564094285	1171.847598184892	796.058322334624	-565.813971914163	120.478272136270	
0.142241379310	-0.445368876854	0.014043370751	2.947553409241	-177.070750331783	5.583394631656	1171.894851530932	796.084152472320	-565.849506920823	120.516595935762	
0.143103448276	-0.445423312389	0.014142449351	2.947647166551	-177.092392933082	5.622786521852	1171.932127771286	796.107405010572	-565.873666642001	120.555904150722	
0.143965517241	-0.445459884336	0.014267984008	2.947728164098	-177.106933289205	5.672696870619	1171.964330956313	796.128891542053	-565.894888764814	120.605268834866	
0.144827586207	-0.445485325703	0.014399625671	2.947817663475	-177.117048324601	5.725035256333	1171.999914318090	796.150261160354	-565.921241379369	120.653558869665	
0.145689655172	-0.445513922998	0.014526461459	2.947904908043	-177.128418100914	5.775462911652	1172.034601207662	796.171566753512	-565.944538413456	120.697786329549	
0.146551724138	-0.445548190944	0.014650870113	2.947975940906	-177.142042427271	5.824925581248	1172.062842611654	796.190613363606	-565.962113768281	120.742676625758	
0.147413793103	-0.445592323028	0.014743823608	2.948031093757	-177.159588559343	5.861882239124	1172.084770405201	796.206174455762	-565.975800785228	120.777023835090	
0.148275862069	-0.445642268051	0.014798002305	2.948080525681	-177.179445813082	5.883422725900	1172.104423659639	796.219685635849	-565.988706136937	120.800402712104	
0.149137931034	-0.445675418170	0.014829776083	2.948125867944	-177.192625711138	5.896055415389	1172.122450937552	796.233246109280	-566.003351921469	120.821087318796	
0.150000000000	-0.445725727969	0.014790101365	2.948179171849	-177.212627993169	5.880281452812	1172.143643622991	796.248216362157	-566.018736207809	120.813503243740	
0.150862068966	-0.445765202756	0.014731007241	2.948236585071	-177.228322466960	5.856786679186	1172.166470099641	796.262863884529	-566.031832571130	120.802281738845	
0.151724137931	-0.445773347645	0.014694328605	2.948317164006	-177.231560729897	5.842203905476	1172.198506852172	796.275748952443	-566.056703156037	120.802954595901	
0.152586206897	-0.445789486823	0.014643813963	2.948408673907	-177.237977380363	5.822120181564	1172.234889562247	796.298253971563	-566.083185328741	120.801338159179	
0.153448275862	-0.445807800695	0.014579548845	2.948487613777	-177.245258650445	5.796569512811	1172.266274651757	796.318203599829	-566.100708381129	120.794360462163	
0.154310344828	-0.445804181166	0.014544442244	2.948578065961	-177.243819590065	5.782611752050	1172.302236832758	796.338287722443	-566.127733347354	120.802532841930	
0.155172413793	-0.445804050085	0.014488582037	2.948691137852	-177.243767474370	5.760402726476	1172.347192207154	796.361002828544	-566.158377573389	120.795726353420	
0.156034482759	-0.445823719719	0.014461360579	2.948809813338	-177.251587771276	5.749579958704	1172.394375471283	796.387128830788	-566.196090964920	120.807832842553	
0.156896551724	-0.445839781108	0.014422801265	2.948917294119	-177.257973494146	5.734249460751	1172.437107919473	796.413373188442	-566.221440312029	120.807723048987	
0.157758620690	-0.445866697593	0.014406160375	2.949032693357	-177.268675010492	5.727633338567	1172.482988605631	796.436367012483	-566.256591755348	120.818656678836	
0.158620689655	-0.445909935488	0.014393101605	2.949148952669	-177.285865629097	5.722441403809	1172.529211242060	796.462317544760	-566.293070170258	120.832199491965	
0.159482758621	-0.445964707400	0.014354440003	2.949238406232	-177.307641967798	5.707070237921	1172.564776388936	796.485209244430	-566.314004913033	120.827610480207	
0.160344827586	-0.446037592374	0.014300265544	2.949343733861	-177.336619738146	5.685531435473	1172.606652782286	796.509067132298	-566.348088737565	120.819777009565	
0.161206896552	-0.446084161531	0.014281146676	2.949447137171	-177.355134807389	5.677930113594	1172.647764100525	796.529234140384	-566.375986315689	120.822232058558	
0.162068965517	-0.446136822804	0.014276886220	2.949533065025	-177.376071993741	5.676236231855	1172.681927488075	796.549597178199	-566.405999266586	120.836459579428	
0.162931034483	-0.446182843769	0.014260244508	2.949609931970	-177.394369111220	5.669619783012	1172.712488419331	796.569491819109	-566.425591880941	120.840901153393	
0.163793103448	-0.446194579099	0.014295885288	2.949673653840	-177.399034869868	5.683789923599	1172.737823102424	796.584612743244	-566.442835233325	120.863928721117	
0.164655172414	-0.446199730726	0.014347190870	2.949758421708	-177.401083065459	5.704188111166	1172.771525300262	796.604758756299	-566.469577724287	120.892400665496	
0.165517241379	-0.446217357619	0.014397943534	2.949832988001	-177.408091204935	5.724366468738	1172.801171533228	796.621430460709	-566.488063677956	120.913566838182	
0.166379310345	-0.446246094823	0.014461532020	2.949894878461	-177.419516606265	5.749648120458	1172.825778080244	796.638279118622	-566.506774095291	120.942759664449	
0.167241379310	-0.446266443650	0.014517698274	2.949942693394	-177.427606938303	5.771978824903	1172.844788447955	796.651346279451	-566.514567137503	120.963303750910	
0.168103448276	-0.446299223915	0.014577341066	2.949989579498	-177.440639789075	5.795691738939	1172.863429529329	796.663676597277	-566.531738664533	120.992704917258	
0.168965517241	-0.446320849745	0.014610201561	2.950021245272	-177.449237834932	5.808756487815	1172.876019278380	796.675377100813	-566.537942709454	121.008531959679	
0.169827586207	-0.446351201130	0.014624246335	2.950067160185	-177.461305005907	5.814340440215	1172.894274231881	796.686898323743	-566.550414355788	121.012530633362	
0.170689655172	-0.446375581414	0.014644921635	2.950107014193	-177.470998173699	5.822560572351	1172.910119477277	796.697852320241	-566.556408529925	121.019291061522	
0.171551724138	-0.446398266969	0.014675541453	2.950159972027	-177.480017547160	5.834734467820	1172.931174570953	796.707965366973	-566.573928178708	121.032839996940	
0.172413793103	-0.446437997086	0.014669303719	2.950199936811	-177.495813535520	5.832254455406	1172.947063858665	796.722011278368	-566.583264791934	121.032748501987	
0.173275862069	-0.446461492520	0.014661764688	2.950227719842	-177.505154902740	5.829257070638	1172.958109897862	796.730879226235	-566.584259100821	121.031810313712	
0.174137931034	-0.446463222163	0.014675028905	2.950272824901	-177.505842577778	5.834530687697	1172.976042867723	796.741846013645	-566.601718478736	121.048342709965	
0.175000000000	-0.446476028503	0.014630522726	2.950325966888	-177.510934151138	5.816835822035	1172.997171177534	796.753068897041	-566.615642789973	121.037358004263	
0.175862068966	-0.446495421486	0.014600804185	2.950377007549	-177.518644456316	5.805020258264	1173.017464037175	796.766083085397	-566.630104280730	121.037272605296	
0.176724137931	-0.446496438651	0.014576791630	2.950419114348	-177.519048863290	5.795473293015	1173.034204952025	796.774850580490	-566.638450348585	121.037434587168	
0.177586206897	-0.446506542606	0.014564533327	2.950487686476	-177.523066016300	5.790599609656	1173.061468011534	796.786545760283	-566.663402803667	121.046363334026	
0.178448275862	-0.446532096010	0.014529259549	2.950544676827	-177.533225595660	5.776575382294	1173.084126362330	796.801090437479	-566.678441762174	121.043969271760	
0.179310344828	-0.446558202734	0.014502245421	2.950598679464	-177.543605164960	5.765835045226	1173.105596850990	796.812161871694	-566.692484419542	121.041360950296	
0.180172413793	-0.446590674352	0.014467249044	2.950649707248	-177.556515303140	5.751921107563	1173.125884591261	796.822569763168	-566.704141062613	121.031177876303	
0.181034482759	-0.446620049229	0.014461071076	2.950712005341	-177.568194232280	5.749464857207	1173.150653205683	796.833432786169	-566.724598620805	121.036631090350	
0.181896551724	-0.446645368740	0.014455774679	2.950757394443	-177.578260819821	5.747359104184	1173.168699106109	796.847466259160	-566.737204117353	121.039713431909	
0.182758620690	-0.446654081090	0.014481462427	2.950787335619	-177.581724695526	5.757572096022	1173.180603185468	796.854597870881	-566.742540228052	121.052156960490	
0.183620689655	-0.446646924783	0.014543866401	2.950810849306	-177.578879474764	5.782382807151	1173.189951809369	796.861937347026	-566.750806590662	121.079869004423	
0.184482758621	-0.446661273657	0.014581024454	2.950835642279	-177.584584332296	5.797156188665	1173.199809054849	796.867285233885	-566.761644986082	121.095309321228	
0.185344827586	-0.446679272345	0.014608432045	2.950855980389	-177.591740290511	5.808052959711	1173.207895125898	796.876222774600	-566.768263495316	121.104599016119	
0.186206896552	-0.446665581817	0.014672645427	2.950888513078	-177.586297179899	5.833583059195	1173.220829545213	796.881831670466	-566.777935501396	121.129203235673	
0.187068965517	-0.446652438965	0.014735617863	2.950924285120	-177.581071815653	5.858619780453	1173.235051873355	796.888578541242	-566.786657944902	121.150906385580	
0.187931034483	-0.446665966111	0.014785834802	2.950963566821	-177.586449968562	5.878585143040	1173.250669579206	796.896497315402	-566.797229838116	121.170170327349	
0.188793103448	-0.446677001555	0.014836627780	2.950979717152	-177.590837464921	5.898779528447	1173.257090663820	796.902420738907	-566.801403561699	121.187819361951	
0.189655172414	-0.446708132934	0.014833393700	2.950998890576	-177.603214748040	5.897493715738	1173.264713676545	796.907181375990	-566.806682782069	121.181325837086	
0.190517241379	-0.446733039007	0.014826245556	2.951021906530	-177.613116959716	5.894651740591	1173.273864410940	796.912850015761	-566.810882166394	121.176199556083	
0.191379310345	-0.446741673803	0.014828415923	2.951054402962	-177.616550001213	5.895514640103	1173.286784414783	796.919062698141	-566.821509773839	121.178838969719	
0.192241379310	-0.446748355161	0.014817064455	2.951074967178	-177.619206390406	5.891001498025	1173.294960381440	796.924609530181	-566.824654233279	121.176641841658	
0.193103448276	-0.446750359699	0.014802619369	2.951082720624	-177.620003359182	5.885258388776	1173.298043013712	796.929339957382	-566.822467992059	121.174796812101	
0.193965517241	-0.446735235399	0.014794883105	2.951093514669	-177.613990206450	5.882182587463	1173.302334534131	796.933806090731	-566.824441807713	121.177799052106	
0.194827586207	-0.446724286083	0.014761501155	2.951110636782	-177.609636952953	5.868910517385	1173.309141982294	796.938211750594	-566.828941586251	121.169209074476	
0.195689655172	-0.446714215444	0.014742480071	2.951123536237	-177.605633045971	5.861348072541	1173.314270576211	796.942703929379	-566.830845663356	121.168301740116	
0.196551724138	-0.446701464198	0.014716233374	2.951130466388	-177.600563377182	5.850912852471	1173.317025881201	796.947030622915	-566.829079731236	121.163221394962	
0.197413793103	-0.446697504794	0.014683114170	2.951149741291	-177.598989188221	5.837745245419	1173.324689239923	796.952807007199	-566.832366435267	121.156380857660	
0.198275862069	-0.446695811590	0.014650393566	2.951170771430	-177.598316000479	5.824736114601	1173.333050449308	796.959023552217	-566.836809189512	121.151307382710	
0.199137931034	-0.446711665247	0.014591197391	2.951191607373	-177.604619132871	5.801200767705	1173.341334450090	796.964500935037	-566.841002211229	121.133678704086	
0.200000000000	-0.446745771514	0.014500508823	2.951206760885	-177.618179178231	5.765144604493	1173.347359217105	796.969392971375	-566.840958693872	121.102163789124	
0.200862068966	-0.446762372574	0.014433865885	2.951238363554	-177.624779464779	5.738648556800	1173.359923876641	796.975853285959	-566.851026564416	121.085196781482	
0.201724137931	-0.446762792308	0.014379043369	2.951278197168	-177.624946343508	5.716852098939	1173.375761013936	796.984197705830	-566.862305579266	121.072744703731	
0.202586206897	-0.446762834478	0.014336848362	2.951317082337	-177.624963109837	5.700076113919	1173.391221066042	796.993260773431	-566.868786852441	121.063289689128	
0.203448275862	-0.446747464865	0.014331475466	2.951355056988	-177.618852424485	5.697939946036	1173.406319112367	797.002615349660	-566.875760304980	121.068042658137	
0.204310344828	-0.446743658956	0.014329928285	2.951407514443	-177.617339262810	5.697324814139	1173.427175264062	797.012704048019	-566.890114115733	121.070283571915	
0.205172413793	-0.446745569262	0.014346683194	2.951461379780	-177.618098766540	5.703986268368	1173.448591164710	797.023700740985	-566.903063136614	121.077803738885	
0.206034482759	-0.446745243387	0.014386333231	2.951511371801	-177.617969204465	5.719750418596	1173.468467104034	797.034668883714	-566.914351489972	121.093539495525	
0.206896551724	-0.446750842354	0.014436580909	2.951562831813	-177.620195254084	5.739728002187	1173.488926689869	797.045130835115	-566.926794139043	121.112268785388	
0.207758620690	-0.446764145340	0.014500585503	2.951617298657	-177.625484285134	5.765175091107	1173.510581739169	797.055885077316	-566.940899407757	121.135483372588	
0.208620689655	-0.446769334642	0.014588374415	2.951674615858	-177.627547459156	5.800078402412	1173.533370039745	797.067340167215	-566.956201435241	121.165701495926	
0.209482758621	-0.446794265257	0.014657329922	2.951743302111	-177.637459428729	5.827493886645	1173.560678473330	797.080291161067	-566.973063961398	121.180683602337	
0.210344827586	-0.446823493805	0.014753866536	2.951816491430	-177.649080179999	5.865875128540	1173.589777245608	797.094829094067	-566.989731982157	121.205913729720	
0.211206896552	-0.446854165909	0.014866174327	2.951891519492	-177.661274863491	5.910526710483	1173.619607069868	797.109534782966	-567.010911012393	121.238754998022	
0.212068965517	-0.446895086514	0.014965216949	2.951950042622	-177.677544168593	5.949904296841	1173.642874826290	797.123151078430	-567.024854029093	121.266515695507	
0.212931034483	-0.446933337987	0.015056608628	2.951991316907	-177.692752274600	5.986240003924	1173.659284748534	797.134990004643	-567.034405959801	121.295006950336	
0.213793103448	-0.446958638739	0.015136465415	2.952027840359	-177.702811403795	6.017989643335	1173.673805823840	797.144713538699	-567.046664155194	121.323420305718	
0.214655172414	-0.446987070715	0.015180483712	2.952060020747	-177.714115452384	6.035490535898	1173.686600174286	797.152395053667	-567.058441232582	121.339049953044	
0.215517241379	-0.447003810647	0.015233014435	2.952087182864	-177.720770951643	6.056375817728	1173.697399349187	797.159554842629	-567.068337243354	121.361784658260	
0.216379310345	-0.447006208316	0.015282622915	2.952111896867	-177.721724222356	6.076099268013	1173.707225197396	797.166463120974	-567.075837939360	121.382649315953	
0.217241379310	-0.447013815194	0.015331913315	2.952142988193	-177.724748581784	6.095696254910	1173.719586556059	797.173620680791	-567.085410971397	121.403430195233	
0.218103448276	-0.447023854575	0.015385817305	2.952164278332	-177.728740061462	6.117127523481	1173.728051137130	797.179778507819	-567.092096439046	121.425760728727	
0.218965517241	-0.447055482915	0.015409341155	2.952179593358	-177.741314927348	6.126480188213	1173.734140119249	797.184388585757	-567.097829303026	121.432349291652	
0.219827586207	-0.447098688507	0.015404209567	2.952183079490	-177.758492702696	6.124439959704	1173.735526143429	797.187823355571	-567.097625866533	121.426621556467	
0.220689655172	-0.447124820851	0.015409844817	2.952191581467	-177.768882458490	6.126680435190	1173.738906378442	797.190653730180	-567.104447326525	121.431168737634	
0.221551724138	-0.447138873755	0.015407206041	2.952191360512	-177.774469643273	6.125631304770	1173.738818530757	797.192227519741	-567.107305635475	121.433751450925	
0.222413793103	-0.447144665341	0.015402526313	2.952183475221	-177.776772274697	6.123770728023	1173.735683478846	797.193164995496	-567.104574576580	121.435142331201	
0.223275862069	-0.447120806004	0.015425709941	2.952178276198	-177.767286226578	6.132988126543	1173.733616440030	797.194378656989	-567.103655881426	121.448266140196	
0.224137931034	-0.447104597270	0.015439335917	2.952188674174	-177.760841921890	6.138405572259	1173.737750490198	797.196045838316	-567.109074538042	121.453581467640	
0.225000000000	-0.447095138472	0.015465566049	2.952197407274	-177.757081272091	6.148834206715	1173.741222615498	797.197974297074	-567.111770370308	121.462721595038	
0.225862068966	-0.447088964015	0.015493543512	2.952196733525	-177.754626417499	6.159957548743	1173.740954745029	797.199117082960	-567.111081475393	121.471865314289	
0.226724137931	-0.447092058294	0.015507430840	2.952195086134	-177.755856647972	6.165478903687	1173.740299771641	797.199243334487	-567.111623895709	121.476611483894	
0.227586206897	-0.447101754288	0.015506446514	2.952190803283	-177.759711602721	6.165087552880	1173.738596986281	797.198669604708	-567.112376364265	121.478134599616	
0.228448275862	-0.447107910812	0.015491044027	2.952183494717	-177.762159327330	6.158963797790	1173.735691230379	797.197146268834	-567.112482232137	121.475129859536	
0.229310344828	-0.447127230785	0.015428421820	2.952178713602	-177.769840605061	6.134066321488	1173.733790344054	797.195242764680	-567.111019203488	121.450226713418	
0.230172413793	-0.447134616382	0.015383454287	2.952181720715	-177.772776987260	6.116188029506	1173.734985918561	797.194447798741	-567.111647432078	121.435690716588	
0.231034482759	-0.447124210385	0.015352440602	2.952193621439	-177.768639747970	6.103857539438	1173.739717434997	797.195051958900	-567.116331403522	121.427720614587	
0.231896551724	-0.447112994185	0.015323369398	2.952199818129	-177.764180385936	6.092299345373	1173.742181128656	797.196253207592	-567.114813270063	121.418735392916	
0.232758620690	-0.447096734041	0.015307746851	2.952195379828	-177.757715641699	6.086088098226	1173.740416539123	797.197026044717	-567.109358171441	121.415529406174	
0.233620689655	-0.447080059810	0.015287465210	2.952193041272	-177.751086264027	6.078024478204	1173.739486770723	797.197148502592	-567.107805889885	121.410741983897	
0.234482758621	-0.447074200776	0.015243544126	2.952191153833	-177.748756816214	6.060562236041	1173.738736358603	797.197272634380	-567.106216410754	121.396497221695	
0.235344827586	-0.447062877327	0.015203058252	2.952188168985	-177.744254813867	6.044465772004	1173.737549636189	797.198165830477	-567.103676182425	121.386829104372	
0.236206896552	-0.447050096597	0.015147259078	2.952182651751	-177.739173422753	6.022281011954	1173.735356081855	797.198563078027	-567.099392408765	121.372371615905	
0.237068965517	-0.447049197695	0.015076705128	2.952182825301	-177.738816035341	5.994230015332	1173.735425082272	797.199219523199	-567.097770301015	121.354570763078	
0.237931034483	-0.447042984565	0.015002967121	2.952180270711	-177.736345805446	5.964913094399	1173.734409422787	797.200193765425	-567.095738349850	121.337303025651	
0.238793103448	-0.447058571445	0.014891270459	2.952183926224	-177.742542871816	5.920504486457	1173.735862789953	797.201327157597	-567.095642547229	121.302278478036	
0.239655172414	-0.447078812844	0.014765462583	2.952186204043	-177.750590492296	5.870485510750	1173.736768410289	797.203119988171	-567.091850215168	121.261998820484	
0.240517241379	-0.447083260317	0.014659770600	2.952203238986	-177.752358728455	5.828464256729	1173.743541200852	797.206400891462	-567.097507289997	121.234499984339	
0.241379310345	-0.447080681605	0.014556276904	2.952217745338	-177.751333478566	5.787317002728	1173.749308668428	797.210448784261	-567.099591712748	121.207567674257	
0.242241379310	-0.447074058784	0.014462870501	2.952227795515	-177.748700362475	5.750180276844	1173.753304440150	797.215073763137	-567.097449247645	121.183896178966	
0.243103448276	-0.447047151545	0.014401947452	2.952241212923	-177.738002522434	5.725958355110	1173.758638963255	797.220254855588	-567.098211929723	121.173748193004	
0.243965517241	-0.447033127554	0.014332488824	2.952266736974	-177.732426832817	5.698342839097	1173.768786872203	797.225933253985	-567.104423155650	121.156155731929	
0.244827586207	-0.447024330955	0.014288817771	2.952291796148	-177.728929461645	5.680980004444	1173.778749954628	797.232409723971	-567.109053303157	121.148191536243	
0.245689655172	-0.447014867898	0.014258228900	2.952312506754	-177.725167118464	5.668818413177	1173.786984123352	797.239038015385	-567.111391259170	121.143275861761	
0.246551724138	-0.447013921654	0.014234962287	2.952341516831	-177.724790908381	5.659568021413	1173.798518014267	797.246190176835	-567.117547607233	121.140495654633	
0.247413793103	-0.447020931391	0.014222541811	2.952372484300	-177.727577855290	5.654629860658	1173.810830129631	797.253769357894	-567.125031734137	121.141614884847	
0.248275862069	-0.447036367792	0.014210279040	2.952404051391	-177.733715093912	5.649754400922	1173.823380644269	797.261112667555	-567.133294408132	121.140201538300	
0.249137931034	-0.447073916029	0.014167505423	2.952434741729	-177.748643605930	5.632748370954	1173.835582577252	797.268140628226	-567.139379955277	121.122102491859	
0.250000000000	-0.447106410039	0.014150889834	2.952471658561	-177.761562646825	5.626142307892	1173.850260053556	797.275614680054	-567.150034858823	121.117928546886	
0.250862068966	-0.447127266975	0.014146651572	2.952510105557	-177.769854993816	5.624457250380	1173.865545895772	797.283303213373	-567.162811225789	121.119513926014	
0.251724137931	-0.447146272803	0.014148186188	2.952540676556	-177.777411373308	5.625067386478	1173.877700381588	797.290693653356	-567.169759216270	121.122097010852	
0.252586206897	-0.447150472531	0.014177092958	2.952563329498	-177.779081110432	5.636560204460	1173.886706788831	797.297251966545	-567.174828506732	121.135941919233	
0.253448275862	-0.447152503609	0.014214516485	2.952592080351	-177.779888631103	5.651439133568	1173.898137616861	797.302938043541	-567.185190440988	121.151144302848	
0.254310344828	-0.447162599648	0.014255727081	2.952617909790	-177.783902636410	5.667823734355	1173.908406943024	797.308017788377	-567.193874085322	121.165389109422	
0.255172413793	-0.447167976416	0.014319940482	2.952636735575	-177.786040343932	5.693353841489	1173.915891740519	797.312574482918	-567.200286842354	121.188417629422	
0.256034482759	-0.447173747205	0.014389147368	2.952650022429	-177.788334707100	5.720869269371	1173.921174357374	797.315743756503	-567.205051152655	121.211731816654	
0.256896551724	-0.447189118113	0.014462056769	2.952664203278	-177.794445907143	5.749856751541	1173.926812410803	797.318357693627	-567.211145466588	121.236046084284	
0.257758620690	-0.447196684167	0.014548055520	2.952670642972	-177.797454035560	5.784048326519	1173.929372718736	797.320002191541	-567.215396550096	121.264830231879	
0.258620689655	-0.447227278757	0.014602865410	2.952678078883	-177.809617901021	5.805839764541	1173.932329104928	797.320524641069	-567.219898467391	121.275830269701	
0.259482758621	-0.447256620685	0.014662129917	2.952680569167	-177.821283730067	5.829402279224	1173.933319197410	797.320721853110	-567.220555403797	121.288095933169	
0.260344827586	-0.447268985141	0.014745307628	2.952692991785	-177.826199618094	5.862472258801	1173.938258209840	797.321429282576	-567.229232526081	121.312590111121	
0.261206896552	-0.447275433700	0.014830958370	2.952697792476	-177.828763450447	5.896525471980	1173.940166878946	797.321870697974	-567.232306147371	121.336427501910	
0.262068965517	-0.447277963122	0.014925058050	2.952692749460	-177.829769103760	5.933937832150	1173.938161865711	797.321619659258	-567.230379716607	121.362869834923	
0.262931034483	-0.447265450823	0.015036906762	2.952687956625	-177.824794435936	5.978406892143	1173.936256319624	797.320776933350	-567.231170806036	121.397117630513	
0.263793103448	-0.447263289088	0.015122626552	2.952687765752	-177.823934968638	6.012487557255	1173.936180432008	797.319265509523	-567.234652811452	121.418425534999	
0.264655172414	-0.447265524189	0.015216534619	2.952680718865	-177.824823604921	6.049823735862	1173.933378714913	797.317214983755	-567.235057073201	121.445280989926	
0.265517241379	-0.447263799178	0.015297487849	2.952662744504	-177.824137771016	6.082009301288	1173.926232428196	797.313749002978	-567.231056460004	121.467368995254	
0.266379310345	-0.447267244504	0.015363391096	2.952648276232	-177.825507571584	6.108211261190	1173.920480100436	797.309682344528	-567.229530379455	121.485803327173	
0.267241379310	-0.447268938144	0.015422212544	2.952629913569	-177.826180932684	6.131597623662	1173.913179431879	797.305012262344	-567.227129473713	121.503589104788	
0.268103448276	-0.447276228016	0.015457561848	2.952611332417	-177.829079256328	6.145651878506	1173.905791896184	797.299517629147	-567.224576932216	121.510589508468	
0.268965517241	-0.447296033911	0.015458200501	2.952590297704	-177.836953728016	6.145905795532	1173.897428868157	797.293812758233	-567.217964399211	121.501385122013	
0.269827586207	-0.447301344027	0.015477733184	2.952580533804	-177.839064935835	6.153671643167	1173.893546914934	797.289115730871	-567.218156273095	121.504372918253	
0.270689655172	-0.447296139628	0.015496682521	2.952570525797	-177.836995759329	6.161205563147	1173.889567909271	797.284914884460	-567.217798821696	121.508078402066	
0.271551724138	-0.447291927212	0.015507909061	2.952552331890	-177.835320977741	6.165669035753	1173.882334335370	797.280668701737	-567.211074915268	121.508653142955	
0.272413793103	-0.447269769899	0.015532481309	2.952529705717	-177.826511623618	6.175438525044	1173.873338571170	797.276305242399	-567.203924839563	121.517025308806	
0.273275862069	-0.447250511553	0.015541883203	2.952520716537	-177.818854847779	6.179176550920	1173.869764632791	797.272433987028	-567.203767303715	121.518849082061	
0.274137931034	-0.447234827878	0.015546544997	2.952514550700	-177.812619297220	6.181029997416	1173.867313205471	797.269526396767	-567.202295849601	121.519229678543	
0.275000000000	-0.447214234508	0.015557236078	2.952507234942	-177.804431739107	6.185280580984	1173.864404590368	797.267316815060	-567.199362850141	121.523256511232	
0.275862068966	-0.447197368955	0.015561298330	2.952503703768	-177.797726295057	6.186895660083	1173.863000658145	797.265499176848	-567.197314581665	121.524912367092	
0.276724137931	-0.447190883764	0.015559791189	2.952505667799	-177.795147898437	6.186296447872	1173.863781522123	797.264783221033	-567.197129657882	121.525269591869	
0.277586206897	-0.447182540024	0.015559031078	2.952504909450	-177.791830575668	6.185994241199	1173.863480015838	797.264354537113	-567.196137456309	121.526299037063	
0.278448275862	-0.447202305567	0.015511443391	2.952505426513	-177.799689004213	6.167074222438	1173.863685590927	797.263642047543	-567.194622696242	121.504799303178	
0.279310344828	-0.447223549258	0.015464447897	2.952502519833	-177.808135118170	6.148389649307	1173.862529946625	797.263042048251	-567.191095465656	121.486460811770	
0.280172413793	-0.447231561530	0.015424075503	2.952505982153	-177.811320655233	6.132338303012	1173.863906503539	797.262962611992	-567.193966001958	121.475010638571	
0.281034482759	-0.447234154462	0.015375750036	2.952502203852	-177.812351559151	6.113124956266	1173.862404318080	797.262910779992	-567.191161270835	121.460812812372	
0.281896551724	-0.447227505231	0.015335827744	2.952491350049	-177.809707943006	6.097252562252	1173.858089039172	797.262521055256	-567.184996217128	121.451259717296	
0.282758620690	-0.447206612686	0.015310361928	2.952486964689	-177.801401438291	6.087127806376	1173.856345497874	797.262110379281	-567.183680626007	121.448231939907	
0.283620689655	-0.447193837763	0.015270219843	2.952490148969	-177.796322355850	6.071168026755	1173.857611510909	797.262072199461	-567.184844585077	121.436581004766	
0.284482758621	-0.447181584407	0.015253132778	2.952493024893	-177.791450639291	6.064374513391	1173.858754927187	797.262844452680	-567.184937336820	121.435141808115	
0.285344827586	-0.447166526006	0.015238655532	2.952492791286	-177.785463686587	6.058618617790	1173.858662049079	797.263632777215	-567.182680057161	121.433025857563	
0.286206896552	-0.447160997675	0.015226435309	2.952502019018	-177.783265720502	6.053760074487	1173.862330831513	797.265435106472	-567.184140057812	121.431800951772	
0.287068965517	-0.447156085633	0.015224181939	2.952509808265	-177.781312779911	6.052864174435	1173.865427697728	797.267655390534	-567.185339658033	121.434477152594	
0.287931034483	-0.447168560725	0.015203378399	2.952520008650	-177.786272654795	6.044593056520	1173.869483189300	797.269654467777	-567.187483591226	121.426015479464	
0.288793103448	-0.447196537971	0.015163309053	2.952525006680	-177.797395910648	6.028662196776	1173.871470317330	797.271572370292	-567.185004181251	121.407484753815	
0.289655172414	-0.447213567489	0.015146043291	2.952539383533	-177.804166544392	6.021797636623	1173.877186298544	797.274111463683	-567.190456288570	121.402399348849	
0.290517241379	-0.447224894326	0.015128838536	2.952547583201	-177.808669893408	6.014957332061	1173.880446340925	797.276408034745	-567.193195805394	121.397639118458	
0.291379310345	-0.447236738005	0.015109592577	2.952545492113	-177.813378729709	6.007305480617	1173.879614961360	797.278079025261	-567.190045809066	121.391876423261	
0.292241379310	-0.447226950542	0.015111270662	2.952538379682	-177.809487408483	6.007972657426	1173.876787185364	797.278977118491	-567.187410218836	121.396724767434	
0.293103448276	-0.447226288816	0.015095820473	2.952541250112	-177.809224318012	6.001829936936	1173.877928417076	797.279293390568	-567.190981815030	121.393220358406	
0.293965517241	-0.447227591185	0.015084992136	2.952541533104	-177.809742116513	5.997524782418	1173.878040930034	797.279528516525	-567.192293978297	121.392308049936	
0.294827586207	-0.447222731986	0.015079360968	2.952537149339	-177.807810185568	5.995285930307	1173.876298022741	797.279522766203	-567.191661400880	121.394030896518	
0.295689655172	-0.447219140374	0.015070819873	2.952538689110	-177.806382224465	5.991890142435	1173.876910208281	797.279598535016	-567.193525538333	121.395093137495	
0.296551724138	-0.447220411100	0.015063345981	2.952545301579	-177.806887442657	5.988918656000	1173.879539208515	797.280392028986	-567.197249079976	121.397262334403	
0.297413793103	-0.447220207457	0.015059071836	2.952552474942	-177.806806477459	5.987219331653	1173.882391210351	797.281385319236	-567.201133734075	121.399789673339	
0.298275862069	-0.447241392548	0.015016621649	2.952562906892	-177.815229293326	5.970341891932	1173.886538768252	797.282537991302	-567.204257597468	121.382269502164	
0.299137931034	-0.447259459540	0.014992172443	2.952577548478	-177.822412408447	5.960621322016	1173.892360002343	797.284706603855	-567.208778413824	121.374571436221	
0.300000000000	-0.447264327218	0.014979674676	2.952599093545	-177.824347710694	5.955652431886	1173.900925938100	797.287985365797	-567.218094859369	121.373531374625	
0.300862068966	-0.447267804917	0.014965467846	2.952614024935	-177.825730381718	5.950004048894	1173.906862393598	797.291624485947	-567.221465118135	121.370969252316	
0.301724137931	-0.447262671455	0.014965140021	2.952621049840	-177.823689408652	5.949873711567	1173.909655370826	797.294990317433	-567.221831382023	121.374839869475	
0.302586206897	-0.447250833796	0.014969835579	2.952633723794	-177.818982965944	5.951740581986	1173.914694309691	797.298096398694	-567.227067976857	121.380754600434	
0.303448275862	-0.447249649110	0.014959031658	2.952647427676	-177.818511955689	5.947445134994	1173.920142729771	797.301023817853	-567.232236512846	121.378908659622	
0.304310344828	-0.447246460821	0.014961882056	2.952655562922	-177.817244348532	5.948578402403	1173.923377159005	797.303849427868	-567.235102773878	121.384209723102	
0.305172413793	-0.447241262938	0.014959413664	2.952656985731	-177.815177762565	5.947597013755	1173.923942842486	797.305633886812	-567.235112691267	121.386800862763	
0.306034482759	-0.447244237010	0.014953139932	2.952663018410	-177.816360200931	5.945102689365	1173.926341328683	797.307508647017	-567.237421837624	121.388583735752	
0.306896551724	-0.447241038462	0.014953621990	2.952663540967	-177.815088515092	5.945294347014	1173.926549087906	797.308939250737	-567.238224665827	121.393263450828	
0.307758620690	-0.447258613889	0.014925695228	2.952664901495	-177.822076192416	5.934191162944	1173.927090009574	797.309406042514	-567.239241505162	121.382416398400	
0.308620689655	-0.447283312945	0.014886521610	2.952659935483	-177.831896098217	5.918616428672	1173.925115611327	797.309491171498	-567.235224549532	121.365638477159	
0.309482758621	-0.447292047194	0.014870565132	2.952666212547	-177.835368680319	5.912272416453	1173.927611260550	797.310194116897	-567.239919208129	121.361875093409	
0.310344827586	-0.447293124439	0.014856847356	2.952667122748	-177.835796973987	5.906818472629	1173.927973140319	797.310802882403	-567.240550601284	121.358152863506	
0.311206896552	-0.447291171388	0.014849077621	2.952659988426	-177.835020475570	5.903729363970	1173.925136660844	797.310995724264	-567.235849045100	121.355817340940	
0.312068965517	-0.447267846918	0.014868597079	2.952653043991	-177.825747080584	5.911489953410	1173.922375676726	797.310934062784	-567.233189239025	121.365178307397	
0.312931034483	-0.447254918260	0.014873570407	2.952657184452	-177.820606875873	5.913467260422	1173.924021850429	797.310854343772	-567.235811732846	121.365298872393	
0.313793103448	-0.447243786210	0.014896290909	2.952659901416	-177.816180970787	5.922500528392	1173.925102067233	797.311134767663	-567.236237988658	121.372520746341	
0.314655172414	-0.447229212485	0.014925910674	2.952656759860	-177.810386716708	5.934276820380	1173.923853040313	797.311141194080	-567.233610104448	121.381214906898	
0.315517241379	-0.447220414398	0.014956591660	2.952659516334	-177.806888753570	5.946475035173	1173.924948965187	797.311237127769	-567.233663177982	121.390105010235	
0.316379310345	-0.447216932439	0.014992477939	2.952662713804	-177.805504388508	5.960742781828	1173.926220222581	797.311555248153	-567.234173475527	121.401084812541	
0.317241379310	-0.447218335550	0.015025058825	2.952664900787	-177.806062240623	5.973696363183	1173.927089728240	797.311521646701	-567.234514748722	121.408609698156	
0.318103448276	-0.447240407255	0.015021605030	2.952664728689	-177.814837558446	5.972323195600	1173.927021305046	797.311003988090	-567.231865818969	121.397397047140	
0.318965517241	-0.447257716701	0.015037821458	2.952668282768	-177.821719486289	5.978770559349	1173.928434343630	797.310716227606	-567.232572716532	121.397824148172	
0.319827586207	-0.447263553854	0.015058420503	2.952672105896	-177.824040234810	5.986960373519	1173.929954351237	797.310535596970	-567.235107857707	121.401598217661	
0.320689655172	-0.447267983823	0.015073641930	2.952667209777	-177.825801511796	5.993012142106	1173.928007741404	797.310047769619	-567.231398132777	121.403022299860	
0.321551724138	-0.447257929455	0.015103294661	2.952655295207	-177.821804073687	6.004801541274	1173.923270720420	797.308931764019	-567.225867332984	121.412051756598	
0.322413793103	-0.447243864141	0.015129904238	2.952653126415	-177.816211954779	6.015381036070	1173.922408446998	797.307623497353	-567.226552634000	121.419609738308	
0.323275862069	-0.447237363557	0.015147472530	2.952653336316	-177.813627438276	6.022365876762	1173.922491899863	797.306611916485	-567.226826387597	121.422778616360	
0.324137931034	-0.447227328923	0.015176006210	2.952650842656	-177.809637846142	6.033710360686	1173.921500465214	797.305910675492	-567.225625853177	121.431788688692	
0.325000000000	-0.447219144888	0.015197339940	2.952646608798	-177.806384019095	6.042192272667	1173.919817158328	797.304737082620	-567.223560956272	121.438002907662	
0.325862068966	-0.447221764773	0.015211113830	2.952648136582	-177.807425638748	6.047668526640	1173.920424578180	797.304193606493	-567.224050399662	121.442483657881	
0.326724137931	-0.447218108417	0.015227527205	2.952645695293	-177.805971936815	6.054194192898	1173.919453965065	797.303693129328	-567.223548127023	121.449101869385	
0.327586206897	-0.447240492299	0.015203027401	2.952645907535	-177.814871370501	6.044453505906	1173.919538348765	797.302591935416	-567.223718585417	121.435983841091	
0.328448275862	-0.447265451567	0.015171439125	2.952641375049	-177.824794731659	6.031894568969	1173.917736312860	797.301520603748	-567.220027165049	121.421164421630	
0.329310344828	-0.447274741810	0.015155837665	2.952648014877	-177.828488367151	6.025691705871	1173.920376190351	797.301373057681	-567.225013080366	121.417223775629	
0.330172413793	-0.447277377428	0.015137510135	2.952649246879	-177.829536241905	6.018405005377	1173.920866012566	797.301484652111	-567.225249710305	121.412043964640	
0.331034482759	-0.447275533392	0.015125161110	2.952643029907	-177.828803086217	6.013495252794	1173.918394254946	797.301425350677	-567.221101614278	121.409465704412	
0.331896551724	-0.447257525287	0.015132787832	2.952639306668	-177.821643383704	6.016527501729	1173.916913961113	797.301296097612	-567.220352043529	121.416191437134	
0.332758620690	-0.447249579141	0.015118749007	2.952644125851	-177.818484137072	6.010945914613	1173.918829982608	797.301281370777	-567.223626986099	121.411700270675	
0.333620689655	-0.447245637759	0.015119364391	2.952646561318	-177.816917113782	6.011190580135	1173.919798281235	797.301697457105	-567.225041873451	121.414843363677	
0.334482758621	-0.447238373341	0.015115525625	2.952642396997	-177.814028910425	6.009664355010	1173.918142621213	797.301692091809	-567.223266073651	121.415982857406	
0.335344827586	-0.447237889012	0.015104871250	2.952645416843	-177.813836349780	6.005428365090	1173.919343258248	797.302008116006	-567.225011427957	121.415890835375	
0.336206896552	-0.447239175436	0.015093929370	2.952647227856	-177.814347809074	6.001078067726	1173.920063284679	797.302473911898	-567.226793100705	121.417106177953	
0.337068965517	-0.447248625135	0.015065961082	2.952649022161	-177.818104841555	5.989958373716	1173.920776668600	797.302520852324	-567.228692118319	121.409753223479	
0.337931034483	-0.447274126789	0.015005371661	2.952647515428	-177.828243845802	5.965869096687	1173.920177618352	797.302428548267	-567.226634035184	121.386600286005	
0.338793103448	-0.447286963769	0.014967032132	2.952655079090	-177.833347600946	5.950625981084	1173.923184796136	797.303241004490	-567.230708628682	121.376678012632	
0.339655172414	-0.447287920077	0.014934130093	2.952661940036	-177.833727811966	5.937544715187	1173.925912586322	797.304526178033	-567.234485089947	121.369454222876	
0.340517241379	-0.447288096267	0.014901369108	2.952660222766	-177.833797861939	5.924519529687	1173.925229830081	797.305738759599	-567.231760994117	121.361262542262	
0.341379310345	-0.447271234686	0.014890172031	2.952652276791	-177.827093997039	5.920067770890	1173.922070651712	797.306551354773	-567.227938762092	121.362777150025	
0.342241379310	-0.447258157305	0.014872315210	2.952654182635	-177.821894662697	5.912968216541	1173.922828381202	797.307215177649	-567.230182250262	121.359896878667	
0.343103448276	-0.447251582852	0.014853352726	2.952654917132	-177.819280776992	5.905429069722	1173.923120404175	797.308038069690	-567.230461228103	121.355815455310	
0.343965517241	-0.447241028144	0.014843697531	2.952651022887	-177.815084412696	5.901590335891	1173.921572121896	797.308807988494	-567.228791703528	121.356070989198	
0.344827586207	-0.447233480378	0.014828738719	2.952647437236	-177.812083555330	5.895642978051	1173.920146530495	797.309081892314	-567.227335008694	121.354107034326	
0.345689655172	-0.447235110976	0.014809168556	2.952647389671	-177.812731852144	5.887862228935	1173.920127619691	797.309647614226	-567.227458639900	121.350985891894	
0.346551724138	-0.447231567119	0.014793544558	2.952643961317	-177.811322877190	5.881650405264	1173.918764566929	797.309987513670	-567.226699625583	121.349456146935	
0.347413793103	-0.447252765632	0.014736641438	2.952643283395	-177.819751029600	5.859026736029	1173.918495037080	797.309864550330	-567.225915358914	121.326857095526	
0.348275862069	-0.447272734875	0.014686089233	2.952640864603	-177.827690445420	5.838928077428	1173.917533368471	797.309905348557	-567.223180299158	121.308387836509	
0.349137931034	-0.447278858973	0.014650138702	2.952646436129	-177.830125278175	5.824634785241	1173.919748508218	797.310501571151	-567.227274976789	121.298817410851	
0.350000000000	-0.447280919706	0.014611940942	2.952644406754	-177.830944588687	5.809448034619	1173.918941664923	797.310966347423	-567.225591331841	121.287595188757	
0.350862068966	-0.447275899731	0.014584812089	2.952634024492	-177.828948736138	5.798662085048	1173.914813862112	797.310893916167	-567.220090784392	121.281118013543	
0.351724137931	-0.447257002379	0.014574661866	2.952628800826	-177.821435484593	5.794626536894	1173.912737025206	797.310586312570	-567.219074173496	121.281762103312	
0.352586206897	-0.447246053011	0.014550109008	2.952631052167	-177.817082210772	5.784864756645	1173.913632118440	797.310398401992	-567.220708360355	121.273603389719	
0.353448275862	-0.447236305218	0.014548970027	2.952631991734	-177.813206661257	5.784411917983	1173.914005673713	797.310652213177	-567.220902652458	121.275631550957	
0.354310344828	-0.447224073862	0.014550280771	2.952627875321	-177.808343691667	5.784933046646	1173.912369060776	797.310397472291	-567.218296616767	121.276868698127	
0.355172413793	-0.447221420332	0.014553194606	2.952631490523	-177.807288695188	5.786091535727	1173.913806400767	797.310556477749	-567.219290767288	121.278859220292	
0.356034482759	-0.447219031829	0.014565022561	2.952632691115	-177.806339068690	5.790794120193	1173.914283734860	797.310697744175	-567.220007368373	121.284532511914	
0.356896551724	-0.447231790467	0.014558698773	2.952635793480	-177.811411676487	5.788279894742	1173.915517180098	797.310289515423	-567.221590555881	121.279501586410	
0.357758620690	-0.447257621829	0.014533675507	2.952635172354	-177.821681766884	5.778331088754	1173.915270231429	797.309788768019	-567.218869374386	121.264490116142	
0.358620689655	-0.447268535355	0.014536520684	2.952647070325	-177.826020791094	5.779462280522	1173.920000653402	797.310254099488	-567.224594003962	121.264560889179	
0.359482758621	-0.447269731203	0.014547744690	2.952657434223	-177.826496238898	5.783924746099	1173.924121155036	797.311150872558	-567.228618007855	121.267469377964	
0.360344827586	-0.447270402514	0.014565767925	2.952660796652	-177.826763140428	5.791090463833	1173.925457997186	797.312096022511	-567.227019813504	121.271633640779	
0.361206896552	-0.447250958218	0.014612818254	2.952660255683	-177.819032433537	5.809796838354	1173.925242917300	797.312771116777	-567.225649113393	121.288236773286	
0.362068965517	-0.447242193184	0.014650514332	2.952670260151	-177.815547612035	5.824784129114	1173.929220515929	797.313316148447	-567.230384432718	121.298381388992	
0.362931034483	-0.447236960334	0.014698071260	2.952678036216	-177.813467123732	5.843691918336	1173.932312141438	797.314163380032	-567.232718285665	121.312071276158	
0.363793103448	-0.447226954473	0.014755835827	2.952680682644	-177.809488971483	5.866658083693	1173.933364313831	797.314948988200	-567.232740996193	121.329644194135	
0.364655172414	-0.447220290766	0.014813455298	2.952686894088	-177.806839599784	5.889566561411	1173.935833873564	797.315612812009	-567.234349604600	121.347004271212	
0.365517241379	-0.447220831276	0.014872954681	2.952695388131	-177.807054497126	5.913222458792	1173.939210954221	797.316656804905	-567.237003686065	121.365345833335	
0.366379310345	-0.447220796371	0.014935647511	2.952701367878	-177.807040619335	5.938148013787	1173.941588395370	797.317534821168	-567.238998447404	121.383887892649	
0.367241379310	-0.447243342521	0.014957956556	2.952707772764	-177.816004568029	5.947017693611	1173.944134864361	797.318095015422	-567.239555285967	121.381494951431	
0.368103448276	-0.447264072399	0.014993913077	2.952714819537	-177.824246398849	5.961313367309	1173.946936535933	797.319034461222	-567.240464494243	121.387357187577	
0.368965517241	-0.447272247306	0.015037162631	2.952726044139	-177.827496596830	5.978508621178	1173.951399238123	797.320426443420	-567.245840553415	121.398659261928	
0.369827586207	-0.447278826217	0.015072323334	2.952728056834	-177.830112254786	5.992487891955	1173.952199449818	797.321538702547	-567.244855401786	121.406707499050	
0.370689655172	-0.447276076245	0.015114003817	2.952720325775	-177.829018914833	6.009059311067	1173.949125718154	797.321827659034	-567.240535435304	121.419250250354	
0.371551724138	-0.447263891153	0.015155036600	2.952718117401	-177.824174338756	6.025373216331	1173.948247707983	797.321614554736	-567.241233831386	121.432693844552	
0.372413793103	-0.447259433518	0.015175171775	2.952719337547	-177.822402062558	6.033378604430	1173.948732816444	797.321393746385	-567.242662418602	121.437031345347	
0.373275862069	-0.447250786292	0.015205641915	2.952718343185	-177.818964079019	6.045492990537	1173.948337475714	797.321513133371	-567.242646854206	121.447916493307	
0.374137931034	-0.447239150073	0.015227383635	2.952713728527	-177.814337725128	6.054137111832	1173.946502769885	797.321137269799	-567.240472212220	121.455315907720	
0.375000000000	-0.447236292966	0.015240845931	2.952716666166	-177.813201790193	6.059489481446	1173.947670722807	797.321477164238	-567.241340291368	121.460808486357	
0.375862068966	-0.447229025511	0.015255129327	2.952716557554	-177.810312379166	6.065168306076	1173.947627540621	797.322003798515	-567.241379000855	121.467743670985	
0.376724137931	-0.447243025539	0.015234530973	2.952719427261	-177.815878541579	6.056978766506	1173.948768485319	797.322208190733	-567.242267898662	121.457782165543	
0.377586206897	-0.447265831308	0.015193535336	2.952717363683	-177.824945710010	6.040679629721	1173.947948043168	797.322542639815	-567.238474479296	121.439524627435	
0.378448275862	-0.447274210664	0.015166697705	2.952726978238	-177.828277192976	6.030009464504	1173.951770619434	797.323808466623	-567.243565785396	121.432269895141	
0.379310344828	-0.447276278532	0.015132388836	2.952731341775	-177.829099340422	6.016368868018	1173.953505484179	797.325221735007	-567.244841870653	121.422846645199	
0.380172413793	-0.447276543270	0.015093790515	2.952727579887	-177.829204595684	6.001022861407	1173.952009824165	797.326436135209	-567.240831706893	121.412325383989	
0.381034482759	-0.447255810321	0.015073193959	2.952723513054	-177.820961543835	5.992834036813	1173.950392924020	797.327503698809	-567.238801836069	121.411423134184	
0.381896551724	-0.447245690052	0.015029896698	2.952730492803	-177.816937904379	5.975619815359	1173.953167948079	797.328664517064	-567.242197012663	121.399467884740	
0.382758620690	-0.447237227200	0.014996891189	2.952736150859	-177.813573224915	5.962497411648	1173.955417490490	797.330329266540	-567.243447076473	121.392755268271	
0.383620689655	-0.447225196265	0.014965508117	2.952736163015	-177.808789938971	5.950020059855	1173.955422323611	797.331844829891	-567.241818239056	121.386434482546	
0.384482758621	-0.447219158891	0.014930455047	2.952741654382	-177.806389586456	5.936083582394	1173.957605593350	797.333463797370	-567.242792861883	121.379181673114	
0.385344827586	-0.447219328574	0.014896460100	2.952746724388	-177.806457049259	5.922567795409	1173.959621337852	797.335190895278	-567.244068324768	121.373008263842	
0.386206896552	-0.447223999670	0.014857319993	2.952749568476	-177.808314194096	5.907006384479	1173.960752096378	797.336383667796	-567.244957795337	121.363190918901	
0.387068965517	-0.447247863820	0.014782157574	2.952750017464	-177.817802156261	5.877123142421	1173.960930606056	797.337028580849	-567.242973000763	121.334696894518	
0.387931034483	-0.447264677255	0.014730619602	2.952754448600	-177.824486878944	5.856632560853	1173.962692347031	797.337937319740	-567.244157817113	121.318948257179	
0.388793103448	-0.447267552021	0.014691563717	2.952760024363	-177.825629834896	5.841104635011	1173.964909171548	797.339005594113	-567.247313028542	121.308814862532	
0.389655172414	-0.447267612775	0.014657664730	2.952757321559	-177.825653989782	5.827627000199	1173.963834584420	797.339821627780	-567.244128744992	121.298946613028	
0.390517241379	-0.447253199353	0.014649907085	2.952747611340	-177.819923469088	5.824542698617	1173.959973974159	797.340050776578	-567.238909332361	121.299395353070	
0.391379310345	-0.447235097034	0.014651422133	2.952746866371	-177.812726308704	5.825145054684	1173.959677787625	797.339992590949	-567.239536194754	121.301312629168	
0.392241379310	-0.447225803637	0.014654255603	2.952747467673	-177.809031419433	5.826271591826	1173.959916854528	797.339998695334	-567.239413359532	121.300991638764	
0.393103448276	-0.447213635985	0.014678313466	2.952744732552	-177.804193777048	5.835836570638	1173.958829419300	797.340102240349	-567.237718409011	121.308921851592	
0.393965517241	-0.447203367111	0.014704185479	2.952739701336	-177.800111055425	5.846122823244	1173.956829097127	797.339509592387	-567.234997945881	121.316081554631	
0.394827586207	-0.447204583710	0.014729889694	2.952739714948	-177.800594753475	5.856342362267	1173.956834509142	797.339181285020	-567.234636845470	121.323149009629	
0.395689655172	-0.447200295064	0.014763924845	2.952734636345	-177.798889664048	5.869874133594	1173.954815346792	797.338476170225	-567.233038529532	121.333584268246	
0.396551724138	-0.447221925321	0.014762173517	2.952732105465	-177.807489469814	5.869177836649	1173.953809113914	797.336960718892	-567.232239856480	121.325458220091	
0.397413793103	-0.447245843575	0.014756774091	2.952725191066	-177.816998942707	5.867031120827	1173.951060071493	797.335352977355	-567.227643509431	121.316194396687	
0.398275862069	-0.447253709675	0.014770989425	2.952730008978	-177.820126364143	5.872682884936	1173.952975587805	797.334530157678	-567.231889131689	121.318761440232	
0.399137931034	-0.447254792341	0.014785407305	2.952729771152	-177.820556812807	5.878415178051	1173.952881032401	797.333840411075	-567.231511251487	121.320829635582	
0.400000000000	-0.447251131240	0.014808334970	2.952722604764	-177.819101224132	5.887530810190	1173.950031804059	797.332951988690	-567.226823658803	121.326094935373	
0.400862068966	-0.447230007279	0.014854841534	2.952718633167	-177.810702712701	5.906020993325	1173.948452767682	797.332057403594	-567.225596124417	121.341739698490	
0.401724137931	-0.447217805543	0.014883959889	2.952724613362	-177.805851519524	5.917597933683	1173.950830386696	797.331442614465	-567.228661673640	121.347358449140	
0.402586206897	-0.447208815691	0.014932982098	2.952729833522	-177.802277313766	5.937088293053	1173.952905829543	797.331524822292	-567.230100794263	121.361963245994	
0.403448275862	-0.447196712812	0.014983582262	2.952729824256	-177.797465424278	5.957206018817	1173.952902145738	797.331472580793	-567.228557906112	121.376122726274	
0.404310344828	-0.447192675459	0.015032392322	2.952737560632	-177.795860244437	5.976612031365	1173.955977991313	797.331912312651	-567.230554783503	121.390206174032	
0.405172413793	-0.447192773527	0.015084221494	2.952744281073	-177.795899234757	5.997218388728	1173.958649919035	797.332592824216	-567.232675007739	121.406297542884	
0.406034482759	-0.447202816847	0.015121222412	2.952750863410	-177.799892280127	6.011929296490	1173.961266939442	797.332896058203	-567.235062758925	121.414479195982	
0.406896551724	-0.447231243970	0.015124300761	2.952753958759	-177.811194398931	6.013153193139	1173.962497595191	797.332994328518	-567.233690858438	121.406357159483	
0.407758620690	-0.447249217024	0.015146732723	2.952765132094	-177.818340166038	6.022071742622	1173.966939914420	797.333783431348	-567.238301749191	121.410787726747	
0.408620689655	-0.447256139216	0.015170730965	2.952775410137	-177.821092306433	6.031613016974	1173.971026281603	797.334881277587	-567.242997343760	121.417217051927	
0.409482758621	-0.447261918459	0.015190465652	2.952777634421	-177.823390030707	6.039459177960	1173.971910617499	797.335933174748	-567.241580894163	121.421818249235	
0.410344827586	-0.447250322090	0.015227427677	2.952774328748	-177.818779520628	6.054154622264	1173.970596340478	797.336661120840	-567.239340157579	121.435311580421	
0.411206896552	-0.447241235271	0.015254686572	2.952781542798	-177.815166762843	6.064992274490	1173.973464518715	797.337335002092	-567.243452826800	121.444154715845	
0.412068965517	-0.447238493292	0.015276851317	2.952788562896	-177.814076600531	6.073804583218	1173.976255585102	797.338364526192	-567.245943542479	121.450916883990	
0.412931034483	-0.447231297964	0.015305543932	2.952791830838	-177.811215866181	6.085212257087	1173.977554860765	797.339617439005	-567.246700810699	121.461645926748	
0.413793103448	-0.447226412642	0.015326049452	2.952795918236	-177.809273548808	6.093364887292	1173.979179937304	797.340627138234	-567.247755699058	121.469676521734	
0.414655172414	-0.447230641574	0.015338776723	2.952804288249	-177.810954897339	6.098425023841	1173.982507705774	797.342211953855	-567.250621313599	121.475969447190	
0.415517241379	-0.447229962353	0.015351779027	2.952808795573	-177.810684850902	6.103594508998	1173.984299737605	797.343719221882	-567.252436435188	121.483169918658	
0.416379310345	-0.447255211690	0.015318471166	2.952814907448	-177.820723538454	6.090351895210	1173.986729710666	797.344723563179	-567.254017910691	121.468184195675	
0.417241379310	-0.447279565343	0.015284631061	2.952817989731	-177.830406118375	6.076897671000	1173.987955171649	797.345908500619	-567.253193020358	121.455373319799	
0.418103448276	-0.447288899475	0.015260241537	2.952829174342	-177.834117203141	6.067200829945	1173.992401973943	797.347819815464	-567.259312774134	121.450416805292	
0.418965517241	-0.447292844378	0.015228495748	2.952832688625	-177.835685626665	6.054579268155	1173.993799190748	797.349711003908	-567.259550729219	121.442639184941	
0.419827586207	-0.447289449145	0.015202300346	2.952827302133	-177.834335742171	6.044164441862	1173.991657617135	797.351101770354	-567.255632337529	121.438109695242	
0.420689655172	-0.447271590386	0.015188316606	2.952825696766	-177.827235416989	6.038604755315	1173.991019351703	797.352233199830	-567.255728836038	121.439591934504	
0.421551724138	-0.447261099682	0.015153526287	2.952830329480	-177.823064499568	6.024772742960	1173.992861236427	797.353391825649	-567.258229988570	121.430447411584	
0.422413793103	-0.447251281045	0.015136083809	2.952832442090	-177.819160784024	6.017837923682	1173.993701172750	797.354934899848	-567.258877581543	121.429854403580	
0.423275862069	-0.447237354430	0.015115812944	2.952828994228	-177.813623809466	6.009778588011	1173.992330364071	797.356017635029	-567.256451768887	121.427033373058	
0.424137931034	-0.447231390327	0.015092786104	2.952833540774	-177.811252588113	6.000623525723	1173.994137989846	797.357625003216	-567.257536190197	121.423680247858	
0.425000000000	-0.447225173209	0.015074881550	2.952836175545	-177.808780772402	5.993504993268	1173.995185527873	797.359366183563	-567.258292312328	121.422752458533	
0.425862068966	-0.447233854557	0.015035791734	2.952840615373	-177.812232322004	5.977963576931	1173.996950724858	797.360661874833	-567.259765066083	121.410132236852	
0.426724137931	-0.447257503900	0.014972348171	2.952840801497	-177.821634880524	5.952739543813	1173.997024724145	797.361827924561	-567.256821864782	121.385438504422	
0.427586206897	-0.447268536187	0.014930293329	2.952851978942	-177.826021121647	5.936019286016	1174.001468677681	797.363755734884	-567.261896056308	121.373737669807	
0.428448275862	-0.447271355699	0.014889085178	2.952860341295	-177.827142109741	5.919635657785	1174.004793400872	797.365813549572	-567.265181641837	121.362685939956	
0.429310344828	-0.447274069093	0.014846870430	2.952860993418	-177.828220906816	5.902851823914	1174.005052673159	797.367668788842	-567.262744495193	121.350656435471	
0.430172413793	-0.447256007268	0.014827207246	2.952857941615	-177.821039846471	5.895034091648	1174.003839330759	797.369129297764	-567.260594895798	121.349271451507	
0.431034482759	-0.447247842628	0.014793819683	2.952865776971	-177.817793730711	5.881759789953	1174.006954529047	797.370325988483	-567.264626032537	121.340338361667	
0.431896551724	-0.447244300771	0.014765326230	2.952870673344	-177.816385551072	5.870431299529	1174.008901239824	797.371536317846	-567.266006854714	121.333342839843	
0.432758620690	-0.447237774766	0.014742821641	2.952868457545	-177.813790927576	5.861483874749	1174.008020277576	797.372261790858	-567.264595990795	121.328963939026	
0.433620689655	-0.447236179556	0.014715427390	2.952866687203	-177.813156700203	5.850592407204	1174.007316420849	797.372266566052	-567.264028990350	121.322905636495	
0.434482758621	-0.447242789960	0.014685354464	2.952863775960	-177.815784879346	5.838635946440	1174.006158962315	797.371899576278	-567.263771516067	121.316559481035	
0.435344827586	-0.447248351711	0.014655768095	2.952854428284	-177.817996132843	5.826872932116	1174.002442492479	797.370459696134	-567.261995151741	121.309902023117	
0.436206896552	-0.447275168535	0.014585195515	2.952842037176	-177.828658025501	5.798814528324	1173.997516008478	797.367754825120	-567.258087336057	121.282304381710	
0.437068965517	-0.447297394639	0.014531093620	2.952827475979	-177.837494729367	5.777304576579	1173.991726735056	797.364634863467	-567.253749270288	121.263754432485	
0.437931034483	-0.447303003197	0.014492705157	2.952816320427	-177.839724592307	5.762042005750	1173.987291485818	797.361481456093	-567.253725158095	121.253108724511	
0.438793103448	-0.447302940187	0.014459285157	2.952796597852	-177.839699540633	5.748754807879	1173.979450140631	797.357865155049	-567.247359302354	121.242675427829	
0.439655172414	-0.447291043489	0.014449045597	2.952768795271	-177.834969624906	5.744683740747	1173.968396328402	797.353483898591	-567.237842829940	121.240917335240	
0.440517241379	-0.447268528834	0.014457460910	2.952748153476	-177.826018198275	5.748029519405	1173.960189517654	797.348745532523	-567.233559439696	121.244959570677	
0.441379310345	-0.447254851265	0.014462953666	2.952732535097	-177.820580240196	5.750213341766	1173.953979927926	797.344090648725	-567.230421902278	121.244136080928	
0.442241379310	-0.447239017332	0.014495986328	2.952715979972	-177.814284949809	5.763346541144	1173.947397904427	797.339853439750	-567.226233582712	121.254106450397	
0.443103448276	-0.447221553791	0.014535742130	2.952697277406	-177.807341756235	5.779152741503	1173.939962096330	797.335241088357	-567.220370551432	121.264444284061	
0.443965517241	-0.447213522751	0.014581733042	2.952688253817	-177.804148757379	5.797437910653	1173.936374477779	797.331460078151	-567.218296261142	121.276688251439	
0.444827586207	-0.447201586611	0.014642620545	2.952678996701	-177.799403160282	5.821645699545	1173.932694013142	797.328099798284	-567.216294387159	121.294203606342	
0.445689655172	-0.447210049768	0.014683443591	2.952675739254	-177.802767961057	5.837876217339	1173.931398910055	797.324748919338	-567.216048607287	121.299035243191	
0.446551724138	-0.447227893285	0.014716999310	2.952671022662	-177.809862226113	5.851217374862	1173.929523676797	797.321978199688	-567.212058707314	121.298950471441	
0.447413793103	-0.447231688686	0.014778402547	2.952681646628	-177.811371210412	5.875630210399	1173.933747576836	797.320725439672	-567.217883861963	121.313668775981	
0.448275862069	-0.447229727483	0.014844768645	2.952690721503	-177.810591470822	5.902016191660	1173.937355585757	797.320287069321	-567.220969048378	121.329695097633	
0.449137931034	-0.447227624639	0.014916524567	2.952694708267	-177.809755417569	5.930545071115	1173.938940652295	797.320312852321	-567.219495376153	121.347228858145	
0.450000000000	-0.447206510314	0.015013156480	2.952700079607	-177.801360736941	5.968964202437	1173.941076201782	797.320735526158	-567.220367986837	121.376380015842	
0.450862068966	-0.447198705021	0.015090215429	2.952717648120	-177.798257491228	5.999601470941	1173.948061130287	797.321663244456	-567.227097583099	121.395550162044	
0.451724137931	-0.447195107304	0.015175692869	2.952734129772	-177.796827102819	6.033585781880	1173.954613942053	797.323402149550	-567.231769300484	121.419483642062	
0.452586206897	-0.447189695324	0.015258869027	2.952744822364	-177.794675395868	6.066655144114	1173.958865126800	797.325250578012	-567.233606018600	121.443160208071	
0.453448275862	-0.447191119818	0.015331437159	2.952760296726	-177.795241749181	6.095506943740	1173.965017458160	797.327371848191	-567.237809630349	121.464319220006	
0.454310344828	-0.447199755361	0.015395859708	2.952774834659	-177.798675087845	6.121120204498	1173.970797481753	797.329755996631	-567.242200261222	121.484374595972	
0.455172413793	-0.447213126442	0.015445128104	2.952785470146	-177.803991192077	6.140708443180	1173.975025962463	797.331652615000	-567.245736497209	121.498639927296	
0.456034482759	-0.447246959348	0.015444387003	2.952791904630	-177.817442554025	6.140413794462	1173.977584199106	797.332913737528	-567.246071651686	121.490550289249	
0.456896551724	-0.447275182739	0.015451472275	2.952799478436	-177.828663672790	6.143230772781	1173.980595409459	797.334294130877	-567.248669525215	121.491067896748	
0.457758620690	-0.447289332344	0.015454907576	2.952806712909	-177.834289304183	6.144596587422	1173.983471707552	797.335750585018	-567.253228057501	121.493351001319	
0.458620689655	-0.447300119790	0.015446340619	2.952804170566	-177.838578200976	6.141190517572	1173.982460917102	797.336849788693	-567.251236234752	121.491667984004	
0.459482758621	-0.447296239002	0.015446466916	2.952793120206	-177.837035268593	6.141240731028	1173.978067490246	797.337228579802	-567.246879516071	121.495908042962	
0.460344827586	-0.447286899464	0.015440635539	2.952789897979	-177.833322034205	6.138922279182	1173.976786390362	797.337235804411	-567.248251652269	121.498111958226	
0.461206896552	-0.447285041129	0.015420893076	2.952788160169	-177.832583193544	6.131073026430	1173.976095467687	797.337336337944	-567.249177010610	121.494167906414	
0.462068965517	-0.447278578937	0.015410648838	2.952783689852	-177.830013940568	6.127000099472	1173.974318149261	797.337685468944	-567.248780304212	121.495746394586	
0.462931034483	-0.447272001492	0.015392626939	2.952777351697	-177.827398865494	6.119834912962	1173.971798211520	797.337495593520	-567.247401759302	121.494193283513	
0.463793103448	-0.447275519468	0.015367261567	2.952777035474	-177.828797550408	6.109750091849	1173.971672486693	797.337768453366	-567.248659546557	121.490804865783	
0.464655172414	-0.447272315588	0.015345309334	2.952772204985	-177.827523744509	6.101022274074	1173.969751970442	797.337869150164	-567.248753979391	121.489544742669	
0.465517241379	-0.447293997698	0.015285219841	2.952770425164	-177.836144166173	6.077131759396	1173.969044345053	797.337318319235	-567.249755156050	121.469220139385	
0.466379310345	-0.447318022274	0.015218605289	2.952763816512	-177.845695910551	6.050646997710	1173.966416862345	797.336702959540	-567.246624288250	121.446597793899	
0.467241379310	-0.447325753735	0.015171277465	2.952768233117	-177.848769802057	6.031830295634	1173.968172826066	797.336799581443	-567.252090266014	121.435654782691	
0.468103448276	-0.447326351201	0.015124522908	2.952766477793	-177.849007343721	6.013241514791	1173.967474940300	797.336864575869	-567.252584834635	121.424106193424	
0.468965517241	-0.447321798021	0.015087155665	2.952756477405	-177.847197080521	5.998384963002	1173.963498963786	797.336512572419	-567.248202953995	121.415618700012	
0.469827586207	-0.447298647750	0.015075876270	2.952748198790	-177.837992944245	5.993900476199	1173.960207533946	797.335882103960	-567.246700589971	121.417945255233	
0.470689655172	-0.447284144868	0.015049985448	2.952748608907	-177.832226855896	5.983606745521	1173.960370589134	797.335181830510	-567.249067193855	121.410629250847	
0.471551724138	-0.447272167629	0.015046634014	2.952746621296	-177.827464918549	5.982274274890	1173.959580350276	797.334773756123	-567.249165035833	121.412506197509	
0.472413793103	-0.447256304543	0.015048290424	2.952738009678	-177.821158037700	5.982932833935	1173.956156523902	797.333873450346	-567.245759603084	121.414493556476	
0.473275862069	-0.447247115765	0.015051851727	2.952736329900	-177.817504742902	5.984348744952	1173.955488674070	797.333170629583	-567.245481690759	121.416980107599	
0.474137931034	-0.447240944337	0.015062498899	2.952733644454	-177.815051092612	5.988581871380	1173.954420988346	797.332526146627	-567.245105102903	121.422148801217	
0.475000000000	-0.447243500021	0.015063298285	2.952730976850	-177.816067187263	5.988899692955	1173.953360396429	797.331377533222	-567.244808389939	121.420453866006	
0.475862068966	-0.447264352106	0.015033933761	2.952725221647	-177.824357605667	5.977224879898	1173.951072230049	797.329926522721	-567.240685751758	121.402905242377	
0.476724137931	-0.447275258651	0.015027471751	2.952727759593	-177.828693854004	5.974655699501	1173.952081272176	797.329115290683	-567.242351010967	121.398409762212	
0.477586206897	-0.447275452303	0.015025605043	2.952730101215	-177.828770846628	5.973913529553	1173.953012259566	797.328616957719	-567.244266178989	121.396424937450	
0.478448275862	-0.447275090128	0.015021594831	2.952725068043	-177.828626852320	5.972319140733	1173.951011159759	797.328089536882	-567.240184502766	121.392909983510	
0.479310344828	-0.447258390973	0.015036183017	2.952715027681	-177.821987565000	5.978119144122	1173.947019290175	797.327232921793	-567.235364916543	121.398447209179	
0.480172413793	-0.447244826622	0.015042365817	2.952715861070	-177.816594620061	5.980577315478	1173.947350631032	797.326291421114	-567.237032020927	121.399662426112	
0.481034482759	-0.447238688781	0.015043715832	2.952716916635	-177.814154323709	5.981114057659	1173.947770305015	797.325665849820	-567.237291150992	121.398757906719	
0.481896551724	-0.447228831573	0.015052496290	2.952714721476	-177.810235272894	5.984605011686	1173.946897548635	797.325257120305	-567.236090796136	121.402172031367	
0.482758620690	-0.447221786912	0.015054165763	2.952713490596	-177.807434440785	5.985268764606	1173.946408172567	797.324564621228	-567.235294386570	121.403261459273	
0.483620689655	-0.447224412231	0.015049712403	2.952716614675	-177.808478220895	5.983498187601	1173.947650251045	797.324377873432	-567.236412447827	121.403181857908	
0.484482758621	-0.447222058954	0.015048584241	2.952715764558	-177.807542600031	5.983049650489	1173.947312259505	797.324045946515	-567.236543874872	121.405059086346	
0.485344827586	-0.447245397390	0.015005640561	2.952716753271	-177.816821547444	5.965976006366	1173.947705354048	797.323205579097	-567.236601025391	121.386142643674	
0.486206896552	-0.447267754985	0.014967369987	2.952714618823	-177.825710529767	5.950760306447	1173.946856735473	797.322519390412	-567.234144201876	121.370789340713	
0.487068965517	-0.447275270843	0.014945423608	2.952720477412	-177.828698701213	5.942034816246	1173.949186006595	797.322486109555	-567.238677771874	121.365290386847	
0.487931034483	-0.447277768861	0.014923242228	2.952718333339	-177.829691869043	5.933215893487	1173.948333561212	797.322369957759	-567.237288545503	121.358884051808	
0.488793103448	-0.447273600851	0.014913467606	2.952707006326	-177.828034742040	5.929329677526	1173.943830142193	797.321710980983	-567.231665660975	121.357473945844	
0.489655172414	-0.447255316437	0.014922961298	2.952699109385	-177.820765184143	5.933104200758	1173.940690458636	797.320746677182	-567.229971093335	121.364033073509	
0.490517241379	-0.447245011179	0.014917207947	2.952697543116	-177.816667996775	5.930816770680	1173.940067737897	797.319769932698	-567.230809521874	121.361365493841	
0.491379310345	-0.447236370252	0.014933435226	2.952693420888	-177.813232517818	5.937268448405	1173.938428813246	797.319143309778	-567.229815175899	121.368475686199	
0.492241379310	-0.447224204163	0.014950147062	2.952683663404	-177.808395497114	5.943912777549	1173.934549411058	797.318031274221	-567.225776946317	121.374283169525	
0.493103448276	-0.447220298050	0.014965983307	2.952682000270	-177.806842495693	5.950208987137	1173.933888178810	797.317434283223	-567.225344721788	121.380144131518	
0.493965517241	-0.447216465782	0.014987560986	2.952678763814	-177.805318854183	5.958787888762	1173.932601421173	797.317016640308	-567.224730617601	121.388731800414	
0.494827586207	-0.447226898279	0.014988371068	2.952677580311	-177.809466629709	5.959109963152	1173.932130881575	797.316231297126	-567.224922761927	121.386053742809	
0.495689655172	-0.447252230256	0.014963350397	2.952672760000	-177.819538173533	5.949162189031	1173.930214411722	797.315439610250	-567.220885734817	121.370934248713	
0.496551724138	-0.447264519833	0.014958658038	2.952679516535	-177.824424290871	5.947296590408	1173.932900689603	797.315592915583	-567.224937570802	121.368752700122	
0.497413793103	-0.447267757222	0.014953767407	2.952684459123	-177.825711418993	5.945352162245	1173.934865775011	797.316112775424	-567.227582739116	121.367249394582	
0.498275862069	-0.447270294927	0.014946494340	2.952682587133	-177.826720365427	5.942460520075	1173.934121504849	797.316694180681	-567.224726703920	121.364617291130	
0.499137931034	-0.447251521187	0.014960498495	2.952677878543	-177.819256260061	5.948028323422	1173.932249453254	797.317178438085	-567.222344901426	121.372491189526	
0.500000000000	-0.447241369791	0.014960870075	2.952685685638	-177.815220245416	5.948176056837	1173.935353415470	797.317795959169	-567.226641025946	121.373234221175	
0.500862068966	-0.447234965453	0.014965775668	2.952693021962	-177.812673994771	5.950126433534	1173.938270207442	797.318953615080	-567.228958615721	121.375893381014	
